1781	231	0.9090909090909091	False
1781	2699	0.8181818181818182	False
1781	97	0.7272727272727273	False
1781	2666	0.6363636363636364	True
1781	599	0.5454545454545454	False
1781	1717	0.45454545454545453	True
1781	1437	0.36363636363636365	False
1781	2137	0.2727272727272727	True
1781	2362	0.18181818181818182	True
1781	3845	0.09090909090909091	True
1551	231	0.9090909090909091	False
1551	97	0.8181818181818182	False
1551	2699	0.7272727272727273	False
1551	913	0.6363636363636364	True
1551	1437	0.5454545454545454	False
1551	599	0.45454545454545453	False
1551	1717	0.36363636363636365	True
1551	3576	0.2727272727272727	True
1551	2666	0.18181818181818182	True
1551	2137	0.09090909090909091	True
3035	2699	0.9090909090909091	False
3035	231	0.8181818181818182	False
3035	97	0.7272727272727273	False
3035	3544	0.6363636363636364	True
3035	3576	0.5454545454545454	True
3035	1437	0.45454545454545453	False
3035	913	0.36363636363636365	True
3035	2666	0.2727272727272727	True
3035	2137	0.18181818181818182	True
3035	599	0.09090909090909091	False
5457	231	0.9090909090909091	False
5457	2666	0.8181818181818182	True
5457	97	0.7272727272727273	False
5457	599	0.6363636363636364	False
5457	2699	0.5454545454545454	False
5457	2137	0.45454545454545453	True
5457	2882	0.36363636363636365	True
5457	913	0.2727272727272727	True
5457	1437	0.18181818181818182	False
5457	3845	0.09090909090909091	True
921	2699	0.9090909090909091	False
921	97	0.8181818181818182	False
921	913	0.7272727272727273	True
921	231	0.6363636363636364	False
921	599	0.5454545454545454	False
921	1437	0.45454545454545453	False
921	1717	0.36363636363636365	True
921	3544	0.2727272727272727	True
921	3576	0.18181818181818182	True
921	2666	0.09090909090909091	True
2243	2699	0.9090909090909091	False
2243	913	0.8181818181818182	True
2243	231	0.7272727272727273	False
2243	97	0.6363636363636364	False
2243	1717	0.5454545454545454	True
2243	599	0.45454545454545453	False
2243	3576	0.36363636363636365	True
2243	3544	0.2727272727272727	True
2243	1437	0.18181818181818182	False
2243	2137	0.09090909090909091	True
2412	97	0.9090909090909091	False
2412	599	0.8181818181818182	False
2412	2699	0.7272727272727273	False
2412	231	0.6363636363636364	False
2412	2362	0.5454545454545454	True
2412	913	0.45454545454545453	True
2412	1437	0.36363636363636365	False
2412	1717	0.2727272727272727	True
2412	2137	0.18181818181818182	True
2412	2666	0.09090909090909091	True
468	231	0.9090909090909091	False
468	2699	0.8181818181818182	False
468	97	0.7272727272727273	False
468	1437	0.6363636363636364	False
468	2137	0.5454545454545454	True
468	1717	0.45454545454545453	True
468	3544	0.36363636363636365	True
468	1963	0.2727272727272727	True
468	913	0.18181818181818182	True
468	599	0.09090909090909091	False
1629	231	0.9090909090909091	False
1629	97	0.8181818181818182	False
1629	1437	0.7272727272727273	False
1629	2699	0.6363636363636364	False
1629	599	0.5454545454545454	False
1629	1717	0.45454545454545453	True
1629	2137	0.36363636363636365	True
1629	3512	0.2727272727272727	True
1629	913	0.18181818181818182	True
1629	3544	0.09090909090909091	True
731	231	0.9090909090909091	False
731	97	0.8181818181818182	False
731	599	0.7272727272727273	False
731	2699	0.6363636363636364	False
731	1437	0.5454545454545454	False
731	1717	0.45454545454545453	True
731	913	0.36363636363636365	True
731	2137	0.2727272727272727	True
731	3576	0.18181818181818182	True
731	87	0.09090909090909091	True
3200	231	0.9090909090909091	False
3200	97	0.8181818181818182	False
3200	2699	0.7272727272727273	False
3200	1437	0.6363636363636364	False
3200	1717	0.5454545454545454	True
3200	2666	0.45454545454545453	True
3200	599	0.36363636363636365	False
3200	913	0.2727272727272727	True
3200	3544	0.18181818181818182	True
3200	3035	0.09090909090909091	True
6029	231	0.9090909090909091	False
6029	97	0.8181818181818182	False
6029	599	0.7272727272727273	False
6029	1437	0.6363636363636364	False
6029	2666	0.5454545454545454	True
6029	3576	0.45454545454545453	True
6029	2097	0.36363636363636365	True
6029	2699	0.2727272727272727	False
6029	913	0.18181818181818182	True
6029	1963	0.09090909090909091	True
127	97	0.9090909090909091	False
127	231	0.8181818181818182	False
127	2699	0.7272727272727273	False
127	1717	0.6363636363636364	True
127	913	0.5454545454545454	True
127	599	0.45454545454545453	False
127	1437	0.36363636363636365	False
127	2517	0.2727272727272727	True
127	2666	0.18181818181818182	True
127	2097	0.09090909090909091	True
2776	231	0.9090909090909091	False
2776	97	0.8181818181818182	False
2776	2699	0.7272727272727273	False
2776	599	0.6363636363636364	False
2776	1437	0.5454545454545454	False
2776	2666	0.45454545454545453	True
2776	1717	0.36363636363636365	True
2776	913	0.2727272727272727	True
2776	2137	0.18181818181818182	True
2776	87	0.09090909090909091	True
5969	231	0.9090909090909091	False
5969	97	0.8181818181818182	False
5969	2666	0.7272727272727273	True
5969	1437	0.6363636363636364	False
5969	2699	0.5454545454545454	False
5969	599	0.45454545454545453	False
5969	2137	0.36363636363636365	True
5969	913	0.2727272727272727	True
5969	3576	0.18181818181818182	True
5969	2882	0.09090909090909091	True
818	231	0.9090909090909091	False
818	599	0.8181818181818182	False
818	2699	0.7272727272727273	False
818	97	0.6363636363636364	False
818	1717	0.5454545454545454	True
818	2666	0.45454545454545453	True
818	2362	0.36363636363636365	True
818	2137	0.2727272727272727	True
818	87	0.18181818181818182	True
818	2517	0.09090909090909091	True
1341	231	0.9090909090909091	False
1341	97	0.8181818181818182	False
1341	599	0.7272727272727273	False
1341	1717	0.6363636363636364	True
1341	913	0.5454545454545454	True
1341	2699	0.45454545454545453	False
1341	2137	0.36363636363636365	True
1341	1437	0.2727272727272727	False
1341	2666	0.18181818181818182	True
1341	2517	0.09090909090909091	True
4161	231	0.9090909090909091	False
4161	97	0.8181818181818182	False
4161	2699	0.7272727272727273	False
4161	1437	0.6363636363636364	False
4161	913	0.5454545454545454	True
4161	2666	0.45454545454545453	True
4161	3544	0.36363636363636365	True
4161	3576	0.2727272727272727	True
4161	2362	0.18181818181818182	True
4161	599	0.09090909090909091	False
5809	2699	0.9090909090909091	False
5809	231	0.8181818181818182	False
5809	97	0.7272727272727273	False
5809	599	0.6363636363636364	False
5809	1437	0.5454545454545454	False
5809	913	0.45454545454545453	True
5809	1717	0.36363636363636365	True
5809	2137	0.2727272727272727	True
5809	2666	0.18181818181818182	True
5809	3512	0.09090909090909091	True
3050	231	0.9090909090909091	False
3050	97	0.8181818181818182	False
3050	2666	0.7272727272727273	True
3050	599	0.6363636363636364	False
3050	2882	0.5454545454545454	True
3050	2137	0.45454545454545453	True
3050	1437	0.36363636363636365	False
3050	1963	0.2727272727272727	True
3050	1717	0.18181818181818182	True
3050	3576	0.09090909090909091	True
4679	231	0.9090909090909091	False
4679	97	0.8181818181818182	False
4679	1437	0.7272727272727273	False
4679	2699	0.6363636363636364	False
4679	3576	0.5454545454545454	True
4679	599	0.45454545454545453	False
4679	2137	0.36363636363636365	True
4679	2666	0.2727272727272727	True
4679	3512	0.18181818181818182	True
4679	3544	0.09090909090909091	True
892	231	0.9090909090909091	False
892	97	0.8181818181818182	False
892	2699	0.7272727272727273	False
892	1717	0.6363636363636364	True
892	2137	0.5454545454545454	True
892	913	0.45454545454545453	True
892	3512	0.36363636363636365	True
892	326	0.2727272727272727	True
892	3576	0.18181818181818182	True
892	599	0.09090909090909091	False
1644	231	0.9090909090909091	False
1644	1437	0.8181818181818182	False
1644	2699	0.7272727272727273	False
1644	599	0.6363636363636364	False
1644	97	0.5454545454545454	False
1644	1717	0.45454545454545453	True
1644	913	0.36363636363636365	True
1644	2666	0.2727272727272727	True
1644	3544	0.18181818181818182	True
1644	2137	0.09090909090909091	True
3243	2699	0.9090909090909091	False
3243	231	0.8181818181818182	False
3243	97	0.7272727272727273	False
3243	1437	0.6363636363636364	False
3243	913	0.5454545454545454	True
3243	599	0.45454545454545453	False
3243	1717	0.36363636363636365	True
3243	2666	0.2727272727272727	True
3243	3576	0.18181818181818182	True
3243	3544	0.09090909090909091	True
1586	97	0.9090909090909091	False
1586	231	0.8181818181818182	False
1586	599	0.7272727272727273	False
1586	1437	0.6363636363636364	False
1586	2699	0.5454545454545454	False
1586	3576	0.45454545454545453	True
1586	1963	0.36363636363636365	True
1586	2362	0.2727272727272727	True
1586	2666	0.18181818181818182	True
1586	3512	0.09090909090909091	True
91	231	0.9090909090909091	False
91	97	0.8181818181818182	False
91	599	0.7272727272727273	False
91	2699	0.6363636363636364	False
91	1717	0.5454545454545454	True
91	1437	0.45454545454545453	False
91	2137	0.36363636363636365	True
91	2517	0.2727272727272727	True
91	2666	0.18181818181818182	True
91	1963	0.09090909090909091	True
5153	97	0.9090909090909091	False
5153	231	0.8181818181818182	False
5153	1717	0.7272727272727273	True
5153	2699	0.6363636363636364	False
5153	1437	0.5454545454545454	False
5153	913	0.45454545454545453	True
5153	2666	0.36363636363636365	True
5153	599	0.2727272727272727	False
5153	2137	0.18181818181818182	True
5153	1963	0.09090909090909091	True
1745	231	0.9090909090909091	False
1745	97	0.8181818181818182	False
1745	1437	0.7272727272727273	False
1745	2699	0.6363636363636364	False
1745	2666	0.5454545454545454	True
1745	2137	0.45454545454545453	True
1745	913	0.36363636363636365	True
1745	1717	0.2727272727272727	True
1745	3512	0.18181818181818182	True
1745	599	0.09090909090909091	False
5619	231	0.9090909090909091	False
5619	97	0.8181818181818182	False
5619	599	0.7272727272727273	False
5619	2699	0.6363636363636364	False
5619	3576	0.5454545454545454	True
5619	2666	0.45454545454545453	True
5619	2137	0.36363636363636365	True
5619	2882	0.2727272727272727	True
5619	1437	0.18181818181818182	False
5619	913	0.09090909090909091	True
4010	599	0.9090909090909091	False
4010	97	0.8181818181818182	False
4010	231	0.7272727272727273	False
4010	1437	0.6363636363636364	False
4010	2666	0.5454545454545454	True
4010	2097	0.45454545454545453	True
4010	1717	0.36363636363636365	True
4010	913	0.2727272727272727	True
4010	2517	0.18181818181818182	True
4010	2137	0.09090909090909091	True
5355	231	0.9090909090909091	False
5355	97	0.8181818181818182	False
5355	599	0.7272727272727273	False
5355	2699	0.6363636363636364	False
5355	1717	0.5454545454545454	True
5355	2137	0.45454545454545453	True
5355	1437	0.36363636363636365	False
5355	2362	0.2727272727272727	True
5355	2666	0.18181818181818182	True
5355	3576	0.09090909090909091	True
477	231	0.9090909090909091	False
477	97	0.8181818181818182	False
477	1717	0.7272727272727273	True
477	599	0.6363636363636364	False
477	2137	0.5454545454545454	True
477	2699	0.45454545454545453	False
477	2666	0.36363636363636365	True
477	913	0.2727272727272727	True
477	1437	0.18181818181818182	False
477	87	0.09090909090909091	True
2904	231	0.9090909090909091	False
2904	97	0.8181818181818182	False
2904	599	0.7272727272727273	False
2904	2699	0.6363636363636364	False
2904	1717	0.5454545454545454	True
2904	1437	0.45454545454545453	False
2904	3576	0.36363636363636365	True
2904	913	0.2727272727272727	True
2904	2666	0.18181818181818182	True
2904	2137	0.09090909090909091	True
2303	231	0.9090909090909091	False
2303	97	0.8181818181818182	False
2303	3512	0.7272727272727273	True
2303	2699	0.6363636363636364	False
2303	2137	0.5454545454545454	True
2303	3576	0.45454545454545453	True
2303	2882	0.36363636363636365	True
2303	599	0.2727272727272727	False
2303	87	0.18181818181818182	True
2303	1717	0.09090909090909091	True
4861	231	0.9090909090909091	False
4861	97	0.8181818181818182	False
4861	599	0.7272727272727273	False
4861	1437	0.6363636363636364	False
4861	2699	0.5454545454545454	False
4861	913	0.45454545454545453	True
4861	2666	0.36363636363636365	True
4861	1717	0.2727272727272727	True
4861	2137	0.18181818181818182	True
4861	3512	0.09090909090909091	True
5228	231	0.9090909090909091	False
5228	97	0.8181818181818182	False
5228	2699	0.7272727272727273	False
5228	599	0.6363636363636364	False
5228	3576	0.5454545454545454	True
5228	2362	0.45454545454545453	True
5228	2666	0.36363636363636365	True
5228	1437	0.2727272727272727	False
5228	3544	0.18181818181818182	True
5228	2137	0.09090909090909091	True
2062	97	0.9090909090909091	False
2062	231	0.8181818181818182	False
2062	2699	0.7272727272727273	False
2062	1437	0.6363636363636364	False
2062	599	0.5454545454545454	False
2062	1717	0.45454545454545453	True
2062	3544	0.36363636363636365	True
2062	2137	0.2727272727272727	True
2062	913	0.18181818181818182	True
2062	2362	0.09090909090909091	True
2215	97	0.9090909090909091	False
2215	599	0.8181818181818182	False
2215	231	0.7272727272727273	False
2215	2699	0.6363636363636364	False
2215	1717	0.5454545454545454	True
2215	326	0.45454545454545453	True
2215	1437	0.36363636363636365	False
2215	2137	0.2727272727272727	True
2215	3576	0.18181818181818182	True
2215	913	0.09090909090909091	True
1438	231	0.9090909090909091	False
1438	97	0.8181818181818182	False
1438	2699	0.7272727272727273	False
1438	599	0.6363636363636364	False
1438	2666	0.5454545454545454	True
1438	1437	0.45454545454545453	False
1438	3576	0.36363636363636365	True
1438	2362	0.2727272727272727	True
1438	2137	0.18181818181818182	True
1438	1717	0.09090909090909091	True
3009	231	0.9090909090909091	False
3009	97	0.8181818181818182	False
3009	599	0.7272727272727273	False
3009	1437	0.6363636363636364	False
3009	3576	0.5454545454545454	True
3009	2699	0.45454545454545453	False
3009	2362	0.36363636363636365	True
3009	2666	0.2727272727272727	True
3009	3512	0.18181818181818182	True
3009	2137	0.09090909090909091	True
978	231	0.9090909090909091	False
978	97	0.8181818181818182	False
978	599	0.7272727272727273	False
978	2699	0.6363636363636364	False
978	1437	0.5454545454545454	False
978	3576	0.45454545454545453	True
978	2362	0.36363636363636365	True
978	1717	0.2727272727272727	True
978	2666	0.18181818181818182	True
978	1963	0.09090909090909091	True
4034	231	0.9090909090909091	False
4034	97	0.8181818181818182	False
4034	1437	0.7272727272727273	False
4034	599	0.6363636363636364	False
4034	2699	0.5454545454545454	False
4034	2137	0.45454545454545453	True
4034	1717	0.36363636363636365	True
4034	2666	0.2727272727272727	True
4034	3576	0.18181818181818182	True
4034	3178	0.09090909090909091	True
1585	231	0.9090909090909091	False
1585	97	0.8181818181818182	False
1585	2666	0.7272727272727273	True
1585	599	0.6363636363636364	False
1585	2699	0.5454545454545454	False
1585	1437	0.45454545454545453	False
1585	2137	0.36363636363636365	True
1585	913	0.2727272727272727	True
1585	1717	0.18181818181818182	True
1585	2517	0.09090909090909091	True
3099	231	0.9090909090909091	False
3099	97	0.8181818181818182	False
3099	599	0.7272727272727273	False
3099	1717	0.6363636363636364	True
3099	2699	0.5454545454545454	False
3099	2137	0.45454545454545453	True
3099	3576	0.36363636363636365	True
3099	2666	0.2727272727272727	True
3099	1437	0.18181818181818182	False
3099	1963	0.09090909090909091	True
4888	231	0.9090909090909091	False
4888	97	0.8181818181818182	False
4888	1437	0.7272727272727273	False
4888	2699	0.6363636363636364	False
4888	1717	0.5454545454545454	True
4888	599	0.45454545454545453	False
4888	2137	0.36363636363636365	True
4888	2666	0.2727272727272727	True
4888	913	0.18181818181818182	True
4888	3544	0.09090909090909091	True
371	231	0.9090909090909091	False
371	97	0.8181818181818182	False
371	2699	0.7272727272727273	False
371	913	0.6363636363636364	True
371	1717	0.5454545454545454	True
371	1437	0.45454545454545453	False
371	3576	0.36363636363636365	True
371	3544	0.2727272727272727	True
371	3178	0.18181818181818182	True
371	2137	0.09090909090909091	True
1737	231	0.9090909090909091	False
1737	2699	0.8181818181818182	False
1737	97	0.7272727272727273	False
1737	913	0.6363636363636364	True
1737	599	0.5454545454545454	False
1737	1437	0.45454545454545453	False
1737	1717	0.36363636363636365	True
1737	2666	0.2727272727272727	True
1737	2517	0.18181818181818182	True
1737	3512	0.09090909090909091	True
5315	231	0.9090909090909091	False
5315	97	0.8181818181818182	False
5315	1437	0.7272727272727273	False
5315	599	0.6363636363636364	False
5315	2699	0.5454545454545454	False
5315	913	0.45454545454545453	True
5315	3512	0.36363636363636365	True
5315	1717	0.2727272727272727	True
5315	3576	0.18181818181818182	True
5315	87	0.09090909090909091	True
2290	231	0.9090909090909091	False
2290	97	0.8181818181818182	False
2290	2699	0.7272727272727273	False
2290	913	0.6363636363636364	True
2290	1717	0.5454545454545454	True
2290	1437	0.45454545454545453	False
2290	599	0.36363636363636365	False
2290	2137	0.2727272727272727	True
2290	3512	0.18181818181818182	True
2290	3576	0.09090909090909091	True
4376	231	0.9090909090909091	False
4376	2699	0.8181818181818182	False
4376	97	0.7272727272727273	False
4376	2666	0.6363636363636364	True
4376	1437	0.5454545454545454	False
4376	2137	0.45454545454545453	True
4376	599	0.36363636363636365	False
4376	1717	0.2727272727272727	True
4376	3544	0.18181818181818182	True
4376	87	0.09090909090909091	True
5282	231	0.9090909090909091	False
5282	97	0.8181818181818182	False
5282	2699	0.7272727272727273	False
5282	1437	0.6363636363636364	False
5282	599	0.5454545454545454	False
5282	2137	0.45454545454545453	True
5282	1717	0.36363636363636365	True
5282	2666	0.2727272727272727	True
5282	3512	0.18181818181818182	True
5282	87	0.09090909090909091	True
5981	231	0.9090909090909091	False
5981	2699	0.8181818181818182	False
5981	97	0.7272727272727273	False
5981	599	0.6363636363636364	False
5981	2362	0.5454545454545454	True
5981	2137	0.45454545454545453	True
5981	2666	0.36363636363636365	True
5981	1437	0.2727272727272727	False
5981	3544	0.18181818181818182	True
5981	3576	0.09090909090909091	True
1893	231	0.9090909090909091	False
1893	2699	0.8181818181818182	False
1893	97	0.7272727272727273	False
1893	1437	0.6363636363636364	False
1893	2137	0.5454545454545454	True
1893	2666	0.45454545454545453	True
1893	1717	0.36363636363636365	True
1893	599	0.2727272727272727	False
1893	3544	0.18181818181818182	True
1893	3576	0.09090909090909091	True
1603	231	0.9090909090909091	False
1603	599	0.8181818181818182	False
1603	97	0.7272727272727273	False
1603	1717	0.6363636363636364	True
1603	2699	0.5454545454545454	False
1603	913	0.45454545454545453	True
1603	2137	0.36363636363636365	True
1603	1437	0.2727272727272727	False
1603	3576	0.18181818181818182	True
1603	2097	0.09090909090909091	True
5298	231	0.9090909090909091	False
5298	97	0.8181818181818182	False
5298	2699	0.7272727272727273	False
5298	1437	0.6363636363636364	False
5298	599	0.5454545454545454	False
5298	913	0.45454545454545453	True
5298	1717	0.36363636363636365	True
5298	2137	0.2727272727272727	True
5298	3512	0.18181818181818182	True
5298	3576	0.09090909090909091	True
5020	231	0.9090909090909091	False
5020	97	0.8181818181818182	False
5020	2699	0.7272727272727273	False
5020	599	0.6363636363636364	False
5020	1717	0.5454545454545454	True
5020	1437	0.45454545454545453	False
5020	913	0.36363636363636365	True
5020	2517	0.2727272727272727	True
5020	2137	0.18181818181818182	True
5020	3845	0.09090909090909091	True
5524	231	0.9090909090909091	False
5524	97	0.8181818181818182	False
5524	599	0.7272727272727273	False
5524	1717	0.6363636363636364	True
5524	2699	0.5454545454545454	False
5524	1437	0.45454545454545453	False
5524	2137	0.36363636363636365	True
5524	2666	0.2727272727272727	True
5524	3576	0.18181818181818182	True
5524	913	0.09090909090909091	True
4274	97	0.9090909090909091	False
4274	599	0.8181818181818182	False
4274	231	0.7272727272727273	False
4274	2699	0.6363636363636364	False
4274	3576	0.5454545454545454	True
4274	1963	0.45454545454545453	True
4274	1717	0.36363636363636365	True
4274	1437	0.2727272727272727	False
4274	176	0.18181818181818182	True
4274	3035	0.09090909090909091	True
4360	97	0.9090909090909091	False
4360	231	0.8181818181818182	False
4360	2699	0.7272727272727273	False
4360	913	0.6363636363636364	True
4360	1437	0.5454545454545454	False
4360	599	0.45454545454545453	False
4360	1717	0.36363636363636365	True
4360	3544	0.2727272727272727	True
4360	2666	0.18181818181818182	True
4360	3576	0.09090909090909091	True
2911	231	0.9090909090909091	False
2911	599	0.8181818181818182	False
2911	97	0.7272727272727273	False
2911	2699	0.6363636363636364	False
2911	2666	0.5454545454545454	True
2911	913	0.45454545454545453	True
2911	3576	0.36363636363636365	True
2911	1717	0.2727272727272727	True
2911	2362	0.18181818181818182	True
2911	87	0.09090909090909091	True
4560	231	0.9090909090909091	False
4560	97	0.8181818181818182	False
4560	2699	0.7272727272727273	False
4560	599	0.6363636363636364	False
4560	1717	0.5454545454545454	True
4560	1437	0.45454545454545453	False
4560	2666	0.36363636363636365	True
4560	2137	0.2727272727272727	True
4560	913	0.18181818181818182	True
4560	87	0.09090909090909091	True
2914	231	0.9090909090909091	False
2914	97	0.8181818181818182	False
2914	1437	0.7272727272727273	False
2914	2699	0.6363636363636364	False
2914	599	0.5454545454545454	False
2914	2137	0.45454545454545453	True
2914	2666	0.36363636363636365	True
2914	1717	0.2727272727272727	True
2914	3512	0.18181818181818182	True
2914	3544	0.09090909090909091	True
5467	231	0.9090909090909091	False
5467	97	0.8181818181818182	False
5467	2699	0.7272727272727273	False
5467	913	0.6363636363636364	True
5467	1437	0.5454545454545454	False
5467	599	0.45454545454545453	False
5467	1717	0.36363636363636365	True
5467	2137	0.2727272727272727	True
5467	3512	0.18181818181818182	True
5467	2666	0.09090909090909091	True
1874	97	0.9090909090909091	False
1874	231	0.8181818181818182	False
1874	2699	0.7272727272727273	False
1874	1437	0.6363636363636364	False
1874	599	0.5454545454545454	False
1874	913	0.45454545454545453	True
1874	1717	0.36363636363636365	True
1874	2137	0.2727272727272727	True
1874	3512	0.18181818181818182	True
1874	2666	0.09090909090909091	True
1890	97	0.9090909090909091	False
1890	231	0.8181818181818182	False
1890	2699	0.7272727272727273	False
1890	913	0.6363636363636364	True
1890	3576	0.5454545454545454	True
1890	599	0.45454545454545453	False
1890	1437	0.36363636363636365	False
1890	1963	0.2727272727272727	True
1890	2666	0.18181818181818182	True
1890	3544	0.09090909090909091	True
5630	231	0.9090909090909091	False
5630	97	0.8181818181818182	False
5630	599	0.7272727272727273	False
5630	2666	0.6363636363636364	True
5630	2517	0.5454545454545454	True
5630	3845	0.45454545454545453	True
5630	2137	0.36363636363636365	True
5630	913	0.2727272727272727	True
5630	1437	0.18181818181818182	False
5630	1963	0.09090909090909091	True
1476	231	0.9090909090909091	False
1476	97	0.8181818181818182	False
1476	2699	0.7272727272727273	False
1476	1437	0.6363636363636364	False
1476	599	0.5454545454545454	False
1476	3576	0.45454545454545453	True
1476	913	0.36363636363636365	True
1476	2666	0.2727272727272727	True
1476	2137	0.18181818181818182	True
1476	2517	0.09090909090909091	True
612	231	0.9090909090909091	False
612	97	0.8181818181818182	False
612	2699	0.7272727272727273	False
612	599	0.6363636363636364	False
612	3576	0.5454545454545454	True
612	1437	0.45454545454545453	False
612	1717	0.36363636363636365	True
612	2362	0.2727272727272727	True
612	2666	0.18181818181818182	True
612	3544	0.09090909090909091	True
3453	599	0.9090909090909091	False
3453	231	0.8181818181818182	False
3453	2699	0.7272727272727273	False
3453	97	0.6363636363636364	False
3453	1437	0.5454545454545454	False
3453	1717	0.45454545454545453	True
3453	2666	0.36363636363636365	True
3453	3035	0.2727272727272727	True
3453	2137	0.18181818181818182	True
3453	913	0.09090909090909091	True
4361	231	0.9090909090909091	False
4361	97	0.8181818181818182	False
4361	1437	0.7272727272727273	False
4361	2699	0.6363636363636364	False
4361	599	0.5454545454545454	False
4361	2666	0.45454545454545453	True
4361	3544	0.36363636363636365	True
4361	1717	0.2727272727272727	True
4361	1963	0.18181818181818182	True
4361	3035	0.09090909090909091	True
51	97	0.9090909090909091	False
51	231	0.8181818181818182	False
51	2699	0.7272727272727273	False
51	1717	0.6363636363636364	True
51	599	0.5454545454545454	False
51	2137	0.45454545454545453	True
51	913	0.36363636363636365	True
51	3512	0.2727272727272727	True
51	2882	0.18181818181818182	True
51	3845	0.09090909090909091	True
2542	231	0.9090909090909091	False
2542	97	0.8181818181818182	False
2542	2666	0.7272727272727273	True
2542	913	0.6363636363636364	True
2542	3576	0.5454545454545454	True
2542	2137	0.45454545454545453	True
2542	1717	0.36363636363636365	True
2542	2699	0.2727272727272727	False
2542	1963	0.18181818181818182	True
2542	1437	0.09090909090909091	False
2375	231	0.9090909090909091	False
2375	2699	0.8181818181818182	False
2375	599	0.7272727272727273	False
2375	97	0.6363636363636364	False
2375	2137	0.5454545454545454	True
2375	913	0.45454545454545453	True
2375	2362	0.36363636363636365	True
2375	1437	0.2727272727272727	False
2375	1717	0.18181818181818182	True
2375	3576	0.09090909090909091	True
645	231	0.9090909090909091	False
645	97	0.8181818181818182	False
645	1437	0.7272727272727273	False
645	1717	0.6363636363636364	True
645	2699	0.5454545454545454	False
645	2137	0.45454545454545453	True
645	913	0.36363636363636365	True
645	599	0.2727272727272727	False
645	3512	0.18181818181818182	True
645	3544	0.09090909090909091	True
2336	231	0.9090909090909091	False
2336	97	0.8181818181818182	False
2336	599	0.7272727272727273	False
2336	2666	0.6363636363636364	True
2336	1437	0.5454545454545454	False
2336	2699	0.45454545454545453	False
2336	1717	0.36363636363636365	True
2336	913	0.2727272727272727	True
2336	2517	0.18181818181818182	True
2336	2137	0.09090909090909091	True
5493	231	0.9090909090909091	False
5493	97	0.8181818181818182	False
5493	2699	0.7272727272727273	False
5493	3576	0.6363636363636364	True
5493	599	0.5454545454545454	False
5493	2137	0.45454545454545453	True
5493	2666	0.36363636363636365	True
5493	1437	0.2727272727272727	False
5493	3512	0.18181818181818182	True
5493	1717	0.09090909090909091	True
2935	231	0.9090909090909091	False
2935	97	0.8181818181818182	False
2935	599	0.7272727272727273	False
2935	1437	0.6363636363636364	False
2935	2666	0.5454545454545454	True
2935	3576	0.45454545454545453	True
2935	2137	0.36363636363636365	True
2935	2699	0.2727272727272727	False
2935	2882	0.18181818181818182	True
2935	2097	0.09090909090909091	True
4284	231	0.9090909090909091	False
4284	97	0.8181818181818182	False
4284	1437	0.7272727272727273	False
4284	599	0.6363636363636364	False
4284	2666	0.5454545454545454	True
4284	3035	0.45454545454545453	True
4284	2137	0.36363636363636365	True
4284	2699	0.2727272727272727	False
4284	913	0.18181818181818182	True
4284	87	0.09090909090909091	True
143	231	0.9090909090909091	False
143	97	0.8181818181818182	False
143	1717	0.7272727272727273	True
143	2699	0.6363636363636364	False
143	599	0.5454545454545454	False
143	1437	0.45454545454545453	False
143	913	0.36363636363636365	True
143	2137	0.2727272727272727	True
143	2517	0.18181818181818182	True
143	176	0.09090909090909091	True
411	231	0.9090909090909091	False
411	97	0.8181818181818182	False
411	2699	0.7272727272727273	False
411	2666	0.6363636363636364	True
411	2137	0.5454545454545454	True
411	1437	0.45454545454545453	False
411	1717	0.36363636363636365	True
411	3544	0.2727272727272727	True
411	913	0.18181818181818182	True
411	599	0.09090909090909091	False
2442	231	0.9090909090909091	False
2442	97	0.8181818181818182	False
2442	2699	0.7272727272727273	False
2442	1437	0.6363636363636364	False
2442	599	0.5454545454545454	False
2442	1717	0.45454545454545453	True
2442	3576	0.36363636363636365	True
2442	2137	0.2727272727272727	True
2442	3512	0.18181818181818182	True
2442	3544	0.09090909090909091	True
5553	231	0.9090909090909091	False
5553	97	0.8181818181818182	False
5553	1437	0.7272727272727273	False
5553	2699	0.6363636363636364	False
5553	599	0.5454545454545454	False
5553	3544	0.45454545454545453	True
5553	1717	0.36363636363636365	True
5553	3576	0.2727272727272727	True
5553	2137	0.18181818181818182	True
5553	913	0.09090909090909091	True
1090	97	0.9090909090909091	False
1090	231	0.8181818181818182	False
1090	2699	0.7272727272727273	False
1090	3576	0.6363636363636364	True
1090	2666	0.5454545454545454	True
1090	599	0.45454545454545453	False
1090	1437	0.36363636363636365	False
1090	2362	0.2727272727272727	True
1090	3544	0.18181818181818182	True
1090	3178	0.09090909090909091	True
785	231	0.9090909090909091	False
785	97	0.8181818181818182	False
785	599	0.7272727272727273	False
785	1437	0.6363636363636364	False
785	2699	0.5454545454545454	False
785	3512	0.45454545454545453	True
785	2137	0.36363636363636365	True
785	2666	0.2727272727272727	True
785	1717	0.18181818181818182	True
785	87	0.09090909090909091	True
4471	231	0.9090909090909091	False
4471	97	0.8181818181818182	False
4471	2699	0.7272727272727273	False
4471	599	0.6363636363636364	False
4471	1437	0.5454545454545454	False
4471	1717	0.45454545454545453	True
4471	3576	0.36363636363636365	True
4471	2137	0.2727272727272727	True
4471	3178	0.18181818181818182	True
4471	913	0.09090909090909091	True
3308	231	0.9090909090909091	False
3308	97	0.8181818181818182	False
3308	2699	0.7272727272727273	False
3308	1717	0.6363636363636364	True
3308	2137	0.5454545454545454	True
3308	2666	0.45454545454545453	True
3308	913	0.36363636363636365	True
3308	599	0.2727272727272727	False
3308	3576	0.18181818181818182	True
3308	1437	0.09090909090909091	False
2925	231	0.9090909090909091	False
2925	97	0.8181818181818182	False
2925	1437	0.7272727272727273	False
2925	2699	0.6363636363636364	False
2925	599	0.5454545454545454	False
2925	2137	0.45454545454545453	True
2925	1717	0.36363636363636365	True
2925	3512	0.2727272727272727	True
2925	2666	0.18181818181818182	True
2925	3576	0.09090909090909091	True
460	97	0.9090909090909091	False
460	231	0.8181818181818182	False
460	2699	0.7272727272727273	False
460	1437	0.6363636363636364	False
460	599	0.5454545454545454	False
460	913	0.45454545454545453	True
460	2666	0.36363636363636365	True
460	1717	0.2727272727272727	True
460	3576	0.18181818181818182	True
460	2097	0.09090909090909091	True
2015	231	0.9090909090909091	False
2015	97	0.8181818181818182	False
2015	2699	0.7272727272727273	False
2015	1717	0.6363636363636364	True
2015	599	0.5454545454545454	False
2015	2137	0.45454545454545453	True
2015	1437	0.36363636363636365	False
2015	87	0.2727272727272727	True
2015	913	0.18181818181818182	True
2015	3576	0.09090909090909091	True
3868	231	0.9090909090909091	False
3868	2699	0.8181818181818182	False
3868	1437	0.7272727272727273	False
3868	97	0.6363636363636364	False
3868	1717	0.5454545454545454	True
3868	2666	0.45454545454545453	True
3868	2137	0.36363636363636365	True
3868	599	0.2727272727272727	False
3868	87	0.18181818181818182	True
3868	3544	0.09090909090909091	True
4148	97	0.9090909090909091	False
4148	231	0.8181818181818182	False
4148	599	0.7272727272727273	False
4148	1437	0.6363636363636364	False
4148	2699	0.5454545454545454	False
4148	1717	0.45454545454545453	True
4148	2666	0.36363636363636365	True
4148	3035	0.2727272727272727	True
4148	2097	0.18181818181818182	True
4148	2517	0.09090909090909091	True
2101	599	0.9090909090909091	False
2101	231	0.8181818181818182	False
2101	1437	0.7272727272727273	False
2101	97	0.6363636363636364	False
2101	2699	0.5454545454545454	False
2101	2666	0.45454545454545453	True
2101	2517	0.36363636363636365	True
2101	1717	0.2727272727272727	True
2101	2137	0.18181818181818182	True
2101	3845	0.09090909090909091	True
2645	231	0.9090909090909091	False
2645	2699	0.8181818181818182	False
2645	97	0.7272727272727273	False
2645	1437	0.6363636363636364	False
2645	2137	0.5454545454545454	True
2645	1717	0.45454545454545453	True
2645	3512	0.36363636363636365	True
2645	599	0.2727272727272727	False
2645	3544	0.18181818181818182	True
2645	2666	0.09090909090909091	True
5850	231	0.9090909090909091	False
5850	97	0.8181818181818182	False
5850	2699	0.7272727272727273	False
5850	1437	0.6363636363636364	False
5850	599	0.5454545454545454	False
5850	913	0.45454545454545453	True
5850	3576	0.36363636363636365	True
5850	1717	0.2727272727272727	True
5850	2666	0.18181818181818182	True
5850	2517	0.09090909090909091	True
4587	231	0.9090909090909091	False
4587	1437	0.8181818181818182	False
4587	97	0.7272727272727273	False
4587	2699	0.6363636363636364	False
4587	599	0.5454545454545454	False
4587	913	0.45454545454545453	True
4587	1717	0.36363636363636365	True
4587	2666	0.2727272727272727	True
4587	2137	0.18181818181818182	True
4587	2097	0.09090909090909091	True
3193	231	0.9090909090909091	False
3193	97	0.8181818181818182	False
3193	599	0.7272727272727273	False
3193	1437	0.6363636363636364	False
3193	2699	0.5454545454545454	False
3193	2137	0.45454545454545453	True
3193	1717	0.36363636363636365	True
3193	3576	0.2727272727272727	True
3193	2666	0.18181818181818182	True
3193	913	0.09090909090909091	True
3448	599	0.9090909090909091	False
3448	97	0.8181818181818182	False
3448	1437	0.7272727272727273	False
3448	231	0.6363636363636364	False
3448	2699	0.5454545454545454	False
3448	1717	0.45454545454545453	True
3448	913	0.36363636363636365	True
3448	3512	0.2727272727272727	True
3448	87	0.18181818181818182	True
3448	2666	0.09090909090909091	True
5030	97	0.9090909090909091	False
5030	231	0.8181818181818182	False
5030	2699	0.7272727272727273	False
5030	599	0.6363636363636364	False
5030	2666	0.5454545454545454	True
5030	2137	0.45454545454545453	True
5030	1717	0.36363636363636365	True
5030	1437	0.2727272727272727	False
5030	913	0.18181818181818182	True
5030	2362	0.09090909090909091	True
5989	97	0.9090909090909091	False
5989	231	0.8181818181818182	False
5989	599	0.7272727272727273	False
5989	1437	0.6363636363636364	False
5989	2699	0.5454545454545454	False
5989	1717	0.45454545454545453	True
5989	3576	0.36363636363636365	True
5989	913	0.2727272727272727	True
5989	3512	0.18181818181818182	True
5989	2517	0.09090909090909091	True
1059	231	0.9090909090909091	False
1059	97	0.8181818181818182	False
1059	2699	0.7272727272727273	False
1059	1437	0.6363636363636364	False
1059	1717	0.5454545454545454	True
1059	599	0.45454545454545453	False
1059	2137	0.36363636363636365	True
1059	1963	0.2727272727272727	True
1059	913	0.18181818181818182	True
1059	3544	0.09090909090909091	True
