664	3843	0.9090909090909091	False
664	3701	0.8181818181818182	False
664	129	0.7272727272727273	False
664	2202	0.6363636363636364	True
664	3154	0.5454545454545454	True
664	3245	0.45454545454545453	False
664	993	0.36363636363636365	False
664	1007	0.2727272727272727	False
664	2808	0.18181818181818182	True
664	2348	0.09090909090909091	True
4619	3843	0.9090909090909091	False
4619	3701	0.8181818181818182	False
4619	1007	0.7272727272727273	False
4619	129	0.6363636363636364	False
4619	3154	0.5454545454545454	True
4619	3245	0.45454545454545453	False
4619	3197	0.36363636363636365	True
4619	2348	0.2727272727272727	True
4619	2808	0.18181818181818182	True
4619	1643	0.09090909090909091	True
1968	3843	0.9090909090909091	False
1968	1007	0.8181818181818182	False
1968	3154	0.7272727272727273	True
1968	3197	0.6363636363636364	True
1968	3701	0.5454545454545454	False
1968	1529	0.45454545454545453	True
1968	2808	0.36363636363636365	True
1968	3819	0.2727272727272727	True
1968	129	0.18181818181818182	False
1968	808	0.09090909090909091	True
2899	3843	0.9090909090909091	False
2899	3701	0.8181818181818182	False
2899	3154	0.7272727272727273	True
2899	3245	0.6363636363636364	False
2899	2202	0.5454545454545454	True
2899	129	0.45454545454545453	False
2899	2778	0.36363636363636365	True
2899	20	0.2727272727272727	True
2899	1529	0.18181818181818182	True
2899	1431	0.09090909090909091	True
4921	3843	0.9090909090909091	False
4921	129	0.8181818181818182	False
4921	3154	0.7272727272727273	True
4921	2808	0.6363636363636364	True
4921	993	0.5454545454545454	False
4921	3701	0.45454545454545453	False
4921	2202	0.36363636363636365	True
4921	2812	0.2727272727272727	True
4921	305	0.18181818181818182	True
4921	1007	0.09090909090909091	False
2589	3843	0.9090909090909091	False
2589	3701	0.8181818181818182	False
2589	993	0.7272727272727273	False
2589	3245	0.6363636363636364	False
2589	1007	0.5454545454545454	False
2589	2778	0.45454545454545453	True
2589	1529	0.36363636363636365	True
2589	1431	0.2727272727272727	True
2589	254	0.18181818181818182	True
2589	3473	0.09090909090909091	True
5882	3843	0.9090909090909091	False
5882	3701	0.8181818181818182	False
5882	993	0.7272727272727273	False
5882	3245	0.6363636363636364	False
5882	2028	0.5454545454545454	True
5882	947	0.45454545454545453	True
5882	254	0.36363636363636365	True
5882	2812	0.2727272727272727	True
5882	2202	0.18181818181818182	True
5882	129	0.09090909090909091	False
2699	3843	0.9090909090909091	False
2699	3701	0.8181818181818182	False
2699	1431	0.7272727272727273	True
2699	993	0.6363636363636364	False
2699	254	0.5454545454545454	True
2699	305	0.45454545454545453	True
2699	2778	0.36363636363636365	True
2699	1529	0.2727272727272727	True
2699	3245	0.18181818181818182	False
2699	3154	0.09090909090909091	True
2486	3843	0.9090909090909091	False
2486	3701	0.8181818181818182	False
2486	3154	0.7272727272727273	True
2486	3245	0.6363636363636364	False
2486	1007	0.5454545454545454	False
2486	129	0.45454545454545453	False
2486	2202	0.36363636363636365	True
2486	993	0.2727272727272727	False
2486	3197	0.18181818181818182	True
2486	2028	0.09090909090909091	True
4488	3843	0.9090909090909091	False
4488	3701	0.8181818181818182	False
4488	2202	0.7272727272727273	True
4488	129	0.6363636363636364	False
4488	305	0.5454545454545454	True
4488	993	0.45454545454545453	False
4488	254	0.36363636363636365	True
4488	1007	0.2727272727272727	False
4488	26	0.18181818181818182	True
4488	1431	0.09090909090909091	True
4723	3843	0.9090909090909091	False
4723	3701	0.8181818181818182	False
4723	2202	0.7272727272727273	True
4723	129	0.6363636363636364	False
4723	3552	0.5454545454545454	True
4723	808	0.45454545454545453	True
4723	1007	0.36363636363636365	False
4723	2808	0.2727272727272727	True
4723	1431	0.18181818181818182	True
4723	1643	0.09090909090909091	True
3090	3843	0.9090909090909091	False
3090	3701	0.8181818181818182	False
3090	993	0.7272727272727273	False
3090	3245	0.6363636363636364	False
3090	3154	0.5454545454545454	True
3090	129	0.45454545454545453	False
3090	1643	0.36363636363636365	True
3090	3473	0.2727272727272727	True
3090	305	0.18181818181818182	True
3090	3759	0.09090909090909091	True
1027	3843	0.9090909090909091	False
1027	3154	0.8181818181818182	True
1027	3701	0.7272727272727273	False
1027	3245	0.6363636363636364	False
1027	2348	0.5454545454545454	True
1027	2634	0.45454545454545453	True
1027	1007	0.36363636363636365	False
1027	2202	0.2727272727272727	True
1027	2808	0.18181818181818182	True
1027	2028	0.09090909090909091	True
891	3843	0.9090909090909091	False
891	3701	0.8181818181818182	False
891	2778	0.7272727272727273	True
891	3099	0.6363636363636364	True
891	20	0.5454545454545454	True
891	305	0.45454545454545453	True
891	2341	0.36363636363636365	True
891	3154	0.2727272727272727	True
891	2202	0.18181818181818182	True
891	2371	0.09090909090909091	True
5329	3843	0.9090909090909091	False
5329	993	0.8181818181818182	False
5329	3701	0.7272727272727273	False
5329	3154	0.6363636363636364	True
5329	3473	0.5454545454545454	True
5329	129	0.45454545454545453	False
5329	3552	0.36363636363636365	True
5329	2778	0.2727272727272727	True
5329	145	0.18181818181818182	True
5329	305	0.09090909090909091	True
1195	3843	0.9090909090909091	False
1195	129	0.8181818181818182	False
1195	2634	0.7272727272727273	True
1195	3154	0.6363636363636364	True
1195	3701	0.5454545454545454	False
1195	1007	0.45454545454545453	False
1195	2808	0.36363636363636365	True
1195	2778	0.2727272727272727	True
1195	329	0.18181818181818182	True
1195	1643	0.09090909090909091	True
4308	3843	0.9090909090909091	False
4308	3701	0.8181818181818182	False
4308	129	0.7272727272727273	False
4308	993	0.6363636363636364	False
4308	3473	0.5454545454545454	True
4308	1643	0.45454545454545453	True
4308	3245	0.36363636363636365	False
4308	3822	0.2727272727272727	True
4308	3552	0.18181818181818182	True
4308	254	0.09090909090909091	True
5886	3843	0.9090909090909091	False
5886	2202	0.8181818181818182	True
5886	3701	0.7272727272727273	False
5886	305	0.6363636363636364	True
5886	2812	0.5454545454545454	True
5886	1007	0.45454545454545453	False
5886	1529	0.36363636363636365	True
5886	993	0.2727272727272727	False
5886	2371	0.18181818181818182	True
5886	3245	0.09090909090909091	False
858	3843	0.9090909090909091	False
858	3701	0.8181818181818182	False
858	129	0.7272727272727273	False
858	2348	0.6363636363636364	True
858	993	0.5454545454545454	False
858	2202	0.45454545454545453	True
858	3245	0.36363636363636365	False
858	947	0.2727272727272727	True
858	1007	0.18181818181818182	False
858	2812	0.09090909090909091	True
2665	3843	0.9090909090909091	False
2665	3701	0.8181818181818182	False
2665	2202	0.7272727272727273	True
2665	2348	0.6363636363636364	True
2665	129	0.5454545454545454	False
2665	2634	0.45454545454545453	True
2665	1007	0.36363636363636365	False
2665	20	0.2727272727272727	True
2665	1311	0.18181818181818182	True
2665	1767	0.09090909090909091	True
5881	3843	0.9090909090909091	False
5881	1007	0.8181818181818182	False
5881	3154	0.7272727272727273	True
5881	3701	0.6363636363636364	False
5881	2778	0.5454545454545454	True
5881	993	0.45454545454545453	False
5881	254	0.36363636363636365	True
5881	2634	0.2727272727272727	True
5881	2812	0.18181818181818182	True
5881	2210	0.09090909090909091	True
4873	3843	0.9090909090909091	False
4873	3701	0.8181818181818182	False
4873	3552	0.7272727272727273	True
4873	305	0.6363636363636364	True
4873	1529	0.5454545454545454	True
4873	3245	0.45454545454545453	False
4873	2874	0.36363636363636365	True
4873	2341	0.2727272727272727	True
4873	3154	0.18181818181818182	True
4873	254	0.09090909090909091	True
1934	3843	0.9090909090909091	False
1934	3701	0.8181818181818182	False
1934	254	0.7272727272727273	True
1934	1007	0.6363636363636364	False
1934	993	0.5454545454545454	False
1934	305	0.45454545454545453	True
1934	1311	0.36363636363636365	True
1934	26	0.2727272727272727	True
1934	2028	0.18181818181818182	True
1934	2210	0.09090909090909091	True
3599	3843	0.9090909090909091	False
3599	2778	0.8181818181818182	True
3599	993	0.7272727272727273	False
3599	1007	0.6363636363636364	False
3599	3245	0.5454545454545454	False
3599	254	0.45454545454545453	True
3599	20	0.36363636363636365	True
3599	305	0.2727272727272727	True
3599	3473	0.18181818181818182	True
3599	3701	0.09090909090909091	False
515	3843	0.9090909090909091	False
515	3701	0.8181818181818182	False
515	1431	0.7272727272727273	True
515	2812	0.6363636363636364	True
515	993	0.5454545454545454	False
515	2202	0.45454545454545453	True
515	3245	0.36363636363636365	False
515	3154	0.2727272727272727	True
515	1767	0.18181818181818182	True
515	254	0.09090909090909091	True
1048	3843	0.9090909090909091	False
1048	3701	0.8181818181818182	False
1048	3154	0.7272727272727273	True
1048	305	0.6363636363636364	True
1048	145	0.5454545454545454	True
1048	1007	0.45454545454545453	False
1048	3197	0.36363636363636365	True
1048	254	0.2727272727272727	True
1048	3099	0.18181818181818182	True
1048	20	0.09090909090909091	True
489	3843	0.9090909090909091	False
489	3701	0.8181818181818182	False
489	3245	0.7272727272727273	False
489	3154	0.6363636363636364	True
489	2202	0.5454545454545454	True
489	2778	0.45454545454545453	True
489	1431	0.36363636363636365	True
489	2341	0.2727272727272727	True
489	305	0.18181818181818182	True
489	1007	0.09090909090909091	False
2618	3843	0.9090909090909091	False
2618	993	0.8181818181818182	False
2618	1007	0.7272727272727273	False
2618	129	0.6363636363636364	False
2618	2812	0.5454545454545454	True
2618	2202	0.45454545454545453	True
2618	3116	0.36363636363636365	True
2618	947	0.2727272727272727	True
2618	1311	0.18181818181818182	True
2618	2348	0.09090909090909091	True
3943	3843	0.9090909090909091	False
3943	3701	0.8181818181818182	False
3943	3154	0.7272727272727273	True
3943	254	0.6363636363636364	True
3943	129	0.5454545454545454	False
3943	3473	0.45454545454545453	True
3943	993	0.36363636363636365	False
3943	305	0.2727272727272727	True
3943	2778	0.18181818181818182	True
3943	1431	0.09090909090909091	True
3258	3843	0.9090909090909091	False
3258	3701	0.8181818181818182	False
3258	3154	0.7272727272727273	True
3258	3245	0.6363636363636364	False
3258	2778	0.5454545454545454	True
3258	1529	0.45454545454545453	True
3258	2348	0.36363636363636365	True
3258	129	0.2727272727272727	False
3258	993	0.18181818181818182	False
3258	2808	0.09090909090909091	True
3934	3843	0.9090909090909091	False
3934	1007	0.8181818181818182	False
3934	993	0.7272727272727273	False
3934	20	0.6363636363636364	True
3934	254	0.5454545454545454	True
3934	3701	0.45454545454545453	False
3934	1431	0.36363636363636365	True
3934	2812	0.2727272727272727	True
3934	2634	0.18181818181818182	True
3934	2778	0.09090909090909091	True
2102	3843	0.9090909090909091	False
2102	3701	0.8181818181818182	False
2102	254	0.7272727272727273	True
2102	2341	0.6363636363636364	True
2102	993	0.5454545454545454	False
2102	3099	0.45454545454545453	True
2102	2202	0.36363636363636365	True
2102	129	0.2727272727272727	False
2102	2028	0.18181818181818182	True
2102	3245	0.09090909090909091	False
1521	3843	0.9090909090909091	False
1521	3701	0.8181818181818182	False
1521	20	0.7272727272727273	True
1521	254	0.6363636363636364	True
1521	1529	0.5454545454545454	True
1521	305	0.45454545454545453	True
1521	1131	0.36363636363636365	True
1521	129	0.2727272727272727	False
1521	1431	0.18181818181818182	True
1521	993	0.09090909090909091	False
4439	3843	0.9090909090909091	False
4439	1643	0.8181818181818182	True
4439	3701	0.7272727272727273	False
4439	993	0.6363636363636364	False
4439	129	0.5454545454545454	False
4439	2634	0.45454545454545453	True
4439	2202	0.36363636363636365	True
4439	2812	0.2727272727272727	True
4439	530	0.18181818181818182	True
4439	2348	0.09090909090909091	True
836	3843	0.9090909090909091	False
836	1007	0.8181818181818182	False
836	3701	0.7272727272727273	False
836	129	0.6363636363636364	False
836	2202	0.5454545454545454	True
836	2348	0.45454545454545453	True
836	20	0.36363636363636365	True
836	1311	0.2727272727272727	True
836	993	0.18181818181818182	False
836	1131	0.09090909090909091	True
1435	3843	0.9090909090909091	False
1435	993	0.8181818181818182	False
1435	3701	0.7272727272727273	False
1435	3245	0.6363636363636364	False
1435	254	0.5454545454545454	True
1435	1431	0.45454545454545453	True
1435	1007	0.36363636363636365	False
1435	129	0.2727272727272727	False
1435	2778	0.18181818181818182	True
1435	2028	0.09090909090909091	True
5411	3843	0.9090909090909091	False
5411	3701	0.8181818181818182	False
5411	3154	0.7272727272727273	True
5411	3245	0.6363636363636364	False
5411	305	0.5454545454545454	True
5411	993	0.45454545454545453	False
5411	1643	0.36363636363636365	True
5411	1007	0.2727272727272727	False
5411	1529	0.18181818181818182	True
5411	2634	0.09090909090909091	True
900	3843	0.9090909090909091	False
900	3701	0.8181818181818182	False
900	1007	0.7272727272727273	False
900	129	0.6363636363636364	False
900	1311	0.5454545454545454	True
900	2348	0.45454545454545453	True
900	993	0.36363636363636365	False
900	2778	0.2727272727272727	True
900	3916	0.18181818181818182	True
900	2202	0.09090909090909091	True
909	3843	0.9090909090909091	False
909	993	0.8181818181818182	False
909	3701	0.7272727272727273	False
909	254	0.6363636363636364	True
909	1311	0.5454545454545454	True
909	1007	0.45454545454545453	False
909	129	0.36363636363636365	False
909	3473	0.2727272727272727	True
909	2348	0.18181818181818182	True
909	2812	0.09090909090909091	True
1653	3843	0.9090909090909091	False
1653	3154	0.8181818181818182	True
1653	3701	0.7272727272727273	False
1653	3245	0.6363636363636364	False
1653	993	0.5454545454545454	False
1653	2812	0.45454545454545453	True
1653	2202	0.36363636363636365	True
1653	129	0.2727272727272727	False
1653	1007	0.18181818181818182	False
1653	1431	0.09090909090909091	True
3901	3843	0.9090909090909091	False
3901	3701	0.8181818181818182	False
3901	993	0.7272727272727273	False
3901	129	0.6363636363636364	False
3901	254	0.5454545454545454	True
3901	3245	0.45454545454545453	False
3901	3552	0.36363636363636365	True
3901	1007	0.2727272727272727	False
3901	1431	0.18181818181818182	True
3901	1643	0.09090909090909091	True
3212	3843	0.9090909090909091	False
3212	3154	0.8181818181818182	True
3212	129	0.7272727272727273	False
3212	2808	0.6363636363636364	True
3212	3701	0.5454545454545454	False
3212	947	0.45454545454545453	True
3212	3552	0.36363636363636365	True
3212	993	0.2727272727272727	False
3212	2634	0.18181818181818182	True
3212	3197	0.09090909090909091	True
249	3843	0.9090909090909091	False
249	3701	0.8181818181818182	False
249	3154	0.7272727272727273	True
249	129	0.6363636363636364	False
249	993	0.5454545454545454	False
249	3245	0.45454545454545453	False
249	3473	0.36363636363636365	True
249	1007	0.2727272727272727	False
249	2812	0.18181818181818182	True
249	947	0.09090909090909091	True
3301	3843	0.9090909090909091	False
3301	3701	0.8181818181818182	False
3301	2202	0.7272727272727273	True
3301	1767	0.6363636363636364	True
3301	20	0.5454545454545454	True
3301	1529	0.45454545454545453	True
3301	305	0.36363636363636365	True
3301	3245	0.2727272727272727	False
3301	2874	0.18181818181818182	True
3301	808	0.09090909090909091	True
4014	3843	0.9090909090909091	False
4014	3701	0.8181818181818182	False
4014	3154	0.7272727272727273	True
4014	1529	0.6363636363636364	True
4014	305	0.5454545454545454	True
4014	1007	0.45454545454545453	False
4014	20	0.36363636363636365	True
4014	3245	0.2727272727272727	False
4014	3099	0.18181818181818182	True
4014	254	0.09090909090909091	True
3944	3843	0.9090909090909091	False
3944	3701	0.8181818181818182	False
3944	1007	0.7272727272727273	False
3944	2634	0.6363636363636364	True
3944	2778	0.5454545454545454	True
3944	129	0.45454545454545453	False
3944	3552	0.36363636363636365	True
3944	993	0.2727272727272727	False
3944	1431	0.18181818181818182	True
3944	2341	0.09090909090909091	True
1481	3843	0.9090909090909091	False
1481	3701	0.8181818181818182	False
1481	1007	0.7272727272727273	False
1481	129	0.6363636363636364	False
1481	993	0.5454545454545454	False
1481	2202	0.45454545454545453	True
1481	2028	0.36363636363636365	True
1481	3245	0.2727272727272727	False
1481	2348	0.18181818181818182	True
1481	2341	0.09090909090909091	True
793	3843	0.9090909090909091	False
793	993	0.8181818181818182	False
793	1007	0.7272727272727273	False
793	3701	0.6363636363636364	False
793	2812	0.5454545454545454	True
793	2618	0.45454545454545453	True
793	254	0.36363636363636365	True
793	2778	0.2727272727272727	True
793	2634	0.18181818181818182	True
793	2874	0.09090909090909091	True
4617	3843	0.9090909090909091	False
4617	3701	0.8181818181818182	False
4617	3154	0.7272727272727273	True
4617	993	0.6363636363636364	False
4617	3245	0.5454545454545454	False
4617	254	0.45454545454545453	True
4617	305	0.36363636363636365	True
4617	20	0.2727272727272727	True
4617	2634	0.18181818181818182	True
4617	1431	0.09090909090909091	True
3653	3843	0.9090909090909091	False
3653	3701	0.8181818181818182	False
3653	254	0.7272727272727273	True
3653	993	0.6363636363636364	False
3653	305	0.5454545454545454	True
3653	20	0.45454545454545453	True
3653	1007	0.36363636363636365	False
3653	3245	0.2727272727272727	False
3653	2348	0.18181818181818182	True
3653	1431	0.09090909090909091	True
1323	3843	0.9090909090909091	False
1323	3701	0.8181818181818182	False
1323	993	0.7272727272727273	False
1323	3245	0.6363636363636364	False
1323	3154	0.5454545454545454	True
1323	2812	0.45454545454545453	True
1323	2028	0.36363636363636365	True
1323	947	0.2727272727272727	True
1323	1643	0.18181818181818182	True
1323	129	0.09090909090909091	False
3808	3843	0.9090909090909091	False
3808	1007	0.8181818181818182	False
3808	2634	0.7272727272727273	True
3808	129	0.6363636363636364	False
3808	993	0.5454545454545454	False
3808	2812	0.45454545454545453	True
3808	3154	0.36363636363636365	True
3808	3701	0.2727272727272727	False
3808	2808	0.18181818181818182	True
3808	2778	0.09090909090909091	True
3118	3843	0.9090909090909091	False
3118	3701	0.8181818181818182	False
3118	2778	0.7272727272727273	True
3118	129	0.6363636363636364	False
3118	3552	0.5454545454545454	True
3118	2202	0.45454545454545453	True
3118	3245	0.36363636363636365	False
3118	1431	0.2727272727272727	True
3118	20	0.18181818181818182	True
3118	2341	0.09090909090909091	True
3588	3843	0.9090909090909091	False
3588	3701	0.8181818181818182	False
3588	129	0.7272727272727273	False
3588	993	0.6363636363636364	False
3588	1643	0.5454545454545454	True
3588	2618	0.45454545454545453	True
3588	2028	0.36363636363636365	True
3588	254	0.2727272727272727	True
3588	1007	0.18181818181818182	False
3588	3245	0.09090909090909091	False
947	3843	0.9090909090909091	False
947	3701	0.8181818181818182	False
947	993	0.7272727272727273	False
947	3154	0.6363636363636364	True
947	1529	0.5454545454545454	True
947	3245	0.45454545454545453	False
947	305	0.36363636363636365	True
947	3099	0.2727272727272727	True
947	254	0.18181818181818182	True
947	1007	0.09090909090909091	False
5069	3843	0.9090909090909091	False
5069	3154	0.8181818181818182	True
5069	3701	0.7272727272727273	False
5069	3245	0.6363636363636364	False
5069	1007	0.5454545454545454	False
5069	305	0.45454545454545453	True
5069	20	0.36363636363636365	True
5069	2812	0.2727272727272727	True
5069	1311	0.18181818181818182	True
5069	993	0.09090909090909091	False
5896	3843	0.9090909090909091	False
5896	3701	0.8181818181818182	False
5896	1007	0.7272727272727273	False
5896	993	0.6363636363636364	False
5896	2202	0.5454545454545454	True
5896	129	0.45454545454545453	False
5896	3245	0.36363636363636365	False
5896	2618	0.2727272727272727	True
5896	2812	0.18181818181818182	True
5896	2348	0.09090909090909091	True
4317	3843	0.9090909090909091	False
4317	1643	0.8181818181818182	True
4317	3701	0.7272727272727273	False
4317	808	0.6363636363636364	True
4317	2778	0.5454545454545454	True
4317	3245	0.45454545454545453	False
4317	129	0.36363636363636365	False
4317	2808	0.2727272727272727	True
4317	3197	0.18181818181818182	True
4317	2202	0.09090909090909091	True
1189	3843	0.9090909090909091	False
1189	1431	0.8181818181818182	True
1189	3701	0.7272727272727273	False
1189	2808	0.6363636363636364	True
1189	2778	0.5454545454545454	True
1189	2202	0.45454545454545453	True
1189	254	0.36363636363636365	True
1189	808	0.2727272727272727	True
1189	2812	0.18181818181818182	True
1189	20	0.09090909090909091	True
6005	3843	0.9090909090909091	False
6005	3701	0.8181818181818182	False
6005	254	0.7272727272727273	True
6005	993	0.6363636363636364	False
6005	1007	0.5454545454545454	False
6005	1643	0.45454545454545453	True
6005	3099	0.36363636363636365	True
6005	129	0.2727272727272727	False
6005	1529	0.18181818181818182	True
6005	2618	0.09090909090909091	True
1050	3843	0.9090909090909091	False
1050	129	0.8181818181818182	False
1050	947	0.7272727272727273	True
1050	2808	0.6363636363636364	True
1050	993	0.5454545454545454	False
1050	3154	0.45454545454545453	True
1050	3701	0.36363636363636365	False
1050	2028	0.2727272727272727	True
1050	1007	0.18181818181818182	False
1050	2348	0.09090909090909091	True
1976	3843	0.9090909090909091	False
1976	3701	0.8181818181818182	False
1976	129	0.7272727272727273	False
1976	993	0.6363636363636364	False
1976	3473	0.5454545454545454	True
1976	1007	0.45454545454545453	False
1976	2202	0.36363636363636365	True
1976	1643	0.2727272727272727	True
1976	2812	0.18181818181818182	True
1976	1431	0.09090909090909091	True
2629	3843	0.9090909090909091	False
2629	3701	0.8181818181818182	False
2629	129	0.7272727272727273	False
2629	2028	0.6363636363636364	True
2629	1007	0.5454545454545454	False
2629	2348	0.45454545454545453	True
2629	993	0.36363636363636365	False
2629	2202	0.2727272727272727	True
2629	1643	0.18181818181818182	True
2629	305	0.09090909090909091	True
2658	3843	0.9090909090909091	False
2658	3701	0.8181818181818182	False
2658	129	0.7272727272727273	False
2658	1007	0.6363636363636364	False
2658	993	0.5454545454545454	False
2658	3245	0.45454545454545453	False
2658	2202	0.36363636363636365	True
2658	2348	0.2727272727272727	True
2658	3154	0.18181818181818182	True
2658	2812	0.09090909090909091	True
2491	3843	0.9090909090909091	False
2491	3701	0.8181818181818182	False
2491	993	0.7272727272727273	False
2491	1007	0.6363636363636364	False
2491	1529	0.5454545454545454	True
2491	254	0.45454545454545453	True
2491	2812	0.36363636363636365	True
2491	2634	0.2727272727272727	True
2491	3099	0.18181818181818182	True
2491	2210	0.09090909090909091	True
3412	3843	0.9090909090909091	False
3412	3701	0.8181818181818182	False
3412	1431	0.7272727272727273	True
3412	20	0.6363636363636364	True
3412	2778	0.5454545454545454	True
3412	3154	0.45454545454545453	True
3412	129	0.36363636363636365	False
3412	3245	0.2727272727272727	False
3412	3473	0.18181818181818182	True
3412	1007	0.09090909090909091	False
3883	3843	0.9090909090909091	False
3883	3701	0.8181818181818182	False
3883	2634	0.7272727272727273	True
3883	3245	0.6363636363636364	False
3883	3154	0.5454545454545454	True
3883	1643	0.45454545454545453	True
3883	2348	0.36363636363636365	True
3883	2202	0.2727272727272727	True
3883	3552	0.18181818181818182	True
3883	129	0.09090909090909091	False
1787	3843	0.9090909090909091	False
1787	3701	0.8181818181818182	False
1787	254	0.7272727272727273	True
1787	993	0.6363636363636364	False
1787	3473	0.5454545454545454	True
1787	1643	0.45454545454545453	True
1787	2028	0.36363636363636365	True
1787	3245	0.2727272727272727	False
1787	1311	0.18181818181818182	True
1787	2348	0.09090909090909091	True
1331	3843	0.9090909090909091	False
1331	305	0.8181818181818182	True
1331	1529	0.7272727272727273	True
1331	1007	0.6363636363636364	False
1331	2778	0.5454545454545454	True
1331	3701	0.45454545454545453	False
1331	2808	0.36363636363636365	True
1331	3154	0.2727272727272727	True
1331	3245	0.18181818181818182	False
1331	1131	0.09090909090909091	True
352	3843	0.9090909090909091	False
352	3154	0.8181818181818182	True
352	3701	0.7272727272727273	False
352	3245	0.6363636363636364	False
352	2210	0.5454545454545454	True
352	20	0.45454545454545453	True
352	1529	0.36363636363636365	True
352	305	0.2727272727272727	True
352	254	0.18181818181818182	True
352	2634	0.09090909090909091	True
5388	3843	0.9090909090909091	False
5388	3701	0.8181818181818182	False
5388	1643	0.7272727272727273	True
5388	3245	0.6363636363636364	False
5388	2634	0.5454545454545454	True
5388	993	0.45454545454545453	False
5388	3154	0.36363636363636365	True
5388	129	0.2727272727272727	False
5388	254	0.18181818181818182	True
5388	2348	0.09090909090909091	True
2159	3843	0.9090909090909091	False
2159	3701	0.8181818181818182	False
2159	2202	0.7272727272727273	True
2159	1007	0.6363636363636364	False
2159	2812	0.5454545454545454	True
2159	993	0.45454545454545453	False
2159	2348	0.36363636363636365	True
2159	254	0.2727272727272727	True
2159	1529	0.18181818181818182	True
2159	3099	0.09090909090909091	True
2862	3843	0.9090909090909091	False
2862	1007	0.8181818181818182	False
2862	2812	0.7272727272727273	True
2862	3701	0.6363636363636364	False
2862	1431	0.5454545454545454	True
2862	993	0.45454545454545453	False
2862	2778	0.36363636363636365	True
2862	254	0.2727272727272727	True
2862	20	0.18181818181818182	True
2862	1131	0.09090909090909091	True
3097	3843	0.9090909090909091	False
3097	993	0.8181818181818182	False
3097	2808	0.7272727272727273	True
3097	2778	0.6363636363636364	True
3097	3154	0.5454545454545454	True
3097	129	0.45454545454545453	False
3097	305	0.36363636363636365	True
3097	2812	0.2727272727272727	True
3097	1007	0.18181818181818182	False
3097	2202	0.09090909090909091	True
3438	3843	0.9090909090909091	False
3438	3701	0.8181818181818182	False
3438	3154	0.7272727272727273	True
3438	2202	0.6363636363636364	True
3438	305	0.5454545454545454	True
3438	2812	0.45454545454545453	True
3438	3245	0.36363636363636365	False
3438	1431	0.2727272727272727	True
3438	2808	0.18181818181818182	True
3438	20	0.09090909090909091	True
2349	3843	0.9090909090909091	False
2349	3701	0.8181818181818182	False
2349	993	0.7272727272727273	False
2349	1007	0.6363636363636364	False
2349	1643	0.5454545454545454	True
2349	2778	0.45454545454545453	True
2349	3245	0.36363636363636365	False
2349	808	0.2727272727272727	True
2349	2874	0.18181818181818182	True
2349	2618	0.09090909090909091	True
4643	3843	0.9090909090909091	False
4643	3701	0.8181818181818182	False
4643	3154	0.7272727272727273	True
4643	305	0.6363636363636364	True
4643	2778	0.5454545454545454	True
4643	129	0.45454545454545453	False
4643	1529	0.36363636363636365	True
4643	3245	0.2727272727272727	False
4643	993	0.18181818181818182	False
4643	2341	0.09090909090909091	True
63	3843	0.9090909090909091	False
63	3701	0.8181818181818182	False
63	1007	0.7272727272727273	False
63	3154	0.6363636363636364	True
63	129	0.5454545454545454	False
63	1529	0.45454545454545453	True
63	305	0.36363636363636365	True
63	2808	0.2727272727272727	True
63	993	0.18181818181818182	False
63	2812	0.09090909090909091	True
5148	3843	0.9090909090909091	False
5148	1007	0.8181818181818182	False
5148	3701	0.7272727272727273	False
5148	129	0.6363636363636364	False
5148	993	0.5454545454545454	False
5148	3552	0.45454545454545453	True
5148	254	0.36363636363636365	True
5148	3822	0.2727272727272727	True
5148	3473	0.18181818181818182	True
5148	3916	0.09090909090909091	True
3209	3843	0.9090909090909091	False
3209	254	0.8181818181818182	True
3209	3701	0.7272727272727273	False
3209	993	0.6363636363636364	False
3209	3637	0.5454545454545454	True
3209	1643	0.45454545454545453	True
3209	2202	0.36363636363636365	True
3209	3099	0.2727272727272727	True
3209	305	0.18181818181818182	True
3209	26	0.09090909090909091	True
5234	3843	0.9090909090909091	False
5234	2348	0.8181818181818182	True
5234	2778	0.7272727272727273	True
5234	305	0.6363636363636364	True
5234	993	0.5454545454545454	False
5234	3701	0.45454545454545453	False
5234	129	0.36363636363636365	False
5234	1431	0.2727272727272727	True
5234	3245	0.18181818181818182	False
5234	947	0.09090909090909091	True
4385	3843	0.9090909090909091	False
4385	3701	0.8181818181818182	False
4385	1643	0.7272727272727273	True
4385	2028	0.6363636363636364	True
4385	129	0.5454545454545454	False
4385	3245	0.45454545454545453	False
4385	993	0.36363636363636365	False
4385	2618	0.2727272727272727	True
4385	2348	0.18181818181818182	True
4385	254	0.09090909090909091	True
2516	3843	0.9090909090909091	False
2516	3701	0.8181818181818182	False
2516	1007	0.7272727272727273	False
2516	129	0.6363636363636364	False
2516	993	0.5454545454545454	False
2516	3099	0.45454545454545453	True
2516	1529	0.36363636363636365	True
2516	2202	0.2727272727272727	True
2516	305	0.18181818181818182	True
2516	935	0.09090909090909091	True
743	3843	0.9090909090909091	False
743	3701	0.8181818181818182	False
743	254	0.7272727272727273	True
743	993	0.6363636363636364	False
743	1007	0.5454545454545454	False
743	2028	0.45454545454545453	True
743	3245	0.36363636363636365	False
743	3154	0.2727272727272727	True
743	1311	0.18181818181818182	True
743	3473	0.09090909090909091	True
5379	3843	0.9090909090909091	False
5379	2202	0.8181818181818182	True
5379	3701	0.7272727272727273	False
5379	3154	0.6363636363636364	True
5379	1007	0.5454545454545454	False
5379	993	0.45454545454545453	False
5379	2634	0.36363636363636365	True
5379	20	0.2727272727272727	True
5379	129	0.18181818181818182	False
5379	3245	0.09090909090909091	False
4073	3843	0.9090909090909091	False
4073	3701	0.8181818181818182	False
4073	947	0.7272727272727273	True
4073	129	0.6363636363636364	False
4073	1767	0.5454545454545454	True
4073	993	0.45454545454545453	False
4073	2634	0.36363636363636365	True
4073	2808	0.2727272727272727	True
4073	2812	0.18181818181818182	True
4073	3154	0.09090909090909091	True
1340	3843	0.9090909090909091	False
1340	1007	0.8181818181818182	False
1340	3701	0.7272727272727273	False
1340	993	0.6363636363636364	False
1340	2778	0.5454545454545454	True
1340	129	0.45454545454545453	False
1340	808	0.36363636363636365	True
1340	3552	0.2727272727272727	True
1340	254	0.18181818181818182	True
1340	2618	0.09090909090909091	True
4756	3843	0.9090909090909091	False
4756	3701	0.8181818181818182	False
4756	1007	0.7272727272727273	False
4756	129	0.6363636363636364	False
4756	2202	0.5454545454545454	True
4756	3099	0.45454545454545453	True
4756	2778	0.36363636363636365	True
4756	2618	0.2727272727272727	True
4756	1288	0.18181818181818182	True
4756	2808	0.09090909090909091	True
3956	3843	0.9090909090909091	False
3956	3701	0.8181818181818182	False
3956	129	0.7272727272727273	False
3956	2634	0.6363636363636364	True
3956	3154	0.5454545454545454	True
3956	2202	0.45454545454545453	True
3956	1007	0.36363636363636365	False
3956	993	0.2727272727272727	False
3956	3552	0.18181818181818182	True
3956	3197	0.09090909090909091	True
3557	3843	0.9090909090909091	False
3557	3701	0.8181818181818182	False
3557	254	0.7272727272727273	True
3557	993	0.6363636363636364	False
3557	2202	0.5454545454545454	True
3557	20	0.45454545454545453	True
3557	1431	0.36363636363636365	True
3557	2812	0.2727272727272727	True
3557	947	0.18181818181818182	True
3557	129	0.09090909090909091	False
2694	3843	0.9090909090909091	False
2694	3701	0.8181818181818182	False
2694	3245	0.7272727272727273	False
2694	20	0.6363636363636364	True
2694	254	0.5454545454545454	True
2694	2202	0.45454545454545453	True
2694	2348	0.36363636363636365	True
2694	1007	0.2727272727272727	False
2694	1767	0.18181818181818182	True
2694	2341	0.09090909090909091	True
3418	3843	0.9090909090909091	False
3418	3245	0.8181818181818182	False
3418	3701	0.7272727272727273	False
3418	3154	0.6363636363636364	True
3418	2778	0.5454545454545454	True
3418	2202	0.45454545454545453	True
3418	1431	0.36363636363636365	True
3418	305	0.2727272727272727	True
3418	1529	0.18181818181818182	True
3418	254	0.09090909090909091	True
5885	3843	0.9090909090909091	False
5885	3701	0.8181818181818182	False
5885	1007	0.7272727272727273	False
5885	2028	0.6363636363636364	True
5885	254	0.5454545454545454	True
5885	993	0.45454545454545453	False
5885	129	0.36363636363636365	False
5885	3245	0.2727272727272727	False
5885	305	0.18181818181818182	True
5885	1288	0.09090909090909091	True
1790	3843	0.9090909090909091	False
1790	3701	0.8181818181818182	False
1790	3154	0.7272727272727273	True
1790	1431	0.6363636363636364	True
1790	20	0.5454545454545454	True
1790	2202	0.45454545454545453	True
1790	3245	0.36363636363636365	False
1790	2341	0.2727272727272727	True
1790	2812	0.18181818181818182	True
1790	129	0.09090909090909091	False
5304	3843	0.9090909090909091	False
5304	2634	0.8181818181818182	True
5304	3701	0.7272727272727273	False
5304	129	0.6363636363636364	False
5304	2202	0.5454545454545454	True
5304	2709	0.45454545454545453	True
5304	808	0.36363636363636365	True
5304	1007	0.2727272727272727	False
5304	3154	0.18181818181818182	True
5304	993	0.09090909090909091	False
671	3843	0.9090909090909091	False
671	3701	0.8181818181818182	False
671	993	0.7272727272727273	False
671	129	0.6363636363636364	False
671	2778	0.5454545454545454	True
671	1431	0.45454545454545453	True
671	1131	0.36363636363636365	True
671	1007	0.2727272727272727	False
671	254	0.18181818181818182	True
671	2808	0.09090909090909091	True
4205	3843	0.9090909090909091	False
4205	993	0.8181818181818182	False
4205	254	0.7272727272727273	True
4205	947	0.6363636363636364	True
4205	129	0.5454545454545454	False
4205	1007	0.45454545454545453	False
4205	3701	0.36363636363636365	False
4205	3637	0.2727272727272727	True
4205	2778	0.18181818181818182	True
4205	3473	0.09090909090909091	True
4492	3843	0.9090909090909091	False
4492	3701	0.8181818181818182	False
4492	993	0.7272727272727273	False
4492	305	0.6363636363636364	True
4492	2778	0.5454545454545454	True
4492	1007	0.45454545454545453	False
4492	1529	0.36363636363636365	True
4492	3245	0.2727272727272727	False
4492	2348	0.18181818181818182	True
4492	254	0.09090909090909091	True
