641	2314	0.9090909090909091	False
641	87	0.8181818181818182	False
641	2876	0.7272727272727273	True
641	2498	0.6363636363636364	True
641	3011	0.5454545454545454	True
641	2935	0.45454545454545453	True
641	2491	0.36363636363636365	True
641	1592	0.2727272727272727	True
641	3550	0.18181818181818182	False
641	2247	0.09090909090909091	True
4743	2314	0.9090909090909091	False
4743	2935	0.8181818181818182	True
4743	87	0.7272727272727273	False
4743	2498	0.6363636363636364	True
4743	3550	0.5454545454545454	False
4743	3011	0.45454545454545453	True
4743	897	0.36363636363636365	True
4743	2247	0.2727272727272727	True
4743	2406	0.18181818181818182	False
4743	2491	0.09090909090909091	True
3708	2314	0.9090909090909091	False
3708	3011	0.8181818181818182	True
3708	87	0.7272727272727273	False
3708	2935	0.6363636363636364	True
3708	2247	0.5454545454545454	True
3708	3260	0.45454545454545453	True
3708	2835	0.36363636363636365	True
3708	2379	0.2727272727272727	True
3708	2876	0.18181818181818182	True
3708	1392	0.09090909090909091	True
2188	2314	0.9090909090909091	False
2188	2876	0.8181818181818182	True
2188	2491	0.7272727272727273	True
2188	2898	0.6363636363636364	False
2188	87	0.5454545454545454	False
2188	2961	0.45454545454545453	True
2188	3550	0.36363636363636365	False
2188	3011	0.2727272727272727	True
2188	1499	0.18181818181818182	True
2188	3769	0.09090909090909091	True
5628	2314	0.9090909090909091	False
5628	2406	0.8181818181818182	False
5628	2876	0.7272727272727273	True
5628	1392	0.6363636363636364	True
5628	2498	0.5454545454545454	True
5628	3260	0.45454545454545453	True
5628	2935	0.36363636363636365	True
5628	87	0.2727272727272727	False
5628	3011	0.18181818181818182	True
5628	3769	0.09090909090909091	True
2493	2314	0.9090909090909091	False
2493	87	0.8181818181818182	False
2493	2491	0.7272727272727273	True
2493	599	0.6363636363636364	True
2493	2876	0.5454545454545454	True
2493	2406	0.45454545454545453	False
2493	2898	0.36363636363636365	False
2493	1592	0.2727272727272727	True
2493	2247	0.18181818181818182	True
2493	3058	0.09090909090909091	True
2224	2314	0.9090909090909091	False
2224	3550	0.8181818181818182	False
2224	2876	0.7272727272727273	True
2224	3769	0.6363636363636364	True
2224	2491	0.5454545454545454	True
2224	2898	0.45454545454545453	False
2224	289	0.36363636363636365	True
2224	87	0.2727272727272727	False
2224	1592	0.18181818181818182	True
2224	2406	0.09090909090909091	False
2112	2314	0.9090909090909091	False
2112	87	0.8181818181818182	False
2112	2491	0.7272727272727273	True
2112	2247	0.6363636363636364	True
2112	2406	0.5454545454545454	False
2112	3550	0.45454545454545453	False
2112	2687	0.36363636363636365	True
2112	2898	0.2727272727272727	False
2112	2935	0.18181818181818182	True
2112	3769	0.09090909090909091	True
2650	2314	0.9090909090909091	False
2650	2898	0.8181818181818182	False
2650	1499	0.7272727272727273	True
2650	3769	0.6363636363636364	True
2650	2935	0.5454545454545454	True
2650	2687	0.45454545454545453	True
2650	289	0.36363636363636365	True
2650	3550	0.2727272727272727	False
2650	2406	0.18181818181818182	False
2650	2876	0.09090909090909091	True
2671	2314	0.9090909090909091	False
2671	3550	0.8181818181818182	False
2671	87	0.7272727272727273	False
2671	2898	0.6363636363636364	False
2671	2247	0.5454545454545454	True
2671	3260	0.45454545454545453	True
2671	2935	0.36363636363636365	True
2671	1592	0.2727272727272727	True
2671	1499	0.18181818181818182	True
2671	3769	0.09090909090909091	True
2601	2314	0.9090909090909091	False
2601	2935	0.8181818181818182	True
2601	2247	0.7272727272727273	True
2601	87	0.6363636363636364	False
2601	2498	0.5454545454545454	True
2601	1592	0.45454545454545453	True
2601	2147	0.36363636363636365	True
2601	1392	0.2727272727272727	True
2601	2406	0.18181818181818182	False
2601	3011	0.09090909090909091	True
5841	2314	0.9090909090909091	False
5841	2247	0.8181818181818182	True
5841	2406	0.7272727272727273	False
5841	3550	0.6363636363636364	False
5841	2379	0.5454545454545454	True
5841	3769	0.45454545454545453	True
5841	2876	0.36363636363636365	True
5841	2687	0.2727272727272727	True
5841	3306	0.18181818181818182	True
5841	2147	0.09090909090909091	True
517	2314	0.9090909090909091	False
517	3260	0.8181818181818182	True
517	2687	0.7272727272727273	True
517	2247	0.6363636363636364	True
517	2935	0.5454545454545454	True
517	1592	0.45454545454545453	True
517	1392	0.36363636363636365	True
517	3011	0.2727272727272727	True
517	87	0.18181818181818182	False
517	3550	0.09090909090909091	False
4400	2314	0.9090909090909091	False
4400	2876	0.8181818181818182	True
4400	1592	0.7272727272727273	True
4400	2935	0.6363636363636364	True
4400	3550	0.5454545454545454	False
4400	2898	0.45454545454545453	False
4400	87	0.36363636363636365	False
4400	3011	0.2727272727272727	True
4400	1392	0.18181818181818182	True
4400	3260	0.09090909090909091	True
2676	2314	0.9090909090909091	False
2676	2898	0.8181818181818182	False
2676	1592	0.7272727272727273	True
2676	3011	0.6363636363636364	True
2676	2247	0.5454545454545454	True
2676	3550	0.45454545454545453	False
2676	2876	0.36363636363636365	True
2676	2935	0.2727272727272727	True
2676	2904	0.18181818181818182	True
2676	2406	0.09090909090909091	False
5790	2314	0.9090909090909091	False
5790	87	0.8181818181818182	False
5790	2935	0.7272727272727273	True
5790	2898	0.6363636363636364	False
5790	3550	0.5454545454545454	False
5790	2406	0.45454545454545453	False
5790	2876	0.36363636363636365	True
5790	1592	0.2727272727272727	True
5790	2247	0.18181818181818182	True
5790	1392	0.09090909090909091	True
5552	2314	0.9090909090909091	False
5552	2898	0.8181818181818182	False
5552	2247	0.7272727272727273	True
5552	2406	0.6363636363636364	False
5552	3550	0.5454545454545454	False
5552	1392	0.45454545454545453	True
5552	1592	0.36363636363636365	True
5552	2379	0.2727272727272727	True
5552	2935	0.18181818181818182	True
5552	2876	0.09090909090909091	True
4708	2314	0.9090909090909091	False
4708	2406	0.8181818181818182	False
4708	1592	0.7272727272727273	True
4708	2935	0.6363636363636364	True
4708	2876	0.5454545454545454	True
4708	1392	0.45454545454545453	True
4708	289	0.36363636363636365	True
4708	2898	0.2727272727272727	False
4708	87	0.18181818181818182	False
4708	2247	0.09090909090909091	True
6030	2314	0.9090909090909091	False
6030	3550	0.8181818181818182	False
6030	2898	0.7272727272727273	False
6030	2876	0.6363636363636364	True
6030	87	0.5454545454545454	False
6030	2935	0.45454545454545453	True
6030	3011	0.36363636363636365	True
6030	3260	0.2727272727272727	True
6030	1592	0.18181818181818182	True
6030	3769	0.09090909090909091	True
2838	2314	0.9090909090909091	False
2838	2406	0.8181818181818182	False
2838	2247	0.7272727272727273	True
2838	3550	0.6363636363636364	False
2838	2379	0.5454545454545454	True
2838	3769	0.45454545454545453	True
2838	2898	0.36363636363636365	False
2838	1392	0.2727272727272727	True
2838	2491	0.18181818181818182	True
2838	1592	0.09090909090909091	True
4821	2314	0.9090909090909091	False
4821	87	0.8181818181818182	False
4821	2935	0.7272727272727273	True
4821	2898	0.6363636363636364	False
4821	2876	0.5454545454545454	True
4821	3550	0.45454545454545453	False
4821	3260	0.36363636363636365	True
4821	2379	0.2727272727272727	True
4821	2247	0.18181818181818182	True
4821	2491	0.09090909090909091	True
6003	2314	0.9090909090909091	False
6003	3011	0.8181818181818182	True
6003	3260	0.7272727272727273	True
6003	2935	0.6363636363636364	True
6003	2876	0.5454545454545454	True
6003	2247	0.45454545454545453	True
6003	87	0.36363636363636365	False
6003	1499	0.2727272727272727	True
6003	3550	0.18181818181818182	False
6003	2898	0.09090909090909091	False
4588	2314	0.9090909090909091	False
4588	2406	0.8181818181818182	False
4588	3011	0.7272727272727273	True
4588	2935	0.6363636363636364	True
4588	1592	0.5454545454545454	True
4588	2876	0.45454545454545453	True
4588	1573	0.36363636363636365	True
4588	2498	0.2727272727272727	True
4588	2247	0.18181818181818182	True
4588	2898	0.09090909090909091	False
4371	2314	0.9090909090909091	False
4371	2406	0.8181818181818182	False
4371	3769	0.7272727272727273	True
4371	2687	0.6363636363636364	True
4371	2247	0.5454545454545454	True
4371	1499	0.45454545454545453	True
4371	87	0.36363636363636365	False
4371	2147	0.2727272727272727	True
4371	2491	0.18181818181818182	True
4371	2961	0.09090909090909091	True
564	2314	0.9090909090909091	False
564	3550	0.8181818181818182	False
564	1592	0.7272727272727273	True
564	2935	0.6363636363636364	True
564	87	0.5454545454545454	False
564	2491	0.45454545454545453	True
564	3260	0.36363636363636365	True
564	2379	0.2727272727272727	True
564	2247	0.18181818181818182	True
564	3769	0.09090909090909091	True
5278	2314	0.9090909090909091	False
5278	2876	0.8181818181818182	True
5278	1573	0.7272727272727273	True
5278	289	0.6363636363636364	True
5278	1592	0.5454545454545454	True
5278	2406	0.45454545454545453	False
5278	87	0.36363636363636365	False
5278	3011	0.2727272727272727	True
5278	1034	0.18181818181818182	True
5278	2247	0.09090909090909091	True
3500	2314	0.9090909090909091	False
3500	2898	0.8181818181818182	False
3500	3550	0.7272727272727273	False
3500	2247	0.6363636363636364	True
3500	1499	0.5454545454545454	True
3500	3769	0.45454545454545453	True
3500	2961	0.36363636363636365	True
3500	2406	0.2727272727272727	False
3500	3011	0.18181818181818182	True
3500	2062	0.09090909090909091	True
2209	2314	0.9090909090909091	False
2209	1499	0.8181818181818182	True
2209	3769	0.7272727272727273	True
2209	1592	0.6363636363636364	True
2209	2406	0.5454545454545454	False
2209	2935	0.45454545454545453	True
2209	2247	0.36363636363636365	True
2209	2961	0.2727272727272727	True
2209	87	0.18181818181818182	False
2209	3011	0.09090909090909091	True
4212	2314	0.9090909090909091	False
4212	2498	0.8181818181818182	True
4212	3011	0.7272727272727273	True
4212	2247	0.6363636363636364	True
4212	2406	0.5454545454545454	False
4212	2935	0.45454545454545453	True
4212	87	0.36363636363636365	False
4212	1392	0.2727272727272727	True
4212	3550	0.18181818181818182	False
4212	2898	0.09090909090909091	False
5593	2314	0.9090909090909091	False
5593	2898	0.8181818181818182	False
5593	3550	0.7272727272727273	False
5593	87	0.6363636363636364	False
5593	2876	0.5454545454545454	True
5593	897	0.45454545454545453	True
5593	2247	0.36363636363636365	True
5593	2406	0.2727272727272727	False
5593	289	0.18181818181818182	True
5593	1592	0.09090909090909091	True
3923	2314	0.9090909090909091	False
3923	3769	0.8181818181818182	True
3923	2898	0.7272727272727273	False
3923	3550	0.6363636363636364	False
3923	289	0.5454545454545454	True
3923	1499	0.45454545454545453	True
3923	2876	0.36363636363636365	True
3923	1592	0.2727272727272727	True
3923	2247	0.18181818181818182	True
3923	2961	0.09090909090909091	True
3937	2314	0.9090909090909091	False
3937	1592	0.8181818181818182	True
3937	87	0.7272727272727273	False
3937	2935	0.6363636363636364	True
3937	3550	0.5454545454545454	False
3937	2406	0.45454545454545453	False
3937	2247	0.36363636363636365	True
3937	2498	0.2727272727272727	True
3937	2898	0.18181818181818182	False
3937	2876	0.09090909090909091	True
5012	2314	0.9090909090909091	False
5012	2406	0.8181818181818182	False
5012	2898	0.7272727272727273	False
5012	2247	0.6363636363636364	True
5012	2935	0.5454545454545454	True
5012	2498	0.45454545454545453	True
5012	3550	0.36363636363636365	False
5012	1499	0.2727272727272727	True
5012	87	0.18181818181818182	False
5012	451	0.09090909090909091	True
1103	2314	0.9090909090909091	False
1103	1592	0.8181818181818182	True
1103	87	0.7272727272727273	False
1103	3011	0.6363636363636364	True
1103	2935	0.5454545454545454	True
1103	2247	0.45454545454545453	True
1103	2406	0.36363636363636365	False
1103	2379	0.2727272727272727	True
1103	2498	0.18181818181818182	True
1103	3550	0.09090909090909091	False
2561	2314	0.9090909090909091	False
2561	87	0.8181818181818182	False
2561	2498	0.7272727272727273	True
2561	2935	0.6363636363636364	True
2561	3550	0.5454545454545454	False
2561	2898	0.45454545454545453	False
2561	2491	0.36363636363636365	True
2561	2876	0.2727272727272727	True
2561	3769	0.18181818181818182	True
2561	2406	0.09090909090909091	False
5977	2314	0.9090909090909091	False
5977	1499	0.8181818181818182	True
5977	2935	0.7272727272727273	True
5977	1592	0.6363636363636364	True
5977	2898	0.5454545454545454	False
5977	2247	0.45454545454545453	True
5977	2961	0.36363636363636365	True
5977	1392	0.2727272727272727	True
5977	2406	0.18181818181818182	False
5977	3550	0.09090909090909091	False
5234	2314	0.9090909090909091	False
5234	2498	0.8181818181818182	True
5234	2898	0.7272727272727273	False
5234	87	0.6363636363636364	False
5234	3550	0.5454545454545454	False
5234	2935	0.45454545454545453	True
5234	2491	0.36363636363636365	True
5234	1499	0.2727272727272727	True
5234	491	0.18181818181818182	True
5234	902	0.09090909090909091	True
1074	2314	0.9090909090909091	False
1074	2935	0.8181818181818182	True
1074	3011	0.7272727272727273	True
1074	87	0.6363636363636364	False
1074	2247	0.5454545454545454	True
1074	2876	0.45454545454545453	True
1074	1592	0.36363636363636365	True
1074	2498	0.2727272727272727	True
1074	1392	0.18181818181818182	True
1074	2406	0.09090909090909091	False
4746	2314	0.9090909090909091	False
4746	2898	0.8181818181818182	False
4746	2876	0.7272727272727273	True
4746	3550	0.6363636363636364	False
4746	2935	0.5454545454545454	True
4746	87	0.45454545454545453	False
4746	1592	0.36363636363636365	True
4746	897	0.2727272727272727	True
4746	2247	0.18181818181818182	True
4746	2406	0.09090909090909091	False
4145	2314	0.9090909090909091	False
4145	2498	0.8181818181818182	True
4145	3550	0.7272727272727273	False
4145	2935	0.6363636363636364	True
4145	3011	0.5454545454545454	True
4145	2406	0.45454545454545453	False
4145	1926	0.36363636363636365	True
4145	87	0.2727272727272727	False
4145	2898	0.18181818181818182	False
4145	2247	0.09090909090909091	True
4608	2314	0.9090909090909091	False
4608	3769	0.8181818181818182	True
4608	2406	0.7272727272727273	False
4608	3550	0.6363636363636364	False
4608	2491	0.5454545454545454	True
4608	87	0.45454545454545453	False
4608	2898	0.36363636363636365	False
4608	2961	0.2727272727272727	True
4608	2247	0.18181818181818182	True
4608	2687	0.09090909090909091	True
655	2314	0.9090909090909091	False
655	2406	0.8181818181818182	False
655	2935	0.7272727272727273	True
655	2898	0.6363636363636364	False
655	3011	0.5454545454545454	True
655	3550	0.45454545454545453	False
655	2961	0.36363636363636365	True
655	2247	0.2727272727272727	True
655	2498	0.18181818181818182	True
655	1499	0.09090909090909091	True
3002	2314	0.9090909090909091	False
3002	2935	0.8181818181818182	True
3002	87	0.7272727272727273	False
3002	2406	0.6363636363636364	False
3002	3550	0.5454545454545454	False
3002	2498	0.45454545454545453	True
3002	2898	0.36363636363636365	False
3002	3011	0.2727272727272727	True
3002	2247	0.18181818181818182	True
3002	1592	0.09090909090909091	True
3147	2314	0.9090909090909091	False
3147	1592	0.8181818181818182	True
3147	2961	0.7272727272727273	True
3147	1499	0.6363636363636364	True
3147	2935	0.5454545454545454	True
3147	2876	0.45454545454545453	True
3147	3011	0.36363636363636365	True
3147	3550	0.2727272727272727	False
3147	2406	0.18181818181818182	False
3147	2898	0.09090909090909091	False
5732	2314	0.9090909090909091	False
5732	2247	0.8181818181818182	True
5732	2406	0.7272727272727273	False
5732	3011	0.6363636363636364	True
5732	3260	0.5454545454545454	True
5732	1592	0.45454545454545453	True
5732	2379	0.36363636363636365	True
5732	2876	0.2727272727272727	True
5732	87	0.18181818181818182	False
5732	2898	0.09090909090909091	False
5868	2314	0.9090909090909091	False
5868	3550	0.8181818181818182	False
5868	3769	0.7272727272727273	True
5868	3011	0.6363636363636364	True
5868	2935	0.5454545454545454	True
5868	87	0.45454545454545453	False
5868	2687	0.36363636363636365	True
5868	2062	0.2727272727272727	True
5868	2379	0.18181818181818182	True
5868	2898	0.09090909090909091	False
1661	2314	0.9090909090909091	False
1661	3011	0.8181818181818182	True
1661	3260	0.7272727272727273	True
1661	2935	0.6363636363636364	True
1661	2247	0.5454545454545454	True
1661	87	0.45454545454545453	False
1661	2379	0.36363636363636365	True
1661	1034	0.2727272727272727	True
1661	2498	0.18181818181818182	True
1661	1392	0.09090909090909091	True
5970	2314	0.9090909090909091	False
5970	2935	0.8181818181818182	True
5970	87	0.7272727272727273	False
5970	1392	0.6363636363636364	True
5970	3306	0.5454545454545454	True
5970	2491	0.45454545454545453	True
5970	3550	0.36363636363636365	False
5970	2876	0.2727272727272727	True
5970	2898	0.18181818181818182	False
5970	897	0.09090909090909091	True
5636	2314	0.9090909090909091	False
5636	3011	0.8181818181818182	True
5636	2935	0.7272727272727273	True
5636	2876	0.6363636363636364	True
5636	2898	0.5454545454545454	False
5636	2247	0.45454545454545453	True
5636	3550	0.36363636363636365	False
5636	2406	0.2727272727272727	False
5636	87	0.18181818181818182	False
5636	1592	0.09090909090909091	True
2177	2314	0.9090909090909091	False
2177	2876	0.8181818181818182	True
2177	2961	0.7272727272727273	True
2177	2406	0.6363636363636364	False
2177	3769	0.5454545454545454	True
2177	2687	0.45454545454545453	True
2177	2898	0.36363636363636365	False
2177	1392	0.2727272727272727	True
2177	2147	0.18181818181818182	True
2177	2247	0.09090909090909091	True
3761	2314	0.9090909090909091	False
3761	3011	0.8181818181818182	True
3761	2406	0.7272727272727273	False
3761	2247	0.6363636363636364	True
3761	87	0.5454545454545454	False
3761	2498	0.45454545454545453	True
3761	2147	0.36363636363636365	True
3761	2961	0.2727272727272727	True
3761	2935	0.18181818181818182	True
3761	2962	0.09090909090909091	True
2546	2314	0.9090909090909091	False
2546	87	0.8181818181818182	False
2546	2876	0.7272727272727273	True
2546	1592	0.6363636363636364	True
2546	2935	0.5454545454545454	True
2546	3550	0.45454545454545453	False
2546	2898	0.36363636363636365	False
2546	3260	0.2727272727272727	True
2546	2498	0.18181818181818182	True
2546	2406	0.09090909090909091	False
977	2314	0.9090909090909091	False
977	2406	0.8181818181818182	False
977	3550	0.7272727272727273	False
977	2498	0.6363636363636364	True
977	2247	0.5454545454545454	True
977	2687	0.45454545454545453	True
977	87	0.36363636363636365	False
977	3769	0.2727272727272727	True
977	2935	0.18181818181818182	True
977	1592	0.09090909090909091	True
4683	2314	0.9090909090909091	False
4683	2247	0.8181818181818182	True
4683	87	0.7272727272727273	False
4683	2406	0.6363636363636364	False
4683	3550	0.5454545454545454	False
4683	2491	0.45454545454545453	True
4683	2498	0.36363636363636365	True
4683	3011	0.2727272727272727	True
4683	1592	0.18181818181818182	True
4683	2687	0.09090909090909091	True
3257	2314	0.9090909090909091	False
3257	2247	0.8181818181818182	True
3257	2898	0.7272727272727273	False
3257	2406	0.6363636363636364	False
3257	3550	0.5454545454545454	False
3257	1392	0.45454545454545453	True
3257	3011	0.36363636363636365	True
3257	2147	0.2727272727272727	True
3257	2379	0.18181818181818182	True
3257	1499	0.09090909090909091	True
1776	2314	0.9090909090909091	False
1776	3769	0.8181818181818182	True
1776	2406	0.7272727272727273	False
1776	2935	0.6363636363636364	True
1776	1499	0.5454545454545454	True
1776	2247	0.45454545454545453	True
1776	3550	0.36363636363636365	False
1776	2961	0.2727272727272727	True
1776	2687	0.18181818181818182	True
1776	2147	0.09090909090909091	True
4502	2314	0.9090909090909091	False
4502	2406	0.8181818181818182	False
4502	87	0.7272727272727273	False
4502	2935	0.6363636363636364	True
4502	2247	0.5454545454545454	True
4502	3550	0.45454545454545453	False
4502	1592	0.36363636363636365	True
4502	897	0.2727272727272727	True
4502	2962	0.18181818181818182	True
4502	2498	0.09090909090909091	True
4495	2314	0.9090909090909091	False
4495	2935	0.8181818181818182	True
4495	3550	0.7272727272727273	False
4495	87	0.6363636363636364	False
4495	1592	0.5454545454545454	True
4495	2498	0.45454545454545453	True
4495	2898	0.36363636363636365	False
4495	2247	0.2727272727272727	True
4495	2406	0.18181818181818182	False
4495	1499	0.09090909090909091	True
3676	2314	0.9090909090909091	False
3676	2498	0.8181818181818182	True
3676	2247	0.7272727272727273	True
3676	2406	0.6363636363636364	False
3676	87	0.5454545454545454	False
3676	1592	0.45454545454545453	True
3676	2491	0.36363636363636365	True
3676	1392	0.2727272727272727	True
3676	3306	0.18181818181818182	True
3676	1034	0.09090909090909091	True
2758	2314	0.9090909090909091	False
2758	2876	0.8181818181818182	True
2758	2898	0.7272727272727273	False
2758	3550	0.6363636363636364	False
2758	87	0.5454545454545454	False
2758	1392	0.45454545454545453	True
2758	1592	0.36363636363636365	True
2758	2491	0.2727272727272727	True
2758	2498	0.18181818181818182	True
2758	289	0.09090909090909091	True
4930	2314	0.9090909090909091	False
4930	87	0.8181818181818182	False
4930	2247	0.7272727272727273	True
4930	3550	0.6363636363636364	False
4930	2491	0.5454545454545454	True
4930	2498	0.45454545454545453	True
4930	1592	0.36363636363636365	True
4930	2935	0.2727272727272727	True
4930	2961	0.18181818181818182	True
4930	2835	0.09090909090909091	True
4198	2314	0.9090909090909091	False
4198	87	0.8181818181818182	False
4198	2406	0.7272727272727273	False
4198	2498	0.6363636363636364	True
4198	1499	0.5454545454545454	True
4198	2491	0.45454545454545453	True
4198	3769	0.36363636363636365	True
4198	2935	0.2727272727272727	True
4198	2247	0.18181818181818182	True
4198	3011	0.09090909090909091	True
1445	2314	0.9090909090909091	False
1445	2876	0.8181818181818182	True
1445	3011	0.7272727272727273	True
1445	1392	0.6363636363636364	True
1445	2406	0.5454545454545454	False
1445	2147	0.45454545454545453	True
1445	87	0.36363636363636365	False
1445	2935	0.2727272727272727	True
1445	2247	0.18181818181818182	True
1445	2962	0.09090909090909091	True
3041	2314	0.9090909090909091	False
3041	2935	0.8181818181818182	True
3041	2406	0.7272727272727273	False
3041	2247	0.6363636363636364	True
3041	2898	0.5454545454545454	False
3041	3011	0.45454545454545453	True
3041	1499	0.36363636363636365	True
3041	3550	0.2727272727272727	False
3041	1592	0.18181818181818182	True
3041	289	0.09090909090909091	True
1516	2314	0.9090909090909091	False
1516	2498	0.8181818181818182	True
1516	2491	0.7272727272727273	True
1516	2898	0.6363636363636364	False
1516	1392	0.5454545454545454	True
1516	3306	0.45454545454545453	True
1516	897	0.36363636363636365	True
1516	87	0.2727272727272727	False
1516	491	0.18181818181818182	True
1516	2876	0.09090909090909091	True
1960	2314	0.9090909090909091	False
1960	2406	0.8181818181818182	False
1960	2935	0.7272727272727273	True
1960	3769	0.6363636363636364	True
1960	1592	0.5454545454545454	True
1960	87	0.45454545454545453	False
1960	599	0.36363636363636365	True
1960	546	0.2727272727272727	True
1960	2247	0.18181818181818182	True
1960	3550	0.09090909090909091	False
3105	2314	0.9090909090909091	False
3105	87	0.8181818181818182	False
3105	3769	0.7272727272727273	True
3105	1499	0.6363636363636364	True
3105	3260	0.5454545454545454	True
3105	3550	0.45454545454545453	False
3105	2687	0.36363636363636365	True
3105	2935	0.2727272727272727	True
3105	2491	0.18181818181818182	True
3105	2406	0.09090909090909091	False
2373	2314	0.9090909090909091	False
2373	87	0.8181818181818182	False
2373	2406	0.7272727272727273	False
2373	2147	0.6363636363636364	True
2373	2935	0.5454545454545454	True
2373	2247	0.45454545454545453	True
2373	2498	0.36363636363636365	True
2373	3550	0.2727272727272727	False
2373	2491	0.18181818181818182	True
2373	3260	0.09090909090909091	True
2213	2314	0.9090909090909091	False
2213	2406	0.8181818181818182	False
2213	2935	0.7272727272727273	True
2213	2498	0.6363636363636364	True
2213	2898	0.5454545454545454	False
2213	2147	0.45454545454545453	True
2213	2247	0.36363636363636365	True
2213	2687	0.2727272727272727	True
2213	1392	0.18181818181818182	True
2213	87	0.09090909090909091	False
5011	2314	0.9090909090909091	False
5011	87	0.8181818181818182	False
5011	3550	0.7272727272727273	False
5011	2876	0.6363636363636364	True
5011	2498	0.5454545454545454	True
5011	1592	0.45454545454545453	True
5011	2898	0.36363636363636365	False
5011	2935	0.2727272727272727	True
5011	2406	0.18181818181818182	False
5011	2687	0.09090909090909091	True
3517	2314	0.9090909090909091	False
3517	1592	0.8181818181818182	True
3517	1499	0.7272727272727273	True
3517	2935	0.6363636363636364	True
3517	3550	0.5454545454545454	False
3517	3260	0.45454545454545453	True
3517	2898	0.36363636363636365	False
3517	87	0.2727272727272727	False
3517	2961	0.18181818181818182	True
3517	3769	0.09090909090909091	True
2120	2314	0.9090909090909091	False
2120	2491	0.8181818181818182	True
2120	3550	0.7272727272727273	False
2120	1592	0.6363636363636364	True
2120	2961	0.5454545454545454	True
2120	2876	0.45454545454545453	True
2120	2898	0.36363636363636365	False
2120	583	0.2727272727272727	True
2120	87	0.18181818181818182	False
2120	2687	0.09090909090909091	True
3260	2314	0.9090909090909091	False
3260	2898	0.8181818181818182	False
3260	2406	0.7272727272727273	False
3260	1592	0.6363636363636364	True
3260	3550	0.5454545454545454	False
3260	1392	0.45454545454545453	True
3260	2247	0.36363636363636365	True
3260	2876	0.2727272727272727	True
3260	2935	0.18181818181818182	True
3260	3306	0.09090909090909091	True
3507	2314	0.9090909090909091	False
3507	3550	0.8181818181818182	False
3507	2498	0.7272727272727273	True
3507	87	0.6363636363636364	False
3507	3011	0.5454545454545454	True
3507	2935	0.45454545454545453	True
3507	2876	0.36363636363636365	True
3507	1926	0.2727272727272727	True
3507	1392	0.18181818181818182	True
3507	1592	0.09090909090909091	True
2351	2314	0.9090909090909091	False
2351	3550	0.8181818181818182	False
2351	3769	0.7272727272727273	True
2351	2687	0.6363636363636364	True
2351	2961	0.5454545454545454	True
2351	2247	0.45454545454545453	True
2351	2379	0.36363636363636365	True
2351	2898	0.2727272727272727	False
2351	3011	0.18181818181818182	True
2351	2147	0.09090909090909091	True
4201	2314	0.9090909090909091	False
4201	1592	0.8181818181818182	True
4201	3550	0.7272727272727273	False
4201	2935	0.6363636363636364	True
4201	2247	0.5454545454545454	True
4201	87	0.45454545454545453	False
4201	2406	0.36363636363636365	False
4201	2898	0.2727272727272727	False
4201	3011	0.18181818181818182	True
4201	2498	0.09090909090909091	True
5913	2314	0.9090909090909091	False
5913	3011	0.8181818181818182	True
5913	2935	0.7272727272727273	True
5913	87	0.6363636363636364	False
5913	2498	0.5454545454545454	True
5913	2406	0.45454545454545453	False
5913	2247	0.36363636363636365	True
5913	3550	0.2727272727272727	False
5913	3260	0.18181818181818182	True
5913	2898	0.09090909090909091	False
1692	2314	0.9090909090909091	False
1692	1392	0.8181818181818182	True
1692	2406	0.7272727272727273	False
1692	2935	0.6363636363636364	True
1692	87	0.5454545454545454	False
1692	1592	0.45454545454545453	True
1692	2498	0.36363636363636365	True
1692	2247	0.2727272727272727	True
1692	3260	0.18181818181818182	True
1692	2876	0.09090909090909091	True
2688	2314	0.9090909090909091	False
2688	2498	0.8181818181818182	True
2688	87	0.7272727272727273	False
2688	2406	0.6363636363636364	False
2688	3769	0.5454545454545454	True
2688	3550	0.45454545454545453	False
2688	2247	0.36363636363636365	True
2688	289	0.2727272727272727	True
2688	3730	0.18181818181818182	True
2688	3306	0.09090909090909091	True
4954	2314	0.9090909090909091	False
4954	2898	0.8181818181818182	False
4954	2935	0.7272727272727273	True
4954	2406	0.6363636363636364	False
4954	2247	0.5454545454545454	True
4954	3550	0.45454545454545453	False
4954	87	0.36363636363636365	False
4954	451	0.2727272727272727	True
4954	2498	0.18181818181818182	True
4954	1592	0.09090909090909091	True
4733	2314	0.9090909090909091	False
4733	3550	0.8181818181818182	False
4733	2898	0.7272727272727273	False
4733	2247	0.6363636363636364	True
4733	2935	0.5454545454545454	True
4733	87	0.45454545454545453	False
4733	1592	0.36363636363636365	True
4733	2147	0.2727272727272727	True
4733	3011	0.18181818181818182	True
4733	1499	0.09090909090909091	True
2929	2314	0.9090909090909091	False
2929	2898	0.8181818181818182	False
2929	2498	0.7272727272727273	True
2929	3550	0.6363636363636364	False
2929	2247	0.5454545454545454	True
2929	2406	0.45454545454545453	False
2929	2147	0.36363636363636365	True
2929	87	0.2727272727272727	False
2929	2491	0.18181818181818182	True
2929	2935	0.09090909090909091	True
4778	2314	0.9090909090909091	False
4778	3550	0.8181818181818182	False
4778	2498	0.7272727272727273	True
4778	87	0.6363636363636364	False
4778	2935	0.5454545454545454	True
4778	2406	0.45454545454545453	False
4778	2898	0.36363636363636365	False
4778	2491	0.2727272727272727	True
4778	3306	0.18181818181818182	True
4778	897	0.09090909090909091	True
5930	2314	0.9090909090909091	False
5930	2898	0.8181818181818182	False
5930	2247	0.7272727272727273	True
5930	2406	0.6363636363636364	False
5930	2498	0.5454545454545454	True
5930	3550	0.45454545454545453	False
5930	289	0.36363636363636365	True
5930	2687	0.2727272727272727	True
5930	2491	0.18181818181818182	True
5930	2961	0.09090909090909091	True
5444	2314	0.9090909090909091	False
5444	2935	0.8181818181818182	True
5444	3550	0.7272727272727273	False
5444	1499	0.6363636363636364	True
5444	87	0.5454545454545454	False
5444	2898	0.45454545454545453	False
5444	1592	0.36363636363636365	True
5444	2961	0.2727272727272727	True
5444	2498	0.18181818181818182	True
5444	2247	0.09090909090909091	True
956	2314	0.9090909090909091	False
956	2247	0.8181818181818182	True
956	2406	0.7272727272727273	False
956	2898	0.6363636363636364	False
956	3011	0.5454545454545454	True
956	3550	0.45454545454545453	False
956	2147	0.36363636363636365	True
956	2935	0.2727272727272727	True
956	2961	0.18181818181818182	True
956	1592	0.09090909090909091	True
4832	2314	0.9090909090909091	False
4832	3550	0.8181818181818182	False
4832	2247	0.7272727272727273	True
4832	2379	0.6363636363636364	True
4832	2898	0.5454545454545454	False
4832	1592	0.45454545454545453	True
4832	2935	0.36363636363636365	True
4832	2406	0.2727272727272727	False
4832	3011	0.18181818181818182	True
4832	2876	0.09090909090909091	True
556	2314	0.9090909090909091	False
556	3769	0.8181818181818182	True
556	2876	0.7272727272727273	True
556	1499	0.6363636363636364	True
556	87	0.5454545454545454	False
556	1592	0.45454545454545453	True
556	2935	0.36363636363636365	True
556	2961	0.2727272727272727	True
556	3550	0.18181818181818182	False
556	3011	0.09090909090909091	True
183	2314	0.9090909090909091	False
183	3769	0.8181818181818182	True
183	87	0.7272727272727273	False
183	3550	0.6363636363636364	False
183	2687	0.5454545454545454	True
183	2491	0.45454545454545453	True
183	2406	0.36363636363636365	False
183	1592	0.2727272727272727	True
183	2935	0.18181818181818182	True
183	3260	0.09090909090909091	True
4372	2314	0.9090909090909091	False
4372	2491	0.8181818181818182	True
4372	2898	0.7272727272727273	False
4372	2247	0.6363636363636364	True
4372	87	0.5454545454545454	False
4372	3550	0.45454545454545453	False
4372	2147	0.36363636363636365	True
4372	2687	0.2727272727272727	True
4372	2379	0.18181818181818182	True
4372	583	0.09090909090909091	True
835	2314	0.9090909090909091	False
835	3769	0.8181818181818182	True
835	3550	0.7272727272727273	False
835	2898	0.6363636363636364	False
835	87	0.5454545454545454	False
835	2491	0.45454545454545453	True
835	2876	0.36363636363636365	True
835	2406	0.2727272727272727	False
835	2498	0.18181818181818182	True
835	2687	0.09090909090909091	True
4854	2314	0.9090909090909091	False
4854	3550	0.8181818181818182	False
4854	2247	0.7272727272727273	True
4854	2491	0.6363636363636364	True
4854	2687	0.5454545454545454	True
4854	1592	0.45454545454545453	True
4854	1392	0.36363636363636365	True
4854	3260	0.2727272727272727	True
4854	87	0.18181818181818182	False
4854	2898	0.09090909090909091	False
5360	2314	0.9090909090909091	False
5360	2898	0.8181818181818182	False
5360	2876	0.7272727272727273	True
5360	2406	0.6363636363636364	False
5360	87	0.5454545454545454	False
5360	2247	0.45454545454545453	True
5360	2935	0.36363636363636365	True
5360	3550	0.2727272727272727	False
5360	2498	0.18181818181818182	True
5360	3011	0.09090909090909091	True
3177	2314	0.9090909090909091	False
3177	2498	0.8181818181818182	True
3177	2935	0.7272727272727273	True
3177	3550	0.6363636363636364	False
3177	1392	0.5454545454545454	True
3177	2406	0.45454545454545453	False
3177	87	0.36363636363636365	False
3177	2898	0.2727272727272727	False
3177	2147	0.18181818181818182	True
3177	1926	0.09090909090909091	True
3441	2314	0.9090909090909091	False
3441	2876	0.8181818181818182	True
3441	87	0.7272727272727273	False
3441	1592	0.6363636363636364	True
3441	2898	0.5454545454545454	False
3441	2935	0.45454545454545453	True
3441	2498	0.36363636363636365	True
3441	897	0.2727272727272727	True
3441	1392	0.18181818181818182	True
3441	2406	0.09090909090909091	False
4544	2314	0.9090909090909091	False
4544	2498	0.8181818181818182	True
4544	2898	0.7272727272727273	False
4544	2406	0.6363636363636364	False
4544	1499	0.5454545454545454	True
4544	3550	0.45454545454545453	False
4544	2247	0.36363636363636365	True
4544	3769	0.2727272727272727	True
4544	2147	0.18181818181818182	True
4544	2379	0.09090909090909091	True
1381	2314	0.9090909090909091	False
1381	2935	0.8181818181818182	True
1381	1499	0.7272727272727273	True
1381	2898	0.6363636363636364	False
1381	2406	0.5454545454545454	False
1381	2498	0.45454545454545453	True
1381	897	0.36363636363636365	True
1381	3011	0.2727272727272727	True
1381	2147	0.18181818181818182	True
1381	87	0.09090909090909091	False
3117	2314	0.9090909090909091	False
3117	87	0.8181818181818182	False
3117	2491	0.7272727272727273	True
3117	2247	0.6363636363636364	True
3117	2687	0.5454545454545454	True
3117	2147	0.45454545454545453	True
3117	2379	0.36363636363636365	True
3117	2498	0.2727272727272727	True
3117	3550	0.18181818181818182	False
3117	3769	0.09090909090909091	True
3217	2314	0.9090909090909091	False
3217	2935	0.8181818181818182	True
3217	87	0.7272727272727273	False
3217	2898	0.6363636363636364	False
3217	3550	0.5454545454545454	False
3217	1499	0.45454545454545453	True
3217	2247	0.36363636363636365	True
3217	1592	0.2727272727272727	True
3217	2406	0.18181818181818182	False
3217	897	0.09090909090909091	True
2862	2314	0.9090909090909091	False
2862	2898	0.8181818181818182	False
2862	2247	0.7272727272727273	True
2862	2406	0.6363636363636364	False
2862	289	0.5454545454545454	True
2862	3550	0.45454545454545453	False
2862	2876	0.36363636363636365	True
2862	87	0.2727272727272727	False
2862	2687	0.18181818181818182	True
2862	1592	0.09090909090909091	True
