3013	994	0.9090909090909091	False
3013	1496	0.8181818181818182	True
3013	3461	0.7272727272727273	True
3013	2493	0.6363636363636364	True
3013	1965	0.5454545454545454	False
3013	2681	0.45454545454545453	True
3013	2256	0.36363636363636365	True
3013	709	0.2727272727272727	False
3013	2150	0.18181818181818182	True
3013	3076	0.09090909090909091	True
2212	3372	0.9090909090909091	False
2212	994	0.8181818181818182	False
2212	2931	0.7272727272727273	True
2212	1965	0.6363636363636364	False
2212	1523	0.5454545454545454	True
2212	709	0.45454545454545453	False
2212	1711	0.36363636363636365	True
2212	1325	0.2727272727272727	True
2212	1882	0.18181818181818182	True
2212	3940	0.09090909090909091	True
5944	994	0.9090909090909091	False
5944	1859	0.8181818181818182	False
5944	1496	0.7272727272727273	True
5944	3717	0.6363636363636364	True
5944	3377	0.5454545454545454	False
5944	2105	0.45454545454545453	True
5944	1965	0.36363636363636365	False
5944	3372	0.2727272727272727	False
5944	709	0.18181818181818182	False
5944	3055	0.09090909090909091	True
5140	994	0.9090909090909091	False
5140	1489	0.8181818181818182	True
5140	3461	0.7272727272727273	True
5140	2256	0.6363636363636364	True
5140	2493	0.5454545454545454	True
5140	3940	0.45454545454545453	True
5140	2367	0.36363636363636365	True
5140	1965	0.2727272727272727	False
5140	272	0.18181818181818182	True
5140	1859	0.09090909090909091	False
1953	3372	0.9090909090909091	False
1953	3377	0.8181818181818182	False
1953	3717	0.7272727272727273	True
1953	2689	0.6363636363636364	True
1953	994	0.5454545454545454	False
1953	1489	0.45454545454545453	True
1953	1033	0.36363636363636365	True
1953	709	0.2727272727272727	False
1953	1859	0.18181818181818182	False
1953	111	0.09090909090909091	True
382	994	0.9090909090909091	False
382	1859	0.8181818181818182	False
382	2256	0.7272727272727273	True
382	709	0.6363636363636364	False
382	3377	0.5454545454545454	False
382	1965	0.45454545454545453	False
382	3090	0.36363636363636365	False
382	3076	0.2727272727272727	True
382	175	0.18181818181818182	True
382	3494	0.09090909090909091	True
5585	994	0.9090909090909091	False
5585	2367	0.8181818181818182	True
5585	3461	0.7272727272727273	True
5585	3127	0.6363636363636364	True
5585	3377	0.5454545454545454	False
5585	3055	0.45454545454545453	True
5585	1523	0.36363636363636365	True
5585	1859	0.2727272727272727	False
5585	1496	0.18181818181818182	True
5585	3940	0.09090909090909091	True
2793	994	0.9090909090909091	False
2793	2256	0.8181818181818182	True
2793	3502	0.7272727272727273	True
2793	3090	0.6363636363636364	False
2793	1859	0.5454545454545454	False
2793	3456	0.45454545454545453	True
2793	709	0.36363636363636365	False
2793	2367	0.2727272727272727	True
2793	1965	0.18181818181818182	False
2793	3076	0.09090909090909091	True
993	994	0.9090909090909091	False
993	3090	0.8181818181818182	False
993	2493	0.7272727272727273	True
993	2367	0.6363636363636364	True
993	3377	0.5454545454545454	False
993	3502	0.45454545454545453	True
993	2542	0.36363636363636365	True
993	2689	0.2727272727272727	True
993	2256	0.18181818181818182	True
993	3461	0.09090909090909091	True
5168	709	0.9090909090909091	False
5168	718	0.8181818181818182	True
5168	1325	0.7272727272727273	True
5168	3377	0.6363636363636364	False
5168	994	0.5454545454545454	False
5168	3372	0.45454545454545453	False
5168	2542	0.36363636363636365	True
5168	3717	0.2727272727272727	True
5168	2931	0.18181818181818182	True
5168	1882	0.09090909090909091	True
5931	994	0.9090909090909091	False
5931	2359	0.8181818181818182	True
5931	3377	0.7272727272727273	False
5931	2493	0.6363636363636364	True
5931	3090	0.5454545454545454	False
5931	175	0.45454545454545453	True
5931	3008	0.36363636363636365	True
5931	709	0.2727272727272727	False
5931	3456	0.18181818181818182	True
5931	3372	0.09090909090909091	False
3734	994	0.9090909090909091	False
3734	1965	0.8181818181818182	False
3734	1859	0.7272727272727273	False
3734	709	0.6363636363636364	False
3734	1882	0.5454545454545454	True
3734	3461	0.45454545454545453	True
3734	3377	0.36363636363636365	False
3734	3940	0.2727272727272727	True
3734	3372	0.18181818181818182	False
3734	3076	0.09090909090909091	True
4461	994	0.9090909090909091	False
4461	3377	0.8181818181818182	False
4461	3372	0.7272727272727273	False
4461	2256	0.6363636363636364	True
4461	709	0.5454545454545454	False
4461	2493	0.45454545454545453	True
4461	3456	0.36363636363636365	True
4461	1965	0.2727272727272727	False
4461	3090	0.18181818181818182	False
4461	1496	0.09090909090909091	True
2590	709	0.9090909090909091	False
2590	3076	0.8181818181818182	True
2590	994	0.7272727272727273	False
2590	3456	0.6363636363636364	True
2590	1882	0.5454545454545454	True
2590	2681	0.45454545454545453	True
2590	2689	0.36363636363636365	True
2590	2256	0.2727272727272727	True
2590	1859	0.18181818181818182	False
2590	3494	0.09090909090909091	True
5417	994	0.9090909090909091	False
5417	1859	0.8181818181818182	False
5417	3076	0.7272727272727273	True
5417	3377	0.6363636363636364	False
5417	1496	0.5454545454545454	True
5417	2359	0.45454545454545453	True
5417	709	0.36363636363636365	False
5417	1965	0.2727272727272727	False
5417	272	0.18181818181818182	True
5417	3717	0.09090909090909091	True
857	994	0.9090909090909091	False
857	3055	0.8181818181818182	True
857	3090	0.7272727272727273	False
857	1711	0.6363636363636364	True
857	3377	0.5454545454545454	False
857	3940	0.45454545454545453	True
857	1859	0.36363636363636365	False
857	2359	0.2727272727272727	True
857	709	0.18181818181818182	False
857	3461	0.09090909090909091	True
3648	3076	0.9090909090909091	True
3648	994	0.8181818181818182	False
3648	1523	0.7272727272727273	True
3648	709	0.6363636363636364	False
3648	3090	0.5454545454545454	False
3648	1882	0.45454545454545453	True
3648	3461	0.36363636363636365	True
3648	3055	0.2727272727272727	True
3648	2359	0.18181818181818182	True
3648	3372	0.09090909090909091	False
3468	994	0.9090909090909091	False
3468	1042	0.8181818181818182	True
3468	1965	0.7272727272727273	False
3468	3372	0.6363636363636364	False
3468	2256	0.5454545454545454	True
3468	1325	0.45454545454545453	True
3468	2681	0.36363636363636365	True
3468	3456	0.2727272727272727	True
3468	749	0.18181818181818182	True
3468	2359	0.09090909090909091	True
4988	994	0.9090909090909091	False
4988	1859	0.8181818181818182	False
4988	732	0.7272727272727273	True
4988	1965	0.6363636363636364	False
4988	1325	0.5454545454545454	True
4988	709	0.45454545454545453	False
4988	2681	0.36363636363636365	True
4988	3717	0.2727272727272727	True
4988	3090	0.18181818181818182	False
4988	3076	0.09090909090909091	True
3263	994	0.9090909090909091	False
3263	709	0.8181818181818182	False
3263	3461	0.7272727272727273	True
3263	1489	0.6363636363636364	True
3263	3717	0.5454545454545454	True
3263	3502	0.45454545454545453	True
3263	3940	0.36363636363636365	True
3263	2493	0.2727272727272727	True
3263	2689	0.18181818181818182	True
3263	3377	0.09090909090909091	False
4422	994	0.9090909090909091	False
4422	1523	0.8181818181818182	True
4422	3090	0.7272727272727273	False
4422	3377	0.6363636363636364	False
4422	709	0.5454545454545454	False
4422	2493	0.45454545454545453	True
4422	3461	0.36363636363636365	True
4422	2689	0.2727272727272727	True
4422	1496	0.18181818181818182	True
4422	2359	0.09090909090909091	True
5534	994	0.9090909090909091	False
5534	1965	0.8181818181818182	False
5534	3717	0.7272727272727273	True
5534	3372	0.6363636363636364	False
5534	3377	0.5454545454545454	False
5534	2004	0.45454545454545453	True
5534	1489	0.36363636363636365	True
5534	3494	0.2727272727272727	True
5534	3090	0.18181818181818182	False
5534	175	0.09090909090909091	True
1501	994	0.9090909090909091	False
1501	71	0.8181818181818182	True
1501	1859	0.7272727272727273	False
1501	3377	0.6363636363636364	False
1501	2542	0.5454545454545454	True
1501	3090	0.45454545454545453	False
1501	1711	0.36363636363636365	True
1501	2359	0.2727272727272727	True
1501	3717	0.18181818181818182	True
1501	3502	0.09090909090909091	True
5609	994	0.9090909090909091	False
5609	2367	0.8181818181818182	True
5609	3076	0.7272727272727273	True
5609	2931	0.6363636363636364	True
5609	3127	0.5454545454545454	True
5609	272	0.45454545454545453	True
5609	1965	0.36363636363636365	False
5609	2681	0.2727272727272727	True
5609	3372	0.18181818181818182	False
5609	3377	0.09090909090909091	False
3190	994	0.9090909090909091	False
3190	3372	0.8181818181818182	False
3190	709	0.7272727272727273	False
3190	2493	0.6363636363636364	True
3190	3717	0.5454545454545454	True
3190	1859	0.45454545454545453	False
3190	3377	0.36363636363636365	False
3190	2256	0.2727272727272727	True
3190	2105	0.18181818181818182	True
3190	3090	0.09090909090909091	False
4276	994	0.9090909090909091	False
4276	1965	0.8181818181818182	False
4276	3372	0.7272727272727273	False
4276	1042	0.6363636363636364	True
4276	3055	0.5454545454545454	True
4276	709	0.45454545454545453	False
4276	3456	0.36363636363636365	True
4276	1882	0.2727272727272727	True
4276	1859	0.18181818181818182	False
4276	2359	0.09090909090909091	True
2939	3377	0.9090909090909091	False
2939	994	0.8181818181818182	False
2939	3372	0.7272727272727273	False
2939	111	0.6363636363636364	True
2939	2493	0.5454545454545454	True
2939	2359	0.45454545454545453	True
2939	3055	0.36363636363636365	True
2939	1496	0.2727272727272727	True
2939	2367	0.18181818181818182	True
2939	1042	0.09090909090909091	True
5135	3377	0.9090909090909091	False
5135	2359	0.8181818181818182	True
5135	994	0.7272727272727273	False
5135	709	0.6363636363636364	False
5135	3372	0.5454545454545454	False
5135	3055	0.45454545454545453	True
5135	3717	0.36363636363636365	True
5135	3090	0.2727272727272727	False
5135	1523	0.18181818181818182	True
5135	1042	0.09090909090909091	True
5412	994	0.9090909090909091	False
5412	2542	0.8181818181818182	True
5412	3377	0.7272727272727273	False
5412	3090	0.6363636363636364	False
5412	1711	0.5454545454545454	True
5412	709	0.45454545454545453	False
5412	2359	0.36363636363636365	True
5412	1965	0.2727272727272727	False
5412	71	0.18181818181818182	True
5412	1523	0.09090909090909091	True
3703	3372	0.9090909090909091	False
3703	994	0.8181818181818182	False
3703	2931	0.7272727272727273	True
3703	111	0.6363636363636364	True
3703	709	0.5454545454545454	False
3703	2689	0.45454545454545453	True
3703	1489	0.36363636363636365	True
3703	2493	0.2727272727272727	True
3703	3055	0.18181818181818182	True
3703	2256	0.09090909090909091	True
4691	3377	0.9090909090909091	False
4691	994	0.8181818181818182	False
4691	2359	0.7272727272727273	True
4691	3090	0.6363636363636364	False
4691	2542	0.5454545454545454	True
4691	1523	0.45454545454545453	True
4691	3717	0.36363636363636365	True
4691	3055	0.2727272727272727	True
4691	709	0.18181818181818182	False
4691	71	0.09090909090909091	True
2042	994	0.9090909090909091	False
2042	2493	0.8181818181818182	True
2042	3372	0.7272727272727273	False
2042	709	0.6363636363636364	False
2042	3377	0.5454545454545454	False
2042	3090	0.45454545454545453	False
2042	2256	0.36363636363636365	True
2042	3076	0.2727272727272727	True
2042	1859	0.18181818181818182	False
2042	3717	0.09090909090909091	True
4069	994	0.9090909090909091	False
4069	3090	0.8181818181818182	False
4069	3377	0.7272727272727273	False
4069	709	0.6363636363636364	False
4069	3717	0.5454545454545454	True
4069	3076	0.45454545454545453	True
4069	1859	0.36363636363636365	False
4069	3372	0.2727272727272727	False
4069	2493	0.18181818181818182	True
4069	3456	0.09090909090909091	True
450	994	0.9090909090909091	False
450	2359	0.8181818181818182	True
450	3372	0.7272727272727273	False
450	3090	0.6363636363636364	False
450	709	0.5454545454545454	False
450	3377	0.45454545454545453	False
450	2493	0.36363636363636365	True
450	1523	0.2727272727272727	True
450	3055	0.18181818181818182	True
450	1711	0.09090909090909091	True
2285	994	0.9090909090909091	False
2285	71	0.8181818181818182	True
2285	1711	0.7272727272727273	True
2285	709	0.6363636363636364	False
2285	2689	0.5454545454545454	True
2285	3090	0.45454545454545453	False
2285	3377	0.36363636363636365	False
2285	2542	0.2727272727272727	True
2285	3461	0.18181818181818182	True
2285	2359	0.09090909090909091	True
1375	3372	0.9090909090909091	False
1375	3090	0.8181818181818182	False
1375	709	0.7272727272727273	False
1375	2359	0.6363636363636364	True
1375	3377	0.5454545454545454	False
1375	3008	0.45454545454545453	True
1375	3076	0.36363636363636365	True
1375	2681	0.2727272727272727	True
1375	994	0.18181818181818182	False
1375	1496	0.09090909090909091	True
5712	994	0.9090909090909091	False
5712	3372	0.8181818181818182	False
5712	3377	0.7272727272727273	False
5712	1965	0.6363636363636364	False
5712	3456	0.5454545454545454	True
5712	1489	0.45454545454545453	True
5712	709	0.36363636363636365	False
5712	3090	0.2727272727272727	False
5712	2931	0.18181818181818182	True
5712	2542	0.09090909090909091	True
407	3377	0.9090909090909091	False
407	994	0.8181818181818182	False
407	71	0.7272727272727273	True
407	709	0.6363636363636364	False
407	718	0.5454545454545454	True
407	732	0.45454545454545453	True
407	1711	0.36363636363636365	True
407	2367	0.2727272727272727	True
407	2542	0.18181818181818182	True
407	1859	0.09090909090909091	False
3380	994	0.9090909090909091	False
3380	2493	0.8181818181818182	True
3380	3372	0.7272727272727273	False
3380	3377	0.6363636363636364	False
3380	2931	0.5454545454545454	True
3380	111	0.45454545454545453	True
3380	2256	0.36363636363636365	True
3380	1372	0.2727272727272727	True
3380	2359	0.18181818181818182	True
3380	2689	0.09090909090909091	True
5918	994	0.9090909090909091	False
5918	3377	0.8181818181818182	False
5918	3055	0.7272727272727273	True
5918	3717	0.6363636363636364	True
5918	175	0.5454545454545454	True
5918	2367	0.45454545454545453	True
5918	1489	0.36363636363636365	True
5918	2354	0.2727272727272727	True
5918	2542	0.18181818181818182	True
5918	1523	0.09090909090909091	True
4932	994	0.9090909090909091	False
4932	3372	0.8181818181818182	False
4932	709	0.7272727272727273	False
4932	1523	0.6363636363636364	True
4932	3717	0.5454545454545454	True
4932	3940	0.45454545454545453	True
4932	1042	0.36363636363636365	True
4932	3055	0.2727272727272727	True
4932	3377	0.18181818181818182	False
4932	1325	0.09090909090909091	True
2087	994	0.9090909090909091	False
2087	3456	0.8181818181818182	True
2087	3461	0.7272727272727273	True
2087	709	0.6363636363636364	False
2087	1965	0.5454545454545454	False
2087	1882	0.45454545454545453	True
2087	1711	0.36363636363636365	True
2087	2542	0.2727272727272727	True
2087	1523	0.18181818181818182	True
2087	3090	0.09090909090909091	False
1479	994	0.9090909090909091	False
1479	2689	0.8181818181818182	True
1479	272	0.7272727272727273	True
1479	2256	0.6363636363636364	True
1479	1859	0.5454545454545454	False
1479	732	0.45454545454545453	True
1479	709	0.36363636363636365	False
1479	3502	0.2727272727272727	True
1479	2681	0.18181818181818182	True
1479	680	0.09090909090909091	True
788	994	0.9090909090909091	False
788	3377	0.8181818181818182	False
788	175	0.7272727272727273	True
788	709	0.6363636363636364	False
788	3372	0.5454545454545454	False
788	2493	0.45454545454545453	True
788	2359	0.36363636363636365	True
788	1882	0.2727272727272727	True
788	1523	0.18181818181818182	True
788	3456	0.09090909090909091	True
3054	994	0.9090909090909091	False
3054	2542	0.8181818181818182	True
3054	1882	0.7272727272727273	True
3054	3377	0.6363636363636364	False
3054	709	0.5454545454545454	False
3054	2689	0.45454545454545453	True
3054	2359	0.36363636363636365	True
3054	514	0.2727272727272727	True
3054	3461	0.18181818181818182	True
3054	3456	0.09090909090909091	True
903	994	0.9090909090909091	False
903	1965	0.8181818181818182	False
903	2493	0.7272727272727273	True
903	1711	0.6363636363636364	True
903	3940	0.5454545454545454	True
903	3127	0.45454545454545453	True
903	1523	0.36363636363636365	True
903	3090	0.2727272727272727	False
903	2367	0.18181818181818182	True
903	1033	0.09090909090909091	True
2611	994	0.9090909090909091	False
2611	3377	0.8181818181818182	False
2611	1965	0.7272727272727273	False
2611	3372	0.6363636363636364	False
2611	2493	0.5454545454545454	True
2611	1489	0.45454545454545453	True
2611	3090	0.36363636363636365	False
2611	2004	0.2727272727272727	True
2611	3717	0.18181818181818182	True
2611	2256	0.09090909090909091	True
5635	994	0.9090909090909091	False
5635	709	0.8181818181818182	False
5635	3377	0.7272727272727273	False
5635	3940	0.6363636363636364	True
5635	1711	0.5454545454545454	True
5635	3494	0.45454545454545453	True
5635	3372	0.36363636363636365	False
5635	175	0.2727272727272727	True
5635	1523	0.18181818181818182	True
5635	2681	0.09090909090909091	True
4114	3372	0.9090909090909091	False
4114	1859	0.8181818181818182	False
4114	2256	0.7272727272727273	True
4114	994	0.6363636363636364	False
4114	2689	0.5454545454545454	True
4114	732	0.45454545454545453	True
4114	3055	0.36363636363636365	True
4114	2493	0.2727272727272727	True
4114	3090	0.18181818181818182	False
4114	2359	0.09090909090909091	True
1622	2931	0.9090909090909091	True
1622	994	0.8181818181818182	False
1622	3940	0.7272727272727273	True
1622	1859	0.6363636363636364	False
1622	272	0.5454545454545454	True
1622	3372	0.45454545454545453	False
1622	3717	0.36363636363636365	True
1622	3461	0.2727272727272727	True
1622	709	0.18181818181818182	False
1622	1325	0.09090909090909091	True
5509	994	0.9090909090909091	False
5509	709	0.8181818181818182	False
5509	1523	0.7272727272727273	True
5509	3494	0.6363636363636364	True
5509	2681	0.5454545454545454	True
5509	3377	0.45454545454545453	False
5509	2493	0.36363636363636365	True
5509	1965	0.2727272727272727	False
5509	2689	0.18181818181818182	True
5509	3461	0.09090909090909091	True
4171	994	0.9090909090909091	False
4171	1042	0.8181818181818182	True
4171	3717	0.7272727272727273	True
4171	3372	0.6363636363636364	False
4171	709	0.5454545454545454	False
4171	1859	0.45454545454545453	False
4171	2359	0.36363636363636365	True
4171	71	0.2727272727272727	True
4171	2303	0.18181818181818182	True
4171	718	0.09090909090909091	True
356	2542	0.9090909090909091	True
356	3377	0.8181818181818182	False
356	1489	0.7272727272727273	True
356	3372	0.6363636363636364	False
356	994	0.5454545454545454	False
356	3717	0.45454545454545453	True
356	2004	0.36363636363636365	True
356	1882	0.2727272727272727	True
356	709	0.18181818181818182	False
356	1523	0.09090909090909091	True
3267	709	0.9090909090909091	False
3267	3377	0.8181818181818182	False
3267	2359	0.7272727272727273	True
3267	2689	0.6363636363636364	True
3267	1523	0.5454545454545454	True
3267	3372	0.45454545454545453	False
3267	1859	0.36363636363636365	False
3267	994	0.2727272727272727	False
3267	3055	0.18181818181818182	True
3267	272	0.09090909090909091	True
1927	994	0.9090909090909091	False
1927	2367	0.8181818181818182	True
1927	1489	0.7272727272727273	True
1927	1965	0.6363636363636364	False
1927	3372	0.5454545454545454	False
1927	2542	0.45454545454545453	True
1927	1496	0.36363636363636365	True
1927	71	0.2727272727272727	True
1927	1882	0.18181818181818182	True
1927	3127	0.09090909090909091	True
5965	994	0.9090909090909091	False
5965	3090	0.8181818181818182	False
5965	2542	0.7272727272727273	True
5965	3377	0.6363636363636364	False
5965	1965	0.5454545454545454	False
5965	1033	0.45454545454545453	True
5965	3502	0.36363636363636365	True
5965	514	0.2727272727272727	True
5965	3372	0.18181818181818182	False
5965	1489	0.09090909090909091	True
4079	994	0.9090909090909091	False
4079	3055	0.8181818181818182	True
4079	1523	0.7272727272727273	True
4079	71	0.6363636363636364	True
4079	3717	0.5454545454545454	True
4079	1859	0.45454545454545453	False
4079	3090	0.36363636363636365	False
4079	3377	0.2727272727272727	False
4079	709	0.18181818181818182	False
4079	3502	0.09090909090909091	True
6	994	0.9090909090909091	False
6	1965	0.8181818181818182	False
6	2542	0.7272727272727273	True
6	1489	0.6363636363636364	True
6	71	0.5454545454545454	True
6	1882	0.45454545454545453	True
6	2681	0.36363636363636365	True
6	2689	0.2727272727272727	True
6	1715	0.18181818181818182	True
6	3461	0.09090909090909091	True
1630	994	0.9090909090909091	False
1630	1372	0.8181818181818182	True
1630	3090	0.7272727272727273	False
1630	3055	0.6363636363636364	True
1630	2367	0.5454545454545454	True
1630	3456	0.45454545454545453	True
1630	2359	0.36363636363636365	True
1630	3502	0.2727272727272727	True
1630	2256	0.18181818181818182	True
1630	3377	0.09090909090909091	False
1189	994	0.9090909090909091	False
1189	2367	0.8181818181818182	True
1189	3377	0.7272727272727273	False
1189	3717	0.6363636363636364	True
1189	709	0.5454545454545454	False
1189	3456	0.45454545454545453	True
1189	175	0.36363636363636365	True
1189	272	0.2727272727272727	True
1189	1859	0.18181818181818182	False
1189	1523	0.09090909090909091	True
4773	1523	0.9090909090909091	True
4773	2493	0.8181818181818182	True
4773	709	0.7272727272727273	False
4773	3377	0.6363636363636364	False
4773	111	0.5454545454545454	True
4773	994	0.45454545454545453	False
4773	1711	0.36363636363636365	True
4773	3372	0.2727272727272727	False
4773	2367	0.18181818181818182	True
4773	2681	0.09090909090909091	True
2445	994	0.9090909090909091	False
2445	2359	0.8181818181818182	True
2445	3090	0.7272727272727273	False
2445	3377	0.6363636363636364	False
2445	3055	0.5454545454545454	True
2445	1859	0.45454545454545453	False
2445	709	0.36363636363636365	False
2445	1496	0.2727272727272727	True
2445	2105	0.18181818181818182	True
2445	3075	0.09090909090909091	True
1845	994	0.9090909090909091	False
1845	71	0.8181818181818182	True
1845	2359	0.7272727272727273	True
1845	3461	0.6363636363636364	True
1845	1711	0.5454545454545454	True
1845	3377	0.45454545454545453	False
1845	1859	0.36363636363636365	False
1845	3076	0.2727272727272727	True
1845	709	0.18181818181818182	False
1845	272	0.09090909090909091	True
1767	994	0.9090909090909091	False
1767	3717	0.8181818181818182	True
1767	3502	0.7272727272727273	True
1767	1965	0.6363636363636364	False
1767	2681	0.5454545454545454	True
1767	3940	0.45454545454545453	True
1767	514	0.36363636363636365	True
1767	1859	0.2727272727272727	False
1767	71	0.18181818181818182	True
1767	3076	0.09090909090909091	True
2160	994	0.9090909090909091	False
2160	1965	0.8181818181818182	False
2160	3502	0.7272727272727273	True
2160	2367	0.6363636363636364	True
2160	1372	0.5454545454545454	True
2160	3127	0.45454545454545453	True
2160	1496	0.36363636363636365	True
2160	2256	0.2727272727272727	True
2160	1489	0.18181818181818182	True
2160	71	0.09090909090909091	True
3133	994	0.9090909090909091	False
3133	3377	0.8181818181818182	False
3133	2367	0.7272727272727273	True
3133	3090	0.6363636363636364	False
3133	2359	0.5454545454545454	True
3133	709	0.45454545454545453	False
3133	175	0.36363636363636365	True
3133	3456	0.2727272727272727	True
3133	2681	0.18181818181818182	True
3133	2256	0.09090909090909091	True
264	994	0.9090909090909091	False
264	3377	0.8181818181818182	False
264	709	0.7272727272727273	False
264	2493	0.6363636363636364	True
264	3372	0.5454545454545454	False
264	2256	0.45454545454545453	True
264	2367	0.36363636363636365	True
264	2689	0.2727272727272727	True
264	1859	0.18181818181818182	False
264	3456	0.09090909090909091	True
1652	709	0.9090909090909091	False
1652	2689	0.8181818181818182	True
1652	2931	0.7272727272727273	True
1652	1882	0.6363636363636364	True
1652	1523	0.5454545454545454	True
1652	272	0.45454545454545453	True
1652	1859	0.36363636363636365	False
1652	3940	0.2727272727272727	True
1652	994	0.18181818181818182	False
1652	732	0.09090909090909091	True
1064	2367	0.9090909090909091	True
1064	3502	0.8181818181818182	True
1064	709	0.7272727272727273	False
1064	2542	0.6363636363636364	True
1064	994	0.5454545454545454	False
1064	2681	0.45454545454545453	True
1064	1882	0.36363636363636365	True
1064	3377	0.2727272727272727	False
1064	2689	0.18181818181818182	True
1064	3494	0.09090909090909091	True
4542	709	0.9090909090909091	False
4542	1859	0.8181818181818182	False
4542	2689	0.7272727272727273	True
4542	3940	0.6363636363636364	True
4542	994	0.5454545454545454	False
4542	3461	0.45454545454545453	True
4542	272	0.36363636363636365	True
4542	1882	0.2727272727272727	True
4542	1523	0.18181818181818182	True
4542	732	0.09090909090909091	True
2218	994	0.9090909090909091	False
2218	732	0.8181818181818182	True
2218	2359	0.7272727272727273	True
2218	1859	0.6363636363636364	False
2218	709	0.5454545454545454	False
2218	2256	0.45454545454545453	True
2218	3076	0.36363636363636365	True
2218	3372	0.2727272727272727	False
2218	2689	0.18181818181818182	True
2218	3075	0.09090909090909091	True
4382	994	0.9090909090909091	False
4382	3372	0.8181818181818182	False
4382	709	0.7272727272727273	False
4382	1859	0.6363636363636364	False
4382	3717	0.5454545454545454	True
4382	732	0.45454545454545453	True
4382	175	0.36363636363636365	True
4382	3456	0.2727272727272727	True
4382	2256	0.18181818181818182	True
4382	3197	0.09090909090909091	True
4557	994	0.9090909090909091	False
4557	709	0.8181818181818182	False
4557	2256	0.7272727272727273	True
4557	3372	0.6363636363636364	False
4557	1042	0.5454545454545454	True
4557	3461	0.45454545454545453	True
4557	3090	0.36363636363636365	False
4557	3489	0.2727272727272727	True
4557	2359	0.18181818181818182	True
4557	3076	0.09090909090909091	True
4091	994	0.9090909090909091	False
4091	1965	0.8181818181818182	False
4091	709	0.7272727272727273	False
4091	1859	0.6363636363636364	False
4091	3372	0.5454545454545454	False
4091	3377	0.45454545454545453	False
4091	3494	0.36363636363636365	True
4091	3461	0.2727272727272727	True
4091	3717	0.18181818181818182	True
4091	1523	0.09090909090909091	True
4201	3377	0.9090909090909091	False
4201	994	0.8181818181818182	False
4201	2359	0.7272727272727273	True
4201	3717	0.6363636363636364	True
4201	3076	0.5454545454545454	True
4201	1859	0.45454545454545453	False
4201	1325	0.36363636363636365	True
4201	3372	0.2727272727272727	False
4201	709	0.18181818181818182	False
4201	272	0.09090909090909091	True
1890	3372	0.9090909090909091	False
1890	111	0.8181818181818182	True
1890	175	0.7272727272727273	True
1890	3377	0.6363636363636364	False
1890	1042	0.5454545454545454	True
1890	2303	0.45454545454545453	True
1890	994	0.36363636363636365	False
1890	709	0.2727272727272727	False
1890	1496	0.18181818181818182	True
1890	1882	0.09090909090909091	True
822	994	0.9090909090909091	False
822	3372	0.8181818181818182	False
822	709	0.7272727272727273	False
822	2256	0.6363636363636364	True
822	1325	0.5454545454545454	True
822	1042	0.45454545454545453	True
822	2359	0.36363636363636365	True
822	3377	0.2727272727272727	False
822	3090	0.18181818181818182	False
822	1859	0.09090909090909091	False
2637	994	0.9090909090909091	False
2637	3377	0.8181818181818182	False
2637	3372	0.7272727272727273	False
2637	1859	0.6363636363636364	False
2637	3090	0.5454545454545454	False
2637	709	0.45454545454545453	False
2637	2359	0.36363636363636365	True
2637	732	0.2727272727272727	True
2637	1965	0.18181818181818182	False
2637	111	0.09090909090909091	True
4198	994	0.9090909090909091	False
4198	3090	0.8181818181818182	False
4198	3377	0.7272727272727273	False
4198	2359	0.6363636363636364	True
4198	71	0.5454545454545454	True
4198	709	0.45454545454545453	False
4198	2542	0.36363636363636365	True
4198	1711	0.2727272727272727	True
4198	2681	0.18181818181818182	True
4198	1859	0.09090909090909091	False
4662	994	0.9090909090909091	False
4662	1965	0.8181818181818182	False
4662	2689	0.7272727272727273	True
4662	1711	0.6363636363636364	True
4662	732	0.5454545454545454	True
4662	3461	0.45454545454545453	True
4662	3090	0.36363636363636365	False
4662	709	0.2727272727272727	False
4662	2256	0.18181818181818182	True
4662	718	0.09090909090909091	True
5452	994	0.9090909090909091	False
5452	709	0.8181818181818182	False
5452	1042	0.7272727272727273	True
5452	3456	0.6363636363636364	True
5452	2681	0.5454545454545454	True
5452	1711	0.45454545454545453	True
5452	2367	0.36363636363636365	True
5452	1965	0.2727272727272727	False
5452	3372	0.18181818181818182	False
5452	1882	0.09090909090909091	True
1691	994	0.9090909090909091	False
1691	1965	0.8181818181818182	False
1691	71	0.7272727272727273	True
1691	2681	0.6363636363636364	True
1691	3377	0.5454545454545454	False
1691	1711	0.45454545454545453	True
1691	3461	0.36363636363636365	True
1691	1496	0.2727272727272727	True
1691	1042	0.18181818181818182	True
1691	3494	0.09090909090909091	True
2893	994	0.9090909090909091	False
2893	3372	0.8181818181818182	False
2893	1965	0.7272727272727273	False
2893	3717	0.6363636363636364	True
2893	3377	0.5454545454545454	False
2893	3055	0.45454545454545453	True
2893	1523	0.36363636363636365	True
2893	514	0.2727272727272727	True
2893	2004	0.18181818181818182	True
2893	1859	0.09090909090909091	False
2394	994	0.9090909090909091	False
2394	3377	0.8181818181818182	False
2394	3717	0.7272727272727273	True
2394	3372	0.6363636363636364	False
2394	709	0.5454545454545454	False
2394	1042	0.45454545454545453	True
2394	2367	0.36363636363636365	True
2394	1325	0.2727272727272727	True
2394	71	0.18181818181818182	True
2394	1711	0.09090909090909091	True
2221	994	0.9090909090909091	False
2221	3377	0.8181818181818182	False
2221	709	0.7272727272727273	False
2221	2493	0.6363636363636364	True
2221	2542	0.5454545454545454	True
2221	2367	0.45454545454545453	True
2221	3940	0.36363636363636365	True
2221	1523	0.2727272727272727	True
2221	3461	0.18181818181818182	True
2221	1711	0.09090909090909091	True
1531	994	0.9090909090909091	False
1531	3055	0.8181818181818182	True
1531	2689	0.7272727272727273	True
1531	3372	0.6363636363636364	False
1531	709	0.5454545454545454	False
1531	3377	0.45454545454545453	False
1531	2359	0.36363636363636365	True
1531	2493	0.2727272727272727	True
1531	111	0.18181818181818182	True
1531	1523	0.09090909090909091	True
4027	3717	0.9090909090909091	True
4027	709	0.8181818181818182	False
4027	994	0.7272727272727273	False
4027	1859	0.6363636363636364	False
4027	2493	0.5454545454545454	True
4027	3461	0.45454545454545453	True
4027	3055	0.36363636363636365	True
4027	3940	0.2727272727272727	True
4027	3372	0.18181818181818182	False
4027	3377	0.09090909090909091	False
5926	994	0.9090909090909091	False
5926	3090	0.8181818181818182	False
5926	1965	0.7272727272727273	False
5926	2256	0.6363636363636364	True
5926	3372	0.5454545454545454	False
5926	2493	0.45454545454545453	True
5926	1042	0.36363636363636365	True
5926	3377	0.2727272727272727	False
5926	2681	0.18181818181818182	True
5926	3456	0.09090909090909091	True
4278	709	0.9090909090909091	False
4278	3940	0.8181818181818182	True
4278	994	0.7272727272727273	False
4278	2493	0.6363636363636364	True
4278	1859	0.5454545454545454	False
4278	2689	0.45454545454545453	True
4278	1882	0.36363636363636365	True
4278	3494	0.2727272727272727	True
4278	2681	0.18181818181818182	True
4278	3461	0.09090909090909091	True
3865	994	0.9090909090909091	False
3865	1523	0.8181818181818182	True
3865	3461	0.7272727272727273	True
3865	3127	0.6363636363636364	True
3865	3090	0.5454545454545454	False
3865	1496	0.45454545454545453	True
3865	3717	0.36363636363636365	True
3865	1859	0.2727272727272727	False
3865	3502	0.18181818181818182	True
3865	3055	0.09090909090909091	True
3169	3377	0.9090909090909091	False
3169	2542	0.8181818181818182	True
3169	2367	0.7272727272727273	True
3169	3461	0.6363636363636364	True
3169	994	0.5454545454545454	False
3169	1882	0.45454545454545453	True
3169	709	0.36363636363636365	False
3169	3940	0.2727272727272727	True
3169	1523	0.18181818181818182	True
3169	3076	0.09090909090909091	True
5572	994	0.9090909090909091	False
5572	2493	0.8181818181818182	True
5572	3377	0.7272727272727273	False
5572	3090	0.6363636363636364	False
5572	3055	0.5454545454545454	True
5572	2367	0.45454545454545453	True
5572	111	0.36363636363636365	True
5572	71	0.2727272727272727	True
5572	3502	0.18181818181818182	True
5572	709	0.09090909090909091	False
2367	994	0.9090909090909091	False
2367	709	0.8181818181818182	False
2367	3372	0.7272727272727273	False
2367	2931	0.6363636363636364	True
2367	1859	0.5454545454545454	False
2367	1523	0.45454545454545453	True
2367	111	0.36363636363636365	True
2367	3076	0.2727272727272727	True
2367	3940	0.18181818181818182	True
2367	2493	0.09090909090909091	True
4849	994	0.9090909090909091	False
4849	3377	0.8181818181818182	False
4849	175	0.7272727272727273	True
4849	2359	0.6363636363636364	True
4849	3090	0.5454545454545454	False
4849	1859	0.45454545454545453	False
4849	514	0.36363636363636365	True
4849	709	0.2727272727272727	False
4849	3717	0.18181818181818182	True
4849	272	0.09090909090909091	True
578	994	0.9090909090909091	False
578	3127	0.8181818181818182	True
578	2367	0.7272727272727273	True
578	1965	0.6363636363636364	False
578	1496	0.5454545454545454	True
578	3372	0.45454545454545453	False
578	3055	0.36363636363636365	True
578	3456	0.2727272727272727	True
578	1042	0.18181818181818182	True
578	3717	0.09090909090909091	True
1586	994	0.9090909090909091	False
1586	2542	0.8181818181818182	True
1586	71	0.7272727272727273	True
1586	3377	0.6363636363636364	False
1586	1711	0.5454545454545454	True
1586	2689	0.45454545454545453	True
1586	2359	0.36363636363636365	True
1586	1882	0.2727272727272727	True
1586	3598	0.18181818181818182	True
1586	718	0.09090909090909091	True
3671	994	0.9090909090909091	False
3671	2367	0.8181818181818182	True
3671	3090	0.7272727272727273	False
3671	1711	0.6363636363636364	True
3671	709	0.5454545454545454	False
3671	2542	0.45454545454545453	True
3671	3502	0.36363636363636365	True
3671	3127	0.2727272727272727	True
3671	3372	0.18181818181818182	False
3671	3456	0.09090909090909091	True
5804	3372	0.9090909090909091	False
5804	3377	0.8181818181818182	False
5804	994	0.7272727272727273	False
5804	1965	0.6363636363636364	False
5804	1523	0.5454545454545454	True
5804	3717	0.45454545454545453	True
5804	2542	0.36363636363636365	True
5804	1882	0.2727272727272727	True
5804	709	0.18181818181818182	False
5804	2004	0.09090909090909091	True
2409	709	0.9090909090909091	False
2409	3377	0.8181818181818182	False
2409	3372	0.7272727272727273	False
2409	3090	0.6363636363636364	False
2409	2493	0.5454545454545454	True
2409	994	0.45454545454545453	False
2409	1859	0.36363636363636365	False
2409	2689	0.2727272727272727	True
2409	2359	0.18181818181818182	True
2409	111	0.09090909090909091	True
2069	3076	0.9090909090909091	True
2069	994	0.8181818181818182	False
2069	272	0.7272727272727273	True
2069	1859	0.6363636363636364	False
2069	709	0.5454545454545454	False
2069	3377	0.45454545454545453	False
2069	2359	0.36363636363636365	True
2069	3940	0.2727272727272727	True
2069	175	0.18181818181818182	True
2069	2681	0.09090909090909091	True
