4879	3389	0.9090909090909091	False
4879	3763	0.8181818181818182	False
4879	34	0.7272727272727273	True
4879	1346	0.6363636363636364	False
4879	1964	0.5454545454545454	False
4879	89	0.45454545454545453	True
4879	3118	0.36363636363636365	True
4879	3778	0.2727272727272727	True
4879	3839	0.18181818181818182	True
4879	2737	0.09090909090909091	True
1127	2015	0.9090909090909091	False
1127	1346	0.8181818181818182	False
1127	89	0.7272727272727273	True
1127	1964	0.6363636363636364	False
1127	2737	0.5454545454545454	True
1127	3763	0.45454545454545453	False
1127	1549	0.36363636363636365	True
1127	9	0.2727272727272727	True
1127	34	0.18181818181818182	True
1127	3389	0.09090909090909091	False
150	2015	0.9090909090909091	False
150	1964	0.8181818181818182	False
150	3389	0.7272727272727273	False
150	2737	0.6363636363636364	True
150	1346	0.5454545454545454	False
150	3763	0.45454545454545453	False
150	34	0.36363636363636365	True
150	89	0.2727272727272727	True
150	2897	0.18181818181818182	True
150	3778	0.09090909090909091	True
4012	3763	0.9090909090909091	False
4012	2015	0.8181818181818182	False
4012	1964	0.7272727272727273	False
4012	3773	0.6363636363636364	True
4012	1346	0.5454545454545454	False
4012	3839	0.45454545454545453	True
4012	3389	0.36363636363636365	False
4012	3097	0.2727272727272727	True
4012	89	0.18181818181818182	True
4012	34	0.09090909090909091	True
663	2015	0.9090909090909091	False
663	3389	0.8181818181818182	False
663	1346	0.7272727272727273	False
663	3763	0.6363636363636364	False
663	1964	0.5454545454545454	False
663	34	0.45454545454545453	True
663	2559	0.36363636363636365	True
663	3118	0.2727272727272727	True
663	1549	0.18181818181818182	True
663	89	0.09090909090909091	True
3558	2015	0.9090909090909091	False
3558	1964	0.8181818181818182	False
3558	2737	0.7272727272727273	True
3558	3389	0.6363636363636364	False
3558	1346	0.5454545454545454	False
3558	3763	0.45454545454545453	False
3558	3839	0.36363636363636365	True
3558	1549	0.2727272727272727	True
3558	89	0.18181818181818182	True
3558	3778	0.09090909090909091	True
3118	3763	0.9090909090909091	False
3118	1346	0.8181818181818182	False
3118	3389	0.7272727272727273	False
3118	3097	0.6363636363636364	True
3118	3839	0.5454545454545454	True
3118	1964	0.45454545454545453	False
3118	2737	0.36363636363636365	True
3118	34	0.2727272727272727	True
3118	2015	0.18181818181818182	False
3118	89	0.09090909090909091	True
3157	3389	0.9090909090909091	False
3157	3763	0.8181818181818182	False
3157	2015	0.7272727272727273	False
3157	1549	0.6363636363636364	True
3157	34	0.5454545454545454	True
3157	1964	0.45454545454545453	False
3157	1346	0.36363636363636365	False
3157	3118	0.2727272727272727	True
3157	3839	0.18181818181818182	True
3157	3778	0.09090909090909091	True
4008	3763	0.9090909090909091	False
4008	1346	0.8181818181818182	False
4008	3839	0.7272727272727273	True
4008	89	0.6363636363636364	True
4008	2015	0.5454545454545454	False
4008	34	0.45454545454545453	True
4008	3389	0.36363636363636365	False
4008	3773	0.2727272727272727	True
4008	1964	0.18181818181818182	False
4008	9	0.09090909090909091	True
4552	3389	0.9090909090909091	False
4552	3763	0.8181818181818182	False
4552	3778	0.7272727272727273	True
4552	1964	0.6363636363636364	False
4552	1696	0.5454545454545454	True
4552	1346	0.45454545454545453	False
4552	2015	0.36363636363636365	False
4552	3839	0.2727272727272727	True
4552	89	0.18181818181818182	True
4552	2468	0.09090909090909091	True
3893	2015	0.9090909090909091	False
3893	34	0.8181818181818182	True
3893	1964	0.7272727272727273	False
3893	3763	0.6363636363636364	False
3893	1346	0.5454545454545454	False
3893	89	0.45454545454545453	True
3893	3773	0.36363636363636365	True
3893	1180	0.2727272727272727	True
3893	3839	0.18181818181818182	True
3893	3778	0.09090909090909091	True
2137	2015	0.9090909090909091	False
2137	1346	0.8181818181818182	False
2137	3389	0.7272727272727273	False
2137	1964	0.6363636363636364	False
2137	2559	0.5454545454545454	True
2137	3763	0.45454545454545453	False
2137	1696	0.36363636363636365	True
2137	34	0.2727272727272727	True
2137	2468	0.18181818181818182	True
2137	2737	0.09090909090909091	True
316	1346	0.9090909090909091	False
316	2737	0.8181818181818182	True
316	1964	0.7272727272727273	False
316	3763	0.6363636363636364	False
316	3389	0.5454545454545454	False
316	2015	0.45454545454545453	False
316	34	0.36363636363636365	True
316	1549	0.2727272727272727	True
316	2973	0.18181818181818182	True
316	89	0.09090909090909091	True
5685	2015	0.9090909090909091	False
5685	1964	0.8181818181818182	False
5685	2559	0.7272727272727273	True
5685	89	0.6363636363636364	True
5685	1346	0.5454545454545454	False
5685	9	0.45454545454545453	True
5685	3839	0.36363636363636365	True
5685	3773	0.2727272727272727	True
5685	2468	0.18181818181818182	True
5685	2737	0.09090909090909091	True
1842	2015	0.9090909090909091	False
1842	1346	0.8181818181818182	False
1842	89	0.7272727272727273	True
1842	1964	0.6363636363636364	False
1842	3763	0.5454545454545454	False
1842	1549	0.45454545454545453	True
1842	3778	0.36363636363636365	True
1842	3389	0.2727272727272727	False
1842	2737	0.18181818181818182	True
1842	2559	0.09090909090909091	True
608	1346	0.9090909090909091	False
608	3763	0.8181818181818182	False
608	2737	0.7272727272727273	True
608	3839	0.6363636363636364	True
608	2468	0.5454545454545454	True
608	1964	0.45454545454545453	False
608	2015	0.36363636363636365	False
608	3389	0.2727272727272727	False
608	89	0.18181818181818182	True
608	34	0.09090909090909091	True
5333	3763	0.9090909090909091	False
5333	3839	0.8181818181818182	True
5333	34	0.7272727272727273	True
5333	1346	0.6363636363636364	False
5333	3773	0.5454545454545454	True
5333	89	0.45454545454545453	True
5333	3778	0.36363636363636365	True
5333	2015	0.2727272727272727	False
5333	2737	0.18181818181818182	True
5333	1964	0.09090909090909091	False
1845	89	0.9090909090909091	True
1845	34	0.8181818181818182	True
1845	3389	0.7272727272727273	False
1845	1549	0.6363636363636364	True
1845	2015	0.5454545454545454	False
1845	3118	0.45454545454545453	True
1845	3778	0.36363636363636365	True
1845	3763	0.2727272727272727	False
1845	3773	0.18181818181818182	True
1845	3839	0.09090909090909091	True
1477	3389	0.9090909090909091	False
1477	1964	0.8181818181818182	False
1477	2015	0.7272727272727273	False
1477	1346	0.6363636363636364	False
1477	3763	0.5454545454545454	False
1477	1696	0.45454545454545453	True
1477	34	0.36363636363636365	True
1477	2559	0.2727272727272727	True
1477	2737	0.18181818181818182	True
1477	2897	0.09090909090909091	True
4038	2015	0.9090909090909091	False
4038	3778	0.8181818181818182	True
4038	1964	0.7272727272727273	False
4038	1346	0.6363636363636364	False
4038	3773	0.5454545454545454	True
4038	2737	0.45454545454545453	True
4038	3763	0.36363636363636365	False
4038	2468	0.2727272727272727	True
4038	2559	0.18181818181818182	True
4038	3097	0.09090909090909091	True
5840	89	0.9090909090909091	True
5840	3763	0.8181818181818182	False
5840	3839	0.7272727272727273	True
5840	1964	0.6363636363636364	False
5840	3389	0.5454545454545454	False
5840	34	0.45454545454545453	True
5840	1346	0.36363636363636365	False
5840	1180	0.2727272727272727	True
5840	3528	0.18181818181818182	True
5840	3773	0.09090909090909091	True
3572	3763	0.9090909090909091	False
3572	1346	0.8181818181818182	False
3572	34	0.7272727272727273	True
3572	3389	0.6363636363636364	False
3572	1964	0.5454545454545454	False
3572	2015	0.45454545454545453	False
3572	2737	0.36363636363636365	True
3572	3778	0.2727272727272727	True
3572	3839	0.18181818181818182	True
3572	89	0.09090909090909091	True
4430	2015	0.9090909090909091	False
4430	1964	0.8181818181818182	False
4430	1346	0.7272727272727273	False
4430	2737	0.6363636363636364	True
4430	3763	0.5454545454545454	False
4430	3778	0.45454545454545453	True
4430	3389	0.36363636363636365	False
4430	1549	0.2727272727272727	True
4430	1696	0.18181818181818182	True
4430	34	0.09090909090909091	True
5775	34	0.9090909090909091	True
5775	1346	0.8181818181818182	False
5775	89	0.7272727272727273	True
5775	2015	0.6363636363636364	False
5775	3763	0.5454545454545454	False
5775	3389	0.45454545454545453	False
5775	1964	0.36363636363636365	False
5775	2897	0.2727272727272727	True
5775	2468	0.18181818181818182	True
5775	3778	0.09090909090909091	True
2679	89	0.9090909090909091	True
2679	3839	0.8181818181818182	True
2679	3763	0.7272727272727273	False
2679	1346	0.6363636363636364	False
2679	1180	0.5454545454545454	True
2679	34	0.45454545454545453	True
2679	3778	0.36363636363636365	True
2679	3097	0.2727272727272727	True
2679	3773	0.18181818181818182	True
2679	3528	0.09090909090909091	True
1597	3763	0.9090909090909091	False
1597	3389	0.8181818181818182	False
1597	1964	0.7272727272727273	False
1597	1346	0.6363636363636364	False
1597	89	0.5454545454545454	True
1597	1549	0.45454545454545453	True
1597	2737	0.36363636363636365	True
1597	3839	0.2727272727272727	True
1597	3778	0.18181818181818182	True
1597	34	0.09090909090909091	True
3748	1346	0.9090909090909091	False
3748	89	0.8181818181818182	True
3748	3763	0.7272727272727273	False
3748	1964	0.6363636363636364	False
3748	34	0.5454545454545454	True
3748	3389	0.45454545454545453	False
3748	2737	0.36363636363636365	True
3748	2015	0.2727272727272727	False
3748	1549	0.18181818181818182	True
3748	3839	0.09090909090909091	True
5166	1964	0.9090909090909091	False
5166	3389	0.8181818181818182	False
5166	34	0.7272727272727273	True
5166	3763	0.6363636363636364	False
5166	2015	0.5454545454545454	False
5166	2737	0.45454545454545453	True
5166	89	0.36363636363636365	True
5166	3839	0.2727272727272727	True
5166	1549	0.18181818181818182	True
5166	1346	0.09090909090909091	False
674	3389	0.9090909090909091	False
674	3763	0.8181818181818182	False
674	1346	0.7272727272727273	False
674	1964	0.6363636363636364	False
674	2015	0.5454545454545454	False
674	1180	0.45454545454545453	True
674	2559	0.36363636363636365	True
674	89	0.2727272727272727	True
674	1549	0.18181818181818182	True
674	3778	0.09090909090909091	True
4636	2015	0.9090909090909091	False
4636	2559	0.8181818181818182	True
4636	1964	0.7272727272727273	False
4636	3118	0.6363636363636364	True
4636	3389	0.5454545454545454	False
4636	34	0.45454545454545453	True
4636	1180	0.36363636363636365	True
4636	1549	0.2727272727272727	True
4636	1346	0.18181818181818182	False
4636	2897	0.09090909090909091	True
4231	1964	0.9090909090909091	False
4231	2015	0.8181818181818182	False
4231	3763	0.7272727272727273	False
4231	3778	0.6363636363636364	True
4231	89	0.5454545454545454	True
4231	1346	0.45454545454545453	False
4231	3839	0.36363636363636365	True
4231	1549	0.2727272727272727	True
4231	3773	0.18181818181818182	True
4231	3389	0.09090909090909091	False
1986	3763	0.9090909090909091	False
1986	1346	0.8181818181818182	False
1986	34	0.7272727272727273	True
1986	2015	0.6363636363636364	False
1986	1964	0.5454545454545454	False
1986	3097	0.45454545454545453	True
1986	3839	0.36363636363636365	True
1986	2737	0.2727272727272727	True
1986	89	0.18181818181818182	True
1986	3389	0.09090909090909091	False
2332	3389	0.9090909090909091	False
2332	3763	0.8181818181818182	False
2332	1346	0.7272727272727273	False
2332	34	0.6363636363636364	True
2332	2015	0.5454545454545454	False
2332	3118	0.45454545454545453	True
2332	3778	0.36363636363636365	True
2332	1964	0.2727272727272727	False
2332	2737	0.18181818181818182	True
2332	1551	0.09090909090909091	True
2158	89	0.9090909090909091	True
2158	1346	0.8181818181818182	False
2158	1180	0.7272727272727273	True
2158	2015	0.6363636363636364	False
2158	3773	0.5454545454545454	True
2158	3839	0.45454545454545453	True
2158	1964	0.36363636363636365	False
2158	3763	0.2727272727272727	False
2158	3097	0.18181818181818182	True
2158	2559	0.09090909090909091	True
5466	1346	0.9090909090909091	False
5466	2015	0.8181818181818182	False
5466	3763	0.7272727272727273	False
5466	89	0.6363636363636364	True
5466	2737	0.5454545454545454	True
5466	3778	0.45454545454545453	True
5466	1964	0.36363636363636365	False
5466	3097	0.2727272727272727	True
5466	3773	0.18181818181818182	True
5466	1551	0.09090909090909091	True
4822	2015	0.9090909090909091	False
4822	1964	0.8181818181818182	False
4822	89	0.7272727272727273	True
4822	1346	0.6363636363636364	False
4822	2737	0.5454545454545454	True
4822	3389	0.45454545454545453	False
4822	3839	0.36363636363636365	True
4822	1263	0.2727272727272727	True
4822	1549	0.18181818181818182	True
4822	3763	0.09090909090909091	False
2132	3763	0.9090909090909091	False
2132	1964	0.8181818181818182	False
2132	89	0.7272727272727273	True
2132	3389	0.6363636363636364	False
2132	1346	0.5454545454545454	False
2132	34	0.45454545454545453	True
2132	3778	0.36363636363636365	True
2132	3839	0.2727272727272727	True
2132	2015	0.18181818181818182	False
2132	3773	0.09090909090909091	True
3150	3763	0.9090909090909091	False
3150	1346	0.8181818181818182	False
3150	34	0.7272727272727273	True
3150	3839	0.6363636363636364	True
3150	89	0.5454545454545454	True
3150	1964	0.45454545454545453	False
3150	2015	0.36363636363636365	False
3150	1520	0.2727272727272727	True
3150	3389	0.18181818181818182	False
3150	829	0.09090909090909091	True
441	3763	0.9090909090909091	False
441	3389	0.8181818181818182	False
441	3778	0.7272727272727273	True
441	1964	0.6363636363636364	False
441	1346	0.5454545454545454	False
441	2015	0.45454545454545453	False
441	1180	0.36363636363636365	True
441	1696	0.2727272727272727	True
441	2737	0.18181818181818182	True
441	3265	0.09090909090909091	True
1817	3763	0.9090909090909091	False
1817	34	0.8181818181818182	True
1817	1346	0.7272727272727273	False
1817	2015	0.6363636363636364	False
1817	89	0.5454545454545454	True
1817	1180	0.45454545454545453	True
1817	3839	0.36363636363636365	True
1817	3097	0.2727272727272727	True
1817	1549	0.18181818181818182	True
1817	3773	0.09090909090909091	True
4369	34	0.9090909090909091	True
4369	89	0.8181818181818182	True
4369	3778	0.7272727272727273	True
4369	2015	0.6363636363636364	False
4369	3773	0.5454545454545454	True
4369	1180	0.45454545454545453	True
4369	3839	0.36363636363636365	True
4369	1964	0.2727272727272727	False
4369	3118	0.18181818181818182	True
4369	3763	0.09090909090909091	False
2388	2015	0.9090909090909091	False
2388	1346	0.8181818181818182	False
2388	89	0.7272727272727273	True
2388	3389	0.6363636363636364	False
2388	3763	0.5454545454545454	False
2388	34	0.45454545454545453	True
2388	1964	0.36363636363636365	False
2388	1549	0.2727272727272727	True
2388	3097	0.18181818181818182	True
2388	2737	0.09090909090909091	True
4749	2015	0.9090909090909091	False
4749	1346	0.8181818181818182	False
4749	3763	0.7272727272727273	False
4749	1964	0.6363636363636364	False
4749	34	0.5454545454545454	True
4749	3839	0.45454545454545453	True
4749	1549	0.36363636363636365	True
4749	2737	0.2727272727272727	True
4749	89	0.18181818181818182	True
4749	3097	0.09090909090909091	True
1744	2015	0.9090909090909091	False
1744	3389	0.8181818181818182	False
1744	3118	0.7272727272727273	True
1744	2559	0.6363636363636364	True
1744	1964	0.5454545454545454	False
1744	1346	0.45454545454545453	False
1744	2468	0.36363636363636365	True
1744	3839	0.2727272727272727	True
1744	34	0.18181818181818182	True
1744	3763	0.09090909090909091	False
3922	1346	0.9090909090909091	False
3922	34	0.8181818181818182	True
3922	3763	0.7272727272727273	False
3922	1844	0.6363636363636364	True
3922	89	0.5454545454545454	True
3922	3389	0.45454545454545453	False
3922	1964	0.36363636363636365	False
3922	2737	0.2727272727272727	True
3922	1551	0.18181818181818182	True
3922	3839	0.09090909090909091	True
2751	1964	0.9090909090909091	False
2751	2015	0.8181818181818182	False
2751	89	0.7272727272727273	True
2751	1346	0.6363636363636364	False
2751	3763	0.5454545454545454	False
2751	2737	0.45454545454545453	True
2751	1549	0.36363636363636365	True
2751	3778	0.2727272727272727	True
2751	3839	0.18181818181818182	True
2751	3389	0.09090909090909091	False
3646	2015	0.9090909090909091	False
3646	89	0.8181818181818182	True
3646	1346	0.7272727272727273	False
3646	1549	0.6363636363636364	True
3646	3389	0.5454545454545454	False
3646	1964	0.45454545454545453	False
3646	3763	0.36363636363636365	False
3646	9	0.2727272727272727	True
3646	3118	0.18181818181818182	True
3646	2897	0.09090909090909091	True
1749	2015	0.9090909090909091	False
1749	1346	0.8181818181818182	False
1749	3763	0.7272727272727273	False
1749	89	0.6363636363636364	True
1749	3839	0.5454545454545454	True
1749	1549	0.45454545454545453	True
1749	34	0.36363636363636365	True
1749	3773	0.2727272727272727	True
1749	2737	0.18181818181818182	True
1749	1964	0.09090909090909091	False
1178	2015	0.9090909090909091	False
1178	89	0.8181818181818182	True
1178	1346	0.7272727272727273	False
1178	1964	0.6363636363636364	False
1178	3763	0.5454545454545454	False
1178	3778	0.45454545454545453	True
1178	3097	0.36363636363636365	True
1178	3389	0.2727272727272727	False
1178	1549	0.18181818181818182	True
1178	3773	0.09090909090909091	True
5684	2015	0.9090909090909091	False
5684	1346	0.8181818181818182	False
5684	2897	0.7272727272727273	True
5684	503	0.6363636363636364	True
5684	34	0.5454545454545454	True
5684	2559	0.45454545454545453	True
5684	1964	0.36363636363636365	False
5684	3389	0.2727272727272727	False
5684	2683	0.18181818181818182	True
5684	2468	0.09090909090909091	True
3634	1964	0.9090909090909091	False
3634	2015	0.8181818181818182	False
3634	3389	0.7272727272727273	False
3634	3763	0.6363636363636364	False
3634	2559	0.5454545454545454	True
3634	3778	0.45454545454545453	True
3634	34	0.36363636363636365	True
3634	1180	0.2727272727272727	True
3634	2468	0.18181818181818182	True
3634	3097	0.09090909090909091	True
1409	1346	0.9090909090909091	False
1409	2015	0.8181818181818182	False
1409	3763	0.7272727272727273	False
1409	1180	0.6363636363636364	True
1409	89	0.5454545454545454	True
1409	1964	0.45454545454545453	False
1409	3097	0.36363636363636365	True
1409	3773	0.2727272727272727	True
1409	2468	0.18181818181818182	True
1409	34	0.09090909090909091	True
562	89	0.9090909090909091	True
562	1964	0.8181818181818182	False
562	1346	0.7272727272727273	False
562	3778	0.6363636363636364	True
562	34	0.5454545454545454	True
562	3118	0.45454545454545453	True
562	3389	0.36363636363636365	False
562	3763	0.2727272727272727	False
562	3839	0.18181818181818182	True
562	1549	0.09090909090909091	True
2262	2015	0.9090909090909091	False
2262	3763	0.8181818181818182	False
2262	1346	0.7272727272727273	False
2262	1964	0.6363636363636364	False
2262	34	0.5454545454545454	True
2262	3778	0.45454545454545453	True
2262	89	0.36363636363636365	True
2262	3773	0.2727272727272727	True
2262	3839	0.18181818181818182	True
2262	3097	0.09090909090909091	True
5973	3389	0.9090909090909091	False
5973	1964	0.8181818181818182	False
5973	1346	0.7272727272727273	False
5973	3763	0.6363636363636364	False
5973	34	0.5454545454545454	True
5973	2015	0.45454545454545453	False
5973	1549	0.36363636363636365	True
5973	89	0.2727272727272727	True
5973	2737	0.18181818181818182	True
5973	1520	0.09090909090909091	True
568	1346	0.9090909090909091	False
568	3763	0.8181818181818182	False
568	3097	0.7272727272727273	True
568	2015	0.6363636363636364	False
568	3773	0.5454545454545454	True
568	3839	0.45454545454545453	True
568	3778	0.36363636363636365	True
568	89	0.2727272727272727	True
568	34	0.18181818181818182	True
568	2737	0.09090909090909091	True
2378	2015	0.9090909090909091	False
2378	2559	0.8181818181818182	True
2378	1964	0.7272727272727273	False
2378	34	0.6363636363636364	True
2378	2897	0.5454545454545454	True
2378	3778	0.45454545454545453	True
2378	1180	0.36363636363636365	True
2378	3389	0.2727272727272727	False
2378	2468	0.18181818181818182	True
2378	9	0.09090909090909091	True
4216	1346	0.9090909090909091	False
4216	2015	0.8181818181818182	False
4216	1964	0.7272727272727273	False
4216	89	0.6363636363636364	True
4216	3763	0.5454545454545454	False
4216	34	0.45454545454545453	True
4216	3389	0.36363636363636365	False
4216	1549	0.2727272727272727	True
4216	1180	0.18181818181818182	True
4216	3118	0.09090909090909091	True
4987	2015	0.9090909090909091	False
4987	89	0.8181818181818182	True
4987	3763	0.7272727272727273	False
4987	1346	0.6363636363636364	False
4987	3839	0.5454545454545454	True
4987	1549	0.45454545454545453	True
4987	3097	0.36363636363636365	True
4987	2737	0.2727272727272727	True
4987	34	0.18181818181818182	True
4987	1964	0.09090909090909091	False
1939	1346	0.9090909090909091	False
1939	34	0.8181818181818182	True
1939	1964	0.7272727272727273	False
1939	89	0.6363636363636364	True
1939	2015	0.5454545454545454	False
1939	3389	0.45454545454545453	False
1939	3763	0.36363636363636365	False
1939	2468	0.2727272727272727	True
1939	3839	0.18181818181818182	True
1939	2737	0.09090909090909091	True
5121	3389	0.9090909090909091	False
5121	3778	0.8181818181818182	True
5121	3763	0.7272727272727273	False
5121	2468	0.6363636363636364	True
5121	1964	0.5454545454545454	False
5121	2015	0.45454545454545453	False
5121	3839	0.36363636363636365	True
5121	34	0.2727272727272727	True
5121	1346	0.18181818181818182	False
5121	3773	0.09090909090909091	True
3906	1180	0.9090909090909091	True
3906	3763	0.8181818181818182	False
3906	1346	0.7272727272727273	False
3906	2015	0.6363636363636364	False
3906	34	0.5454545454545454	True
3906	3118	0.45454545454545453	True
3906	2468	0.36363636363636365	True
3906	3773	0.2727272727272727	True
3906	3097	0.18181818181818182	True
3906	2559	0.09090909090909091	True
2534	3389	0.9090909090909091	False
2534	2015	0.8181818181818182	False
2534	3763	0.7272727272727273	False
2534	1964	0.6363636363636364	False
2534	89	0.5454545454545454	True
2534	1346	0.45454545454545453	False
2534	3778	0.36363636363636365	True
2534	1549	0.2727272727272727	True
2534	3839	0.18181818181818182	True
2534	2737	0.09090909090909091	True
3137	1346	0.9090909090909091	False
3137	3097	0.8181818181818182	True
3137	3763	0.7272727272727273	False
3137	2015	0.6363636363636364	False
3137	1964	0.5454545454545454	False
3137	1180	0.45454545454545453	True
3137	3778	0.36363636363636365	True
3137	34	0.2727272727272727	True
3137	3265	0.18181818181818182	True
3137	3389	0.09090909090909091	False
5086	2015	0.9090909090909091	False
5086	3389	0.8181818181818182	False
5086	3763	0.7272727272727273	False
5086	3778	0.6363636363636364	True
5086	1964	0.5454545454545454	False
5086	89	0.45454545454545453	True
5086	1549	0.36363636363636365	True
5086	1346	0.2727272727272727	False
5086	3839	0.18181818181818182	True
5086	2737	0.09090909090909091	True
770	3778	0.9090909090909091	True
770	3389	0.8181818181818182	False
770	2559	0.7272727272727273	True
770	3763	0.6363636363636364	False
770	1346	0.5454545454545454	False
770	1551	0.45454545454545453	True
770	2015	0.36363636363636365	False
770	1964	0.2727272727272727	False
770	1180	0.18181818181818182	True
770	1696	0.09090909090909091	True
4727	3763	0.9090909090909091	False
4727	1346	0.8181818181818182	False
4727	89	0.7272727272727273	True
4727	3839	0.6363636363636364	True
4727	3778	0.5454545454545454	True
4727	2737	0.45454545454545453	True
4727	3389	0.36363636363636365	False
4727	34	0.2727272727272727	True
4727	1964	0.18181818181818182	False
4727	2468	0.09090909090909091	True
4255	2015	0.9090909090909091	False
4255	3778	0.8181818181818182	True
4255	1964	0.7272727272727273	False
4255	1346	0.6363636363636364	False
4255	89	0.5454545454545454	True
4255	2559	0.45454545454545453	True
4255	3097	0.36363636363636365	True
4255	3773	0.2727272727272727	True
4255	3763	0.18181818181818182	False
4255	2468	0.09090909090909091	True
384	3389	0.9090909090909091	False
384	1964	0.8181818181818182	False
384	34	0.7272727272727273	True
384	3778	0.6363636363636364	True
384	1549	0.5454545454545454	True
384	1346	0.45454545454545453	False
384	2015	0.36363636363636365	False
384	89	0.2727272727272727	True
384	3763	0.18181818181818182	False
384	3839	0.09090909090909091	True
5703	2015	0.9090909090909091	False
5703	3778	0.8181818181818182	True
5703	3118	0.7272727272727273	True
5703	1964	0.6363636363636364	False
5703	3389	0.5454545454545454	False
5703	3763	0.45454545454545453	False
5703	1549	0.36363636363636365	True
5703	1346	0.2727272727272727	False
5703	1180	0.18181818181818182	True
5703	2468	0.09090909090909091	True
3114	1346	0.9090909090909091	False
3114	89	0.8181818181818182	True
3114	3763	0.7272727272727273	False
3114	3773	0.6363636363636364	True
3114	3839	0.5454545454545454	True
3114	34	0.45454545454545453	True
3114	3778	0.36363636363636365	True
3114	2015	0.2727272727272727	False
3114	1964	0.18181818181818182	False
3114	3118	0.09090909090909091	True
3458	3763	0.9090909090909091	False
3458	3389	0.8181818181818182	False
3458	1346	0.7272727272727273	False
3458	34	0.6363636363636364	True
3458	3778	0.5454545454545454	True
3458	89	0.45454545454545453	True
3458	1964	0.36363636363636365	False
3458	3839	0.2727272727272727	True
3458	2737	0.18181818181818182	True
3458	1549	0.09090909090909091	True
3566	3763	0.9090909090909091	False
3566	89	0.8181818181818182	True
3566	1346	0.7272727272727273	False
3566	2015	0.6363636363636364	False
3566	3389	0.5454545454545454	False
3566	34	0.45454545454545453	True
3566	1964	0.36363636363636365	False
3566	3839	0.2727272727272727	True
3566	3773	0.18181818181818182	True
3566	2737	0.09090909090909091	True
764	1346	0.9090909090909091	False
764	3763	0.8181818181818182	False
764	89	0.7272727272727273	True
764	34	0.6363636363636364	True
764	3389	0.5454545454545454	False
764	2015	0.45454545454545453	False
764	1964	0.36363636363636365	False
764	3839	0.2727272727272727	True
764	3097	0.18181818181818182	True
764	3778	0.09090909090909091	True
3306	2015	0.9090909090909091	False
3306	1964	0.8181818181818182	False
3306	3763	0.7272727272727273	False
3306	89	0.6363636363636364	True
3306	34	0.5454545454545454	True
3306	3839	0.45454545454545453	True
3306	3778	0.36363636363636365	True
3306	3389	0.2727272727272727	False
3306	3773	0.18181818181818182	True
3306	1346	0.09090909090909091	False
185	1346	0.9090909090909091	False
185	3389	0.8181818181818182	False
185	3763	0.7272727272727273	False
185	34	0.6363636363636364	True
185	2737	0.5454545454545454	True
185	1964	0.45454545454545453	False
185	89	0.36363636363636365	True
185	2015	0.2727272727272727	False
185	3118	0.18181818181818182	True
185	3839	0.09090909090909091	True
4728	3763	0.9090909090909091	False
4728	1346	0.8181818181818182	False
4728	2015	0.7272727272727273	False
4728	2468	0.6363636363636364	True
4728	34	0.5454545454545454	True
4728	1964	0.45454545454545453	False
4728	3839	0.36363636363636365	True
4728	1180	0.2727272727272727	True
4728	3097	0.18181818181818182	True
4728	2559	0.09090909090909091	True
3024	2015	0.9090909090909091	False
3024	1549	0.8181818181818182	True
3024	89	0.7272727272727273	True
3024	3839	0.6363636363636364	True
3024	34	0.5454545454545454	True
3024	3778	0.45454545454545453	True
3024	2737	0.36363636363636365	True
3024	1964	0.2727272727272727	False
3024	3773	0.18181818181818182	True
3024	1346	0.09090909090909091	False
3984	1964	0.9090909090909091	False
3984	3778	0.8181818181818182	True
3984	2015	0.7272727272727273	False
3984	2468	0.6363636363636364	True
3984	34	0.5454545454545454	True
3984	3763	0.45454545454545453	False
3984	3839	0.36363636363636365	True
3984	3389	0.2727272727272727	False
3984	2737	0.18181818181818182	True
3984	3773	0.09090909090909091	True
3504	3778	0.9090909090909091	True
3504	2015	0.8181818181818182	False
3504	3763	0.7272727272727273	False
3504	1346	0.6363636363636364	False
3504	1964	0.5454545454545454	False
3504	89	0.45454545454545453	True
3504	1180	0.36363636363636365	True
3504	2737	0.2727272727272727	True
3504	3773	0.18181818181818182	True
3504	2468	0.09090909090909091	True
2033	2015	0.9090909090909091	False
2033	3389	0.8181818181818182	False
2033	3118	0.7272727272727273	True
2033	89	0.6363636363636364	True
2033	1346	0.5454545454545454	False
2033	1964	0.45454545454545453	False
2033	3763	0.36363636363636365	False
2033	1549	0.2727272727272727	True
2033	3839	0.18181818181818182	True
2033	34	0.09090909090909091	True
5759	89	0.9090909090909091	True
5759	1346	0.8181818181818182	False
5759	3763	0.7272727272727273	False
5759	34	0.6363636363636364	True
5759	1964	0.5454545454545454	False
5759	3389	0.45454545454545453	False
5759	3778	0.36363636363636365	True
5759	2015	0.2727272727272727	False
5759	3839	0.18181818181818182	True
5759	1180	0.09090909090909091	True
600	89	0.9090909090909091	True
600	2015	0.8181818181818182	False
600	3763	0.7272727272727273	False
600	3839	0.6363636363636364	True
600	3778	0.5454545454545454	True
600	1549	0.45454545454545453	True
600	3773	0.36363636363636365	True
600	1346	0.2727272727272727	False
600	3097	0.18181818181818182	True
600	1964	0.09090909090909091	False
1281	89	0.9090909090909091	True
1281	3763	0.8181818181818182	False
1281	3839	0.7272727272727273	True
1281	1346	0.6363636363636364	False
1281	34	0.5454545454545454	True
1281	3389	0.45454545454545453	False
1281	1964	0.36363636363636365	False
1281	1549	0.2727272727272727	True
1281	2015	0.18181818181818182	False
1281	3118	0.09090909090909091	True
1182	1346	0.9090909090909091	False
1182	3763	0.8181818181818182	False
1182	3389	0.7272727272727273	False
1182	1964	0.6363636363636364	False
1182	1696	0.5454545454545454	True
1182	2015	0.45454545454545453	False
1182	2559	0.36363636363636365	True
1182	3097	0.2727272727272727	True
1182	34	0.18181818181818182	True
1182	1180	0.09090909090909091	True
4281	3389	0.9090909090909091	False
4281	1346	0.8181818181818182	False
4281	3763	0.7272727272727273	False
4281	34	0.6363636363636364	True
4281	3839	0.5454545454545454	True
4281	2015	0.45454545454545453	False
4281	1964	0.36363636363636365	False
4281	89	0.2727272727272727	True
4281	3778	0.18181818181818182	True
4281	2468	0.09090909090909091	True
856	2015	0.9090909090909091	False
856	1964	0.8181818181818182	False
856	3763	0.7272727272727273	False
856	3773	0.6363636363636364	True
856	3839	0.5454545454545454	True
856	3778	0.45454545454545453	True
856	89	0.36363636363636365	True
856	1346	0.2727272727272727	False
856	3389	0.18181818181818182	False
856	1549	0.09090909090909091	True
3028	3389	0.9090909090909091	False
3028	89	0.8181818181818182	True
3028	1346	0.7272727272727273	False
3028	1964	0.6363636363636364	False
3028	34	0.5454545454545454	True
3028	3763	0.45454545454545453	False
3028	3839	0.36363636363636365	True
3028	1180	0.2727272727272727	True
3028	3778	0.18181818181818182	True
3028	2737	0.09090909090909091	True
3902	2015	0.9090909090909091	False
3902	3778	0.8181818181818182	True
3902	89	0.7272727272727273	True
3902	3763	0.6363636363636364	False
3902	3773	0.5454545454545454	True
3902	1964	0.45454545454545453	False
3902	1346	0.36363636363636365	False
3902	3839	0.2727272727272727	True
3902	3389	0.18181818181818182	False
3902	34	0.09090909090909091	True
4238	89	0.9090909090909091	True
4238	3839	0.8181818181818182	True
4238	1346	0.7272727272727273	False
4238	3763	0.6363636363636364	False
4238	34	0.5454545454545454	True
4238	1964	0.45454545454545453	False
4238	2015	0.36363636363636365	False
4238	1549	0.2727272727272727	True
4238	3389	0.18181818181818182	False
4238	3773	0.09090909090909091	True
654	89	0.9090909090909091	True
654	3763	0.8181818181818182	False
654	1346	0.7272727272727273	False
654	2015	0.6363636363636364	False
654	3839	0.5454545454545454	True
654	34	0.45454545454545453	True
654	3389	0.36363636363636365	False
654	3773	0.2727272727272727	True
654	1964	0.18181818181818182	False
654	3778	0.09090909090909091	True
3189	2015	0.9090909090909091	False
3189	1964	0.8181818181818182	False
3189	1346	0.7272727272727273	False
3189	3389	0.6363636363636364	False
3189	2559	0.5454545454545454	True
3189	3778	0.45454545454545453	True
3189	3763	0.36363636363636365	False
3189	2737	0.2727272727272727	True
3189	874	0.18181818181818182	True
3189	9	0.09090909090909091	True
2501	1346	0.9090909090909091	False
2501	3763	0.8181818181818182	False
2501	89	0.7272727272727273	True
2501	34	0.6363636363636364	True
2501	3389	0.5454545454545454	False
2501	2015	0.45454545454545453	False
2501	3118	0.36363636363636365	True
2501	3839	0.2727272727272727	True
2501	1964	0.18181818181818182	False
2501	2737	0.09090909090909091	True
2459	89	0.9090909090909091	True
2459	1549	0.8181818181818182	True
2459	3763	0.7272727272727273	False
2459	2015	0.6363636363636364	False
2459	1346	0.5454545454545454	False
2459	3839	0.45454545454545453	True
2459	34	0.36363636363636365	True
2459	1964	0.2727272727272727	False
2459	3389	0.18181818181818182	False
2459	3778	0.09090909090909091	True
2091	1346	0.9090909090909091	False
2091	3763	0.8181818181818182	False
2091	1964	0.7272727272727273	False
2091	89	0.6363636363636364	True
2091	3389	0.5454545454545454	False
2091	2737	0.45454545454545453	True
2091	2015	0.36363636363636365	False
2091	34	0.2727272727272727	True
2091	1180	0.18181818181818182	True
2091	3839	0.09090909090909091	True
677	3763	0.9090909090909091	False
677	3389	0.8181818181818182	False
677	3839	0.7272727272727273	True
677	1964	0.6363636363636364	False
677	1346	0.5454545454545454	False
677	34	0.45454545454545453	True
677	2015	0.36363636363636365	False
677	2468	0.2727272727272727	True
677	1696	0.18181818181818182	True
677	1520	0.09090909090909091	True
338	2015	0.9090909090909091	False
338	3763	0.8181818181818182	False
338	34	0.7272727272727273	True
338	1964	0.6363636363636364	False
338	2468	0.5454545454545454	True
338	3389	0.45454545454545453	False
338	3839	0.36363636363636365	True
338	1549	0.2727272727272727	True
338	1346	0.18181818181818182	False
338	3778	0.09090909090909091	True
3667	2015	0.9090909090909091	False
3667	1964	0.8181818181818182	False
3667	3389	0.7272727272727273	False
3667	9	0.6363636363636364	True
3667	89	0.5454545454545454	True
3667	1346	0.45454545454545453	False
3667	34	0.36363636363636365	True
3667	1549	0.2727272727272727	True
3667	2737	0.18181818181818182	True
3667	2897	0.09090909090909091	True
3808	3763	0.9090909090909091	False
3808	3778	0.8181818181818182	True
3808	1964	0.7272727272727273	False
3808	3389	0.6363636363636364	False
3808	34	0.5454545454545454	True
3808	1346	0.45454545454545453	False
3808	2015	0.36363636363636365	False
3808	89	0.2727272727272727	True
3808	1549	0.18181818181818182	True
3808	3839	0.09090909090909091	True
