1390	3913	0.9090909090909091	False
1390	3165	0.8181818181818182	False
1390	1422	0.7272727272727273	False
1390	869	0.6363636363636364	True
1390	3719	0.5454545454545454	False
1390	29	0.45454545454545453	True
1390	238	0.36363636363636365	False
1390	2639	0.2727272727272727	True
1390	1081	0.18181818181818182	True
1390	2153	0.09090909090909091	False
5259	3913	0.9090909090909091	False
5259	2153	0.8181818181818182	False
5259	2699	0.7272727272727273	True
5259	3165	0.6363636363636364	False
5259	1679	0.5454545454545454	True
5259	3719	0.45454545454545453	False
5259	3310	0.36363636363636365	True
5259	238	0.2727272727272727	False
5259	1702	0.18181818181818182	True
5259	3526	0.09090909090909091	True
1272	3913	0.9090909090909091	False
1272	2153	0.8181818181818182	False
1272	3310	0.7272727272727273	True
1272	2648	0.6363636363636364	True
1272	3756	0.5454545454545454	True
1272	3719	0.45454545454545453	False
1272	29	0.36363636363636365	True
1272	3526	0.2727272727272727	True
1272	1702	0.18181818181818182	True
1272	1531	0.09090909090909091	True
5428	3913	0.9090909090909091	False
5428	1592	0.8181818181818182	True
5428	238	0.7272727272727273	False
5428	2407	0.6363636363636364	True
5428	2153	0.5454545454545454	False
5428	3526	0.45454545454545453	True
5428	3768	0.36363636363636365	True
5428	3538	0.2727272727272727	True
5428	2648	0.18181818181818182	True
5428	2841	0.09090909090909091	True
1533	3913	0.9090909090909091	False
1533	3526	0.8181818181818182	True
1533	1592	0.7272727272727273	True
1533	3165	0.6363636363636364	False
1533	2293	0.5454545454545454	True
1533	238	0.45454545454545453	False
1533	1702	0.36363636363636365	True
1533	3719	0.2727272727272727	False
1533	2153	0.18181818181818182	False
1533	3756	0.09090909090909091	True
2543	3913	0.9090909090909091	False
2543	2153	0.8181818181818182	False
2543	3719	0.7272727272727273	False
2543	3756	0.6363636363636364	True
2543	1422	0.5454545454545454	False
2543	2407	0.45454545454545453	True
2543	3165	0.36363636363636365	False
2543	29	0.2727272727272727	True
2543	3310	0.18181818181818182	True
2543	30	0.09090909090909091	True
2010	3913	0.9090909090909091	False
2010	3526	0.8181818181818182	True
2010	1592	0.7272727272727273	True
2010	3310	0.6363636363636364	True
2010	3756	0.5454545454545454	True
2010	2153	0.45454545454545453	False
2010	2699	0.36363636363636365	True
2010	3719	0.2727272727272727	False
2010	1702	0.18181818181818182	True
2010	1679	0.09090909090909091	True
2945	3913	0.9090909090909091	False
2945	1422	0.8181818181818182	False
2945	1081	0.7272727272727273	True
2945	1679	0.6363636363636364	True
2945	3147	0.5454545454545454	True
2945	926	0.45454545454545453	True
2945	2153	0.36363636363636365	False
2945	3165	0.2727272727272727	False
2945	537	0.18181818181818182	True
2945	238	0.09090909090909091	False
6008	3913	0.9090909090909091	False
6008	1592	0.8181818181818182	True
6008	1422	0.7272727272727273	False
6008	29	0.6363636363636364	True
6008	2648	0.5454545454545454	True
6008	1081	0.45454545454545453	True
6008	3719	0.36363636363636365	False
6008	2505	0.2727272727272727	True
6008	238	0.18181818181818182	False
6008	3165	0.09090909090909091	False
5948	3913	0.9090909090909091	False
5948	2648	0.8181818181818182	True
5948	3768	0.7272727272727273	True
5948	1081	0.6363636363636364	True
5948	1592	0.5454545454545454	True
5948	3165	0.45454545454545453	False
5948	2153	0.36363636363636365	False
5948	3526	0.2727272727272727	True
5948	2639	0.18181818181818182	True
5948	3719	0.09090909090909091	False
3679	3913	0.9090909090909091	False
3679	2505	0.8181818181818182	True
3679	3075	0.7272727272727273	True
3679	3165	0.6363636363636364	False
3679	2153	0.5454545454545454	False
3679	29	0.45454545454545453	True
3679	2699	0.36363636363636365	True
3679	10	0.2727272727272727	True
3679	3526	0.18181818181818182	True
3679	3310	0.09090909090909091	True
1068	3913	0.9090909090909091	False
1068	29	0.8181818181818182	True
1068	926	0.7272727272727273	True
1068	2648	0.6363636363636364	True
1068	1592	0.5454545454545454	True
1068	3756	0.45454545454545453	True
1068	2153	0.36363636363636365	False
1068	2639	0.2727272727272727	True
1068	2293	0.18181818181818182	True
1068	869	0.09090909090909091	True
4383	3913	0.9090909090909091	False
4383	1592	0.8181818181818182	True
4383	3756	0.7272727272727273	True
4383	3719	0.6363636363636364	False
4383	2699	0.5454545454545454	True
4383	1679	0.45454545454545453	True
4383	2639	0.36363636363636365	True
4383	537	0.2727272727272727	True
4383	1702	0.18181818181818182	True
4383	2153	0.09090909090909091	False
3906	3913	0.9090909090909091	False
3906	238	0.8181818181818182	False
3906	2153	0.7272727272727273	False
3906	1422	0.6363636363636364	False
3906	2648	0.5454545454545454	True
3906	3147	0.45454545454545453	True
3906	3165	0.36363636363636365	False
3906	1592	0.2727272727272727	True
3906	3526	0.18181818181818182	True
3906	29	0.09090909090909091	True
4286	3913	0.9090909090909091	False
4286	1702	0.8181818181818182	True
4286	3538	0.7272727272727273	True
4286	1081	0.6363636363636364	True
4286	2153	0.5454545454545454	False
4286	3310	0.45454545454545453	True
4286	2112	0.36363636363636365	True
4286	3165	0.2727272727272727	False
4286	30	0.18181818181818182	True
4286	3719	0.09090909090909091	False
1549	3913	0.9090909090909091	False
1549	1422	0.8181818181818182	False
1549	1081	0.7272727272727273	True
1549	3165	0.6363636363636364	False
1549	1592	0.5454545454545454	True
1549	3756	0.45454545454545453	True
1549	2153	0.36363636363636365	False
1549	238	0.2727272727272727	False
1549	3075	0.18181818181818182	True
1549	2293	0.09090909090909091	True
3170	3913	0.9090909090909091	False
3170	3165	0.8181818181818182	False
3170	2153	0.7272727272727273	False
3170	1702	0.6363636363636364	True
3170	238	0.5454545454545454	False
3170	3526	0.45454545454545453	True
3170	3538	0.36363636363636365	True
3170	3147	0.2727272727272727	True
3170	3719	0.18181818181818182	False
3170	2648	0.09090909090909091	True
2816	3913	0.9090909090909091	False
2816	2153	0.8181818181818182	False
2816	3719	0.7272727272727273	False
2816	1081	0.6363636363636364	True
2816	2639	0.5454545454545454	True
2816	3768	0.45454545454545453	True
2816	3165	0.36363636363636365	False
2816	1702	0.2727272727272727	True
2816	238	0.18181818181818182	False
2816	2648	0.09090909090909091	True
4571	3913	0.9090909090909091	False
4571	2153	0.8181818181818182	False
4571	238	0.7272727272727273	False
4571	1516	0.6363636363636364	True
4571	926	0.5454545454545454	True
4571	3165	0.45454545454545453	False
4571	1081	0.36363636363636365	True
4571	3719	0.2727272727272727	False
4571	869	0.18181818181818182	True
4571	2293	0.09090909090909091	True
2569	3913	0.9090909090909091	False
2569	2153	0.8181818181818182	False
2569	3538	0.7272727272727273	True
2569	3165	0.6363636363636364	False
2569	30	0.5454545454545454	True
2569	3719	0.45454545454545453	False
2569	238	0.36363636363636365	False
2569	3526	0.2727272727272727	True
2569	1422	0.18181818181818182	False
2569	1516	0.09090909090909091	True
3355	3913	0.9090909090909091	False
3355	238	0.8181818181818182	False
3355	1422	0.7272727272727273	False
3355	3526	0.6363636363636364	True
3355	2505	0.5454545454545454	True
3355	2153	0.45454545454545453	False
3355	1592	0.36363636363636365	True
3355	2407	0.2727272727272727	True
3355	3165	0.18181818181818182	False
3355	2639	0.09090909090909091	True
3588	3913	0.9090909090909091	False
3588	2153	0.8181818181818182	False
3588	3075	0.7272727272727273	True
3588	2648	0.6363636363636364	True
3588	926	0.5454545454545454	True
3588	1516	0.45454545454545453	True
3588	29	0.36363636363636365	True
3588	3165	0.2727272727272727	False
3588	3719	0.18181818181818182	False
3588	869	0.09090909090909091	True
2054	3913	0.9090909090909091	False
2054	1592	0.8181818181818182	True
2054	537	0.7272727272727273	True
2054	1081	0.6363636363636364	True
2054	1679	0.5454545454545454	True
2054	2639	0.45454545454545453	True
2054	2648	0.36363636363636365	True
2054	926	0.2727272727272727	True
2054	2153	0.18181818181818182	False
2054	2293	0.09090909090909091	True
3603	3913	0.9090909090909091	False
3603	1592	0.8181818181818182	True
3603	2648	0.7272727272727273	True
3603	2153	0.6363636363636364	False
3603	1679	0.5454545454545454	True
3603	3756	0.45454545454545453	True
3603	3165	0.36363636363636365	False
3603	3075	0.2727272727272727	True
3603	2699	0.18181818181818182	True
3603	10	0.09090909090909091	True
4757	3165	0.9090909090909091	False
4757	3913	0.8181818181818182	False
4757	2505	0.7272727272727273	True
4757	2153	0.6363636363636364	False
4757	29	0.5454545454545454	True
4757	238	0.45454545454545453	False
4757	869	0.36363636363636365	True
4757	3526	0.2727272727272727	True
4757	1422	0.18181818181818182	False
4757	2451	0.09090909090909091	True
4793	3913	0.9090909090909091	False
4793	2648	0.8181818181818182	True
4793	2153	0.7272727272727273	False
4793	1592	0.6363636363636364	True
4793	2293	0.5454545454545454	True
4793	3165	0.45454545454545453	False
4793	3768	0.36363636363636365	True
4793	926	0.2727272727272727	True
4793	3756	0.18181818181818182	True
4793	238	0.09090909090909091	False
5933	3913	0.9090909090909091	False
5933	29	0.8181818181818182	True
5933	2648	0.7272727272727273	True
5933	2153	0.6363636363636364	False
5933	3165	0.5454545454545454	False
5933	3014	0.45454545454545453	True
5933	1592	0.36363636363636365	True
5933	3538	0.2727272727272727	True
5933	3756	0.18181818181818182	True
5933	869	0.09090909090909091	True
693	3913	0.9090909090909091	False
693	2153	0.8181818181818182	False
693	238	0.7272727272727273	False
693	1516	0.6363636363636364	True
693	3165	0.5454545454545454	False
693	869	0.45454545454545453	True
693	2841	0.36363636363636365	True
693	3719	0.2727272727272727	False
693	1422	0.18181818181818182	False
693	1081	0.09090909090909091	True
3774	3913	0.9090909090909091	False
3774	1592	0.8181818181818182	True
3774	29	0.7272727272727273	True
3774	2153	0.6363636363636364	False
3774	3719	0.5454545454545454	False
3774	3165	0.45454545454545453	False
3774	3526	0.36363636363636365	True
3774	238	0.2727272727272727	False
3774	2648	0.18181818181818182	True
3774	3014	0.09090909090909091	True
5112	3913	0.9090909090909091	False
5112	2407	0.8181818181818182	True
5112	2841	0.7272727272727273	True
5112	3756	0.6363636363636364	True
5112	1081	0.5454545454545454	True
5112	1422	0.45454545454545453	False
5112	2648	0.36363636363636365	True
5112	3075	0.2727272727272727	True
5112	3165	0.18181818181818182	False
5112	2153	0.09090909090909091	False
4153	3913	0.9090909090909091	False
4153	2153	0.8181818181818182	False
4153	3719	0.7272727272727273	False
4153	1592	0.6363636363636364	True
4153	3768	0.5454545454545454	True
4153	1422	0.45454545454545453	False
4153	238	0.36363636363636365	False
4153	2648	0.2727272727272727	True
4153	2639	0.18181818181818182	True
4153	3756	0.09090909090909091	True
2984	3913	0.9090909090909091	False
2984	2153	0.8181818181818182	False
2984	2648	0.7272727272727273	True
2984	3165	0.6363636363636364	False
2984	1422	0.5454545454545454	False
2984	1592	0.45454545454545453	True
2984	3719	0.36363636363636365	False
2984	3756	0.2727272727272727	True
2984	1081	0.18181818181818182	True
2984	238	0.09090909090909091	False
3364	3913	0.9090909090909091	False
3364	1679	0.8181818181818182	True
3364	3756	0.7272727272727273	True
3364	1592	0.6363636363636364	True
3364	3538	0.5454545454545454	True
3364	2407	0.45454545454545453	True
3364	1702	0.36363636363636365	True
3364	2639	0.2727272727272727	True
3364	1531	0.18181818181818182	True
3364	3147	0.09090909090909091	True
2912	3913	0.9090909090909091	False
2912	3719	0.8181818181818182	False
2912	3165	0.7272727272727273	False
2912	3526	0.6363636363636364	True
2912	1702	0.5454545454545454	True
2912	29	0.45454545454545453	True
2912	2153	0.36363636363636365	False
2912	238	0.2727272727272727	False
2912	3310	0.18181818181818182	True
2912	2293	0.09090909090909091	True
3060	3913	0.9090909090909091	False
3060	2153	0.8181818181818182	False
3060	3165	0.7272727272727273	False
3060	3147	0.6363636363636364	True
3060	2648	0.5454545454545454	True
3060	238	0.45454545454545453	False
3060	29	0.36363636363636365	True
3060	1422	0.2727272727272727	False
3060	1592	0.18181818181818182	True
3060	3014	0.09090909090909091	True
5155	3913	0.9090909090909091	False
5155	3719	0.8181818181818182	False
5155	3756	0.7272727272727273	True
5155	3538	0.6363636363636364	True
5155	2153	0.5454545454545454	False
5155	29	0.45454545454545453	True
5155	2639	0.36363636363636365	True
5155	3526	0.2727272727272727	True
5155	1516	0.18181818181818182	True
5155	3310	0.09090909090909091	True
3526	3913	0.9090909090909091	False
3526	3310	0.8181818181818182	True
3526	3165	0.7272727272727273	False
3526	1702	0.6363636363636364	True
3526	3719	0.5454545454545454	False
3526	2153	0.45454545454545453	False
3526	3526	0.36363636363636365	True
3526	3756	0.2727272727272727	True
3526	2407	0.18181818181818182	True
3526	30	0.09090909090909091	True
5300	3913	0.9090909090909091	False
5300	29	0.8181818181818182	True
5300	2648	0.7272727272727273	True
5300	3165	0.6363636363636364	False
5300	1592	0.5454545454545454	True
5300	3538	0.45454545454545453	True
5300	869	0.36363636363636365	True
5300	1081	0.2727272727272727	True
5300	3719	0.18181818181818182	False
5300	1422	0.09090909090909091	False
3427	3913	0.9090909090909091	False
3427	2648	0.8181818181818182	True
3427	3165	0.7272727272727273	False
3427	1592	0.6363636363636364	True
3427	2153	0.5454545454545454	False
3427	72	0.45454545454545453	True
3427	10	0.36363636363636365	True
3427	2293	0.2727272727272727	True
3427	29	0.18181818181818182	True
3427	1702	0.09090909090909091	True
260	3913	0.9090909090909091	False
260	2648	0.8181818181818182	True
260	3756	0.7272727272727273	True
260	2153	0.6363636363636364	False
260	3310	0.5454545454545454	True
260	1592	0.45454545454545453	True
260	10	0.36363636363636365	True
260	869	0.2727272727272727	True
260	2699	0.18181818181818182	True
260	29	0.09090909090909091	True
5614	3913	0.9090909090909091	False
5614	2648	0.8181818181818182	True
5614	2153	0.7272727272727273	False
5614	238	0.6363636363636364	False
5614	1592	0.5454545454545454	True
5614	3756	0.45454545454545453	True
5614	2293	0.36363636363636365	True
5614	1422	0.2727272727272727	False
5614	3075	0.18181818181818182	True
5614	29	0.09090909090909091	True
1285	3913	0.9090909090909091	False
1285	1592	0.8181818181818182	True
1285	3719	0.7272727272727273	False
1285	2639	0.6363636363636364	True
1285	1679	0.5454545454545454	True
1285	2153	0.45454545454545453	False
1285	537	0.36363636363636365	True
1285	1531	0.2727272727272727	True
1285	1081	0.18181818181818182	True
1285	3756	0.09090909090909091	True
617	3913	0.9090909090909091	False
617	2153	0.8181818181818182	False
617	1422	0.7272727272727273	False
617	2505	0.6363636363636364	True
617	3719	0.5454545454545454	False
617	3165	0.45454545454545453	False
617	238	0.36363636363636365	False
617	3526	0.2727272727272727	True
617	3768	0.18181818181818182	True
617	3310	0.09090909090909091	True
1935	3913	0.9090909090909091	False
1935	3526	0.8181818181818182	True
1935	3165	0.7272727272727273	False
1935	3756	0.6363636363636364	True
1935	2293	0.5454545454545454	True
1935	238	0.45454545454545453	False
1935	2648	0.36363636363636365	True
1935	2153	0.2727272727272727	False
1935	1592	0.18181818181818182	True
1935	1422	0.09090909090909091	False
1551	3913	0.9090909090909091	False
1551	3756	0.8181818181818182	True
1551	1679	0.7272727272727273	True
1551	2639	0.6363636363636364	True
1551	2153	0.5454545454545454	False
1551	2407	0.45454545454545453	True
1551	3538	0.36363636363636365	True
1551	1592	0.2727272727272727	True
1551	2505	0.18181818181818182	True
1551	238	0.09090909090909091	False
982	3913	0.9090909090909091	False
982	2153	0.8181818181818182	False
982	3165	0.7272727272727273	False
982	1422	0.6363636363636364	False
982	3719	0.5454545454545454	False
982	3075	0.45454545454545453	True
982	29	0.36363636363636365	True
982	238	0.2727272727272727	False
982	1516	0.18181818181818182	True
982	869	0.09090909090909091	True
940	3913	0.9090909090909091	False
940	238	0.8181818181818182	False
940	2407	0.7272727272727273	True
940	2153	0.6363636363636364	False
940	3756	0.5454545454545454	True
940	3719	0.45454545454545453	False
940	3768	0.36363636363636365	True
940	2639	0.2727272727272727	True
940	1081	0.18181818181818182	True
940	2841	0.09090909090909091	True
4959	3913	0.9090909090909091	False
4959	1592	0.8181818181818182	True
4959	2648	0.7272727272727273	True
4959	1679	0.6363636363636364	True
4959	3165	0.5454545454545454	False
4959	3719	0.45454545454545453	False
4959	2699	0.36363636363636365	True
4959	3014	0.2727272727272727	True
4959	1422	0.18181818181818182	False
4959	29	0.09090909090909091	True
1654	3913	0.9090909090909091	False
1654	2153	0.8181818181818182	False
1654	238	0.7272727272727273	False
1654	1592	0.6363636363636364	True
1654	1422	0.5454545454545454	False
1654	1679	0.45454545454545453	True
1654	3526	0.36363636363636365	True
1654	3165	0.2727272727272727	False
1654	1081	0.18181818181818182	True
1654	2648	0.09090909090909091	True
3122	3913	0.9090909090909091	False
3122	2153	0.8181818181818182	False
3122	238	0.7272727272727273	False
3122	3165	0.6363636363636364	False
3122	3756	0.5454545454545454	True
3122	1422	0.45454545454545453	False
3122	1081	0.36363636363636365	True
3122	3526	0.2727272727272727	True
3122	2505	0.18181818181818182	True
3122	30	0.09090909090909091	True
6019	3913	0.9090909090909091	False
6019	3756	0.8181818181818182	True
6019	1081	0.7272727272727273	True
6019	3310	0.6363636363636364	True
6019	10	0.5454545454545454	True
6019	2639	0.45454545454545453	True
6019	1592	0.36363636363636365	True
6019	1422	0.2727272727272727	False
6019	2648	0.18181818181818182	True
6019	3526	0.09090909090909091	True
1139	3913	0.9090909090909091	False
1139	3165	0.8181818181818182	False
1139	2153	0.7272727272727273	False
1139	3719	0.6363636363636364	False
1139	29	0.5454545454545454	True
1139	3526	0.45454545454545453	True
1139	2648	0.36363636363636365	True
1139	3014	0.2727272727272727	True
1139	2699	0.18181818181818182	True
1139	3310	0.09090909090909091	True
1729	3913	0.9090909090909091	False
1729	2407	0.8181818181818182	True
1729	1081	0.7272727272727273	True
1729	3538	0.6363636363636364	True
1729	238	0.5454545454545454	False
1729	3719	0.45454545454545453	False
1729	2293	0.36363636363636365	True
1729	29	0.2727272727272727	True
1729	2639	0.18181818181818182	True
1729	926	0.09090909090909091	True
3288	3913	0.9090909090909091	False
3288	2153	0.8181818181818182	False
3288	3756	0.7272727272727273	True
3288	1592	0.6363636363636364	True
3288	1679	0.5454545454545454	True
3288	3521	0.45454545454545453	True
3288	1422	0.36363636363636365	False
3288	3165	0.2727272727272727	False
3288	2505	0.18181818181818182	True
3288	2648	0.09090909090909091	True
1153	3913	0.9090909090909091	False
1153	3719	0.8181818181818182	False
1153	2407	0.7272727272727273	True
1153	1592	0.6363636363636364	True
1153	3075	0.5454545454545454	True
1153	2699	0.45454545454545453	True
1153	3310	0.36363636363636365	True
1153	2153	0.2727272727272727	False
1153	1702	0.18181818181818182	True
1153	238	0.09090909090909091	False
3178	3913	0.9090909090909091	False
3178	2153	0.8181818181818182	False
3178	2505	0.7272727272727273	True
3178	1592	0.6363636363636364	True
3178	3756	0.5454545454545454	True
3178	1422	0.45454545454545453	False
3178	238	0.36363636363636365	False
3178	3526	0.2727272727272727	True
3178	3165	0.18181818181818182	False
3178	1679	0.09090909090909091	True
4704	3913	0.9090909090909091	False
4704	1592	0.8181818181818182	True
4704	1679	0.7272727272727273	True
4704	2648	0.6363636363636364	True
4704	3756	0.5454545454545454	True
4704	29	0.45454545454545453	True
4704	1702	0.36363636363636365	True
4704	1081	0.2727272727272727	True
4704	2407	0.18181818181818182	True
4704	2639	0.09090909090909091	True
1805	3913	0.9090909090909091	False
1805	2153	0.8181818181818182	False
1805	1081	0.7272727272727273	True
1805	2648	0.6363636363636364	True
1805	3165	0.5454545454545454	False
1805	3310	0.45454545454545453	True
1805	1702	0.36363636363636365	True
1805	3538	0.2727272727272727	True
1805	30	0.18181818181818182	True
1805	1679	0.09090909090909091	True
4866	3913	0.9090909090909091	False
4866	1679	0.8181818181818182	True
4866	72	0.7272727272727273	True
4866	1592	0.6363636363636364	True
4866	537	0.5454545454545454	True
4866	29	0.45454545454545453	True
4866	2639	0.36363636363636365	True
4866	2407	0.2727272727272727	True
4866	2648	0.18181818181818182	True
4866	1081	0.09090909090909091	True
4769	3913	0.9090909090909091	False
4769	2153	0.8181818181818182	False
4769	2648	0.7272727272727273	True
4769	3165	0.6363636363636364	False
4769	3310	0.5454545454545454	True
4769	3756	0.45454545454545453	True
4769	29	0.36363636363636365	True
4769	2699	0.2727272727272727	True
4769	1422	0.18181818181818182	False
4769	3147	0.09090909090909091	True
950	3913	0.9090909090909091	False
950	2153	0.8181818181818182	False
950	3165	0.7272727272727273	False
950	238	0.6363636363636364	False
950	2648	0.5454545454545454	True
950	3719	0.45454545454545453	False
950	2841	0.36363636363636365	True
950	1702	0.2727272727272727	True
950	2293	0.18181818181818182	True
950	3526	0.09090909090909091	True
2399	3913	0.9090909090909091	False
2399	2648	0.8181818181818182	True
2399	1592	0.7272727272727273	True
2399	2153	0.6363636363636364	False
2399	3719	0.5454545454545454	False
2399	3165	0.45454545454545453	False
2399	3538	0.36363636363636365	True
2399	3075	0.2727272727272727	True
2399	2112	0.18181818181818182	True
2399	238	0.09090909090909091	False
287	3913	0.9090909090909091	False
287	3719	0.8181818181818182	False
287	238	0.7272727272727273	False
287	2639	0.6363636363636364	True
287	2505	0.5454545454545454	True
287	1679	0.45454545454545453	True
287	1702	0.36363636363636365	True
287	2621	0.2727272727272727	True
287	2585	0.18181818181818182	True
287	2153	0.09090909090909091	False
1359	3913	0.9090909090909091	False
1359	29	0.8181818181818182	True
1359	2407	0.7272727272727273	True
1359	2648	0.6363636363636364	True
1359	2639	0.5454545454545454	True
1359	1422	0.45454545454545453	False
1359	3719	0.36363636363636365	False
1359	1592	0.2727272727272727	True
1359	1679	0.18181818181818182	True
1359	926	0.09090909090909091	True
4857	3913	0.9090909090909091	False
4857	29	0.8181818181818182	True
4857	3075	0.7272727272727273	True
4857	2153	0.6363636363636364	False
4857	2699	0.5454545454545454	True
4857	2648	0.45454545454545453	True
4857	1592	0.36363636363636365	True
4857	3165	0.2727272727272727	False
4857	3719	0.18181818181818182	False
4857	3147	0.09090909090909091	True
3665	3913	0.9090909090909091	False
3665	2153	0.8181818181818182	False
3665	1422	0.7272727272727273	False
3665	1081	0.6363636363636364	True
3665	238	0.5454545454545454	False
3665	29	0.45454545454545453	True
3665	926	0.36363636363636365	True
3665	1516	0.2727272727272727	True
3665	1531	0.18181818181818182	True
3665	3165	0.09090909090909091	False
4098	3913	0.9090909090909091	False
4098	2153	0.8181818181818182	False
4098	3165	0.7272727272727273	False
4098	30	0.6363636363636364	True
4098	3719	0.5454545454545454	False
4098	1422	0.45454545454545453	False
4098	1702	0.36363636363636365	True
4098	2505	0.2727272727272727	True
4098	238	0.18181818181818182	False
4098	3526	0.09090909090909091	True
5494	3913	0.9090909090909091	False
5494	2153	0.8181818181818182	False
5494	2648	0.7272727272727273	True
5494	3165	0.6363636363636364	False
5494	1592	0.5454545454545454	True
5494	3526	0.45454545454545453	True
5494	238	0.36363636363636365	False
5494	29	0.2727272727272727	True
5494	1422	0.18181818181818182	False
5494	3756	0.09090909090909091	True
1791	3913	0.9090909090909091	False
1791	3165	0.8181818181818182	False
1791	3719	0.7272727272727273	False
1791	1964	0.6363636363636364	True
1791	3768	0.5454545454545454	True
1791	29	0.45454545454545453	True
1791	1516	0.36363636363636365	True
1791	869	0.2727272727272727	True
1791	3526	0.18181818181818182	True
1791	1702	0.09090909090909091	True
1513	3913	0.9090909090909091	False
1513	238	0.8181818181818182	False
1513	3719	0.7272727272727273	False
1513	29	0.6363636363636364	True
1513	1516	0.5454545454545454	True
1513	2153	0.45454545454545453	False
1513	1422	0.36363636363636365	False
1513	869	0.2727272727272727	True
1513	1081	0.18181818181818182	True
1513	2648	0.09090909090909091	True
3057	3913	0.9090909090909091	False
3057	1592	0.8181818181818182	True
3057	2153	0.7272727272727273	False
3057	3165	0.6363636363636364	False
3057	3075	0.5454545454545454	True
3057	238	0.45454545454545453	False
3057	29	0.36363636363636365	True
3057	3719	0.2727272727272727	False
3057	2699	0.18181818181818182	True
3057	2505	0.09090909090909091	True
2025	3913	0.9090909090909091	False
2025	2699	0.8181818181818182	True
2025	3165	0.7272727272727273	False
2025	1679	0.6363636363636364	True
2025	2153	0.5454545454545454	False
2025	869	0.45454545454545453	True
2025	3756	0.36363636363636365	True
2025	29	0.2727272727272727	True
2025	3310	0.18181818181818182	True
2025	3719	0.09090909090909091	False
3039	3913	0.9090909090909091	False
3039	2153	0.8181818181818182	False
3039	3165	0.7272727272727273	False
3039	3756	0.6363636363636364	True
3039	238	0.5454545454545454	False
3039	1422	0.45454545454545453	False
3039	3526	0.36363636363636365	True
3039	1081	0.2727272727272727	True
3039	29	0.18181818181818182	True
3039	2648	0.09090909090909091	True
3188	3913	0.9090909090909091	False
3188	2153	0.8181818181818182	False
3188	3165	0.7272727272727273	False
3188	3310	0.6363636363636364	True
3188	3719	0.5454545454545454	False
3188	1422	0.45454545454545453	False
3188	238	0.36363636363636365	False
3188	3526	0.2727272727272727	True
3188	2648	0.18181818181818182	True
3188	3756	0.09090909090909091	True
857	3913	0.9090909090909091	False
857	2153	0.8181818181818182	False
857	1702	0.7272727272727273	True
857	3526	0.6363636363636364	True
857	1592	0.5454545454545454	True
857	3165	0.45454545454545453	False
857	2505	0.36363636363636365	True
857	1679	0.2727272727272727	True
857	3768	0.18181818181818182	True
857	238	0.09090909090909091	False
3593	3913	0.9090909090909091	False
3593	3165	0.8181818181818182	False
3593	2153	0.7272727272727273	False
3593	3719	0.6363636363636364	False
3593	3310	0.5454545454545454	True
3593	2648	0.45454545454545453	True
3593	1702	0.36363636363636365	True
3593	2699	0.2727272727272727	True
3593	3075	0.18181818181818182	True
3593	1975	0.09090909090909091	True
2107	3913	0.9090909090909091	False
2107	2153	0.8181818181818182	False
2107	2648	0.7272727272727273	True
2107	3147	0.6363636363636364	True
2107	2841	0.5454545454545454	True
2107	1592	0.45454545454545453	True
2107	72	0.36363636363636365	True
2107	1679	0.2727272727272727	True
2107	238	0.18181818181818182	False
2107	3165	0.09090909090909091	False
2006	3913	0.9090909090909091	False
2006	2153	0.8181818181818182	False
2006	238	0.7272727272727273	False
2006	2505	0.6363636363636364	True
2006	3756	0.5454545454545454	True
2006	1422	0.45454545454545453	False
2006	2648	0.36363636363636365	True
2006	3165	0.2727272727272727	False
2006	2841	0.18181818181818182	True
2006	1592	0.09090909090909091	True
1343	3913	0.9090909090909091	False
1343	2153	0.8181818181818182	False
1343	2505	0.7272727272727273	True
1343	238	0.6363636363636364	False
1343	3526	0.5454545454545454	True
1343	1592	0.45454545454545453	True
1343	3165	0.36363636363636365	False
1343	29	0.2727272727272727	True
1343	869	0.18181818181818182	True
1343	2648	0.09090909090909091	True
2670	3913	0.9090909090909091	False
2670	3165	0.8181818181818182	False
2670	1422	0.7272727272727273	False
2670	2505	0.6363636363636364	True
2670	30	0.5454545454545454	True
2670	3719	0.45454545454545453	False
2670	2153	0.36363636363636365	False
2670	1679	0.2727272727272727	True
2670	1516	0.18181818181818182	True
2670	1081	0.09090909090909091	True
3904	3913	0.9090909090909091	False
3904	2648	0.8181818181818182	True
3904	3756	0.7272727272727273	True
3904	1592	0.6363636363636364	True
3904	2153	0.5454545454545454	False
3904	1081	0.45454545454545453	True
3904	1422	0.36363636363636365	False
3904	537	0.2727272727272727	True
3904	72	0.18181818181818182	True
3904	10	0.09090909090909091	True
1023	3913	0.9090909090909091	False
1023	3719	0.8181818181818182	False
1023	2639	0.7272727272727273	True
1023	2153	0.6363636363636364	False
1023	3756	0.5454545454545454	True
1023	3014	0.45454545454545453	True
1023	2648	0.36363636363636365	True
1023	29	0.2727272727272727	True
1023	1592	0.18181818181818182	True
1023	869	0.09090909090909091	True
2031	3913	0.9090909090909091	False
2031	2648	0.8181818181818182	True
2031	3310	0.7272727272727273	True
2031	1422	0.6363636363636364	False
2031	2153	0.5454545454545454	False
2031	3719	0.45454545454545453	False
2031	3165	0.36363636363636365	False
2031	1592	0.2727272727272727	True
2031	3756	0.18181818181818182	True
2031	3526	0.09090909090909091	True
206	3913	0.9090909090909091	False
206	3526	0.8181818181818182	True
206	3165	0.7272727272727273	False
206	238	0.6363636363636364	False
206	1592	0.5454545454545454	True
206	2153	0.45454545454545453	False
206	1422	0.36363636363636365	False
206	29	0.2727272727272727	True
206	3538	0.18181818181818182	True
206	2505	0.09090909090909091	True
5183	3913	0.9090909090909091	False
5183	2153	0.8181818181818182	False
5183	1081	0.7272727272727273	True
5183	3768	0.6363636363636364	True
5183	3165	0.5454545454545454	False
5183	3719	0.45454545454545453	False
5183	3756	0.36363636363636365	True
5183	2407	0.2727272727272727	True
5183	1592	0.18181818181818182	True
5183	1702	0.09090909090909091	True
111	3913	0.9090909090909091	False
111	3526	0.8181818181818182	True
111	1592	0.7272727272727273	True
111	2407	0.6363636363636364	True
111	238	0.5454545454545454	False
111	3756	0.45454545454545453	True
111	2293	0.36363636363636365	True
111	1422	0.2727272727272727	False
111	3310	0.18181818181818182	True
111	2153	0.09090909090909091	False
697	3913	0.9090909090909091	False
697	2153	0.8181818181818182	False
697	3165	0.7272727272727273	False
697	29	0.6363636363636364	True
697	1516	0.5454545454545454	True
697	926	0.45454545454545453	True
697	238	0.36363636363636365	False
697	3147	0.2727272727272727	True
697	2505	0.18181818181818182	True
697	2699	0.09090909090909091	True
5521	2293	0.9090909090909091	True
5521	2639	0.8181818181818182	True
5521	1081	0.7272727272727273	True
5521	1592	0.6363636363636364	True
5521	2648	0.5454545454545454	True
5521	3756	0.45454545454545453	True
5521	926	0.36363636363636365	True
5521	1531	0.2727272727272727	True
5521	72	0.18181818181818182	True
5521	238	0.09090909090909091	False
1361	3913	0.9090909090909091	False
1361	3165	0.8181818181818182	False
1361	3526	0.7272727272727273	True
1361	3310	0.6363636363636364	True
1361	2153	0.5454545454545454	False
1361	29	0.45454545454545453	True
1361	238	0.36363636363636365	False
1361	3719	0.2727272727272727	False
1361	3014	0.18181818181818182	True
1361	41	0.09090909090909091	True
6002	3913	0.9090909090909091	False
6002	238	0.8181818181818182	False
6002	1592	0.7272727272727273	True
6002	2153	0.6363636363636364	False
6002	3538	0.5454545454545454	True
6002	3526	0.45454545454545453	True
6002	1081	0.36363636363636365	True
6002	2293	0.2727272727272727	True
6002	3165	0.18181818181818182	False
6002	1679	0.09090909090909091	True
2175	3913	0.9090909090909091	False
2175	2407	0.8181818181818182	True
2175	1422	0.7272727272727273	False
2175	3075	0.6363636363636364	True
2175	2648	0.5454545454545454	True
2175	3719	0.45454545454545453	False
2175	1592	0.36363636363636365	True
2175	3165	0.2727272727272727	False
2175	3756	0.18181818181818182	True
2175	1679	0.09090909090909091	True
3374	3913	0.9090909090909091	False
3374	2153	0.8181818181818182	False
3374	238	0.7272727272727273	False
3374	3756	0.6363636363636364	True
3374	1592	0.5454545454545454	True
3374	2639	0.45454545454545453	True
3374	2841	0.36363636363636365	True
3374	1081	0.2727272727272727	True
3374	1422	0.18181818181818182	False
3374	3768	0.09090909090909091	True
1344	3913	0.9090909090909091	False
1344	3165	0.8181818181818182	False
1344	3526	0.7272727272727273	True
1344	2153	0.6363636363636364	False
1344	3719	0.5454545454545454	False
1344	238	0.45454545454545453	False
1344	1516	0.36363636363636365	True
1344	1702	0.2727272727272727	True
1344	3310	0.18181818181818182	True
1344	30	0.09090909090909091	True
167	3913	0.9090909090909091	False
167	3165	0.8181818181818182	False
167	2153	0.7272727272727273	False
167	3719	0.6363636363636364	False
167	1422	0.5454545454545454	False
167	1516	0.45454545454545453	True
167	29	0.36363636363636365	True
167	3526	0.2727272727272727	True
167	238	0.18181818181818182	False
167	3075	0.09090909090909091	True
3813	3913	0.9090909090909091	False
3813	2153	0.8181818181818182	False
3813	3165	0.7272727272727273	False
3813	3310	0.6363636363636364	True
3813	3526	0.5454545454545454	True
3813	3719	0.45454545454545453	False
3813	1422	0.36363636363636365	False
3813	1592	0.2727272727272727	True
3813	3768	0.18181818181818182	True
3813	2505	0.09090909090909091	True
512	3913	0.9090909090909091	False
512	2153	0.8181818181818182	False
512	2505	0.7272727272727273	True
512	3165	0.6363636363636364	False
512	1592	0.5454545454545454	True
512	29	0.45454545454545453	True
512	238	0.36363636363636365	False
512	3719	0.2727272727272727	False
512	2648	0.18181818181818182	True
512	2699	0.09090909090909091	True
3552	3913	0.9090909090909091	False
3552	3526	0.8181818181818182	True
3552	2153	0.7272727272727273	False
3552	3165	0.6363636363636364	False
3552	2293	0.5454545454545454	True
3552	238	0.45454545454545453	False
3552	3756	0.36363636363636365	True
3552	1702	0.2727272727272727	True
3552	3719	0.18181818181818182	False
3552	2648	0.09090909090909091	True
3298	3913	0.9090909090909091	False
3298	1422	0.8181818181818182	False
3298	3756	0.7272727272727273	True
3298	2505	0.6363636363636364	True
3298	3165	0.5454545454545454	False
3298	238	0.45454545454545453	False
3298	3526	0.36363636363636365	True
3298	2639	0.2727272727272727	True
3298	869	0.18181818181818182	True
3298	2153	0.09090909090909091	False
5489	3913	0.9090909090909091	False
5489	926	0.8181818181818182	True
5489	1422	0.7272727272727273	False
5489	1081	0.6363636363636364	True
5489	2648	0.5454545454545454	True
5489	2153	0.45454545454545453	False
5489	2293	0.36363636363636365	True
5489	3075	0.2727272727272727	True
5489	1516	0.18181818181818182	True
5489	2841	0.09090909090909091	True
1436	3913	0.9090909090909091	False
1436	1592	0.8181818181818182	True
1436	2505	0.7272727272727273	True
1436	29	0.6363636363636364	True
1436	2153	0.5454545454545454	False
1436	2648	0.45454545454545453	True
1436	3165	0.36363636363636365	False
1436	3014	0.2727272727272727	True
1436	1422	0.18181818181818182	False
1436	238	0.09090909090909091	False
