1761	3793	0.9090909090909091	False
1761	885	0.8181818181818182	False
1761	353	0.7272727272727273	False
1761	1623	0.6363636363636364	True
1761	2388	0.5454545454545454	False
1761	1600	0.45454545454545453	False
1761	1150	0.36363636363636365	True
1761	461	0.2727272727272727	True
1761	212	0.18181818181818182	True
1761	3412	0.09090909090909091	True
1548	885	0.9090909090909091	False
1548	353	0.8181818181818182	False
1548	3793	0.7272727272727273	False
1548	1600	0.6363636363636364	False
1548	2388	0.5454545454545454	False
1548	1150	0.45454545454545453	True
1548	461	0.36363636363636365	True
1548	1623	0.2727272727272727	True
1548	3412	0.18181818181818182	True
1548	478	0.09090909090909091	True
5844	3793	0.9090909090909091	False
5844	2388	0.8181818181818182	False
5844	885	0.7272727272727273	False
5844	353	0.6363636363636364	False
5844	1600	0.5454545454545454	False
5844	461	0.45454545454545453	True
5844	1150	0.36363636363636365	True
5844	1623	0.2727272727272727	True
5844	478	0.18181818181818182	True
5844	212	0.09090909090909091	True
5887	353	0.9090909090909091	False
5887	885	0.8181818181818182	False
5887	3793	0.7272727272727273	False
5887	1600	0.6363636363636364	False
5887	2388	0.5454545454545454	False
5887	1150	0.45454545454545453	True
5887	1623	0.36363636363636365	True
5887	461	0.2727272727272727	True
5887	24	0.18181818181818182	True
5887	478	0.09090909090909091	True
1486	3793	0.9090909090909091	False
1486	353	0.8181818181818182	False
1486	2388	0.7272727272727273	False
1486	1600	0.6363636363636364	False
1486	885	0.5454545454545454	False
1486	1150	0.45454545454545453	True
1486	461	0.36363636363636365	True
1486	1623	0.2727272727272727	True
1486	212	0.18181818181818182	True
1486	478	0.09090909090909091	True
3773	3793	0.9090909090909091	False
3773	353	0.8181818181818182	False
3773	885	0.7272727272727273	False
3773	2388	0.6363636363636364	False
3773	461	0.5454545454545454	True
3773	1600	0.45454545454545453	False
3773	1623	0.36363636363636365	True
3773	212	0.2727272727272727	True
3773	478	0.18181818181818182	True
3773	3412	0.09090909090909091	True
4186	885	0.9090909090909091	False
4186	3793	0.8181818181818182	False
4186	1600	0.7272727272727273	False
4186	353	0.6363636363636364	False
4186	2388	0.5454545454545454	False
4186	1150	0.45454545454545453	True
4186	1623	0.36363636363636365	True
4186	294	0.2727272727272727	True
4186	3412	0.18181818181818182	True
4186	461	0.09090909090909091	True
4723	1600	0.9090909090909091	False
4723	3793	0.8181818181818182	False
4723	885	0.7272727272727273	False
4723	1150	0.6363636363636364	True
4723	353	0.5454545454545454	False
4723	2388	0.45454545454545453	False
4723	1623	0.36363636363636365	True
4723	3412	0.2727272727272727	True
4723	212	0.18181818181818182	True
4723	294	0.09090909090909091	True
1163	3793	0.9090909090909091	False
1163	885	0.8181818181818182	False
1163	1600	0.7272727272727273	False
1163	353	0.6363636363636364	False
1163	2388	0.5454545454545454	False
1163	461	0.45454545454545453	True
1163	1150	0.36363636363636365	True
1163	1623	0.2727272727272727	True
1163	212	0.18181818181818182	True
1163	3412	0.09090909090909091	True
2459	3793	0.9090909090909091	False
2459	353	0.8181818181818182	False
2459	2388	0.7272727272727273	False
2459	885	0.6363636363636364	False
2459	1600	0.5454545454545454	False
2459	1150	0.45454545454545453	True
2459	461	0.36363636363636365	True
2459	1623	0.2727272727272727	True
2459	212	0.18181818181818182	True
2459	478	0.09090909090909091	True
4682	3793	0.9090909090909091	False
4682	885	0.8181818181818182	False
4682	353	0.7272727272727273	False
4682	1600	0.6363636363636364	False
4682	2388	0.5454545454545454	False
4682	1150	0.45454545454545453	True
4682	212	0.36363636363636365	True
4682	461	0.2727272727272727	True
4682	1623	0.18181818181818182	True
4682	3412	0.09090909090909091	True
4996	3793	0.9090909090909091	False
4996	885	0.8181818181818182	False
4996	1600	0.7272727272727273	False
4996	1150	0.6363636363636364	True
4996	353	0.5454545454545454	False
4996	461	0.45454545454545453	True
4996	1623	0.36363636363636365	True
4996	2388	0.2727272727272727	False
4996	3412	0.18181818181818182	True
4996	24	0.09090909090909091	True
3943	2388	0.9090909090909091	False
3943	3793	0.8181818181818182	False
3943	1600	0.7272727272727273	False
3943	885	0.6363636363636364	False
3943	353	0.5454545454545454	False
3943	1150	0.45454545454545453	True
3943	461	0.36363636363636365	True
3943	478	0.2727272727272727	True
3943	1623	0.18181818181818182	True
3943	212	0.09090909090909091	True
4559	1600	0.9090909090909091	False
4559	3793	0.8181818181818182	False
4559	885	0.7272727272727273	False
4559	1150	0.6363636363636364	True
4559	1623	0.5454545454545454	True
4559	24	0.45454545454545453	True
4559	2388	0.36363636363636365	False
4559	353	0.2727272727272727	False
4559	461	0.18181818181818182	True
4559	3412	0.09090909090909091	True
3500	1600	0.9090909090909091	False
3500	2388	0.8181818181818182	False
3500	3793	0.7272727272727273	False
3500	885	0.6363636363636364	False
3500	1150	0.5454545454545454	True
3500	353	0.45454545454545453	False
3500	461	0.36363636363636365	True
3500	24	0.2727272727272727	True
3500	1623	0.18181818181818182	True
3500	3412	0.09090909090909091	True
2788	353	0.9090909090909091	False
2788	885	0.8181818181818182	False
2788	1150	0.7272727272727273	True
2788	1600	0.6363636363636364	False
2788	3793	0.5454545454545454	False
2788	2388	0.45454545454545453	False
2788	212	0.36363636363636365	True
2788	461	0.2727272727272727	True
2788	1623	0.18181818181818182	True
2788	3412	0.09090909090909091	True
3037	3793	0.9090909090909091	False
3037	885	0.8181818181818182	False
3037	353	0.7272727272727273	False
3037	1600	0.6363636363636364	False
3037	1623	0.5454545454545454	True
3037	461	0.45454545454545453	True
3037	3412	0.36363636363636365	True
3037	2388	0.2727272727272727	False
3037	212	0.18181818181818182	True
3037	1150	0.09090909090909091	True
3650	3793	0.9090909090909091	False
3650	1600	0.8181818181818182	False
3650	353	0.7272727272727273	False
3650	885	0.6363636363636364	False
3650	3412	0.5454545454545454	True
3650	1623	0.45454545454545453	True
3650	1150	0.36363636363636365	True
3650	2388	0.2727272727272727	False
3650	24	0.18181818181818182	True
3650	294	0.09090909090909091	True
2298	353	0.9090909090909091	False
2298	885	0.8181818181818182	False
2298	1600	0.7272727272727273	False
2298	2388	0.6363636363636364	False
2298	3793	0.5454545454545454	False
2298	461	0.45454545454545453	True
2298	1150	0.36363636363636365	True
2298	294	0.2727272727272727	True
2298	1623	0.18181818181818182	True
2298	3412	0.09090909090909091	True
5874	3793	0.9090909090909091	False
5874	885	0.8181818181818182	False
5874	1600	0.7272727272727273	False
5874	353	0.6363636363636364	False
5874	1623	0.5454545454545454	True
5874	2388	0.45454545454545453	False
5874	461	0.36363636363636365	True
5874	3412	0.2727272727272727	True
5874	24	0.18181818181818182	True
5874	1150	0.09090909090909091	True
5853	1600	0.9090909090909091	False
5853	885	0.8181818181818182	False
5853	3793	0.7272727272727273	False
5853	1150	0.6363636363636364	True
5853	353	0.5454545454545454	False
5853	2388	0.45454545454545453	False
5853	294	0.36363636363636365	True
5853	461	0.2727272727272727	True
5853	1623	0.18181818181818182	True
5853	3412	0.09090909090909091	True
1014	885	0.9090909090909091	False
1014	1600	0.8181818181818182	False
1014	353	0.7272727272727273	False
1014	3793	0.6363636363636364	False
1014	2388	0.5454545454545454	False
1014	1150	0.45454545454545453	True
1014	461	0.36363636363636365	True
1014	1623	0.2727272727272727	True
1014	24	0.18181818181818182	True
1014	3412	0.09090909090909091	True
148	1600	0.9090909090909091	False
148	3793	0.8181818181818182	False
148	353	0.7272727272727273	False
148	1150	0.6363636363636364	True
148	885	0.5454545454545454	False
148	2388	0.45454545454545453	False
148	1623	0.36363636363636365	True
148	461	0.2727272727272727	True
148	212	0.18181818181818182	True
148	294	0.09090909090909091	True
2881	885	0.9090909090909091	False
2881	3793	0.8181818181818182	False
2881	353	0.7272727272727273	False
2881	2388	0.6363636363636364	False
2881	1600	0.5454545454545454	False
2881	461	0.45454545454545453	True
2881	1150	0.36363636363636365	True
2881	1623	0.2727272727272727	True
2881	3412	0.18181818181818182	True
2881	478	0.09090909090909091	True
3272	885	0.9090909090909091	False
3272	353	0.8181818181818182	False
3272	3793	0.7272727272727273	False
3272	1600	0.6363636363636364	False
3272	1150	0.5454545454545454	True
3272	2388	0.45454545454545453	False
3272	1623	0.36363636363636365	True
3272	461	0.2727272727272727	True
3272	212	0.18181818181818182	True
3272	3412	0.09090909090909091	True
1247	1600	0.9090909090909091	False
1247	885	0.8181818181818182	False
1247	3793	0.7272727272727273	False
1247	353	0.6363636363636364	False
1247	2388	0.5454545454545454	False
1247	294	0.45454545454545453	True
1247	1150	0.36363636363636365	True
1247	1623	0.2727272727272727	True
1247	461	0.18181818181818182	True
1247	3412	0.09090909090909091	True
5230	3793	0.9090909090909091	False
5230	885	0.8181818181818182	False
5230	353	0.7272727272727273	False
5230	1600	0.6363636363636364	False
5230	2388	0.5454545454545454	False
5230	1150	0.45454545454545453	True
5230	1623	0.36363636363636365	True
5230	461	0.2727272727272727	True
5230	3412	0.18181818181818182	True
5230	294	0.09090909090909091	True
346	885	0.9090909090909091	False
346	3793	0.8181818181818182	False
346	353	0.7272727272727273	False
346	2388	0.6363636363636364	False
346	1600	0.5454545454545454	False
346	1623	0.45454545454545453	True
346	461	0.36363636363636365	True
346	1150	0.2727272727272727	True
346	478	0.18181818181818182	True
346	3412	0.09090909090909091	True
2542	3793	0.9090909090909091	False
2542	1600	0.8181818181818182	False
2542	2388	0.7272727272727273	False
2542	353	0.6363636363636364	False
2542	885	0.5454545454545454	False
2542	1150	0.45454545454545453	True
2542	294	0.36363636363636365	True
2542	1623	0.2727272727272727	True
2542	461	0.18181818181818182	True
2542	24	0.09090909090909091	True
4573	1600	0.9090909090909091	False
4573	885	0.8181818181818182	False
4573	3793	0.7272727272727273	False
4573	353	0.6363636363636364	False
4573	2388	0.5454545454545454	False
4573	1150	0.45454545454545453	True
4573	1623	0.36363636363636365	True
4573	461	0.2727272727272727	True
4573	24	0.18181818181818182	True
4573	3412	0.09090909090909091	True
4056	885	0.9090909090909091	False
4056	3793	0.8181818181818182	False
4056	1600	0.7272727272727273	False
4056	353	0.6363636363636364	False
4056	3412	0.5454545454545454	True
4056	1150	0.45454545454545453	True
4056	2388	0.36363636363636365	False
4056	1623	0.2727272727272727	True
4056	212	0.18181818181818182	True
4056	461	0.09090909090909091	True
2885	2388	0.9090909090909091	False
2885	3793	0.8181818181818182	False
2885	885	0.7272727272727273	False
2885	353	0.6363636363636364	False
2885	461	0.5454545454545454	True
2885	1600	0.45454545454545453	False
2885	1623	0.36363636363636365	True
2885	1150	0.2727272727272727	True
2885	212	0.18181818181818182	True
2885	3412	0.09090909090909091	True
4375	3793	0.9090909090909091	False
4375	885	0.8181818181818182	False
4375	353	0.7272727272727273	False
4375	1600	0.6363636363636364	False
4375	2388	0.5454545454545454	False
4375	1623	0.45454545454545453	True
4375	461	0.36363636363636365	True
4375	1150	0.2727272727272727	True
4375	3412	0.18181818181818182	True
4375	294	0.09090909090909091	True
2585	1600	0.9090909090909091	False
2585	3793	0.8181818181818182	False
2585	885	0.7272727272727273	False
2585	353	0.6363636363636364	False
2585	1150	0.5454545454545454	True
2585	2388	0.45454545454545453	False
2585	1623	0.36363636363636365	True
2585	24	0.2727272727272727	True
2585	461	0.18181818181818182	True
2585	3412	0.09090909090909091	True
757	2388	0.9090909090909091	False
757	885	0.8181818181818182	False
757	353	0.7272727272727273	False
757	3793	0.6363636363636364	False
757	1600	0.5454545454545454	False
757	461	0.45454545454545453	True
757	1150	0.36363636363636365	True
757	1623	0.2727272727272727	True
757	3046	0.18181818181818182	True
757	24	0.09090909090909091	True
3533	3793	0.9090909090909091	False
3533	885	0.8181818181818182	False
3533	1600	0.7272727272727273	False
3533	353	0.6363636363636364	False
3533	1150	0.5454545454545454	True
3533	212	0.45454545454545453	True
3533	2388	0.36363636363636365	False
3533	1623	0.2727272727272727	True
3533	461	0.18181818181818182	True
3533	478	0.09090909090909091	True
532	885	0.9090909090909091	False
532	3793	0.8181818181818182	False
532	353	0.7272727272727273	False
532	2388	0.6363636363636364	False
532	1600	0.5454545454545454	False
532	1150	0.45454545454545453	True
532	1623	0.36363636363636365	True
532	478	0.2727272727272727	True
532	461	0.18181818181818182	True
532	24	0.09090909090909091	True
4134	3793	0.9090909090909091	False
4134	1600	0.8181818181818182	False
4134	353	0.7272727272727273	False
4134	885	0.6363636363636364	False
4134	2388	0.5454545454545454	False
4134	1150	0.45454545454545453	True
4134	461	0.36363636363636365	True
4134	1623	0.2727272727272727	True
4134	212	0.18181818181818182	True
4134	294	0.09090909090909091	True
42	3793	0.9090909090909091	False
42	1600	0.8181818181818182	False
42	2388	0.7272727272727273	False
42	885	0.6363636363636364	False
42	353	0.5454545454545454	False
42	1150	0.45454545454545453	True
42	461	0.36363636363636365	True
42	3412	0.2727272727272727	True
42	1623	0.18181818181818182	True
42	24	0.09090909090909091	True
1730	3793	0.9090909090909091	False
1730	885	0.8181818181818182	False
1730	1600	0.7272727272727273	False
1730	353	0.6363636363636364	False
1730	2388	0.5454545454545454	False
1730	1623	0.45454545454545453	True
1730	1150	0.36363636363636365	True
1730	24	0.2727272727272727	True
1730	461	0.18181818181818182	True
1730	3412	0.09090909090909091	True
1445	885	0.9090909090909091	False
1445	3793	0.8181818181818182	False
1445	353	0.7272727272727273	False
1445	1150	0.6363636363636364	True
1445	1600	0.5454545454545454	False
1445	2388	0.45454545454545453	False
1445	1623	0.36363636363636365	True
1445	461	0.2727272727272727	True
1445	294	0.18181818181818182	True
1445	3412	0.09090909090909091	True
2614	2388	0.9090909090909091	False
2614	3793	0.8181818181818182	False
2614	1600	0.7272727272727273	False
2614	353	0.6363636363636364	False
2614	1150	0.5454545454545454	True
2614	885	0.45454545454545453	False
2614	461	0.36363636363636365	True
2614	1623	0.2727272727272727	True
2614	24	0.18181818181818182	True
2614	478	0.09090909090909091	True
5071	885	0.9090909090909091	False
5071	3793	0.8181818181818182	False
5071	1600	0.7272727272727273	False
5071	353	0.6363636363636364	False
5071	1150	0.5454545454545454	True
5071	1623	0.45454545454545453	True
5071	2388	0.36363636363636365	False
5071	461	0.2727272727272727	True
5071	3412	0.18181818181818182	True
5071	212	0.09090909090909091	True
584	3793	0.9090909090909091	False
584	885	0.8181818181818182	False
584	353	0.7272727272727273	False
584	1600	0.6363636363636364	False
584	2388	0.5454545454545454	False
584	1623	0.45454545454545453	True
584	1150	0.36363636363636365	True
584	461	0.2727272727272727	True
584	212	0.18181818181818182	True
584	478	0.09090909090909091	True
2113	353	0.9090909090909091	False
2113	885	0.8181818181818182	False
2113	2388	0.7272727272727273	False
2113	1600	0.6363636363636364	False
2113	3793	0.5454545454545454	False
2113	1150	0.45454545454545453	True
2113	461	0.36363636363636365	True
2113	294	0.2727272727272727	True
2113	1623	0.18181818181818182	True
2113	3412	0.09090909090909091	True
4196	1150	0.9090909090909091	True
4196	1600	0.8181818181818182	False
4196	3793	0.7272727272727273	False
4196	885	0.6363636363636364	False
4196	2388	0.5454545454545454	False
4196	353	0.45454545454545453	False
4196	1623	0.36363636363636365	True
4196	461	0.2727272727272727	True
4196	3412	0.18181818181818182	True
4196	294	0.09090909090909091	True
413	3793	0.9090909090909091	False
413	353	0.8181818181818182	False
413	885	0.7272727272727273	False
413	2388	0.6363636363636364	False
413	1150	0.5454545454545454	True
413	1600	0.45454545454545453	False
413	461	0.36363636363636365	True
413	478	0.2727272727272727	True
413	1623	0.18181818181818182	True
413	212	0.09090909090909091	True
4876	885	0.9090909090909091	False
4876	353	0.8181818181818182	False
4876	3793	0.7272727272727273	False
4876	1600	0.6363636363636364	False
4876	461	0.5454545454545454	True
4876	2388	0.45454545454545453	False
4876	1150	0.36363636363636365	True
4876	1623	0.2727272727272727	True
4876	3412	0.18181818181818182	True
4876	24	0.09090909090909091	True
1935	3793	0.9090909090909091	False
1935	885	0.8181818181818182	False
1935	353	0.7272727272727273	False
1935	1600	0.6363636363636364	False
1935	2388	0.5454545454545454	False
1935	1150	0.45454545454545453	True
1935	461	0.36363636363636365	True
1935	1623	0.2727272727272727	True
1935	3412	0.18181818181818182	True
1935	294	0.09090909090909091	True
4883	2388	0.9090909090909091	False
4883	353	0.8181818181818182	False
4883	3793	0.7272727272727273	False
4883	1150	0.6363636363636364	True
4883	885	0.5454545454545454	False
4883	1600	0.45454545454545453	False
4883	461	0.36363636363636365	True
4883	1623	0.2727272727272727	True
4883	294	0.18181818181818182	True
4883	24	0.09090909090909091	True
4451	3793	0.9090909090909091	False
4451	885	0.8181818181818182	False
4451	1600	0.7272727272727273	False
4451	353	0.6363636363636364	False
4451	2388	0.5454545454545454	False
4451	1623	0.45454545454545453	True
4451	1150	0.36363636363636365	True
4451	461	0.2727272727272727	True
4451	3412	0.18181818181818182	True
4451	212	0.09090909090909091	True
3419	353	0.9090909090909091	False
3419	1600	0.8181818181818182	False
3419	3793	0.7272727272727273	False
3419	885	0.6363636363636364	False
3419	1150	0.5454545454545454	True
3419	3412	0.45454545454545453	True
3419	212	0.36363636363636365	True
3419	1623	0.2727272727272727	True
3419	2388	0.18181818181818182	False
3419	461	0.09090909090909091	True
1437	3793	0.9090909090909091	False
1437	1600	0.8181818181818182	False
1437	353	0.7272727272727273	False
1437	885	0.6363636363636364	False
1437	2388	0.5454545454545454	False
1437	1623	0.45454545454545453	True
1437	1150	0.36363636363636365	True
1437	478	0.2727272727272727	True
1437	3412	0.18181818181818182	True
1437	461	0.09090909090909091	True
2040	3793	0.9090909090909091	False
2040	353	0.8181818181818182	False
2040	885	0.7272727272727273	False
2040	1600	0.6363636363636364	False
2040	2388	0.5454545454545454	False
2040	3412	0.45454545454545453	True
2040	478	0.36363636363636365	True
2040	212	0.2727272727272727	True
2040	1150	0.18181818181818182	True
2040	461	0.09090909090909091	True
2471	885	0.9090909090909091	False
2471	1600	0.8181818181818182	False
2471	3793	0.7272727272727273	False
2471	353	0.6363636363636364	False
2471	2388	0.5454545454545454	False
2471	1150	0.45454545454545453	True
2471	461	0.36363636363636365	True
2471	1623	0.2727272727272727	True
2471	212	0.18181818181818182	True
2471	3412	0.09090909090909091	True
1424	1600	0.9090909090909091	False
1424	3793	0.8181818181818182	False
1424	353	0.7272727272727273	False
1424	885	0.6363636363636364	False
1424	2388	0.5454545454545454	False
1424	1150	0.45454545454545453	True
1424	461	0.36363636363636365	True
1424	1623	0.2727272727272727	True
1424	24	0.18181818181818182	True
1424	3412	0.09090909090909091	True
4456	885	0.9090909090909091	False
4456	353	0.8181818181818182	False
4456	1600	0.7272727272727273	False
4456	2388	0.6363636363636364	False
4456	3793	0.5454545454545454	False
4456	1150	0.45454545454545453	True
4456	461	0.36363636363636365	True
4456	3412	0.2727272727272727	True
4456	1623	0.18181818181818182	True
4456	24	0.09090909090909091	True
1552	353	0.9090909090909091	False
1552	885	0.8181818181818182	False
1552	3793	0.7272727272727273	False
1552	1600	0.6363636363636364	False
1552	2388	0.5454545454545454	False
1552	1150	0.45454545454545453	True
1552	3412	0.36363636363636365	True
1552	1623	0.2727272727272727	True
1552	24	0.18181818181818182	True
1552	461	0.09090909090909091	True
1138	885	0.9090909090909091	False
1138	1600	0.8181818181818182	False
1138	3793	0.7272727272727273	False
1138	353	0.6363636363636364	False
1138	1150	0.5454545454545454	True
1138	3412	0.45454545454545453	True
1138	1623	0.36363636363636365	True
1138	2388	0.2727272727272727	False
1138	212	0.18181818181818182	True
1138	461	0.09090909090909091	True
37	3793	0.9090909090909091	False
37	885	0.8181818181818182	False
37	2388	0.7272727272727273	False
37	1600	0.6363636363636364	False
37	353	0.5454545454545454	False
37	461	0.45454545454545453	True
37	1623	0.36363636363636365	True
37	1150	0.2727272727272727	True
37	3412	0.18181818181818182	True
37	212	0.09090909090909091	True
4407	2388	0.9090909090909091	False
4407	3793	0.8181818181818182	False
4407	461	0.7272727272727273	True
4407	885	0.6363636363636364	False
4407	1600	0.5454545454545454	False
4407	1150	0.45454545454545453	True
4407	1623	0.36363636363636365	True
4407	24	0.2727272727272727	True
4407	353	0.18181818181818182	False
4407	3412	0.09090909090909091	True
355	353	0.9090909090909091	False
355	885	0.8181818181818182	False
355	3793	0.7272727272727273	False
355	2388	0.6363636363636364	False
355	1600	0.5454545454545454	False
355	1150	0.45454545454545453	True
355	1623	0.36363636363636365	True
355	3412	0.2727272727272727	True
355	461	0.18181818181818182	True
355	294	0.09090909090909091	True
5292	885	0.9090909090909091	False
5292	3793	0.8181818181818182	False
5292	2388	0.7272727272727273	False
5292	353	0.6363636363636364	False
5292	1600	0.5454545454545454	False
5292	1150	0.45454545454545453	True
5292	461	0.36363636363636365	True
5292	1623	0.2727272727272727	True
5292	24	0.18181818181818182	True
5292	3412	0.09090909090909091	True
2609	1600	0.9090909090909091	False
2609	3793	0.8181818181818182	False
2609	1150	0.7272727272727273	True
2609	353	0.6363636363636364	False
2609	2388	0.5454545454545454	False
2609	885	0.45454545454545453	False
2609	1623	0.36363636363636365	True
2609	461	0.2727272727272727	True
2609	3412	0.18181818181818182	True
2609	294	0.09090909090909091	True
3150	353	0.9090909090909091	False
3150	885	0.8181818181818182	False
3150	1150	0.7272727272727273	True
3150	3793	0.6363636363636364	False
3150	1600	0.5454545454545454	False
3150	2388	0.45454545454545453	False
3150	461	0.36363636363636365	True
3150	478	0.2727272727272727	True
3150	212	0.18181818181818182	True
3150	1623	0.09090909090909091	True
1240	1600	0.9090909090909091	False
1240	2388	0.8181818181818182	False
1240	885	0.7272727272727273	False
1240	3793	0.6363636363636364	False
1240	1150	0.5454545454545454	True
1240	353	0.45454545454545453	False
1240	1623	0.36363636363636365	True
1240	24	0.2727272727272727	True
1240	461	0.18181818181818182	True
1240	294	0.09090909090909091	True
1124	885	0.9090909090909091	False
1124	3793	0.8181818181818182	False
1124	1600	0.7272727272727273	False
1124	2388	0.6363636363636364	False
1124	353	0.5454545454545454	False
1124	1150	0.45454545454545453	True
1124	1623	0.36363636363636365	True
1124	478	0.2727272727272727	True
1124	3412	0.18181818181818182	True
1124	461	0.09090909090909091	True
5617	3793	0.9090909090909091	False
5617	1600	0.8181818181818182	False
5617	1150	0.7272727272727273	True
5617	353	0.6363636363636364	False
5617	2388	0.5454545454545454	False
5617	885	0.45454545454545453	False
5617	461	0.36363636363636365	True
5617	1623	0.2727272727272727	True
5617	212	0.18181818181818182	True
5617	478	0.09090909090909091	True
5603	353	0.9090909090909091	False
5603	885	0.8181818181818182	False
5603	3793	0.7272727272727273	False
5603	2388	0.6363636363636364	False
5603	1600	0.5454545454545454	False
5603	461	0.45454545454545453	True
5603	1623	0.36363636363636365	True
5603	3412	0.2727272727272727	True
5603	1150	0.18181818181818182	True
5603	294	0.09090909090909091	True
1399	885	0.9090909090909091	False
1399	3793	0.8181818181818182	False
1399	1600	0.7272727272727273	False
1399	353	0.6363636363636364	False
1399	2388	0.5454545454545454	False
1399	461	0.45454545454545453	True
1399	1150	0.36363636363636365	True
1399	1623	0.2727272727272727	True
1399	24	0.18181818181818182	True
1399	3412	0.09090909090909091	True
5612	2388	0.9090909090909091	False
5612	885	0.8181818181818182	False
5612	3793	0.7272727272727273	False
5612	1600	0.6363636363636364	False
5612	353	0.5454545454545454	False
5612	1623	0.45454545454545453	True
5612	461	0.36363636363636365	True
5612	1150	0.2727272727272727	True
5612	24	0.18181818181818182	True
5612	3412	0.09090909090909091	True
3981	2388	0.9090909090909091	False
3981	353	0.8181818181818182	False
3981	1600	0.7272727272727273	False
3981	3793	0.6363636363636364	False
3981	885	0.5454545454545454	False
3981	1150	0.45454545454545453	True
3981	461	0.36363636363636365	True
3981	3046	0.2727272727272727	True
3981	24	0.18181818181818182	True
3981	1623	0.09090909090909091	True
4121	1600	0.9090909090909091	False
4121	3793	0.8181818181818182	False
4121	885	0.7272727272727273	False
4121	2388	0.6363636363636364	False
4121	353	0.5454545454545454	False
4121	1150	0.45454545454545453	True
4121	461	0.36363636363636365	True
4121	1623	0.2727272727272727	True
4121	24	0.18181818181818182	True
4121	3046	0.09090909090909091	True
3178	3793	0.9090909090909091	False
3178	885	0.8181818181818182	False
3178	2388	0.7272727272727273	False
3178	1600	0.6363636363636364	False
3178	353	0.5454545454545454	False
3178	461	0.45454545454545453	True
3178	1150	0.36363636363636365	True
3178	1623	0.2727272727272727	True
3178	212	0.18181818181818182	True
3178	3046	0.09090909090909091	True
4075	885	0.9090909090909091	False
4075	3793	0.8181818181818182	False
4075	353	0.7272727272727273	False
4075	2388	0.6363636363636364	False
4075	461	0.5454545454545454	True
4075	1150	0.45454545454545453	True
4075	1600	0.36363636363636365	False
4075	1623	0.2727272727272727	True
4075	212	0.18181818181818182	True
4075	3412	0.09090909090909091	True
5565	885	0.9090909090909091	False
5565	1600	0.8181818181818182	False
5565	3793	0.7272727272727273	False
5565	353	0.6363636363636364	False
5565	2388	0.5454545454545454	False
5565	1150	0.45454545454545453	True
5565	461	0.36363636363636365	True
5565	1623	0.2727272727272727	True
5565	3412	0.18181818181818182	True
5565	24	0.09090909090909091	True
2253	3793	0.9090909090909091	False
2253	885	0.8181818181818182	False
2253	1600	0.7272727272727273	False
2253	1150	0.6363636363636364	True
2253	353	0.5454545454545454	False
2253	2388	0.45454545454545453	False
2253	3412	0.36363636363636365	True
2253	24	0.2727272727272727	True
2253	461	0.18181818181818182	True
2253	478	0.09090909090909091	True
5131	1600	0.9090909090909091	False
5131	885	0.8181818181818182	False
5131	353	0.7272727272727273	False
5131	2388	0.6363636363636364	False
5131	3793	0.5454545454545454	False
5131	1150	0.45454545454545453	True
5131	24	0.36363636363636365	True
5131	461	0.2727272727272727	True
5131	3412	0.18181818181818182	True
5131	1623	0.09090909090909091	True
4730	885	0.9090909090909091	False
4730	1600	0.8181818181818182	False
4730	3793	0.7272727272727273	False
4730	2388	0.6363636363636364	False
4730	353	0.5454545454545454	False
4730	1623	0.45454545454545453	True
4730	3412	0.36363636363636365	True
4730	1150	0.2727272727272727	True
4730	294	0.18181818181818182	True
4730	24	0.09090909090909091	True
2110	3793	0.9090909090909091	False
2110	1600	0.8181818181818182	False
2110	353	0.7272727272727273	False
2110	885	0.6363636363636364	False
2110	2388	0.5454545454545454	False
2110	1150	0.45454545454545453	True
2110	24	0.36363636363636365	True
2110	461	0.2727272727272727	True
2110	212	0.18181818181818182	True
2110	1623	0.09090909090909091	True
5895	1600	0.9090909090909091	False
5895	3793	0.8181818181818182	False
5895	885	0.7272727272727273	False
5895	2388	0.6363636363636364	False
5895	353	0.5454545454545454	False
5895	1150	0.45454545454545453	True
5895	24	0.36363636363636365	True
5895	3412	0.2727272727272727	True
5895	1623	0.18181818181818182	True
5895	461	0.09090909090909091	True
1450	3793	0.9090909090909091	False
1450	1600	0.8181818181818182	False
1450	885	0.7272727272727273	False
1450	353	0.6363636363636364	False
1450	2388	0.5454545454545454	False
1450	1150	0.45454545454545453	True
1450	1623	0.36363636363636365	True
1450	3412	0.2727272727272727	True
1450	24	0.18181818181818182	True
1450	294	0.09090909090909091	True
5261	3793	0.9090909090909091	False
5261	1600	0.8181818181818182	False
5261	885	0.7272727272727273	False
5261	1150	0.6363636363636364	True
5261	2388	0.5454545454545454	False
5261	353	0.45454545454545453	False
5261	1623	0.36363636363636365	True
5261	3412	0.2727272727272727	True
5261	461	0.18181818181818182	True
5261	212	0.09090909090909091	True
4884	1600	0.9090909090909091	False
4884	885	0.8181818181818182	False
4884	353	0.7272727272727273	False
4884	3793	0.6363636363636364	False
4884	2388	0.5454545454545454	False
4884	1150	0.45454545454545453	True
4884	1623	0.36363636363636365	True
4884	461	0.2727272727272727	True
4884	24	0.18181818181818182	True
4884	294	0.09090909090909091	True
3251	3793	0.9090909090909091	False
3251	2388	0.8181818181818182	False
3251	461	0.7272727272727273	True
3251	885	0.6363636363636364	False
3251	1600	0.5454545454545454	False
3251	353	0.45454545454545453	False
3251	1150	0.36363636363636365	True
3251	1623	0.2727272727272727	True
3251	212	0.18181818181818182	True
3251	294	0.09090909090909091	True
4119	1600	0.9090909090909091	False
4119	3793	0.8181818181818182	False
4119	1150	0.7272727272727273	True
4119	2388	0.6363636363636364	False
4119	885	0.5454545454545454	False
4119	353	0.45454545454545453	False
4119	461	0.36363636363636365	True
4119	1623	0.2727272727272727	True
4119	212	0.18181818181818182	True
4119	3412	0.09090909090909091	True
3589	3793	0.9090909090909091	False
3589	353	0.8181818181818182	False
3589	1600	0.7272727272727273	False
3589	885	0.6363636363636364	False
3589	2388	0.5454545454545454	False
3589	1150	0.45454545454545453	True
3589	1623	0.36363636363636365	True
3589	461	0.2727272727272727	True
3589	3412	0.18181818181818182	True
3589	212	0.09090909090909091	True
4189	885	0.9090909090909091	False
4189	1600	0.8181818181818182	False
4189	3793	0.7272727272727273	False
4189	2388	0.6363636363636364	False
4189	353	0.5454545454545454	False
4189	24	0.45454545454545453	True
4189	3412	0.36363636363636365	True
4189	1150	0.2727272727272727	True
4189	1623	0.18181818181818182	True
4189	461	0.09090909090909091	True
965	2388	0.9090909090909091	False
965	1600	0.8181818181818182	False
965	3793	0.7272727272727273	False
965	885	0.6363636363636364	False
965	353	0.5454545454545454	False
965	461	0.45454545454545453	True
965	1150	0.36363636363636365	True
965	1623	0.2727272727272727	True
965	3412	0.18181818181818182	True
965	212	0.09090909090909091	True
3659	3793	0.9090909090909091	False
3659	1600	0.8181818181818182	False
3659	885	0.7272727272727273	False
3659	353	0.6363636363636364	False
3659	2388	0.5454545454545454	False
3659	3412	0.45454545454545453	True
3659	1150	0.36363636363636365	True
3659	24	0.2727272727272727	True
3659	1623	0.18181818181818182	True
3659	212	0.09090909090909091	True
704	2388	0.9090909090909091	False
704	885	0.8181818181818182	False
704	1600	0.7272727272727273	False
704	461	0.6363636363636364	True
704	3793	0.5454545454545454	False
704	353	0.45454545454545453	False
704	1150	0.36363636363636365	True
704	1623	0.2727272727272727	True
704	3412	0.18181818181818182	True
704	24	0.09090909090909091	True
4639	885	0.9090909090909091	False
4639	3793	0.8181818181818182	False
4639	353	0.7272727272727273	False
4639	2388	0.6363636363636364	False
4639	1600	0.5454545454545454	False
4639	461	0.45454545454545453	True
4639	1623	0.36363636363636365	True
4639	1150	0.2727272727272727	True
4639	3412	0.18181818181818182	True
4639	212	0.09090909090909091	True
3107	3793	0.9090909090909091	False
3107	2388	0.8181818181818182	False
3107	461	0.7272727272727273	True
3107	1150	0.6363636363636364	True
3107	353	0.5454545454545454	False
3107	885	0.45454545454545453	False
3107	1623	0.36363636363636365	True
3107	1600	0.2727272727272727	False
3107	478	0.18181818181818182	True
3107	3412	0.09090909090909091	True
3233	885	0.9090909090909091	False
3233	3793	0.8181818181818182	False
3233	353	0.7272727272727273	False
3233	1600	0.6363636363636364	False
3233	1623	0.5454545454545454	True
3233	2388	0.45454545454545453	False
3233	461	0.36363636363636365	True
3233	1150	0.2727272727272727	True
3233	3412	0.18181818181818182	True
3233	212	0.09090909090909091	True
1892	885	0.9090909090909091	False
1892	3793	0.8181818181818182	False
1892	353	0.7272727272727273	False
1892	1600	0.6363636363636364	False
1892	2388	0.5454545454545454	False
1892	3412	0.45454545454545453	True
1892	461	0.36363636363636365	True
1892	1623	0.2727272727272727	True
1892	212	0.18181818181818182	True
1892	1150	0.09090909090909091	True
432	353	0.9090909090909091	False
432	3793	0.8181818181818182	False
432	885	0.7272727272727273	False
432	1600	0.6363636363636364	False
432	1150	0.5454545454545454	True
432	1623	0.45454545454545453	True
432	2388	0.36363636363636365	False
432	212	0.2727272727272727	True
432	461	0.18181818181818182	True
432	478	0.09090909090909091	True
2967	885	0.9090909090909091	False
2967	3793	0.8181818181818182	False
2967	2388	0.7272727272727273	False
2967	1600	0.6363636363636364	False
2967	461	0.5454545454545454	True
2967	353	0.45454545454545453	False
2967	1150	0.36363636363636365	True
2967	1623	0.2727272727272727	True
2967	212	0.18181818181818182	True
2967	478	0.09090909090909091	True
4557	3793	0.9090909090909091	False
4557	885	0.8181818181818182	False
4557	2388	0.7272727272727273	False
4557	353	0.6363636363636364	False
4557	1600	0.5454545454545454	False
4557	1150	0.45454545454545453	True
4557	461	0.36363636363636365	True
4557	1623	0.2727272727272727	True
4557	3046	0.18181818181818182	True
4557	24	0.09090909090909091	True
4052	1150	0.9090909090909091	True
4052	3793	0.8181818181818182	False
4052	2388	0.7272727272727273	False
4052	353	0.6363636363636364	False
4052	1600	0.5454545454545454	False
4052	885	0.45454545454545453	False
4052	461	0.36363636363636365	True
4052	1623	0.2727272727272727	True
4052	212	0.18181818181818182	True
4052	3046	0.09090909090909091	True
