5751	3063	0.9090909090909091	False
5751	41	0.8181818181818182	False
5751	2063	0.7272727272727273	False
5751	3365	0.6363636363636364	False
5751	2717	0.5454545454545454	False
5751	3682	0.45454545454545453	True
5751	2017	0.36363636363636365	True
5751	1345	0.2727272727272727	True
5751	497	0.18181818181818182	True
5751	3397	0.09090909090909091	True
124	41	0.9090909090909091	False
124	3063	0.8181818181818182	False
124	2063	0.7272727272727273	False
124	3365	0.6363636363636364	False
124	2717	0.5454545454545454	False
124	3682	0.45454545454545453	True
124	2017	0.36363636363636365	True
124	1345	0.2727272727272727	True
124	3397	0.18181818181818182	True
124	1494	0.09090909090909091	True
2980	3063	0.9090909090909091	False
2980	41	0.8181818181818182	False
2980	2063	0.7272727272727273	False
2980	3365	0.6363636363636364	False
2980	2717	0.5454545454545454	False
2980	3682	0.45454545454545453	True
2980	2017	0.36363636363636365	True
2980	3397	0.2727272727272727	True
2980	1345	0.18181818181818182	True
2980	2405	0.09090909090909091	True
4613	41	0.9090909090909091	False
4613	3063	0.8181818181818182	False
4613	2063	0.7272727272727273	False
4613	3365	0.6363636363636364	False
4613	2717	0.5454545454545454	False
4613	2017	0.45454545454545453	True
4613	3682	0.36363636363636365	True
4613	1345	0.2727272727272727	True
4613	497	0.18181818181818182	True
4613	1494	0.09090909090909091	True
3886	3063	0.9090909090909091	False
3886	41	0.8181818181818182	False
3886	2063	0.7272727272727273	False
3886	3365	0.6363636363636364	False
3886	2717	0.5454545454545454	False
3886	3682	0.45454545454545453	True
3886	497	0.36363636363636365	True
3886	1345	0.2727272727272727	True
3886	2017	0.18181818181818182	True
3886	3397	0.09090909090909091	True
5506	41	0.9090909090909091	False
5506	3063	0.8181818181818182	False
5506	2063	0.7272727272727273	False
5506	2717	0.6363636363636364	False
5506	3365	0.5454545454545454	False
5506	3682	0.45454545454545453	True
5506	497	0.36363636363636365	True
5506	1345	0.2727272727272727	True
5506	2017	0.18181818181818182	True
5506	3397	0.09090909090909091	True
2259	41	0.9090909090909091	False
2259	3063	0.8181818181818182	False
2259	2063	0.7272727272727273	False
2259	3365	0.6363636363636364	False
2259	2717	0.5454545454545454	False
2259	2017	0.45454545454545453	True
2259	3682	0.36363636363636365	True
2259	1345	0.2727272727272727	True
2259	3397	0.18181818181818182	True
2259	497	0.09090909090909091	True
2308	3063	0.9090909090909091	False
2308	41	0.8181818181818182	False
2308	2063	0.7272727272727273	False
2308	2717	0.6363636363636364	False
2308	3365	0.5454545454545454	False
2308	3682	0.45454545454545453	True
2308	1345	0.36363636363636365	True
2308	497	0.2727272727272727	True
2308	2017	0.18181818181818182	True
2308	3397	0.09090909090909091	True
3088	41	0.9090909090909091	False
3088	3063	0.8181818181818182	False
3088	2063	0.7272727272727273	False
3088	2717	0.6363636363636364	False
3088	3365	0.5454545454545454	False
3088	3682	0.45454545454545453	True
3088	2017	0.36363636363636365	True
3088	1345	0.2727272727272727	True
3088	3397	0.18181818181818182	True
3088	2405	0.09090909090909091	True
2372	41	0.9090909090909091	False
2372	3063	0.8181818181818182	False
2372	2063	0.7272727272727273	False
2372	3365	0.6363636363636364	False
2372	2717	0.5454545454545454	False
2372	3682	0.45454545454545453	True
2372	2017	0.36363636363636365	True
2372	3397	0.2727272727272727	True
2372	1494	0.18181818181818182	True
2372	497	0.09090909090909091	True
4831	41	0.9090909090909091	False
4831	3063	0.8181818181818182	False
4831	2063	0.7272727272727273	False
4831	2717	0.6363636363636364	False
4831	3365	0.5454545454545454	False
4831	1345	0.45454545454545453	True
4831	3682	0.36363636363636365	True
4831	497	0.2727272727272727	True
4831	608	0.18181818181818182	True
4831	2017	0.09090909090909091	True
2660	3063	0.9090909090909091	False
2660	41	0.8181818181818182	False
2660	2063	0.7272727272727273	False
2660	3365	0.6363636363636364	False
2660	2717	0.5454545454545454	False
2660	3682	0.45454545454545453	True
2660	497	0.36363636363636365	True
2660	1494	0.2727272727272727	True
2660	1345	0.18181818181818182	True
2660	2017	0.09090909090909091	True
426	41	0.9090909090909091	False
426	3063	0.8181818181818182	False
426	2063	0.7272727272727273	False
426	3365	0.6363636363636364	False
426	2017	0.5454545454545454	True
426	2717	0.45454545454545453	False
426	3682	0.36363636363636365	True
426	3397	0.2727272727272727	True
426	1345	0.18181818181818182	True
426	2405	0.09090909090909091	True
2804	3063	0.9090909090909091	False
2804	41	0.8181818181818182	False
2804	2063	0.7272727272727273	False
2804	3365	0.6363636363636364	False
2804	2017	0.5454545454545454	True
2804	2717	0.45454545454545453	False
2804	3682	0.36363636363636365	True
2804	1345	0.2727272727272727	True
2804	1494	0.18181818181818182	True
2804	497	0.09090909090909091	True
5477	41	0.9090909090909091	False
5477	3063	0.8181818181818182	False
5477	2063	0.7272727272727273	False
5477	3365	0.6363636363636364	False
5477	2717	0.5454545454545454	False
5477	3397	0.45454545454545453	True
5477	1345	0.36363636363636365	True
5477	3682	0.2727272727272727	True
5477	2017	0.18181818181818182	True
5477	497	0.09090909090909091	True
952	3063	0.9090909090909091	False
952	41	0.8181818181818182	False
952	2063	0.7272727272727273	False
952	3365	0.6363636363636364	False
952	2717	0.5454545454545454	False
952	2017	0.45454545454545453	True
952	1494	0.36363636363636365	True
952	3397	0.2727272727272727	True
952	3682	0.18181818181818182	True
952	1345	0.09090909090909091	True
3042	41	0.9090909090909091	False
3042	3063	0.8181818181818182	False
3042	2063	0.7272727272727273	False
3042	3365	0.6363636363636364	False
3042	2717	0.5454545454545454	False
3042	3682	0.45454545454545453	True
3042	1345	0.36363636363636365	True
3042	3397	0.2727272727272727	True
3042	497	0.18181818181818182	True
3042	2405	0.09090909090909091	True
3711	41	0.9090909090909091	False
3711	3063	0.8181818181818182	False
3711	2063	0.7272727272727273	False
3711	3365	0.6363636363636364	False
3711	2717	0.5454545454545454	False
3711	3682	0.45454545454545453	True
3711	2017	0.36363636363636365	True
3711	3397	0.2727272727272727	True
3711	497	0.18181818181818182	True
3711	1345	0.09090909090909091	True
2570	3063	0.9090909090909091	False
2570	41	0.8181818181818182	False
2570	2063	0.7272727272727273	False
2570	3365	0.6363636363636364	False
2570	2717	0.5454545454545454	False
2570	3682	0.45454545454545453	True
2570	2017	0.36363636363636365	True
2570	3397	0.2727272727272727	True
2570	1345	0.18181818181818182	True
2570	2053	0.09090909090909091	True
2659	41	0.9090909090909091	False
2659	3063	0.8181818181818182	False
2659	2063	0.7272727272727273	False
2659	3365	0.6363636363636364	False
2659	2717	0.5454545454545454	False
2659	3397	0.45454545454545453	True
2659	3682	0.36363636363636365	True
2659	2017	0.2727272727272727	True
2659	497	0.18181818181818182	True
2659	1345	0.09090909090909091	True
88	3063	0.9090909090909091	False
88	41	0.8181818181818182	False
88	2063	0.7272727272727273	False
88	3365	0.6363636363636364	False
88	2717	0.5454545454545454	False
88	2017	0.45454545454545453	True
88	1345	0.36363636363636365	True
88	3682	0.2727272727272727	True
88	3397	0.18181818181818182	True
88	1494	0.09090909090909091	True
5199	41	0.9090909090909091	False
5199	3063	0.8181818181818182	False
5199	2063	0.7272727272727273	False
5199	2717	0.6363636363636364	False
5199	3365	0.5454545454545454	False
5199	3682	0.45454545454545453	True
5199	1345	0.36363636363636365	True
5199	2017	0.2727272727272727	True
5199	3397	0.18181818181818182	True
5199	2528	0.09090909090909091	True
1614	41	0.9090909090909091	False
1614	3063	0.8181818181818182	False
1614	2063	0.7272727272727273	False
1614	3365	0.6363636363636364	False
1614	2717	0.5454545454545454	False
1614	3682	0.45454545454545453	True
1614	2017	0.36363636363636365	True
1614	3397	0.2727272727272727	True
1614	1494	0.18181818181818182	True
1614	1345	0.09090909090909091	True
564	3063	0.9090909090909091	False
564	41	0.8181818181818182	False
564	2063	0.7272727272727273	False
564	2717	0.6363636363636364	False
564	3365	0.5454545454545454	False
564	3682	0.45454545454545453	True
564	497	0.36363636363636365	True
564	2017	0.2727272727272727	True
564	2053	0.18181818181818182	True
564	1345	0.09090909090909091	True
4209	41	0.9090909090909091	False
4209	3063	0.8181818181818182	False
4209	2063	0.7272727272727273	False
4209	3365	0.6363636363636364	False
4209	2717	0.5454545454545454	False
4209	2017	0.45454545454545453	True
4209	1494	0.36363636363636365	True
4209	3682	0.2727272727272727	True
4209	3397	0.18181818181818182	True
4209	497	0.09090909090909091	True
41	3063	0.9090909090909091	False
41	41	0.8181818181818182	False
41	2063	0.7272727272727273	False
41	3365	0.6363636363636364	False
41	2717	0.5454545454545454	False
41	3682	0.45454545454545453	True
41	2017	0.36363636363636365	True
41	1345	0.2727272727272727	True
41	3397	0.18181818181818182	True
41	497	0.09090909090909091	True
3664	41	0.9090909090909091	False
3664	3063	0.8181818181818182	False
3664	2063	0.7272727272727273	False
3664	2717	0.6363636363636364	False
3664	3365	0.5454545454545454	False
3664	3682	0.45454545454545453	True
3664	2017	0.36363636363636365	True
3664	3397	0.2727272727272727	True
3664	1345	0.18181818181818182	True
3664	2405	0.09090909090909091	True
5287	3063	0.9090909090909091	False
5287	41	0.8181818181818182	False
5287	2063	0.7272727272727273	False
5287	2717	0.6363636363636364	False
5287	3365	0.5454545454545454	False
5287	3682	0.45454545454545453	True
5287	2017	0.36363636363636365	True
5287	1345	0.2727272727272727	True
5287	3397	0.18181818181818182	True
5287	1494	0.09090909090909091	True
2304	41	0.9090909090909091	False
2304	3063	0.8181818181818182	False
2304	2063	0.7272727272727273	False
2304	3365	0.6363636363636364	False
2304	2717	0.5454545454545454	False
2304	3682	0.45454545454545453	True
2304	3397	0.36363636363636365	True
2304	2017	0.2727272727272727	True
2304	1345	0.18181818181818182	True
2304	497	0.09090909090909091	True
1390	3063	0.9090909090909091	False
1390	41	0.8181818181818182	False
1390	2063	0.7272727272727273	False
1390	3365	0.6363636363636364	False
1390	2717	0.5454545454545454	False
1390	2017	0.45454545454545453	True
1390	3682	0.36363636363636365	True
1390	3397	0.2727272727272727	True
1390	1345	0.18181818181818182	True
1390	1494	0.09090909090909091	True
1920	41	0.9090909090909091	False
1920	3063	0.8181818181818182	False
1920	2063	0.7272727272727273	False
1920	2717	0.6363636363636364	False
1920	3365	0.5454545454545454	False
1920	3682	0.45454545454545453	True
1920	1494	0.36363636363636365	True
1920	1345	0.2727272727272727	True
1920	3397	0.18181818181818182	True
1920	2528	0.09090909090909091	True
5438	41	0.9090909090909091	False
5438	3063	0.8181818181818182	False
5438	2063	0.7272727272727273	False
5438	3365	0.6363636363636364	False
5438	2717	0.5454545454545454	False
5438	3682	0.45454545454545453	True
5438	2017	0.36363636363636365	True
5438	3397	0.2727272727272727	True
5438	1345	0.18181818181818182	True
5438	497	0.09090909090909091	True
3512	3063	0.9090909090909091	False
3512	41	0.8181818181818182	False
3512	2063	0.7272727272727273	False
3512	3365	0.6363636363636364	False
3512	2717	0.5454545454545454	False
3512	3682	0.45454545454545453	True
3512	2017	0.36363636363636365	True
3512	1345	0.2727272727272727	True
3512	2405	0.18181818181818182	True
3512	497	0.09090909090909091	True
5724	41	0.9090909090909091	False
5724	3063	0.8181818181818182	False
5724	2063	0.7272727272727273	False
5724	2717	0.6363636363636364	False
5724	3365	0.5454545454545454	False
5724	3682	0.45454545454545453	True
5724	497	0.36363636363636365	True
5724	1345	0.2727272727272727	True
5724	3397	0.18181818181818182	True
5724	2017	0.09090909090909091	True
836	3063	0.9090909090909091	False
836	41	0.8181818181818182	False
836	2063	0.7272727272727273	False
836	2717	0.6363636363636364	False
836	3365	0.5454545454545454	False
836	3682	0.45454545454545453	True
836	1345	0.36363636363636365	True
836	3397	0.2727272727272727	True
836	2017	0.18181818181818182	True
836	2405	0.09090909090909091	True
4658	41	0.9090909090909091	False
4658	3063	0.8181818181818182	False
4658	2063	0.7272727272727273	False
4658	2717	0.6363636363636364	False
4658	3365	0.5454545454545454	False
4658	3682	0.45454545454545453	True
4658	1345	0.36363636363636365	True
4658	3397	0.2727272727272727	True
4658	2017	0.18181818181818182	True
4658	608	0.09090909090909091	True
4799	3063	0.9090909090909091	False
4799	41	0.8181818181818182	False
4799	2063	0.7272727272727273	False
4799	2717	0.6363636363636364	False
4799	3365	0.5454545454545454	False
4799	3682	0.45454545454545453	True
4799	1345	0.36363636363636365	True
4799	2017	0.2727272727272727	True
4799	608	0.18181818181818182	True
4799	497	0.09090909090909091	True
3210	3063	0.9090909090909091	False
3210	41	0.8181818181818182	False
3210	2063	0.7272727272727273	False
3210	3365	0.6363636363636364	False
3210	2717	0.5454545454545454	False
3210	2017	0.45454545454545453	True
3210	3682	0.36363636363636365	True
3210	1494	0.2727272727272727	True
3210	1345	0.18181818181818182	True
3210	3397	0.09090909090909091	True
51	41	0.9090909090909091	False
51	3063	0.8181818181818182	False
51	2063	0.7272727272727273	False
51	2717	0.6363636363636364	False
51	3365	0.5454545454545454	False
51	3682	0.45454545454545453	True
51	1345	0.36363636363636365	True
51	2053	0.2727272727272727	True
51	2017	0.18181818181818182	True
51	3397	0.09090909090909091	True
5310	41	0.9090909090909091	False
5310	3063	0.8181818181818182	False
5310	2063	0.7272727272727273	False
5310	3365	0.6363636363636364	False
5310	2717	0.5454545454545454	False
5310	3682	0.45454545454545453	True
5310	2017	0.36363636363636365	True
5310	3397	0.2727272727272727	True
5310	1345	0.18181818181818182	True
5310	497	0.09090909090909091	True
2680	3063	0.9090909090909091	False
2680	41	0.8181818181818182	False
2680	2063	0.7272727272727273	False
2680	3365	0.6363636363636364	False
2680	2717	0.5454545454545454	False
2680	3682	0.45454545454545453	True
2680	2017	0.36363636363636365	True
2680	1345	0.2727272727272727	True
2680	3397	0.18181818181818182	True
2680	497	0.09090909090909091	True
5397	3063	0.9090909090909091	False
5397	41	0.8181818181818182	False
5397	2063	0.7272727272727273	False
5397	3365	0.6363636363636364	False
5397	2717	0.5454545454545454	False
5397	2017	0.45454545454545453	True
5397	3682	0.36363636363636365	True
5397	1345	0.2727272727272727	True
5397	3397	0.18181818181818182	True
5397	1494	0.09090909090909091	True
5665	41	0.9090909090909091	False
5665	3063	0.8181818181818182	False
5665	2063	0.7272727272727273	False
5665	2717	0.6363636363636364	False
5665	3365	0.5454545454545454	False
5665	3682	0.45454545454545453	True
5665	3397	0.36363636363636365	True
5665	2017	0.2727272727272727	True
5665	1494	0.18181818181818182	True
5665	2405	0.09090909090909091	True
2391	41	0.9090909090909091	False
2391	3063	0.8181818181818182	False
2391	2063	0.7272727272727273	False
2391	3365	0.6363636363636364	False
2391	2717	0.5454545454545454	False
2391	3682	0.45454545454545453	True
2391	3397	0.36363636363636365	True
2391	1494	0.2727272727272727	True
2391	497	0.18181818181818182	True
2391	2017	0.09090909090909091	True
4185	41	0.9090909090909091	False
4185	3063	0.8181818181818182	False
4185	2063	0.7272727272727273	False
4185	3365	0.6363636363636364	False
4185	2717	0.5454545454545454	False
4185	2017	0.45454545454545453	True
4185	3682	0.36363636363636365	True
4185	1345	0.2727272727272727	True
4185	497	0.18181818181818182	True
4185	3397	0.09090909090909091	True
5061	3063	0.9090909090909091	False
5061	41	0.8181818181818182	False
5061	2063	0.7272727272727273	False
5061	3365	0.6363636363636364	False
5061	2717	0.5454545454545454	False
5061	3682	0.45454545454545453	True
5061	3397	0.36363636363636365	True
5061	1345	0.2727272727272727	True
5061	497	0.18181818181818182	True
5061	2405	0.09090909090909091	True
916	3063	0.9090909090909091	False
916	41	0.8181818181818182	False
916	2063	0.7272727272727273	False
916	3365	0.6363636363636364	False
916	2717	0.5454545454545454	False
916	3682	0.45454545454545453	True
916	497	0.36363636363636365	True
916	2017	0.2727272727272727	True
916	3397	0.18181818181818182	True
916	1345	0.09090909090909091	True
2404	41	0.9090909090909091	False
2404	3063	0.8181818181818182	False
2404	2063	0.7272727272727273	False
2404	3365	0.6363636363636364	False
2404	2717	0.5454545454545454	False
2404	3682	0.45454545454545453	True
2404	497	0.36363636363636365	True
2404	3397	0.2727272727272727	True
2404	608	0.18181818181818182	True
2404	1345	0.09090909090909091	True
1422	41	0.9090909090909091	False
1422	3063	0.8181818181818182	False
1422	2063	0.7272727272727273	False
1422	3365	0.6363636363636364	False
1422	2717	0.5454545454545454	False
1422	3682	0.45454545454545453	True
1422	2017	0.36363636363636365	True
1422	3397	0.2727272727272727	True
1422	497	0.18181818181818182	True
1422	1345	0.09090909090909091	True
4392	3063	0.9090909090909091	False
4392	41	0.8181818181818182	False
4392	2063	0.7272727272727273	False
4392	3365	0.6363636363636364	False
4392	2717	0.5454545454545454	False
4392	2017	0.45454545454545453	True
4392	3682	0.36363636363636365	True
4392	3845	0.2727272727272727	True
4392	497	0.18181818181818182	True
4392	1345	0.09090909090909091	True
1357	41	0.9090909090909091	False
1357	3063	0.8181818181818182	False
1357	2063	0.7272727272727273	False
1357	3365	0.6363636363636364	False
1357	2717	0.5454545454545454	False
1357	2017	0.45454545454545453	True
1357	3682	0.36363636363636365	True
1357	3397	0.2727272727272727	True
1357	1345	0.18181818181818182	True
1357	2405	0.09090909090909091	True
2687	3063	0.9090909090909091	False
2687	41	0.8181818181818182	False
2687	2063	0.7272727272727273	False
2687	3365	0.6363636363636364	False
2687	2717	0.5454545454545454	False
2687	3682	0.45454545454545453	True
2687	3397	0.36363636363636365	True
2687	2017	0.2727272727272727	True
2687	1345	0.18181818181818182	True
2687	1494	0.09090909090909091	True
4503	41	0.9090909090909091	False
4503	3063	0.8181818181818182	False
4503	2063	0.7272727272727273	False
4503	3365	0.6363636363636364	False
4503	2717	0.5454545454545454	False
4503	2017	0.45454545454545453	True
4503	1494	0.36363636363636365	True
4503	3682	0.2727272727272727	True
4503	3397	0.18181818181818182	True
4503	1345	0.09090909090909091	True
5332	41	0.9090909090909091	False
5332	3063	0.8181818181818182	False
5332	2063	0.7272727272727273	False
5332	3365	0.6363636363636364	False
5332	2717	0.5454545454545454	False
5332	3682	0.45454545454545453	True
5332	2017	0.36363636363636365	True
5332	3397	0.2727272727272727	True
5332	2405	0.18181818181818182	True
5332	1345	0.09090909090909091	True
3007	3063	0.9090909090909091	False
3007	41	0.8181818181818182	False
3007	2063	0.7272727272727273	False
3007	3365	0.6363636363636364	False
3007	2717	0.5454545454545454	False
3007	3682	0.45454545454545453	True
3007	1345	0.36363636363636365	True
3007	3397	0.2727272727272727	True
3007	608	0.18181818181818182	True
3007	2017	0.09090909090909091	True
4933	41	0.9090909090909091	False
4933	3063	0.8181818181818182	False
4933	2063	0.7272727272727273	False
4933	3365	0.6363636363636364	False
4933	2717	0.5454545454545454	False
4933	3682	0.45454545454545453	True
4933	2017	0.36363636363636365	True
4933	1345	0.2727272727272727	True
4933	3397	0.18181818181818182	True
4933	497	0.09090909090909091	True
4272	41	0.9090909090909091	False
4272	3063	0.8181818181818182	False
4272	2063	0.7272727272727273	False
4272	2717	0.6363636363636364	False
4272	3365	0.5454545454545454	False
4272	3682	0.45454545454545453	True
4272	2017	0.36363636363636365	True
4272	3397	0.2727272727272727	True
4272	1345	0.18181818181818182	True
4272	2405	0.09090909090909091	True
1775	41	0.9090909090909091	False
1775	3063	0.8181818181818182	False
1775	2063	0.7272727272727273	False
1775	2717	0.6363636363636364	False
1775	3365	0.5454545454545454	False
1775	3682	0.45454545454545453	True
1775	3397	0.36363636363636365	True
1775	1345	0.2727272727272727	True
1775	2017	0.18181818181818182	True
1775	608	0.09090909090909091	True
4720	3063	0.9090909090909091	False
4720	41	0.8181818181818182	False
4720	2063	0.7272727272727273	False
4720	3365	0.6363636363636364	False
4720	2717	0.5454545454545454	False
4720	2017	0.45454545454545453	True
4720	3682	0.36363636363636365	True
4720	497	0.2727272727272727	True
4720	1345	0.18181818181818182	True
4720	3397	0.09090909090909091	True
4002	41	0.9090909090909091	False
4002	3063	0.8181818181818182	False
4002	2063	0.7272727272727273	False
4002	3365	0.6363636363636364	False
4002	2717	0.5454545454545454	False
4002	3682	0.45454545454545453	True
4002	2405	0.36363636363636365	True
4002	3397	0.2727272727272727	True
4002	1345	0.18181818181818182	True
4002	2017	0.09090909090909091	True
2748	41	0.9090909090909091	False
2748	3063	0.8181818181818182	False
2748	2063	0.7272727272727273	False
2748	3365	0.6363636363636364	False
2748	2717	0.5454545454545454	False
2748	2017	0.45454545454545453	True
2748	3682	0.36363636363636365	True
2748	1345	0.2727272727272727	True
2748	3845	0.18181818181818182	True
2748	497	0.09090909090909091	True
335	3063	0.9090909090909091	False
335	41	0.8181818181818182	False
335	2063	0.7272727272727273	False
335	3365	0.6363636363636364	False
335	2717	0.5454545454545454	False
335	2017	0.45454545454545453	True
335	497	0.36363636363636365	True
335	3682	0.2727272727272727	True
335	1345	0.18181818181818182	True
335	3397	0.09090909090909091	True
291	41	0.9090909090909091	False
291	3063	0.8181818181818182	False
291	2063	0.7272727272727273	False
291	3365	0.6363636363636364	False
291	2717	0.5454545454545454	False
291	3682	0.45454545454545453	True
291	1345	0.36363636363636365	True
291	3397	0.2727272727272727	True
291	2017	0.18181818181818182	True
291	2405	0.09090909090909091	True
2337	41	0.9090909090909091	False
2337	3063	0.8181818181818182	False
2337	2063	0.7272727272727273	False
2337	3365	0.6363636363636364	False
2337	2717	0.5454545454545454	False
2337	3682	0.45454545454545453	True
2337	1345	0.36363636363636365	True
2337	2017	0.2727272727272727	True
2337	497	0.18181818181818182	True
2337	2405	0.09090909090909091	True
4751	3063	0.9090909090909091	False
4751	41	0.8181818181818182	False
4751	2063	0.7272727272727273	False
4751	3365	0.6363636363636364	False
4751	2717	0.5454545454545454	False
4751	3682	0.45454545454545453	True
4751	3397	0.36363636363636365	True
4751	2017	0.2727272727272727	True
4751	1345	0.18181818181818182	True
4751	497	0.09090909090909091	True
4626	41	0.9090909090909091	False
4626	3063	0.8181818181818182	False
4626	2063	0.7272727272727273	False
4626	2717	0.6363636363636364	False
4626	3365	0.5454545454545454	False
4626	3682	0.45454545454545453	True
4626	1345	0.36363636363636365	True
4626	2017	0.2727272727272727	True
4626	3397	0.18181818181818182	True
4626	497	0.09090909090909091	True
35	41	0.9090909090909091	False
35	3063	0.8181818181818182	False
35	2063	0.7272727272727273	False
35	2717	0.6363636363636364	False
35	3365	0.5454545454545454	False
35	3682	0.45454545454545453	True
35	3397	0.36363636363636365	True
35	1494	0.2727272727272727	True
35	1345	0.18181818181818182	True
35	2017	0.09090909090909091	True
732	41	0.9090909090909091	False
732	3063	0.8181818181818182	False
732	2063	0.7272727272727273	False
732	3365	0.6363636363636364	False
732	2717	0.5454545454545454	False
732	2017	0.45454545454545453	True
732	3682	0.36363636363636365	True
732	1345	0.2727272727272727	True
732	3397	0.18181818181818182	True
732	2053	0.09090909090909091	True
4815	41	0.9090909090909091	False
4815	3063	0.8181818181818182	False
4815	2063	0.7272727272727273	False
4815	3365	0.6363636363636364	False
4815	2717	0.5454545454545454	False
4815	1345	0.45454545454545453	True
4815	3682	0.36363636363636365	True
4815	2017	0.2727272727272727	True
4815	2405	0.18181818181818182	True
4815	497	0.09090909090909091	True
1913	41	0.9090909090909091	False
1913	3063	0.8181818181818182	False
1913	2063	0.7272727272727273	False
1913	2717	0.6363636363636364	False
1913	3365	0.5454545454545454	False
1913	3682	0.45454545454545453	True
1913	2017	0.36363636363636365	True
1913	1345	0.2727272727272727	True
1913	3397	0.18181818181818182	True
1913	1494	0.09090909090909091	True
3840	3063	0.9090909090909091	False
3840	41	0.8181818181818182	False
3840	2063	0.7272727272727273	False
3840	3365	0.6363636363636364	False
3840	2717	0.5454545454545454	False
3840	1345	0.45454545454545453	True
3840	2017	0.36363636363636365	True
3840	3682	0.2727272727272727	True
3840	497	0.18181818181818182	True
3840	2405	0.09090909090909091	True
650	41	0.9090909090909091	False
650	3063	0.8181818181818182	False
650	2063	0.7272727272727273	False
650	3365	0.6363636363636364	False
650	2717	0.5454545454545454	False
650	3682	0.45454545454545453	True
650	2017	0.36363636363636365	True
650	1345	0.2727272727272727	True
650	3397	0.18181818181818182	True
650	2053	0.09090909090909091	True
5683	41	0.9090909090909091	False
5683	3063	0.8181818181818182	False
5683	2063	0.7272727272727273	False
5683	3365	0.6363636363636364	False
5683	2717	0.5454545454545454	False
5683	3682	0.45454545454545453	True
5683	2017	0.36363636363636365	True
5683	3397	0.2727272727272727	True
5683	1345	0.18181818181818182	True
5683	2405	0.09090909090909091	True
3356	3063	0.9090909090909091	False
3356	41	0.8181818181818182	False
3356	2063	0.7272727272727273	False
3356	3365	0.6363636363636364	False
3356	2717	0.5454545454545454	False
3356	3682	0.45454545454545453	True
3356	1345	0.36363636363636365	True
3356	2017	0.2727272727272727	True
3356	3397	0.18181818181818182	True
3356	497	0.09090909090909091	True
6022	41	0.9090909090909091	False
6022	3063	0.8181818181818182	False
6022	2063	0.7272727272727273	False
6022	2717	0.6363636363636364	False
6022	3365	0.5454545454545454	False
6022	3682	0.45454545454545453	True
6022	1345	0.36363636363636365	True
6022	2017	0.2727272727272727	True
6022	3397	0.18181818181818182	True
6022	2528	0.09090909090909091	True
2209	41	0.9090909090909091	False
2209	3063	0.8181818181818182	False
2209	2063	0.7272727272727273	False
2209	2717	0.6363636363636364	False
2209	3365	0.5454545454545454	False
2209	3682	0.45454545454545453	True
2209	1345	0.36363636363636365	True
2209	3397	0.2727272727272727	True
2209	497	0.18181818181818182	True
2209	2017	0.09090909090909091	True
5268	41	0.9090909090909091	False
5268	3063	0.8181818181818182	False
5268	2063	0.7272727272727273	False
5268	3365	0.6363636363636364	False
5268	2717	0.5454545454545454	False
5268	3682	0.45454545454545453	True
5268	1345	0.36363636363636365	True
5268	2017	0.2727272727272727	True
5268	497	0.18181818181818182	True
5268	3397	0.09090909090909091	True
959	3063	0.9090909090909091	False
959	41	0.8181818181818182	False
959	2063	0.7272727272727273	False
959	3365	0.6363636363636364	False
959	2717	0.5454545454545454	False
959	2017	0.45454545454545453	True
959	3682	0.36363636363636365	True
959	3397	0.2727272727272727	True
959	497	0.18181818181818182	True
959	1345	0.09090909090909091	True
1802	41	0.9090909090909091	False
1802	3063	0.8181818181818182	False
1802	2063	0.7272727272727273	False
1802	3365	0.6363636363636364	False
1802	2717	0.5454545454545454	False
1802	2017	0.45454545454545453	True
1802	3682	0.36363636363636365	True
1802	497	0.2727272727272727	True
1802	1345	0.18181818181818182	True
1802	3397	0.09090909090909091	True
4297	41	0.9090909090909091	False
4297	3063	0.8181818181818182	False
4297	2063	0.7272727272727273	False
4297	3365	0.6363636363636364	False
4297	2717	0.5454545454545454	False
4297	2017	0.45454545454545453	True
4297	3682	0.36363636363636365	True
4297	1345	0.2727272727272727	True
4297	497	0.18181818181818182	True
4297	3397	0.09090909090909091	True
470	41	0.9090909090909091	False
470	3063	0.8181818181818182	False
470	2063	0.7272727272727273	False
470	3365	0.6363636363636364	False
470	2717	0.5454545454545454	False
470	3682	0.45454545454545453	True
470	2017	0.36363636363636365	True
470	2405	0.2727272727272727	True
470	1345	0.18181818181818182	True
470	497	0.09090909090909091	True
4853	41	0.9090909090909091	False
4853	3063	0.8181818181818182	False
4853	2063	0.7272727272727273	False
4853	2717	0.6363636363636364	False
4853	3682	0.5454545454545454	True
4853	3365	0.45454545454545453	False
4853	1345	0.36363636363636365	True
4853	3397	0.2727272727272727	True
4853	2017	0.18181818181818182	True
4853	497	0.09090909090909091	True
1796	3063	0.9090909090909091	False
1796	41	0.8181818181818182	False
1796	2063	0.7272727272727273	False
1796	2717	0.6363636363636364	False
1796	3365	0.5454545454545454	False
1796	3682	0.45454545454545453	True
1796	497	0.36363636363636365	True
1796	3397	0.2727272727272727	True
1796	1494	0.18181818181818182	True
1796	2017	0.09090909090909091	True
2378	41	0.9090909090909091	False
2378	3063	0.8181818181818182	False
2378	2063	0.7272727272727273	False
2378	2717	0.6363636363636364	False
2378	3365	0.5454545454545454	False
2378	3682	0.45454545454545453	True
2378	1345	0.36363636363636365	True
2378	3397	0.2727272727272727	True
2378	497	0.18181818181818182	True
2378	2405	0.09090909090909091	True
228	3063	0.9090909090909091	False
228	41	0.8181818181818182	False
228	2063	0.7272727272727273	False
228	3365	0.6363636363636364	False
228	2717	0.5454545454545454	False
228	3682	0.45454545454545453	True
228	2017	0.36363636363636365	True
228	1345	0.2727272727272727	True
228	3397	0.18181818181818182	True
228	2405	0.09090909090909091	True
3952	41	0.9090909090909091	False
3952	3063	0.8181818181818182	False
3952	2063	0.7272727272727273	False
3952	3365	0.6363636363636364	False
3952	2717	0.5454545454545454	False
3952	3682	0.45454545454545453	True
3952	2017	0.36363636363636365	True
3952	1345	0.2727272727272727	True
3952	3397	0.18181818181818182	True
3952	1494	0.09090909090909091	True
1745	41	0.9090909090909091	False
1745	3063	0.8181818181818182	False
1745	2063	0.7272727272727273	False
1745	3365	0.6363636363636364	False
1745	2717	0.5454545454545454	False
1745	3682	0.45454545454545453	True
1745	2017	0.36363636363636365	True
1745	1494	0.2727272727272727	True
1745	1345	0.18181818181818182	True
1745	3397	0.09090909090909091	True
738	41	0.9090909090909091	False
738	3063	0.8181818181818182	False
738	2063	0.7272727272727273	False
738	3365	0.6363636363636364	False
738	2717	0.5454545454545454	False
738	3682	0.45454545454545453	True
738	2017	0.36363636363636365	True
738	3397	0.2727272727272727	True
738	2053	0.18181818181818182	True
738	497	0.09090909090909091	True
3530	41	0.9090909090909091	False
3530	3063	0.8181818181818182	False
3530	2063	0.7272727272727273	False
3530	2717	0.6363636363636364	False
3530	3365	0.5454545454545454	False
3530	1345	0.45454545454545453	True
3530	1494	0.36363636363636365	True
3530	3682	0.2727272727272727	True
3530	2017	0.18181818181818182	True
3530	2528	0.09090909090909091	True
4718	3063	0.9090909090909091	False
4718	41	0.8181818181818182	False
4718	2063	0.7272727272727273	False
4718	3365	0.6363636363636364	False
4718	2717	0.5454545454545454	False
4718	3682	0.45454545454545453	True
4718	1345	0.36363636363636365	True
4718	2053	0.2727272727272727	True
4718	497	0.18181818181818182	True
4718	2017	0.09090909090909091	True
4276	41	0.9090909090909091	False
4276	3063	0.8181818181818182	False
4276	2063	0.7272727272727273	False
4276	3365	0.6363636363636364	False
4276	2717	0.5454545454545454	False
4276	3682	0.45454545454545453	True
4276	2017	0.36363636363636365	True
4276	1345	0.2727272727272727	True
4276	3397	0.18181818181818182	True
4276	2053	0.09090909090909091	True
3800	41	0.9090909090909091	False
3800	3063	0.8181818181818182	False
3800	2063	0.7272727272727273	False
3800	3365	0.6363636363636364	False
3800	2717	0.5454545454545454	False
3800	2017	0.45454545454545453	True
3800	3682	0.36363636363636365	True
3800	497	0.2727272727272727	True
3800	3397	0.18181818181818182	True
3800	2405	0.09090909090909091	True
5659	3063	0.9090909090909091	False
5659	41	0.8181818181818182	False
5659	2063	0.7272727272727273	False
5659	3365	0.6363636363636364	False
5659	2717	0.5454545454545454	False
5659	2017	0.45454545454545453	True
5659	3682	0.36363636363636365	True
5659	3397	0.2727272727272727	True
5659	2405	0.18181818181818182	True
5659	1345	0.09090909090909091	True
96	41	0.9090909090909091	False
96	3063	0.8181818181818182	False
96	2063	0.7272727272727273	False
96	3365	0.6363636363636364	False
96	2717	0.5454545454545454	False
96	3682	0.45454545454545453	True
96	3397	0.36363636363636365	True
96	1345	0.2727272727272727	True
96	497	0.18181818181818182	True
96	2017	0.09090909090909091	True
4670	41	0.9090909090909091	False
4670	3063	0.8181818181818182	False
4670	2063	0.7272727272727273	False
4670	3365	0.6363636363636364	False
4670	2717	0.5454545454545454	False
4670	3682	0.45454545454545453	True
4670	3397	0.36363636363636365	True
4670	1494	0.2727272727272727	True
4670	497	0.18181818181818182	True
4670	2017	0.09090909090909091	True
3710	41	0.9090909090909091	False
3710	3063	0.8181818181818182	False
3710	2063	0.7272727272727273	False
3710	3365	0.6363636363636364	False
3710	2717	0.5454545454545454	False
3710	2017	0.45454545454545453	True
3710	3682	0.36363636363636365	True
3710	1345	0.2727272727272727	True
3710	3397	0.18181818181818182	True
3710	1494	0.09090909090909091	True
6004	41	0.9090909090909091	False
6004	3063	0.8181818181818182	False
6004	2063	0.7272727272727273	False
6004	2717	0.6363636363636364	False
6004	3365	0.5454545454545454	False
6004	3682	0.45454545454545453	True
6004	2017	0.36363636363636365	True
6004	3397	0.2727272727272727	True
6004	1345	0.18181818181818182	True
6004	2405	0.09090909090909091	True
2425	41	0.9090909090909091	False
2425	3063	0.8181818181818182	False
2425	2063	0.7272727272727273	False
2425	2717	0.6363636363636364	False
2425	3365	0.5454545454545454	False
2425	3682	0.45454545454545453	True
2425	2017	0.36363636363636365	True
2425	1345	0.2727272727272727	True
2425	497	0.18181818181818182	True
2425	2528	0.09090909090909091	True
