4749	3013	0.9090909090909091	False
4749	1370	0.8181818181818182	True
4749	50	0.7272727272727273	False
4749	210	0.6363636363636364	True
4749	652	0.5454545454545454	False
4749	3502	0.45454545454545453	False
4749	1091	0.36363636363636365	True
4749	2187	0.2727272727272727	True
4749	487	0.18181818181818182	False
4749	187	0.09090909090909091	True
2509	1370	0.9090909090909091	True
2509	3013	0.8181818181818182	False
2509	50	0.7272727272727273	False
2509	210	0.6363636363636364	True
2509	1091	0.5454545454545454	True
2509	652	0.45454545454545453	False
2509	3502	0.36363636363636365	False
2509	487	0.2727272727272727	False
2509	2187	0.18181818181818182	True
2509	187	0.09090909090909091	True
5606	3013	0.9090909090909091	False
5606	1370	0.8181818181818182	True
5606	50	0.7272727272727273	False
5606	1091	0.6363636363636364	True
5606	3502	0.5454545454545454	False
5606	210	0.45454545454545453	True
5606	652	0.36363636363636365	False
5606	487	0.2727272727272727	False
5606	2187	0.18181818181818182	True
5606	187	0.09090909090909091	True
5113	1370	0.9090909090909091	True
5113	3013	0.8181818181818182	False
5113	50	0.7272727272727273	False
5113	210	0.6363636363636364	True
5113	487	0.5454545454545454	False
5113	3502	0.45454545454545453	False
5113	652	0.36363636363636365	False
5113	1091	0.2727272727272727	True
5113	2187	0.18181818181818182	True
5113	187	0.09090909090909091	True
3059	3013	0.9090909090909091	False
3059	1370	0.8181818181818182	True
3059	50	0.7272727272727273	False
3059	210	0.6363636363636364	True
3059	3502	0.5454545454545454	False
3059	652	0.45454545454545453	False
3059	487	0.36363636363636365	False
3059	1091	0.2727272727272727	True
3059	2187	0.18181818181818182	True
3059	187	0.09090909090909091	True
1550	1370	0.9090909090909091	True
1550	3013	0.8181818181818182	False
1550	50	0.7272727272727273	False
1550	210	0.6363636363636364	True
1550	3502	0.5454545454545454	False
1550	652	0.45454545454545453	False
1550	487	0.36363636363636365	False
1550	1091	0.2727272727272727	True
1550	2187	0.18181818181818182	True
1550	187	0.09090909090909091	True
4630	1370	0.9090909090909091	True
4630	50	0.8181818181818182	False
4630	3013	0.7272727272727273	False
4630	1091	0.6363636363636364	True
4630	210	0.5454545454545454	True
4630	3502	0.45454545454545453	False
4630	652	0.36363636363636365	False
4630	2187	0.2727272727272727	True
4630	487	0.18181818181818182	False
4630	187	0.09090909090909091	True
1492	1370	0.9090909090909091	True
1492	50	0.8181818181818182	False
1492	3013	0.7272727272727273	False
1492	210	0.6363636363636364	True
1492	3502	0.5454545454545454	False
1492	1091	0.45454545454545453	True
1492	652	0.36363636363636365	False
1492	487	0.2727272727272727	False
1492	2187	0.18181818181818182	True
1492	187	0.09090909090909091	True
2876	1370	0.9090909090909091	True
2876	3013	0.8181818181818182	False
2876	50	0.7272727272727273	False
2876	1091	0.6363636363636364	True
2876	210	0.5454545454545454	True
2876	3502	0.45454545454545453	False
2876	652	0.36363636363636365	False
2876	2187	0.2727272727272727	True
2876	487	0.18181818181818182	False
2876	187	0.09090909090909091	True
4801	3013	0.9090909090909091	False
4801	1370	0.8181818181818182	True
4801	50	0.7272727272727273	False
4801	210	0.6363636363636364	True
4801	3502	0.5454545454545454	False
4801	1091	0.45454545454545453	True
4801	487	0.36363636363636365	False
4801	652	0.2727272727272727	False
4801	2187	0.18181818181818182	True
4801	3718	0.09090909090909091	True
1597	1370	0.9090909090909091	True
1597	3013	0.8181818181818182	False
1597	50	0.7272727272727273	False
1597	210	0.6363636363636364	True
1597	3502	0.5454545454545454	False
1597	487	0.45454545454545453	False
1597	1091	0.36363636363636365	True
1597	652	0.2727272727272727	False
1597	2187	0.18181818181818182	True
1597	2202	0.09090909090909091	True
2657	1370	0.9090909090909091	True
2657	50	0.8181818181818182	False
2657	3013	0.7272727272727273	False
2657	210	0.6363636363636364	True
2657	3502	0.5454545454545454	False
2657	1091	0.45454545454545453	True
2657	2187	0.36363636363636365	True
2657	652	0.2727272727272727	False
2657	487	0.18181818181818182	False
2657	187	0.09090909090909091	True
5704	1370	0.9090909090909091	True
5704	3013	0.8181818181818182	False
5704	50	0.7272727272727273	False
5704	210	0.6363636363636364	True
5704	1091	0.5454545454545454	True
5704	652	0.45454545454545453	False
5704	3502	0.36363636363636365	False
5704	487	0.2727272727272727	False
5704	187	0.18181818181818182	True
5704	2202	0.09090909090909091	True
4198	1370	0.9090909090909091	True
4198	3013	0.8181818181818182	False
4198	50	0.7272727272727273	False
4198	210	0.6363636363636364	True
4198	1091	0.5454545454545454	True
4198	3502	0.45454545454545453	False
4198	2187	0.36363636363636365	True
4198	652	0.2727272727272727	False
4198	487	0.18181818181818182	False
4198	187	0.09090909090909091	True
5550	1370	0.9090909090909091	True
5550	50	0.8181818181818182	False
5550	3013	0.7272727272727273	False
5550	210	0.6363636363636364	True
5550	3502	0.5454545454545454	False
5550	487	0.45454545454545453	False
5550	1091	0.36363636363636365	True
5550	2187	0.2727272727272727	True
5550	652	0.18181818181818182	False
5550	2494	0.09090909090909091	True
3800	3013	0.9090909090909091	False
3800	1370	0.8181818181818182	True
3800	50	0.7272727272727273	False
3800	210	0.6363636363636364	True
3800	3502	0.5454545454545454	False
3800	1091	0.45454545454545453	True
3800	652	0.36363636363636365	False
3800	487	0.2727272727272727	False
3800	2187	0.18181818181818182	True
3800	187	0.09090909090909091	True
4973	1370	0.9090909090909091	True
4973	3013	0.8181818181818182	False
4973	50	0.7272727272727273	False
4973	210	0.6363636363636364	True
4973	1091	0.5454545454545454	True
4973	3502	0.45454545454545453	False
4973	652	0.36363636363636365	False
4973	2187	0.2727272727272727	True
4973	487	0.18181818181818182	False
4973	187	0.09090909090909091	True
1419	3013	0.9090909090909091	False
1419	1370	0.8181818181818182	True
1419	50	0.7272727272727273	False
1419	210	0.6363636363636364	True
1419	1091	0.5454545454545454	True
1419	652	0.45454545454545453	False
1419	3502	0.36363636363636365	False
1419	2187	0.2727272727272727	True
1419	487	0.18181818181818182	False
1419	187	0.09090909090909091	True
2205	1370	0.9090909090909091	True
2205	3013	0.8181818181818182	False
2205	50	0.7272727272727273	False
2205	210	0.6363636363636364	True
2205	3502	0.5454545454545454	False
2205	1091	0.45454545454545453	True
2205	652	0.36363636363636365	False
2205	487	0.2727272727272727	False
2205	2187	0.18181818181818182	True
2205	3718	0.09090909090909091	True
718	3013	0.9090909090909091	False
718	1370	0.8181818181818182	True
718	50	0.7272727272727273	False
718	210	0.6363636363636364	True
718	3502	0.5454545454545454	False
718	1091	0.45454545454545453	True
718	652	0.36363636363636365	False
718	2187	0.2727272727272727	True
718	487	0.18181818181818182	False
718	187	0.09090909090909091	True
390	1370	0.9090909090909091	True
390	3013	0.8181818181818182	False
390	50	0.7272727272727273	False
390	1091	0.6363636363636364	True
390	3502	0.5454545454545454	False
390	210	0.45454545454545453	True
390	652	0.36363636363636365	False
390	2187	0.2727272727272727	True
390	487	0.18181818181818182	False
390	187	0.09090909090909091	True
1786	3013	0.9090909090909091	False
1786	1370	0.8181818181818182	True
1786	50	0.7272727272727273	False
1786	1091	0.6363636363636364	True
1786	210	0.5454545454545454	True
1786	3502	0.45454545454545453	False
1786	652	0.36363636363636365	False
1786	487	0.2727272727272727	False
1786	2187	0.18181818181818182	True
1786	187	0.09090909090909091	True
5738	1370	0.9090909090909091	True
5738	3013	0.8181818181818182	False
5738	50	0.7272727272727273	False
5738	210	0.6363636363636364	True
5738	652	0.5454545454545454	False
5738	487	0.45454545454545453	False
5738	1091	0.36363636363636365	True
5738	3502	0.2727272727272727	False
5738	2187	0.18181818181818182	True
5738	187	0.09090909090909091	True
2888	3013	0.9090909090909091	False
2888	1370	0.8181818181818182	True
2888	50	0.7272727272727273	False
2888	210	0.6363636363636364	True
2888	3502	0.5454545454545454	False
2888	1091	0.45454545454545453	True
2888	652	0.36363636363636365	False
2888	487	0.2727272727272727	False
2888	2187	0.18181818181818182	True
2888	187	0.09090909090909091	True
1957	1370	0.9090909090909091	True
1957	50	0.8181818181818182	False
1957	3013	0.7272727272727273	False
1957	210	0.6363636363636364	True
1957	1091	0.5454545454545454	True
1957	3502	0.45454545454545453	False
1957	2187	0.36363636363636365	True
1957	652	0.2727272727272727	False
1957	487	0.18181818181818182	False
1957	2494	0.09090909090909091	True
5632	1370	0.9090909090909091	True
5632	3013	0.8181818181818182	False
5632	50	0.7272727272727273	False
5632	210	0.6363636363636364	True
5632	487	0.5454545454545454	False
5632	3502	0.45454545454545453	False
5632	652	0.36363636363636365	False
5632	1091	0.2727272727272727	True
5632	2187	0.18181818181818182	True
5632	187	0.09090909090909091	True
1969	1370	0.9090909090909091	True
1969	50	0.8181818181818182	False
1969	3013	0.7272727272727273	False
1969	1091	0.6363636363636364	True
1969	210	0.5454545454545454	True
1969	3502	0.45454545454545453	False
1969	652	0.36363636363636365	False
1969	2187	0.2727272727272727	True
1969	487	0.18181818181818182	False
1969	187	0.09090909090909091	True
2985	1370	0.9090909090909091	True
2985	3013	0.8181818181818182	False
2985	50	0.7272727272727273	False
2985	3502	0.6363636363636364	False
2985	210	0.5454545454545454	True
2985	652	0.45454545454545453	False
2985	487	0.36363636363636365	False
2985	1091	0.2727272727272727	True
2985	2187	0.18181818181818182	True
2985	187	0.09090909090909091	True
4479	1370	0.9090909090909091	True
4479	50	0.8181818181818182	False
4479	3013	0.7272727272727273	False
4479	210	0.6363636363636364	True
4479	1091	0.5454545454545454	True
4479	3502	0.45454545454545453	False
4479	2187	0.36363636363636365	True
4479	652	0.2727272727272727	False
4479	487	0.18181818181818182	False
4479	187	0.09090909090909091	True
5677	3013	0.9090909090909091	False
5677	1370	0.8181818181818182	True
5677	50	0.7272727272727273	False
5677	210	0.6363636363636364	True
5677	1091	0.5454545454545454	True
5677	3502	0.45454545454545453	False
5677	487	0.36363636363636365	False
5677	652	0.2727272727272727	False
5677	2187	0.18181818181818182	True
5677	187	0.09090909090909091	True
2214	1370	0.9090909090909091	True
2214	3013	0.8181818181818182	False
2214	50	0.7272727272727273	False
2214	652	0.6363636363636364	False
2214	210	0.5454545454545454	True
2214	487	0.45454545454545453	False
2214	1091	0.36363636363636365	True
2214	3502	0.2727272727272727	False
2214	2187	0.18181818181818182	True
2214	187	0.09090909090909091	True
2841	1370	0.9090909090909091	True
2841	3013	0.8181818181818182	False
2841	50	0.7272727272727273	False
2841	210	0.6363636363636364	True
2841	1091	0.5454545454545454	True
2841	3502	0.45454545454545453	False
2841	652	0.36363636363636365	False
2841	487	0.2727272727272727	False
2841	2187	0.18181818181818182	True
2841	187	0.09090909090909091	True
513	1370	0.9090909090909091	True
513	3013	0.8181818181818182	False
513	50	0.7272727272727273	False
513	1091	0.6363636363636364	True
513	210	0.5454545454545454	True
513	3502	0.45454545454545453	False
513	652	0.36363636363636365	False
513	487	0.2727272727272727	False
513	2187	0.18181818181818182	True
513	187	0.09090909090909091	True
5255	1370	0.9090909090909091	True
5255	3013	0.8181818181818182	False
5255	50	0.7272727272727273	False
5255	210	0.6363636363636364	True
5255	3502	0.5454545454545454	False
5255	487	0.45454545454545453	False
5255	1091	0.36363636363636365	True
5255	652	0.2727272727272727	False
5255	2187	0.18181818181818182	True
5255	3718	0.09090909090909091	True
3966	1370	0.9090909090909091	True
3966	3013	0.8181818181818182	False
3966	50	0.7272727272727273	False
3966	210	0.6363636363636364	True
3966	1091	0.5454545454545454	True
3966	3502	0.45454545454545453	False
3966	652	0.36363636363636365	False
3966	487	0.2727272727272727	False
3966	2187	0.18181818181818182	True
3966	187	0.09090909090909091	True
4652	3013	0.9090909090909091	False
4652	1370	0.8181818181818182	True
4652	50	0.7272727272727273	False
4652	210	0.6363636363636364	True
4652	1091	0.5454545454545454	True
4652	652	0.45454545454545453	False
4652	3502	0.36363636363636365	False
4652	487	0.2727272727272727	False
4652	2187	0.18181818181818182	True
4652	187	0.09090909090909091	True
157	1370	0.9090909090909091	True
157	3013	0.8181818181818182	False
157	50	0.7272727272727273	False
157	210	0.6363636363636364	True
157	487	0.5454545454545454	False
157	3502	0.45454545454545453	False
157	1091	0.36363636363636365	True
157	652	0.2727272727272727	False
157	2187	0.18181818181818182	True
157	187	0.09090909090909091	True
2400	1370	0.9090909090909091	True
2400	50	0.8181818181818182	False
2400	3013	0.7272727272727273	False
2400	210	0.6363636363636364	True
2400	3502	0.5454545454545454	False
2400	1091	0.45454545454545453	True
2400	652	0.36363636363636365	False
2400	2187	0.2727272727272727	True
2400	487	0.18181818181818182	False
2400	2202	0.09090909090909091	True
4049	1370	0.9090909090909091	True
4049	3013	0.8181818181818182	False
4049	50	0.7272727272727273	False
4049	210	0.6363636363636364	True
4049	652	0.5454545454545454	False
4049	3502	0.45454545454545453	False
4049	1091	0.36363636363636365	True
4049	487	0.2727272727272727	False
4049	2187	0.18181818181818182	True
4049	3718	0.09090909090909091	True
5785	3013	0.9090909090909091	False
5785	1370	0.8181818181818182	True
5785	50	0.7272727272727273	False
5785	210	0.6363636363636364	True
5785	487	0.5454545454545454	False
5785	652	0.45454545454545453	False
5785	1091	0.36363636363636365	True
5785	3502	0.2727272727272727	False
5785	2187	0.18181818181818182	True
5785	187	0.09090909090909091	True
3192	1370	0.9090909090909091	True
3192	50	0.8181818181818182	False
3192	3013	0.7272727272727273	False
3192	210	0.6363636363636364	True
3192	3502	0.5454545454545454	False
3192	1091	0.45454545454545453	True
3192	487	0.36363636363636365	False
3192	652	0.2727272727272727	False
3192	2187	0.18181818181818182	True
3192	3718	0.09090909090909091	True
4383	1370	0.9090909090909091	True
4383	3013	0.8181818181818182	False
4383	50	0.7272727272727273	False
4383	210	0.6363636363636364	True
4383	652	0.5454545454545454	False
4383	487	0.45454545454545453	False
4383	1091	0.36363636363636365	True
4383	3502	0.2727272727272727	False
4383	2187	0.18181818181818182	True
4383	187	0.09090909090909091	True
5427	1370	0.9090909090909091	True
5427	3013	0.8181818181818182	False
5427	50	0.7272727272727273	False
5427	210	0.6363636363636364	True
5427	1091	0.5454545454545454	True
5427	3502	0.45454545454545453	False
5427	652	0.36363636363636365	False
5427	487	0.2727272727272727	False
5427	2187	0.18181818181818182	True
5427	187	0.09090909090909091	True
4647	3013	0.9090909090909091	False
4647	1370	0.8181818181818182	True
4647	50	0.7272727272727273	False
4647	210	0.6363636363636364	True
4647	1091	0.5454545454545454	True
4647	3502	0.45454545454545453	False
4647	652	0.36363636363636365	False
4647	487	0.2727272727272727	False
4647	2187	0.18181818181818182	True
4647	187	0.09090909090909091	True
5425	1370	0.9090909090909091	True
5425	3013	0.8181818181818182	False
5425	50	0.7272727272727273	False
5425	3502	0.6363636363636364	False
5425	210	0.5454545454545454	True
5425	1091	0.45454545454545453	True
5425	652	0.36363636363636365	False
5425	487	0.2727272727272727	False
5425	2187	0.18181818181818182	True
5425	187	0.09090909090909091	True
4248	3013	0.9090909090909091	False
4248	1370	0.8181818181818182	True
4248	210	0.7272727272727273	True
4248	50	0.6363636363636364	False
4248	487	0.5454545454545454	False
4248	3502	0.45454545454545453	False
4248	652	0.36363636363636365	False
4248	1091	0.2727272727272727	True
4248	2187	0.18181818181818182	True
4248	187	0.09090909090909091	True
4790	1370	0.9090909090909091	True
4790	50	0.8181818181818182	False
4790	3013	0.7272727272727273	False
4790	210	0.6363636363636364	True
4790	3502	0.5454545454545454	False
4790	487	0.45454545454545453	False
4790	1091	0.36363636363636365	True
4790	652	0.2727272727272727	False
4790	2187	0.18181818181818182	True
4790	187	0.09090909090909091	True
2363	1370	0.9090909090909091	True
2363	3013	0.8181818181818182	False
2363	50	0.7272727272727273	False
2363	1091	0.6363636363636364	True
2363	3502	0.5454545454545454	False
2363	210	0.45454545454545453	True
2363	652	0.36363636363636365	False
2363	2187	0.2727272727272727	True
2363	487	0.18181818181818182	False
2363	187	0.09090909090909091	True
3478	1370	0.9090909090909091	True
3478	3013	0.8181818181818182	False
3478	50	0.7272727272727273	False
3478	210	0.6363636363636364	True
3478	1091	0.5454545454545454	True
3478	3502	0.45454545454545453	False
3478	652	0.36363636363636365	False
3478	2187	0.2727272727272727	True
3478	487	0.18181818181818182	False
3478	187	0.09090909090909091	True
4358	1370	0.9090909090909091	True
4358	3013	0.8181818181818182	False
4358	50	0.7272727272727273	False
4358	210	0.6363636363636364	True
4358	3502	0.5454545454545454	False
4358	652	0.45454545454545453	False
4358	1091	0.36363636363636365	True
4358	487	0.2727272727272727	False
4358	2187	0.18181818181818182	True
4358	2202	0.09090909090909091	True
2305	1370	0.9090909090909091	True
2305	3013	0.8181818181818182	False
2305	50	0.7272727272727273	False
2305	210	0.6363636363636364	True
2305	3502	0.5454545454545454	False
2305	1091	0.45454545454545453	True
2305	652	0.36363636363636365	False
2305	487	0.2727272727272727	False
2305	2187	0.18181818181818182	True
2305	187	0.09090909090909091	True
2424	1370	0.9090909090909091	True
2424	3013	0.8181818181818182	False
2424	50	0.7272727272727273	False
2424	210	0.6363636363636364	True
2424	1091	0.5454545454545454	True
2424	3502	0.45454545454545453	False
2424	487	0.36363636363636365	False
2424	652	0.2727272727272727	False
2424	2187	0.18181818181818182	True
2424	187	0.09090909090909091	True
2377	3013	0.9090909090909091	False
2377	1370	0.8181818181818182	True
2377	50	0.7272727272727273	False
2377	210	0.6363636363636364	True
2377	1091	0.5454545454545454	True
2377	487	0.45454545454545453	False
2377	3502	0.36363636363636365	False
2377	652	0.2727272727272727	False
2377	2187	0.18181818181818182	True
2377	187	0.09090909090909091	True
983	1370	0.9090909090909091	True
983	3013	0.8181818181818182	False
983	50	0.7272727272727273	False
983	3502	0.6363636363636364	False
983	210	0.5454545454545454	True
983	1091	0.45454545454545453	True
983	487	0.36363636363636365	False
983	652	0.2727272727272727	False
983	2187	0.18181818181818182	True
983	187	0.09090909090909091	True
5431	1370	0.9090909090909091	True
5431	3013	0.8181818181818182	False
5431	50	0.7272727272727273	False
5431	210	0.6363636363636364	True
5431	652	0.5454545454545454	False
5431	487	0.45454545454545453	False
5431	1091	0.36363636363636365	True
5431	3502	0.2727272727272727	False
5431	2187	0.18181818181818182	True
5431	187	0.09090909090909091	True
2485	1370	0.9090909090909091	True
2485	3013	0.8181818181818182	False
2485	50	0.7272727272727273	False
2485	210	0.6363636363636364	True
2485	487	0.5454545454545454	False
2485	3502	0.45454545454545453	False
2485	1091	0.36363636363636365	True
2485	652	0.2727272727272727	False
2485	2187	0.18181818181818182	True
2485	2202	0.09090909090909091	True
3365	1370	0.9090909090909091	True
3365	3013	0.8181818181818182	False
3365	50	0.7272727272727273	False
3365	210	0.6363636363636364	True
3365	652	0.5454545454545454	False
3365	1091	0.45454545454545453	True
3365	3502	0.36363636363636365	False
3365	487	0.2727272727272727	False
3365	2187	0.18181818181818182	True
3365	187	0.09090909090909091	True
3217	1370	0.9090909090909091	True
3217	50	0.8181818181818182	False
3217	3013	0.7272727272727273	False
3217	210	0.6363636363636364	True
3217	1091	0.5454545454545454	True
3217	3502	0.45454545454545453	False
3217	652	0.36363636363636365	False
3217	487	0.2727272727272727	False
3217	2187	0.18181818181818182	True
3217	187	0.09090909090909091	True
4023	3013	0.9090909090909091	False
4023	1370	0.8181818181818182	True
4023	210	0.7272727272727273	True
4023	50	0.6363636363636364	False
4023	1091	0.5454545454545454	True
4023	3502	0.45454545454545453	False
4023	652	0.36363636363636365	False
4023	487	0.2727272727272727	False
4023	2187	0.18181818181818182	True
4023	2202	0.09090909090909091	True
3223	3013	0.9090909090909091	False
3223	1370	0.8181818181818182	True
3223	50	0.7272727272727273	False
3223	3502	0.6363636363636364	False
3223	1091	0.5454545454545454	True
3223	210	0.45454545454545453	True
3223	652	0.36363636363636365	False
3223	487	0.2727272727272727	False
3223	2187	0.18181818181818182	True
3223	187	0.09090909090909091	True
4582	1370	0.9090909090909091	True
4582	3013	0.8181818181818182	False
4582	50	0.7272727272727273	False
4582	210	0.6363636363636364	True
4582	487	0.5454545454545454	False
4582	652	0.45454545454545453	False
4582	3502	0.36363636363636365	False
4582	1091	0.2727272727272727	True
4582	2187	0.18181818181818182	True
4582	2202	0.09090909090909091	True
2575	3013	0.9090909090909091	False
2575	1370	0.8181818181818182	True
2575	50	0.7272727272727273	False
2575	210	0.6363636363636364	True
2575	3502	0.5454545454545454	False
2575	487	0.45454545454545453	False
2575	1091	0.36363636363636365	True
2575	652	0.2727272727272727	False
2575	2187	0.18181818181818182	True
2575	187	0.09090909090909091	True
3286	1370	0.9090909090909091	True
3286	3013	0.8181818181818182	False
3286	50	0.7272727272727273	False
3286	210	0.6363636363636364	True
3286	487	0.5454545454545454	False
3286	3502	0.45454545454545453	False
3286	652	0.36363636363636365	False
3286	1091	0.2727272727272727	True
3286	2187	0.18181818181818182	True
3286	2202	0.09090909090909091	True
3857	1370	0.9090909090909091	True
3857	3013	0.8181818181818182	False
3857	50	0.7272727272727273	False
3857	210	0.6363636363636364	True
3857	487	0.5454545454545454	False
3857	652	0.45454545454545453	False
3857	1091	0.36363636363636365	True
3857	3502	0.2727272727272727	False
3857	2187	0.18181818181818182	True
3857	187	0.09090909090909091	True
4553	1370	0.9090909090909091	True
4553	3013	0.8181818181818182	False
4553	50	0.7272727272727273	False
4553	210	0.6363636363636364	True
4553	1091	0.5454545454545454	True
4553	3502	0.45454545454545453	False
4553	487	0.36363636363636365	False
4553	652	0.2727272727272727	False
4553	2187	0.18181818181818182	True
4553	187	0.09090909090909091	True
2379	3013	0.9090909090909091	False
2379	1370	0.8181818181818182	True
2379	50	0.7272727272727273	False
2379	210	0.6363636363636364	True
2379	3502	0.5454545454545454	False
2379	487	0.45454545454545453	False
2379	1091	0.36363636363636365	True
2379	652	0.2727272727272727	False
2379	2187	0.18181818181818182	True
2379	187	0.09090909090909091	True
2500	1370	0.9090909090909091	True
2500	50	0.8181818181818182	False
2500	3013	0.7272727272727273	False
2500	210	0.6363636363636364	True
2500	1091	0.5454545454545454	True
2500	3502	0.45454545454545453	False
2500	487	0.36363636363636365	False
2500	652	0.2727272727272727	False
2500	2187	0.18181818181818182	True
2500	187	0.09090909090909091	True
4730	3013	0.9090909090909091	False
4730	1370	0.8181818181818182	True
4730	50	0.7272727272727273	False
4730	210	0.6363636363636364	True
4730	3502	0.5454545454545454	False
4730	1091	0.45454545454545453	True
4730	487	0.36363636363636365	False
4730	652	0.2727272727272727	False
4730	2187	0.18181818181818182	True
4730	187	0.09090909090909091	True
3809	1370	0.9090909090909091	True
3809	3013	0.8181818181818182	False
3809	50	0.7272727272727273	False
3809	210	0.6363636363636364	True
3809	1091	0.5454545454545454	True
3809	3502	0.45454545454545453	False
3809	2187	0.36363636363636365	True
3809	652	0.2727272727272727	False
3809	487	0.18181818181818182	False
3809	187	0.09090909090909091	True
3878	1370	0.9090909090909091	True
3878	3013	0.8181818181818182	False
3878	50	0.7272727272727273	False
3878	210	0.6363636363636364	True
3878	1091	0.5454545454545454	True
3878	3502	0.45454545454545453	False
3878	487	0.36363636363636365	False
3878	652	0.2727272727272727	False
3878	2187	0.18181818181818182	True
3878	187	0.09090909090909091	True
1546	1370	0.9090909090909091	True
1546	3013	0.8181818181818182	False
1546	50	0.7272727272727273	False
1546	210	0.6363636363636364	True
1546	3502	0.5454545454545454	False
1546	1091	0.45454545454545453	True
1546	487	0.36363636363636365	False
1546	652	0.2727272727272727	False
1546	2187	0.18181818181818182	True
1546	2202	0.09090909090909091	True
2195	3013	0.9090909090909091	False
2195	1370	0.8181818181818182	True
2195	50	0.7272727272727273	False
2195	3502	0.6363636363636364	False
2195	210	0.5454545454545454	True
2195	1091	0.45454545454545453	True
2195	652	0.36363636363636365	False
2195	487	0.2727272727272727	False
2195	2187	0.18181818181818182	True
2195	187	0.09090909090909091	True
3681	1370	0.9090909090909091	True
3681	3013	0.8181818181818182	False
3681	50	0.7272727272727273	False
3681	1091	0.6363636363636364	True
3681	3502	0.5454545454545454	False
3681	210	0.45454545454545453	True
3681	652	0.36363636363636365	False
3681	487	0.2727272727272727	False
3681	2187	0.18181818181818182	True
3681	187	0.09090909090909091	True
4722	3013	0.9090909090909091	False
4722	1370	0.8181818181818182	True
4722	50	0.7272727272727273	False
4722	210	0.6363636363636364	True
4722	652	0.5454545454545454	False
4722	487	0.45454545454545453	False
4722	3502	0.36363636363636365	False
4722	1091	0.2727272727272727	True
4722	2187	0.18181818181818182	True
4722	187	0.09090909090909091	True
4644	1370	0.9090909090909091	True
4644	3013	0.8181818181818182	False
4644	50	0.7272727272727273	False
4644	210	0.6363636363636364	True
4644	1091	0.5454545454545454	True
4644	3502	0.45454545454545453	False
4644	652	0.36363636363636365	False
4644	487	0.2727272727272727	False
4644	2187	0.18181818181818182	True
4644	187	0.09090909090909091	True
1783	1370	0.9090909090909091	True
1783	3013	0.8181818181818182	False
1783	50	0.7272727272727273	False
1783	210	0.6363636363636364	True
1783	3502	0.5454545454545454	False
1783	1091	0.45454545454545453	True
1783	2187	0.36363636363636365	True
1783	652	0.2727272727272727	False
1783	487	0.18181818181818182	False
1783	187	0.09090909090909091	True
557	1370	0.9090909090909091	True
557	3013	0.8181818181818182	False
557	50	0.7272727272727273	False
557	210	0.6363636363636364	True
557	1091	0.5454545454545454	True
557	3502	0.45454545454545453	False
557	652	0.36363636363636365	False
557	487	0.2727272727272727	False
557	2187	0.18181818181818182	True
557	187	0.09090909090909091	True
2921	1370	0.9090909090909091	True
2921	50	0.8181818181818182	False
2921	3013	0.7272727272727273	False
2921	210	0.6363636363636364	True
2921	487	0.5454545454545454	False
2921	3502	0.45454545454545453	False
2921	1091	0.36363636363636365	True
2921	652	0.2727272727272727	False
2921	2187	0.18181818181818182	True
2921	187	0.09090909090909091	True
541	3013	0.9090909090909091	False
541	1370	0.8181818181818182	True
541	50	0.7272727272727273	False
541	210	0.6363636363636364	True
541	3502	0.5454545454545454	False
541	1091	0.45454545454545453	True
541	487	0.36363636363636365	False
541	652	0.2727272727272727	False
541	2187	0.18181818181818182	True
541	187	0.09090909090909091	True
34	1370	0.9090909090909091	True
34	3013	0.8181818181818182	False
34	50	0.7272727272727273	False
34	210	0.6363636363636364	True
34	3502	0.5454545454545454	False
34	1091	0.45454545454545453	True
34	652	0.36363636363636365	False
34	487	0.2727272727272727	False
34	2187	0.18181818181818182	True
34	2494	0.09090909090909091	True
696	1370	0.9090909090909091	True
696	3013	0.8181818181818182	False
696	50	0.7272727272727273	False
696	210	0.6363636363636364	True
696	3502	0.5454545454545454	False
696	652	0.45454545454545453	False
696	1091	0.36363636363636365	True
696	487	0.2727272727272727	False
696	2187	0.18181818181818182	True
696	2202	0.09090909090909091	True
3001	1370	0.9090909090909091	True
3001	3013	0.8181818181818182	False
3001	50	0.7272727272727273	False
3001	210	0.6363636363636364	True
3001	3502	0.5454545454545454	False
3001	1091	0.45454545454545453	True
3001	487	0.36363636363636365	False
3001	652	0.2727272727272727	False
3001	2187	0.18181818181818182	True
3001	187	0.09090909090909091	True
68	3013	0.9090909090909091	False
68	1370	0.8181818181818182	True
68	50	0.7272727272727273	False
68	210	0.6363636363636364	True
68	1091	0.5454545454545454	True
68	3502	0.45454545454545453	False
68	652	0.36363636363636365	False
68	487	0.2727272727272727	False
68	2187	0.18181818181818182	True
68	187	0.09090909090909091	True
5044	3013	0.9090909090909091	False
5044	1370	0.8181818181818182	True
5044	50	0.7272727272727273	False
5044	210	0.6363636363636364	True
5044	1091	0.5454545454545454	True
5044	3502	0.45454545454545453	False
5044	652	0.36363636363636365	False
5044	487	0.2727272727272727	False
5044	2187	0.18181818181818182	True
5044	2202	0.09090909090909091	True
3340	1370	0.9090909090909091	True
3340	3013	0.8181818181818182	False
3340	50	0.7272727272727273	False
3340	210	0.6363636363636364	True
3340	3502	0.5454545454545454	False
3340	1091	0.45454545454545453	True
3340	652	0.36363636363636365	False
3340	2187	0.2727272727272727	True
3340	487	0.18181818181818182	False
3340	2202	0.09090909090909091	True
1810	3013	0.9090909090909091	False
1810	1370	0.8181818181818182	True
1810	50	0.7272727272727273	False
1810	1091	0.6363636363636364	True
1810	210	0.5454545454545454	True
1810	3502	0.45454545454545453	False
1810	487	0.36363636363636365	False
1810	652	0.2727272727272727	False
1810	2187	0.18181818181818182	True
1810	187	0.09090909090909091	True
4365	1370	0.9090909090909091	True
4365	3013	0.8181818181818182	False
4365	50	0.7272727272727273	False
4365	210	0.6363636363636364	True
4365	3502	0.5454545454545454	False
4365	1091	0.45454545454545453	True
4365	2187	0.36363636363636365	True
4365	652	0.2727272727272727	False
4365	487	0.18181818181818182	False
4365	187	0.09090909090909091	True
1567	1370	0.9090909090909091	True
1567	3013	0.8181818181818182	False
1567	50	0.7272727272727273	False
1567	210	0.6363636363636364	True
1567	3502	0.5454545454545454	False
1567	1091	0.45454545454545453	True
1567	2187	0.36363636363636365	True
1567	652	0.2727272727272727	False
1567	487	0.18181818181818182	False
1567	187	0.09090909090909091	True
1210	1370	0.9090909090909091	True
1210	3013	0.8181818181818182	False
1210	50	0.7272727272727273	False
1210	210	0.6363636363636364	True
1210	3502	0.5454545454545454	False
1210	1091	0.45454545454545453	True
1210	652	0.36363636363636365	False
1210	487	0.2727272727272727	False
1210	2187	0.18181818181818182	True
1210	187	0.09090909090909091	True
4231	3013	0.9090909090909091	False
4231	1370	0.8181818181818182	True
4231	50	0.7272727272727273	False
4231	210	0.6363636363636364	True
4231	3502	0.5454545454545454	False
4231	1091	0.45454545454545453	True
4231	652	0.36363636363636365	False
4231	2187	0.2727272727272727	True
4231	487	0.18181818181818182	False
4231	187	0.09090909090909091	True
1207	1370	0.9090909090909091	True
1207	50	0.8181818181818182	False
1207	3013	0.7272727272727273	False
1207	210	0.6363636363636364	True
1207	1091	0.5454545454545454	True
1207	3502	0.45454545454545453	False
1207	652	0.36363636363636365	False
1207	2187	0.2727272727272727	True
1207	487	0.18181818181818182	False
1207	2202	0.09090909090909091	True
3719	1370	0.9090909090909091	True
3719	3013	0.8181818181818182	False
3719	50	0.7272727272727273	False
3719	210	0.6363636363636364	True
3719	1091	0.5454545454545454	True
3719	652	0.45454545454545453	False
3719	3502	0.36363636363636365	False
3719	2187	0.2727272727272727	True
3719	487	0.18181818181818182	False
3719	187	0.09090909090909091	True
343	1370	0.9090909090909091	True
343	3013	0.8181818181818182	False
343	50	0.7272727272727273	False
343	210	0.6363636363636364	True
343	3502	0.5454545454545454	False
343	1091	0.45454545454545453	True
343	652	0.36363636363636365	False
343	487	0.2727272727272727	False
343	2187	0.18181818181818182	True
343	187	0.09090909090909091	True
1193	1370	0.9090909090909091	True
1193	3013	0.8181818181818182	False
1193	50	0.7272727272727273	False
1193	210	0.6363636363636364	True
1193	3502	0.5454545454545454	False
1193	1091	0.45454545454545453	True
1193	652	0.36363636363636365	False
1193	487	0.2727272727272727	False
1193	2187	0.18181818181818182	True
1193	2202	0.09090909090909091	True
1951	1370	0.9090909090909091	True
1951	3013	0.8181818181818182	False
1951	50	0.7272727272727273	False
1951	210	0.6363636363636364	True
1951	652	0.5454545454545454	False
1951	3502	0.45454545454545453	False
1951	487	0.36363636363636365	False
1951	1091	0.2727272727272727	True
1951	2187	0.18181818181818182	True
1951	3718	0.09090909090909091	True
2369	1370	0.9090909090909091	True
2369	50	0.8181818181818182	False
2369	3013	0.7272727272727273	False
2369	210	0.6363636363636364	True
2369	1091	0.5454545454545454	True
2369	3502	0.45454545454545453	False
2369	487	0.36363636363636365	False
2369	2187	0.2727272727272727	True
2369	652	0.18181818181818182	False
2369	2202	0.09090909090909091	True
1959	1370	0.9090909090909091	True
1959	50	0.8181818181818182	False
1959	3013	0.7272727272727273	False
1959	210	0.6363636363636364	True
1959	652	0.5454545454545454	False
1959	3502	0.45454545454545453	False
1959	487	0.36363636363636365	False
1959	1091	0.2727272727272727	True
1959	2187	0.18181818181818182	True
1959	187	0.09090909090909091	True
6025	3013	0.9090909090909091	False
6025	1370	0.8181818181818182	True
6025	50	0.7272727272727273	False
6025	1091	0.6363636363636364	True
6025	210	0.5454545454545454	True
6025	3502	0.45454545454545453	False
6025	652	0.36363636363636365	False
6025	487	0.2727272727272727	False
6025	2187	0.18181818181818182	True
6025	187	0.09090909090909091	True
5630	3013	0.9090909090909091	False
5630	1370	0.8181818181818182	True
5630	50	0.7272727272727273	False
5630	210	0.6363636363636364	True
5630	3502	0.5454545454545454	False
5630	487	0.45454545454545453	False
5630	652	0.36363636363636365	False
5630	1091	0.2727272727272727	True
5630	2187	0.18181818181818182	True
5630	2202	0.09090909090909091	True
