1530	3932	0.9090909090909091	False
1530	3615	0.8181818181818182	False
1530	263	0.7272727272727273	False
1530	544	0.6363636363636364	True
1530	3014	0.5454545454545454	False
1530	1186	0.45454545454545453	True
1530	1257	0.36363636363636365	False
1530	1197	0.2727272727272727	True
1530	3596	0.18181818181818182	True
1530	2482	0.09090909090909091	True
3280	3932	0.9090909090909091	False
3280	3615	0.8181818181818182	False
3280	263	0.7272727272727273	False
3280	544	0.6363636363636364	True
3280	1186	0.5454545454545454	True
3280	3014	0.45454545454545453	False
3280	3596	0.36363636363636365	True
3280	1197	0.2727272727272727	True
3280	1257	0.18181818181818182	False
3280	2140	0.09090909090909091	True
583	3932	0.9090909090909091	False
583	3615	0.8181818181818182	False
583	544	0.7272727272727273	True
583	263	0.6363636363636364	False
583	1186	0.5454545454545454	True
583	3014	0.45454545454545453	False
583	1257	0.36363636363636365	False
583	1197	0.2727272727272727	True
583	3596	0.18181818181818182	True
583	2482	0.09090909090909091	True
3077	3932	0.9090909090909091	False
3077	3615	0.8181818181818182	False
3077	263	0.7272727272727273	False
3077	544	0.6363636363636364	True
3077	1186	0.5454545454545454	True
3077	3014	0.45454545454545453	False
3077	1257	0.36363636363636365	False
3077	3596	0.2727272727272727	True
3077	1197	0.18181818181818182	True
3077	185	0.09090909090909091	True
934	544	0.9090909090909091	True
934	3932	0.8181818181818182	False
934	3615	0.7272727272727273	False
934	263	0.6363636363636364	False
934	3014	0.5454545454545454	False
934	1186	0.45454545454545453	True
934	1257	0.36363636363636365	False
934	3596	0.2727272727272727	True
934	1197	0.18181818181818182	True
934	185	0.09090909090909091	True
3179	3615	0.9090909090909091	False
3179	3932	0.8181818181818182	False
3179	544	0.7272727272727273	True
3179	263	0.6363636363636364	False
3179	3014	0.5454545454545454	False
3179	1186	0.45454545454545453	True
3179	1257	0.36363636363636365	False
3179	3596	0.2727272727272727	True
3179	1197	0.18181818181818182	True
3179	2482	0.09090909090909091	True
964	3932	0.9090909090909091	False
964	544	0.8181818181818182	True
964	263	0.7272727272727273	False
964	3615	0.6363636363636364	False
964	3014	0.5454545454545454	False
964	1186	0.45454545454545453	True
964	1257	0.36363636363636365	False
964	1197	0.2727272727272727	True
964	2482	0.18181818181818182	True
964	185	0.09090909090909091	True
3634	3932	0.9090909090909091	False
3634	3615	0.8181818181818182	False
3634	544	0.7272727272727273	True
3634	263	0.6363636363636364	False
3634	1186	0.5454545454545454	True
3634	3014	0.45454545454545453	False
3634	1197	0.36363636363636365	True
3634	1257	0.2727272727272727	False
3634	3596	0.18181818181818182	True
3634	2482	0.09090909090909091	True
4385	3932	0.9090909090909091	False
4385	544	0.8181818181818182	True
4385	3615	0.7272727272727273	False
4385	263	0.6363636363636364	False
4385	3014	0.5454545454545454	False
4385	1186	0.45454545454545453	True
4385	3596	0.36363636363636365	True
4385	1257	0.2727272727272727	False
4385	1197	0.18181818181818182	True
4385	185	0.09090909090909091	True
4689	3932	0.9090909090909091	False
4689	3615	0.8181818181818182	False
4689	544	0.7272727272727273	True
4689	263	0.6363636363636364	False
4689	3014	0.5454545454545454	False
4689	1257	0.45454545454545453	False
4689	1186	0.36363636363636365	True
4689	3596	0.2727272727272727	True
4689	1197	0.18181818181818182	True
4689	2482	0.09090909090909091	True
5620	544	0.9090909090909091	True
5620	3932	0.8181818181818182	False
5620	3615	0.7272727272727273	False
5620	263	0.6363636363636364	False
5620	3014	0.5454545454545454	False
5620	1257	0.45454545454545453	False
5620	1186	0.36363636363636365	True
5620	1197	0.2727272727272727	True
5620	3596	0.18181818181818182	True
5620	185	0.09090909090909091	True
4594	3932	0.9090909090909091	False
4594	544	0.8181818181818182	True
4594	3615	0.7272727272727273	False
4594	263	0.6363636363636364	False
4594	1186	0.5454545454545454	True
4594	3014	0.45454545454545453	False
4594	1197	0.36363636363636365	True
4594	3596	0.2727272727272727	True
4594	1257	0.18181818181818182	False
4594	2482	0.09090909090909091	True
4186	3615	0.9090909090909091	False
4186	3932	0.8181818181818182	False
4186	263	0.7272727272727273	False
4186	544	0.6363636363636364	True
4186	1186	0.5454545454545454	True
4186	3014	0.45454545454545453	False
4186	1257	0.36363636363636365	False
4186	1197	0.2727272727272727	True
4186	3596	0.18181818181818182	True
4186	2482	0.09090909090909091	True
4352	544	0.9090909090909091	True
4352	3932	0.8181818181818182	False
4352	3615	0.7272727272727273	False
4352	263	0.6363636363636364	False
4352	1186	0.5454545454545454	True
4352	1257	0.45454545454545453	False
4352	3596	0.36363636363636365	True
4352	3014	0.2727272727272727	False
4352	1197	0.18181818181818182	True
4352	185	0.09090909090909091	True
3585	544	0.9090909090909091	True
3585	3932	0.8181818181818182	False
3585	3615	0.7272727272727273	False
3585	263	0.6363636363636364	False
3585	1186	0.5454545454545454	True
3585	3014	0.45454545454545453	False
3585	1257	0.36363636363636365	False
3585	3596	0.2727272727272727	True
3585	1197	0.18181818181818182	True
3585	185	0.09090909090909091	True
2003	3932	0.9090909090909091	False
2003	3615	0.8181818181818182	False
2003	263	0.7272727272727273	False
2003	544	0.6363636363636364	True
2003	1186	0.5454545454545454	True
2003	3014	0.45454545454545453	False
2003	1197	0.36363636363636365	True
2003	1257	0.2727272727272727	False
2003	3596	0.18181818181818182	True
2003	2482	0.09090909090909091	True
3429	3932	0.9090909090909091	False
3429	3615	0.8181818181818182	False
3429	544	0.7272727272727273	True
3429	263	0.6363636363636364	False
3429	1186	0.5454545454545454	True
3429	3014	0.45454545454545453	False
3429	1257	0.36363636363636365	False
3429	1197	0.2727272727272727	True
3429	3596	0.18181818181818182	True
3429	2140	0.09090909090909091	True
2645	544	0.9090909090909091	True
2645	3932	0.8181818181818182	False
2645	3615	0.7272727272727273	False
2645	263	0.6363636363636364	False
2645	1186	0.5454545454545454	True
2645	3014	0.45454545454545453	False
2645	1257	0.36363636363636365	False
2645	3596	0.2727272727272727	True
2645	1197	0.18181818181818182	True
2645	2482	0.09090909090909091	True
5342	544	0.9090909090909091	True
5342	3932	0.8181818181818182	False
5342	3615	0.7272727272727273	False
5342	263	0.6363636363636364	False
5342	3014	0.5454545454545454	False
5342	1186	0.45454545454545453	True
5342	1257	0.36363636363636365	False
5342	3596	0.2727272727272727	True
5342	1197	0.18181818181818182	True
5342	2140	0.09090909090909091	True
4267	3615	0.9090909090909091	False
4267	3932	0.8181818181818182	False
4267	263	0.7272727272727273	False
4267	544	0.6363636363636364	True
4267	1186	0.5454545454545454	True
4267	3014	0.45454545454545453	False
4267	1257	0.36363636363636365	False
4267	1197	0.2727272727272727	True
4267	3596	0.18181818181818182	True
4267	2482	0.09090909090909091	True
5238	3615	0.9090909090909091	False
5238	3932	0.8181818181818182	False
5238	263	0.7272727272727273	False
5238	544	0.6363636363636364	True
5238	1186	0.5454545454545454	True
5238	3014	0.45454545454545453	False
5238	1257	0.36363636363636365	False
5238	3596	0.2727272727272727	True
5238	1197	0.18181818181818182	True
5238	185	0.09090909090909091	True
1486	3932	0.9090909090909091	False
1486	3615	0.8181818181818182	False
1486	544	0.7272727272727273	True
1486	263	0.6363636363636364	False
1486	3014	0.5454545454545454	False
1486	1186	0.45454545454545453	True
1486	1257	0.36363636363636365	False
1486	1197	0.2727272727272727	True
1486	3596	0.18181818181818182	True
1486	2482	0.09090909090909091	True
4496	3932	0.9090909090909091	False
4496	544	0.8181818181818182	True
4496	3615	0.7272727272727273	False
4496	263	0.6363636363636364	False
4496	3014	0.5454545454545454	False
4496	1186	0.45454545454545453	True
4496	1257	0.36363636363636365	False
4496	1197	0.2727272727272727	True
4496	3596	0.18181818181818182	True
4496	185	0.09090909090909091	True
4730	3615	0.9090909090909091	False
4730	3932	0.8181818181818182	False
4730	263	0.7272727272727273	False
4730	544	0.6363636363636364	True
4730	1186	0.5454545454545454	True
4730	1257	0.45454545454545453	False
4730	3596	0.36363636363636365	True
4730	3014	0.2727272727272727	False
4730	1197	0.18181818181818182	True
4730	2140	0.09090909090909091	True
1938	3932	0.9090909090909091	False
1938	3615	0.8181818181818182	False
1938	263	0.7272727272727273	False
1938	544	0.6363636363636364	True
1938	3014	0.5454545454545454	False
1938	1186	0.45454545454545453	True
1938	1257	0.36363636363636365	False
1938	3596	0.2727272727272727	True
1938	1197	0.18181818181818182	True
1938	185	0.09090909090909091	True
3386	3932	0.9090909090909091	False
3386	263	0.8181818181818182	False
3386	3615	0.7272727272727273	False
3386	544	0.6363636363636364	True
3386	1186	0.5454545454545454	True
3386	3014	0.45454545454545453	False
3386	3596	0.36363636363636365	True
3386	1257	0.2727272727272727	False
3386	1197	0.18181818181818182	True
3386	2482	0.09090909090909091	True
1706	544	0.9090909090909091	True
1706	3932	0.8181818181818182	False
1706	3615	0.7272727272727273	False
1706	263	0.6363636363636364	False
1706	3014	0.5454545454545454	False
1706	1186	0.45454545454545453	True
1706	1257	0.36363636363636365	False
1706	3596	0.2727272727272727	True
1706	1197	0.18181818181818182	True
1706	2482	0.09090909090909091	True
3758	3932	0.9090909090909091	False
3758	3615	0.8181818181818182	False
3758	544	0.7272727272727273	True
3758	263	0.6363636363636364	False
3758	1186	0.5454545454545454	True
3758	3014	0.45454545454545453	False
3758	1257	0.36363636363636365	False
3758	3596	0.2727272727272727	True
3758	1197	0.18181818181818182	True
3758	2482	0.09090909090909091	True
3289	3932	0.9090909090909091	False
3289	3615	0.8181818181818182	False
3289	544	0.7272727272727273	True
3289	263	0.6363636363636364	False
3289	1186	0.5454545454545454	True
3289	3014	0.45454545454545453	False
3289	1257	0.36363636363636365	False
3289	1197	0.2727272727272727	True
3289	3596	0.18181818181818182	True
3289	2482	0.09090909090909091	True
5500	544	0.9090909090909091	True
5500	3932	0.8181818181818182	False
5500	3615	0.7272727272727273	False
5500	263	0.6363636363636364	False
5500	1186	0.5454545454545454	True
5500	3014	0.45454545454545453	False
5500	1257	0.36363636363636365	False
5500	3596	0.2727272727272727	True
5500	1197	0.18181818181818182	True
5500	185	0.09090909090909091	True
1500	3615	0.9090909090909091	False
1500	3932	0.8181818181818182	False
1500	544	0.7272727272727273	True
1500	263	0.6363636363636364	False
1500	1186	0.5454545454545454	True
1500	3014	0.45454545454545453	False
1500	1257	0.36363636363636365	False
1500	1197	0.2727272727272727	True
1500	3596	0.18181818181818182	True
1500	2482	0.09090909090909091	True
878	3932	0.9090909090909091	False
878	544	0.8181818181818182	True
878	3615	0.7272727272727273	False
878	263	0.6363636363636364	False
878	1186	0.5454545454545454	True
878	3014	0.45454545454545453	False
878	1257	0.36363636363636365	False
878	1197	0.2727272727272727	True
878	3596	0.18181818181818182	True
878	2482	0.09090909090909091	True
2334	544	0.9090909090909091	True
2334	3615	0.8181818181818182	False
2334	263	0.7272727272727273	False
2334	3932	0.6363636363636364	False
2334	1186	0.5454545454545454	True
2334	3014	0.45454545454545453	False
2334	1257	0.36363636363636365	False
2334	3596	0.2727272727272727	True
2334	1197	0.18181818181818182	True
2334	2140	0.09090909090909091	True
165	263	0.9090909090909091	False
165	3932	0.8181818181818182	False
165	3615	0.7272727272727273	False
165	544	0.6363636363636364	True
165	1186	0.5454545454545454	True
165	3014	0.45454545454545453	False
165	3596	0.36363636363636365	True
165	1257	0.2727272727272727	False
165	1197	0.18181818181818182	True
165	2140	0.09090909090909091	True
130	3932	0.9090909090909091	False
130	544	0.8181818181818182	True
130	263	0.7272727272727273	False
130	3615	0.6363636363636364	False
130	1186	0.5454545454545454	True
130	1257	0.45454545454545453	False
130	3014	0.36363636363636365	False
130	3596	0.2727272727272727	True
130	1197	0.18181818181818182	True
130	185	0.09090909090909091	True
2045	3615	0.9090909090909091	False
2045	544	0.8181818181818182	True
2045	263	0.7272727272727273	False
2045	3932	0.6363636363636364	False
2045	1186	0.5454545454545454	True
2045	3014	0.45454545454545453	False
2045	1257	0.36363636363636365	False
2045	1197	0.2727272727272727	True
2045	3596	0.18181818181818182	True
2045	185	0.09090909090909091	True
1014	3932	0.9090909090909091	False
1014	544	0.8181818181818182	True
1014	3615	0.7272727272727273	False
1014	263	0.6363636363636364	False
1014	1186	0.5454545454545454	True
1014	3014	0.45454545454545453	False
1014	1257	0.36363636363636365	False
1014	3596	0.2727272727272727	True
1014	1197	0.18181818181818182	True
1014	2482	0.09090909090909091	True
1176	3932	0.9090909090909091	False
1176	3615	0.8181818181818182	False
1176	263	0.7272727272727273	False
1176	544	0.6363636363636364	True
1176	1186	0.5454545454545454	True
1176	3014	0.45454545454545453	False
1176	3596	0.36363636363636365	True
1176	1257	0.2727272727272727	False
1176	1197	0.18181818181818182	True
1176	3691	0.09090909090909091	True
5035	3932	0.9090909090909091	False
5035	3615	0.8181818181818182	False
5035	544	0.7272727272727273	True
5035	263	0.6363636363636364	False
5035	3014	0.5454545454545454	False
5035	1257	0.45454545454545453	False
5035	1186	0.36363636363636365	True
5035	3596	0.2727272727272727	True
5035	2482	0.18181818181818182	True
5035	1197	0.09090909090909091	True
5040	3932	0.9090909090909091	False
5040	544	0.8181818181818182	True
5040	3615	0.7272727272727273	False
5040	263	0.6363636363636364	False
5040	3014	0.5454545454545454	False
5040	1186	0.45454545454545453	True
5040	1257	0.36363636363636365	False
5040	1197	0.2727272727272727	True
5040	3596	0.18181818181818182	True
5040	2482	0.09090909090909091	True
4166	3932	0.9090909090909091	False
4166	3615	0.8181818181818182	False
4166	544	0.7272727272727273	True
4166	263	0.6363636363636364	False
4166	3014	0.5454545454545454	False
4166	1186	0.45454545454545453	True
4166	1257	0.36363636363636365	False
4166	3596	0.2727272727272727	True
4166	1197	0.18181818181818182	True
4166	2482	0.09090909090909091	True
3101	3615	0.9090909090909091	False
3101	3932	0.8181818181818182	False
3101	544	0.7272727272727273	True
3101	263	0.6363636363636364	False
3101	1186	0.5454545454545454	True
3101	1257	0.45454545454545453	False
3101	3014	0.36363636363636365	False
3101	1197	0.2727272727272727	True
3101	3596	0.18181818181818182	True
3101	185	0.09090909090909091	True
1712	3615	0.9090909090909091	False
1712	3932	0.8181818181818182	False
1712	263	0.7272727272727273	False
1712	544	0.6363636363636364	True
1712	1186	0.5454545454545454	True
1712	3014	0.45454545454545453	False
1712	1257	0.36363636363636365	False
1712	3596	0.2727272727272727	True
1712	1197	0.18181818181818182	True
1712	2482	0.09090909090909091	True
2121	3932	0.9090909090909091	False
2121	3615	0.8181818181818182	False
2121	544	0.7272727272727273	True
2121	263	0.6363636363636364	False
2121	3014	0.5454545454545454	False
2121	1186	0.45454545454545453	True
2121	1197	0.36363636363636365	True
2121	1257	0.2727272727272727	False
2121	3596	0.18181818181818182	True
2121	2482	0.09090909090909091	True
3688	3932	0.9090909090909091	False
3688	544	0.8181818181818182	True
3688	3615	0.7272727272727273	False
3688	263	0.6363636363636364	False
3688	3014	0.5454545454545454	False
3688	1257	0.45454545454545453	False
3688	1186	0.36363636363636365	True
3688	3596	0.2727272727272727	True
3688	1197	0.18181818181818182	True
3688	185	0.09090909090909091	True
1950	3615	0.9090909090909091	False
1950	544	0.8181818181818182	True
1950	263	0.7272727272727273	False
1950	3932	0.6363636363636364	False
1950	1186	0.5454545454545454	True
1950	3014	0.45454545454545453	False
1950	1257	0.36363636363636365	False
1950	3596	0.2727272727272727	True
1950	1197	0.18181818181818182	True
1950	185	0.09090909090909091	True
1517	3932	0.9090909090909091	False
1517	3615	0.8181818181818182	False
1517	544	0.7272727272727273	True
1517	263	0.6363636363636364	False
1517	3014	0.5454545454545454	False
1517	1186	0.45454545454545453	True
1517	3596	0.36363636363636365	True
1517	1257	0.2727272727272727	False
1517	1197	0.18181818181818182	True
1517	2482	0.09090909090909091	True
477	3615	0.9090909090909091	False
477	3932	0.8181818181818182	False
477	263	0.7272727272727273	False
477	544	0.6363636363636364	True
477	1186	0.5454545454545454	True
477	3014	0.45454545454545453	False
477	1257	0.36363636363636365	False
477	3596	0.2727272727272727	True
477	1197	0.18181818181818182	True
477	2140	0.09090909090909091	True
442	3932	0.9090909090909091	False
442	3615	0.8181818181818182	False
442	544	0.7272727272727273	True
442	263	0.6363636363636364	False
442	1186	0.5454545454545454	True
442	3014	0.45454545454545453	False
442	1257	0.36363636363636365	False
442	3596	0.2727272727272727	True
442	1197	0.18181818181818182	True
442	2482	0.09090909090909091	True
2071	3932	0.9090909090909091	False
2071	3615	0.8181818181818182	False
2071	263	0.7272727272727273	False
2071	544	0.6363636363636364	True
2071	3014	0.5454545454545454	False
2071	1186	0.45454545454545453	True
2071	1257	0.36363636363636365	False
2071	1197	0.2727272727272727	True
2071	3596	0.18181818181818182	True
2071	2482	0.09090909090909091	True
2820	3932	0.9090909090909091	False
2820	3615	0.8181818181818182	False
2820	263	0.7272727272727273	False
2820	544	0.6363636363636364	True
2820	1186	0.5454545454545454	True
2820	3596	0.45454545454545453	True
2820	3014	0.36363636363636365	False
2820	1257	0.2727272727272727	False
2820	1197	0.18181818181818182	True
2820	2482	0.09090909090909091	True
325	544	0.9090909090909091	True
325	3932	0.8181818181818182	False
325	3615	0.7272727272727273	False
325	263	0.6363636363636364	False
325	1186	0.5454545454545454	True
325	3014	0.45454545454545453	False
325	1257	0.36363636363636365	False
325	3596	0.2727272727272727	True
325	1197	0.18181818181818182	True
325	2482	0.09090909090909091	True
3186	263	0.9090909090909091	False
3186	3932	0.8181818181818182	False
3186	3615	0.7272727272727273	False
3186	544	0.6363636363636364	True
3186	3014	0.5454545454545454	False
3186	1186	0.45454545454545453	True
3186	1257	0.36363636363636365	False
3186	3596	0.2727272727272727	True
3186	1197	0.18181818181818182	True
3186	2482	0.09090909090909091	True
5696	3932	0.9090909090909091	False
5696	3615	0.8181818181818182	False
5696	544	0.7272727272727273	True
5696	263	0.6363636363636364	False
5696	1186	0.5454545454545454	True
5696	3014	0.45454545454545453	False
5696	1257	0.36363636363636365	False
5696	1197	0.2727272727272727	True
5696	3596	0.18181818181818182	True
5696	2482	0.09090909090909091	True
5773	544	0.9090909090909091	True
5773	3932	0.8181818181818182	False
5773	3615	0.7272727272727273	False
5773	263	0.6363636363636364	False
5773	1186	0.5454545454545454	True
5773	3014	0.45454545454545453	False
5773	1257	0.36363636363636365	False
5773	1197	0.2727272727272727	True
5773	3596	0.18181818181818182	True
5773	2482	0.09090909090909091	True
2927	3932	0.9090909090909091	False
2927	263	0.8181818181818182	False
2927	544	0.7272727272727273	True
2927	3615	0.6363636363636364	False
2927	3014	0.5454545454545454	False
2927	1186	0.45454545454545453	True
2927	1257	0.36363636363636365	False
2927	1197	0.2727272727272727	True
2927	2482	0.18181818181818182	True
2927	3596	0.09090909090909091	True
3878	3932	0.9090909090909091	False
3878	544	0.8181818181818182	True
3878	3615	0.7272727272727273	False
3878	263	0.6363636363636364	False
3878	1186	0.5454545454545454	True
3878	3014	0.45454545454545453	False
3878	1257	0.36363636363636365	False
3878	3596	0.2727272727272727	True
3878	1197	0.18181818181818182	True
3878	185	0.09090909090909091	True
2269	3932	0.9090909090909091	False
2269	3615	0.8181818181818182	False
2269	544	0.7272727272727273	True
2269	263	0.6363636363636364	False
2269	3014	0.5454545454545454	False
2269	1186	0.45454545454545453	True
2269	1257	0.36363636363636365	False
2269	3596	0.2727272727272727	True
2269	1197	0.18181818181818182	True
2269	2482	0.09090909090909091	True
911	3932	0.9090909090909091	False
911	3615	0.8181818181818182	False
911	263	0.7272727272727273	False
911	544	0.6363636363636364	True
911	1186	0.5454545454545454	True
911	1257	0.45454545454545453	False
911	3014	0.36363636363636365	False
911	3596	0.2727272727272727	True
911	1197	0.18181818181818182	True
911	2482	0.09090909090909091	True
1941	3615	0.9090909090909091	False
1941	3932	0.8181818181818182	False
1941	544	0.7272727272727273	True
1941	263	0.6363636363636364	False
1941	1186	0.5454545454545454	True
1941	3014	0.45454545454545453	False
1941	1257	0.36363636363636365	False
1941	3596	0.2727272727272727	True
1941	1197	0.18181818181818182	True
1941	587	0.09090909090909091	True
3135	3932	0.9090909090909091	False
3135	544	0.8181818181818182	True
3135	3615	0.7272727272727273	False
3135	263	0.6363636363636364	False
3135	1186	0.5454545454545454	True
3135	3014	0.45454545454545453	False
3135	1257	0.36363636363636365	False
3135	1197	0.2727272727272727	True
3135	3596	0.18181818181818182	True
3135	2482	0.09090909090909091	True
5859	544	0.9090909090909091	True
5859	3932	0.8181818181818182	False
5859	3615	0.7272727272727273	False
5859	263	0.6363636363636364	False
5859	1186	0.5454545454545454	True
5859	3014	0.45454545454545453	False
5859	1257	0.36363636363636365	False
5859	3596	0.2727272727272727	True
5859	1197	0.18181818181818182	True
5859	2482	0.09090909090909091	True
3752	3615	0.9090909090909091	False
3752	3932	0.8181818181818182	False
3752	544	0.7272727272727273	True
3752	263	0.6363636363636364	False
3752	3014	0.5454545454545454	False
3752	1186	0.45454545454545453	True
3752	1257	0.36363636363636365	False
3752	1197	0.2727272727272727	True
3752	3596	0.18181818181818182	True
3752	2482	0.09090909090909091	True
5979	544	0.9090909090909091	True
5979	3932	0.8181818181818182	False
5979	263	0.7272727272727273	False
5979	3615	0.6363636363636364	False
5979	3014	0.5454545454545454	False
5979	1186	0.45454545454545453	True
5979	1257	0.36363636363636365	False
5979	3596	0.2727272727272727	True
5979	1197	0.18181818181818182	True
5979	2482	0.09090909090909091	True
5867	3932	0.9090909090909091	False
5867	3615	0.8181818181818182	False
5867	544	0.7272727272727273	True
5867	263	0.6363636363636364	False
5867	3014	0.5454545454545454	False
5867	1257	0.45454545454545453	False
5867	1186	0.36363636363636365	True
5867	3596	0.2727272727272727	True
5867	1197	0.18181818181818182	True
5867	2482	0.09090909090909091	True
1015	3615	0.9090909090909091	False
1015	3932	0.8181818181818182	False
1015	544	0.7272727272727273	True
1015	263	0.6363636363636364	False
1015	1186	0.5454545454545454	True
1015	3014	0.45454545454545453	False
1015	1197	0.36363636363636365	True
1015	1257	0.2727272727272727	False
1015	3596	0.18181818181818182	True
1015	2140	0.09090909090909091	True
217	544	0.9090909090909091	True
217	3932	0.8181818181818182	False
217	3615	0.7272727272727273	False
217	263	0.6363636363636364	False
217	1186	0.5454545454545454	True
217	3014	0.45454545454545453	False
217	1257	0.36363636363636365	False
217	3596	0.2727272727272727	True
217	1197	0.18181818181818182	True
217	185	0.09090909090909091	True
2515	544	0.9090909090909091	True
2515	3932	0.8181818181818182	False
2515	263	0.7272727272727273	False
2515	3615	0.6363636363636364	False
2515	1186	0.5454545454545454	True
2515	3014	0.45454545454545453	False
2515	1257	0.36363636363636365	False
2515	3596	0.2727272727272727	True
2515	1197	0.18181818181818182	True
2515	2482	0.09090909090909091	True
5424	3932	0.9090909090909091	False
5424	3615	0.8181818181818182	False
5424	263	0.7272727272727273	False
5424	544	0.6363636363636364	True
5424	1186	0.5454545454545454	True
5424	3014	0.45454545454545453	False
5424	1257	0.36363636363636365	False
5424	3596	0.2727272727272727	True
5424	1197	0.18181818181818182	True
5424	2482	0.09090909090909091	True
5600	544	0.9090909090909091	True
5600	3932	0.8181818181818182	False
5600	3615	0.7272727272727273	False
5600	263	0.6363636363636364	False
5600	1186	0.5454545454545454	True
5600	3014	0.45454545454545453	False
5600	3596	0.36363636363636365	True
5600	1257	0.2727272727272727	False
5600	1197	0.18181818181818182	True
5600	2482	0.09090909090909091	True
4931	3615	0.9090909090909091	False
4931	3932	0.8181818181818182	False
4931	544	0.7272727272727273	True
4931	263	0.6363636363636364	False
4931	1186	0.5454545454545454	True
4931	1257	0.45454545454545453	False
4931	3596	0.36363636363636365	True
4931	1197	0.2727272727272727	True
4931	3014	0.18181818181818182	False
4931	2482	0.09090909090909091	True
3562	3932	0.9090909090909091	False
3562	544	0.8181818181818182	True
3562	263	0.7272727272727273	False
3562	3615	0.6363636363636364	False
3562	1186	0.5454545454545454	True
3562	3014	0.45454545454545453	False
3562	3596	0.36363636363636365	True
3562	1257	0.2727272727272727	False
3562	1197	0.18181818181818182	True
3562	2482	0.09090909090909091	True
2647	3932	0.9090909090909091	False
2647	3615	0.8181818181818182	False
2647	544	0.7272727272727273	True
2647	263	0.6363636363636364	False
2647	1186	0.5454545454545454	True
2647	3014	0.45454545454545453	False
2647	1257	0.36363636363636365	False
2647	1197	0.2727272727272727	True
2647	3596	0.18181818181818182	True
2647	185	0.09090909090909091	True
693	3932	0.9090909090909091	False
693	544	0.8181818181818182	True
693	3615	0.7272727272727273	False
693	263	0.6363636363636364	False
693	1186	0.5454545454545454	True
693	3014	0.45454545454545453	False
693	1257	0.36363636363636365	False
693	1197	0.2727272727272727	True
693	3596	0.18181818181818182	True
693	2482	0.09090909090909091	True
3196	3615	0.9090909090909091	False
3196	3932	0.8181818181818182	False
3196	544	0.7272727272727273	True
3196	263	0.6363636363636364	False
3196	1186	0.5454545454545454	True
3196	1257	0.45454545454545453	False
3196	3014	0.36363636363636365	False
3196	3596	0.2727272727272727	True
3196	1197	0.18181818181818182	True
3196	3691	0.09090909090909091	True
515	3932	0.9090909090909091	False
515	3615	0.8181818181818182	False
515	263	0.7272727272727273	False
515	544	0.6363636363636364	True
515	1186	0.5454545454545454	True
515	3014	0.45454545454545453	False
515	1257	0.36363636363636365	False
515	1197	0.2727272727272727	True
515	3596	0.18181818181818182	True
515	2482	0.09090909090909091	True
2866	3932	0.9090909090909091	False
2866	3615	0.8181818181818182	False
2866	263	0.7272727272727273	False
2866	544	0.6363636363636364	True
2866	1186	0.5454545454545454	True
2866	3014	0.45454545454545453	False
2866	1197	0.36363636363636365	True
2866	1257	0.2727272727272727	False
2866	3596	0.18181818181818182	True
2866	2482	0.09090909090909091	True
3893	3932	0.9090909090909091	False
3893	3615	0.8181818181818182	False
3893	544	0.7272727272727273	True
3893	263	0.6363636363636364	False
3893	3014	0.5454545454545454	False
3893	1186	0.45454545454545453	True
3893	1257	0.36363636363636365	False
3893	1197	0.2727272727272727	True
3893	3596	0.18181818181818182	True
3893	2482	0.09090909090909091	True
1214	3932	0.9090909090909091	False
1214	544	0.8181818181818182	True
1214	3615	0.7272727272727273	False
1214	263	0.6363636363636364	False
1214	3014	0.5454545454545454	False
1214	1186	0.45454545454545453	True
1214	1257	0.36363636363636365	False
1214	3596	0.2727272727272727	True
1214	1197	0.18181818181818182	True
1214	2482	0.09090909090909091	True
1576	3932	0.9090909090909091	False
1576	3615	0.8181818181818182	False
1576	263	0.7272727272727273	False
1576	544	0.6363636363636364	True
1576	1186	0.5454545454545454	True
1576	3014	0.45454545454545453	False
1576	1257	0.36363636363636365	False
1576	1197	0.2727272727272727	True
1576	3596	0.18181818181818182	True
1576	2482	0.09090909090909091	True
906	3932	0.9090909090909091	False
906	544	0.8181818181818182	True
906	3615	0.7272727272727273	False
906	263	0.6363636363636364	False
906	1186	0.5454545454545454	True
906	3014	0.45454545454545453	False
906	1197	0.36363636363636365	True
906	1257	0.2727272727272727	False
906	3596	0.18181818181818182	True
906	2482	0.09090909090909091	True
4401	3932	0.9090909090909091	False
4401	544	0.8181818181818182	True
4401	3615	0.7272727272727273	False
4401	263	0.6363636363636364	False
4401	3014	0.5454545454545454	False
4401	1186	0.45454545454545453	True
4401	1257	0.36363636363636365	False
4401	3596	0.2727272727272727	True
4401	1197	0.18181818181818182	True
4401	2482	0.09090909090909091	True
1113	3932	0.9090909090909091	False
1113	544	0.8181818181818182	True
1113	263	0.7272727272727273	False
1113	3615	0.6363636363636364	False
1113	1186	0.5454545454545454	True
1113	3014	0.45454545454545453	False
1113	1257	0.36363636363636365	False
1113	3596	0.2727272727272727	True
1113	1197	0.18181818181818182	True
1113	2482	0.09090909090909091	True
3331	3932	0.9090909090909091	False
3331	3615	0.8181818181818182	False
3331	544	0.7272727272727273	True
3331	263	0.6363636363636364	False
3331	1186	0.5454545454545454	True
3331	3014	0.45454545454545453	False
3331	1257	0.36363636363636365	False
3331	3596	0.2727272727272727	True
3331	1197	0.18181818181818182	True
3331	2482	0.09090909090909091	True
32	3615	0.9090909090909091	False
32	3932	0.8181818181818182	False
32	263	0.7272727272727273	False
32	544	0.6363636363636364	True
32	1186	0.5454545454545454	True
32	3014	0.45454545454545453	False
32	1257	0.36363636363636365	False
32	3596	0.2727272727272727	True
32	1197	0.18181818181818182	True
32	2482	0.09090909090909091	True
3451	3932	0.9090909090909091	False
3451	3615	0.8181818181818182	False
3451	263	0.7272727272727273	False
3451	544	0.6363636363636364	True
3451	1186	0.5454545454545454	True
3451	3014	0.45454545454545453	False
3451	1257	0.36363636363636365	False
3451	3596	0.2727272727272727	True
3451	1197	0.18181818181818182	True
3451	2482	0.09090909090909091	True
809	3615	0.9090909090909091	False
809	544	0.8181818181818182	True
809	3932	0.7272727272727273	False
809	263	0.6363636363636364	False
809	3014	0.5454545454545454	False
809	1186	0.45454545454545453	True
809	1257	0.36363636363636365	False
809	1197	0.2727272727272727	True
809	3596	0.18181818181818182	True
809	2482	0.09090909090909091	True
1133	263	0.9090909090909091	False
1133	3615	0.8181818181818182	False
1133	544	0.7272727272727273	True
1133	3932	0.6363636363636364	False
1133	1186	0.5454545454545454	True
1133	3014	0.45454545454545453	False
1133	1257	0.36363636363636365	False
1133	3596	0.2727272727272727	True
1133	1197	0.18181818181818182	True
1133	2482	0.09090909090909091	True
5631	3615	0.9090909090909091	False
5631	544	0.8181818181818182	True
5631	3932	0.7272727272727273	False
5631	263	0.6363636363636364	False
5631	1186	0.5454545454545454	True
5631	3014	0.45454545454545453	False
5631	1257	0.36363636363636365	False
5631	3596	0.2727272727272727	True
5631	1197	0.18181818181818182	True
5631	185	0.09090909090909091	True
1351	3932	0.9090909090909091	False
1351	544	0.8181818181818182	True
1351	3615	0.7272727272727273	False
1351	263	0.6363636363636364	False
1351	3014	0.5454545454545454	False
1351	1186	0.45454545454545453	True
1351	1257	0.36363636363636365	False
1351	1197	0.2727272727272727	True
1351	3596	0.18181818181818182	True
1351	2482	0.09090909090909091	True
6012	3932	0.9090909090909091	False
6012	544	0.8181818181818182	True
6012	3615	0.7272727272727273	False
6012	263	0.6363636363636364	False
6012	1186	0.5454545454545454	True
6012	3014	0.45454545454545453	False
6012	1257	0.36363636363636365	False
6012	3596	0.2727272727272727	True
6012	1197	0.18181818181818182	True
6012	185	0.09090909090909091	True
5063	3932	0.9090909090909091	False
5063	3615	0.8181818181818182	False
5063	544	0.7272727272727273	True
5063	263	0.6363636363636364	False
5063	3014	0.5454545454545454	False
5063	1257	0.45454545454545453	False
5063	1186	0.36363636363636365	True
5063	3596	0.2727272727272727	True
5063	1197	0.18181818181818182	True
5063	2482	0.09090909090909091	True
4002	3932	0.9090909090909091	False
4002	544	0.8181818181818182	True
4002	3615	0.7272727272727273	False
4002	263	0.6363636363636364	False
4002	3014	0.5454545454545454	False
4002	1186	0.45454545454545453	True
4002	1257	0.36363636363636365	False
4002	3596	0.2727272727272727	True
4002	1197	0.18181818181818182	True
4002	2482	0.09090909090909091	True
1088	263	0.9090909090909091	False
1088	3615	0.8181818181818182	False
1088	3932	0.7272727272727273	False
1088	544	0.6363636363636364	True
1088	3014	0.5454545454545454	False
1088	1186	0.45454545454545453	True
1088	1257	0.36363636363636365	False
1088	3596	0.2727272727272727	True
1088	1197	0.18181818181818182	True
1088	2482	0.09090909090909091	True
4322	544	0.9090909090909091	True
4322	3615	0.8181818181818182	False
4322	263	0.7272727272727273	False
4322	3932	0.6363636363636364	False
4322	1186	0.5454545454545454	True
4322	3014	0.45454545454545453	False
4322	1257	0.36363636363636365	False
4322	3596	0.2727272727272727	True
4322	1197	0.18181818181818182	True
4322	2482	0.09090909090909091	True
2742	3932	0.9090909090909091	False
2742	544	0.8181818181818182	True
2742	3615	0.7272727272727273	False
2742	263	0.6363636363636364	False
2742	1186	0.5454545454545454	True
2742	3014	0.45454545454545453	False
2742	1257	0.36363636363636365	False
2742	1197	0.2727272727272727	True
2742	3596	0.18181818181818182	True
2742	2482	0.09090909090909091	True
4082	544	0.9090909090909091	True
4082	3932	0.8181818181818182	False
4082	3615	0.7272727272727273	False
4082	263	0.6363636363636364	False
4082	1186	0.5454545454545454	True
4082	3014	0.45454545454545453	False
4082	1257	0.36363636363636365	False
4082	3596	0.2727272727272727	True
4082	1197	0.18181818181818182	True
4082	185	0.09090909090909091	True
1249	3932	0.9090909090909091	False
1249	3615	0.8181818181818182	False
1249	544	0.7272727272727273	True
1249	263	0.6363636363636364	False
1249	1186	0.5454545454545454	True
1249	3014	0.45454545454545453	False
1249	3596	0.36363636363636365	True
1249	1257	0.2727272727272727	False
1249	1197	0.18181818181818182	True
1249	3691	0.09090909090909091	True
3915	3932	0.9090909090909091	False
3915	3615	0.8181818181818182	False
3915	544	0.7272727272727273	True
3915	263	0.6363636363636364	False
3915	3014	0.5454545454545454	False
3915	1186	0.45454545454545453	True
3915	1257	0.36363636363636365	False
3915	1197	0.2727272727272727	True
3915	3596	0.18181818181818182	True
3915	2482	0.09090909090909091	True
1694	3615	0.9090909090909091	False
1694	263	0.8181818181818182	False
1694	544	0.7272727272727273	True
1694	3932	0.6363636363636364	False
1694	3014	0.5454545454545454	False
1694	1186	0.45454545454545453	True
1694	1257	0.36363636363636365	False
1694	1197	0.2727272727272727	True
1694	2482	0.18181818181818182	True
1694	3596	0.09090909090909091	True
