1852	2614	0.9090909090909091	False
1852	3828	0.8181818181818182	False
1852	612	0.7272727272727273	False
1852	1671	0.6363636363636364	True
1852	2648	0.5454545454545454	True
1852	2893	0.45454545454545453	True
1852	2715	0.36363636363636365	False
1852	3069	0.2727272727272727	True
1852	1047	0.18181818181818182	True
1852	2499	0.09090909090909091	False
3869	1047	0.9090909090909091	True
3869	3069	0.8181818181818182	True
3869	2614	0.7272727272727273	False
3869	3828	0.6363636363636364	False
3869	612	0.5454545454545454	False
3869	2715	0.45454545454545453	False
3869	2499	0.36363636363636365	False
3869	55	0.2727272727272727	True
3869	1671	0.18181818181818182	True
3869	1244	0.09090909090909091	True
1408	2715	0.9090909090909091	False
1408	2614	0.8181818181818182	False
1408	1244	0.7272727272727273	True
1408	3828	0.6363636363636364	False
1408	3069	0.5454545454545454	True
1408	2648	0.45454545454545453	True
1408	2499	0.36363636363636365	False
1408	1082	0.2727272727272727	True
1408	2893	0.18181818181818182	True
1408	1671	0.09090909090909091	True
4114	2715	0.9090909090909091	False
4114	2614	0.8181818181818182	False
4114	2648	0.7272727272727273	True
4114	2499	0.6363636363636364	False
4114	3828	0.5454545454545454	False
4114	2417	0.45454545454545453	True
4114	1244	0.36363636363636365	True
4114	1082	0.2727272727272727	True
4114	2893	0.18181818181818182	True
4114	1671	0.09090909090909091	True
685	1047	0.9090909090909091	True
685	3069	0.8181818181818182	True
685	3828	0.7272727272727273	False
685	2614	0.6363636363636364	False
685	2715	0.5454545454545454	False
685	612	0.45454545454545453	False
685	2499	0.36363636363636365	False
685	1671	0.2727272727272727	True
685	1244	0.18181818181818182	True
685	2266	0.09090909090909091	True
3776	2614	0.9090909090909091	False
3776	612	0.8181818181818182	False
3776	2715	0.7272727272727273	False
3776	3828	0.6363636363636364	False
3776	2648	0.5454545454545454	True
3776	2499	0.45454545454545453	False
3776	1244	0.36363636363636365	True
3776	1671	0.2727272727272727	True
3776	1082	0.18181818181818182	True
3776	1047	0.09090909090909091	True
2467	1047	0.9090909090909091	True
2467	3828	0.8181818181818182	False
2467	2715	0.7272727272727273	False
2467	2614	0.6363636363636364	False
2467	1671	0.5454545454545454	True
2467	612	0.45454545454545453	False
2467	2499	0.36363636363636365	False
2467	3069	0.2727272727272727	True
2467	1244	0.18181818181818182	True
2467	2893	0.09090909090909091	True
5549	612	0.9090909090909091	False
5549	3828	0.8181818181818182	False
5549	1047	0.7272727272727273	True
5549	2614	0.6363636363636364	False
5549	3069	0.5454545454545454	True
5549	1671	0.45454545454545453	True
5549	2266	0.36363636363636365	True
5549	1082	0.2727272727272727	True
5549	55	0.18181818181818182	True
5549	2499	0.09090909090909091	False
448	612	0.9090909090909091	False
448	2614	0.8181818181818182	False
448	2499	0.7272727272727273	False
448	3828	0.6363636363636364	False
448	55	0.5454545454545454	True
448	3069	0.45454545454545453	True
448	1047	0.36363636363636365	True
448	2715	0.2727272727272727	False
448	1082	0.18181818181818182	True
448	3802	0.09090909090909091	True
2395	3828	0.9090909090909091	False
2395	1047	0.8181818181818182	True
2395	1671	0.7272727272727273	True
2395	612	0.6363636363636364	False
2395	2614	0.5454545454545454	False
2395	2893	0.45454545454545453	True
2395	2499	0.36363636363636365	False
2395	3802	0.2727272727272727	True
2395	1082	0.18181818181818182	True
2395	3419	0.09090909090909091	True
4640	2715	0.9090909090909091	False
4640	2614	0.8181818181818182	False
4640	3828	0.7272727272727273	False
4640	612	0.6363636363636364	False
4640	3069	0.5454545454545454	True
4640	1244	0.45454545454545453	True
4640	2499	0.36363636363636365	False
4640	1047	0.2727272727272727	True
4640	1082	0.18181818181818182	True
4640	2266	0.09090909090909091	True
5617	612	0.9090909090909091	False
5617	3069	0.8181818181818182	True
5617	2614	0.7272727272727273	False
5617	3828	0.6363636363636364	False
5617	2499	0.5454545454545454	False
5617	55	0.45454545454545453	True
5617	2266	0.36363636363636365	True
5617	2715	0.2727272727272727	False
5617	1082	0.18181818181818182	True
5617	1244	0.09090909090909091	True
5348	2499	0.9090909090909091	False
5348	2715	0.8181818181818182	False
5348	3828	0.7272727272727273	False
5348	3069	0.6363636363636364	True
5348	612	0.5454545454545454	False
5348	2614	0.45454545454545453	False
5348	1047	0.36363636363636365	True
5348	1671	0.2727272727272727	True
5348	2266	0.18181818181818182	True
5348	2417	0.09090909090909091	True
1248	612	0.9090909090909091	False
1248	3828	0.8181818181818182	False
1248	2715	0.7272727272727273	False
1248	1047	0.6363636363636364	True
1248	2614	0.5454545454545454	False
1248	3069	0.45454545454545453	True
1248	1082	0.36363636363636365	True
1248	2499	0.2727272727272727	False
1248	2893	0.18181818181818182	True
1248	3419	0.09090909090909091	True
3785	2893	0.9090909090909091	True
3785	1047	0.8181818181818182	True
3785	2648	0.7272727272727273	True
3785	612	0.6363636363636364	False
3785	3828	0.5454545454545454	False
3785	2499	0.45454545454545453	False
3785	1671	0.36363636363636365	True
3785	2614	0.2727272727272727	False
3785	2715	0.18181818181818182	False
3785	2795	0.09090909090909091	True
2038	2614	0.9090909090909091	False
2038	3828	0.8181818181818182	False
2038	612	0.7272727272727273	False
2038	1244	0.6363636363636364	True
2038	2715	0.5454545454545454	False
2038	3069	0.45454545454545453	True
2038	2499	0.36363636363636365	False
2038	1047	0.2727272727272727	True
2038	55	0.18181818181818182	True
2038	552	0.09090909090909091	True
719	2715	0.9090909090909091	False
719	2614	0.8181818181818182	False
719	3828	0.7272727272727273	False
719	612	0.6363636363636364	False
719	2499	0.5454545454545454	False
719	2648	0.45454545454545453	True
719	1082	0.36363636363636365	True
719	1671	0.2727272727272727	True
719	55	0.18181818181818182	True
719	1047	0.09090909090909091	True
1821	2715	0.9090909090909091	False
1821	2499	0.8181818181818182	False
1821	3069	0.7272727272727273	True
1821	2614	0.6363636363636364	False
1821	1082	0.5454545454545454	True
1821	3828	0.45454545454545453	False
1821	612	0.36363636363636365	False
1821	1244	0.2727272727272727	True
1821	3923	0.18181818181818182	True
1821	1047	0.09090909090909091	True
1261	612	0.9090909090909091	False
1261	2499	0.8181818181818182	False
1261	3069	0.7272727272727273	True
1261	2715	0.6363636363636364	False
1261	1082	0.5454545454545454	True
1261	3828	0.45454545454545453	False
1261	2266	0.36363636363636365	True
1261	2614	0.2727272727272727	False
1261	1244	0.18181818181818182	True
1261	1671	0.09090909090909091	True
4241	2715	0.9090909090909091	False
4241	612	0.8181818181818182	False
4241	3069	0.7272727272727273	True
4241	2614	0.6363636363636364	False
4241	2499	0.5454545454545454	False
4241	1047	0.45454545454545453	True
4241	3828	0.36363636363636365	False
4241	2266	0.2727272727272727	True
4241	1082	0.18181818181818182	True
4241	1671	0.09090909090909091	True
851	2715	0.9090909090909091	False
851	2614	0.8181818181818182	False
851	3828	0.7272727272727273	False
851	612	0.6363636363636364	False
851	2499	0.5454545454545454	False
851	1082	0.45454545454545453	True
851	1244	0.36363636363636365	True
851	1671	0.2727272727272727	True
851	1047	0.18181818181818182	True
851	2893	0.09090909090909091	True
3112	2614	0.9090909090909091	False
3112	3828	0.8181818181818182	False
3112	2715	0.7272727272727273	False
3112	1671	0.6363636363636364	True
3112	3069	0.5454545454545454	True
3112	612	0.45454545454545453	False
3112	2499	0.36363636363636365	False
3112	55	0.2727272727272727	True
3112	3923	0.18181818181818182	True
3112	1082	0.09090909090909091	True
836	2715	0.9090909090909091	False
836	2614	0.8181818181818182	False
836	612	0.7272727272727273	False
836	3069	0.6363636363636364	True
836	2499	0.5454545454545454	False
836	2648	0.45454545454545453	True
836	1082	0.36363636363636365	True
836	1671	0.2727272727272727	True
836	3828	0.18181818181818182	False
836	1244	0.09090909090909091	True
4433	2614	0.9090909090909091	False
4433	2715	0.8181818181818182	False
4433	3828	0.7272727272727273	False
4433	3069	0.6363636363636364	True
4433	1047	0.5454545454545454	True
4433	612	0.45454545454545453	False
4433	2499	0.36363636363636365	False
4433	1671	0.2727272727272727	True
4433	1244	0.18181818181818182	True
4433	1082	0.09090909090909091	True
5362	2614	0.9090909090909091	False
5362	3828	0.8181818181818182	False
5362	612	0.7272727272727273	False
5362	2715	0.6363636363636364	False
5362	55	0.5454545454545454	True
5362	3069	0.45454545454545453	True
5362	1082	0.36363636363636365	True
5362	2893	0.2727272727272727	True
5362	2499	0.18181818181818182	False
5362	1671	0.09090909090909091	True
2932	2614	0.9090909090909091	False
2932	612	0.8181818181818182	False
2932	2715	0.7272727272727273	False
2932	1047	0.6363636363636364	True
2932	3069	0.5454545454545454	True
2932	3828	0.45454545454545453	False
2932	2266	0.36363636363636365	True
2932	2499	0.2727272727272727	False
2932	2893	0.18181818181818182	True
2932	1671	0.09090909090909091	True
1705	2715	0.9090909090909091	False
1705	2614	0.8181818181818182	False
1705	2499	0.7272727272727273	False
1705	3828	0.6363636363636364	False
1705	3069	0.5454545454545454	True
1705	612	0.45454545454545453	False
1705	1047	0.36363636363636365	True
1705	1244	0.2727272727272727	True
1705	2648	0.18181818181818182	True
1705	1082	0.09090909090909091	True
659	2614	0.9090909090909091	False
659	2715	0.8181818181818182	False
659	3828	0.7272727272727273	False
659	2499	0.6363636363636364	False
659	1244	0.5454545454545454	True
659	3069	0.45454545454545453	True
659	612	0.36363636363636365	False
659	1082	0.2727272727272727	True
659	2648	0.18181818181818182	True
659	1047	0.09090909090909091	True
4040	2614	0.9090909090909091	False
4040	2715	0.8181818181818182	False
4040	1244	0.7272727272727273	True
4040	612	0.6363636363636364	False
4040	3828	0.5454545454545454	False
4040	3069	0.45454545454545453	True
4040	2499	0.36363636363636365	False
4040	2648	0.2727272727272727	True
4040	1671	0.18181818181818182	True
4040	3200	0.09090909090909091	True
974	2499	0.9090909090909091	False
974	2715	0.8181818181818182	False
974	3069	0.7272727272727273	True
974	2614	0.6363636363636364	False
974	3828	0.5454545454545454	False
974	1082	0.45454545454545453	True
974	612	0.36363636363636365	False
974	1244	0.2727272727272727	True
974	1671	0.18181818181818182	True
974	1047	0.09090909090909091	True
2015	2614	0.9090909090909091	False
2015	2715	0.8181818181818182	False
2015	2499	0.7272727272727273	False
2015	3069	0.6363636363636364	True
2015	3828	0.5454545454545454	False
2015	1244	0.45454545454545453	True
2015	2417	0.36363636363636365	True
2015	612	0.2727272727272727	False
2015	1047	0.18181818181818182	True
2015	1671	0.09090909090909091	True
4766	612	0.9090909090909091	False
4766	3828	0.8181818181818182	False
4766	2499	0.7272727272727273	False
4766	2614	0.6363636363636364	False
4766	2715	0.5454545454545454	False
4766	1047	0.45454545454545453	True
4766	1671	0.36363636363636365	True
4766	1082	0.2727272727272727	True
4766	3069	0.18181818181818182	True
4766	2893	0.09090909090909091	True
3485	2614	0.9090909090909091	False
3485	3828	0.8181818181818182	False
3485	3069	0.7272727272727273	True
3485	55	0.6363636363636364	True
3485	1047	0.5454545454545454	True
3485	612	0.45454545454545453	False
3485	1082	0.36363636363636365	True
3485	1671	0.2727272727272727	True
3485	2715	0.18181818181818182	False
3485	2499	0.09090909090909091	False
1935	612	0.9090909090909091	False
1935	2893	0.8181818181818182	True
1935	3828	0.7272727272727273	False
1935	2499	0.6363636363636364	False
1935	2614	0.5454545454545454	False
1935	3069	0.45454545454545453	True
1935	1244	0.36363636363636365	True
1935	2715	0.2727272727272727	False
1935	1082	0.18181818181818182	True
1935	1047	0.09090909090909091	True
4462	612	0.9090909090909091	False
4462	2614	0.8181818181818182	False
4462	2715	0.7272727272727273	False
4462	1047	0.6363636363636364	True
4462	3828	0.5454545454545454	False
4462	2499	0.45454545454545453	False
4462	1671	0.36363636363636365	True
4462	2648	0.2727272727272727	True
4462	2266	0.18181818181818182	True
4462	1082	0.09090909090909091	True
3199	2614	0.9090909090909091	False
3199	3828	0.8181818181818182	False
3199	2499	0.7272727272727273	False
3199	1671	0.6363636363636364	True
3199	1047	0.5454545454545454	True
3199	2715	0.45454545454545453	False
3199	2893	0.36363636363636365	True
3199	612	0.2727272727272727	False
3199	2417	0.18181818181818182	True
3199	1244	0.09090909090909091	True
3754	2614	0.9090909090909091	False
3754	3069	0.8181818181818182	True
3754	3828	0.7272727272727273	False
3754	1082	0.6363636363636364	True
3754	55	0.5454545454545454	True
3754	612	0.45454545454545453	False
3754	2715	0.36363636363636365	False
3754	1047	0.2727272727272727	True
3754	2499	0.18181818181818182	False
3754	3923	0.09090909090909091	True
1909	2614	0.9090909090909091	False
1909	612	0.8181818181818182	False
1909	3828	0.7272727272727273	False
1909	3069	0.6363636363636364	True
1909	1047	0.5454545454545454	True
1909	2715	0.45454545454545453	False
1909	2499	0.36363636363636365	False
1909	1671	0.2727272727272727	True
1909	1244	0.18181818181818182	True
1909	55	0.09090909090909091	True
4057	2715	0.9090909090909091	False
4057	2614	0.8181818181818182	False
4057	2499	0.7272727272727273	False
4057	612	0.6363636363636364	False
4057	1047	0.5454545454545454	True
4057	3069	0.45454545454545453	True
4057	3828	0.36363636363636365	False
4057	1082	0.2727272727272727	True
4057	2648	0.18181818181818182	True
4057	3923	0.09090909090909091	True
3660	2614	0.9090909090909091	False
3660	612	0.8181818181818182	False
3660	1047	0.7272727272727273	True
3660	3828	0.6363636363636364	False
3660	3069	0.5454545454545454	True
3660	2715	0.45454545454545453	False
3660	55	0.36363636363636365	True
3660	2499	0.2727272727272727	False
3660	1244	0.18181818181818182	True
3660	3923	0.09090909090909091	True
1035	2715	0.9090909090909091	False
1035	2614	0.8181818181818182	False
1035	2499	0.7272727272727273	False
1035	612	0.6363636363636364	False
1035	3828	0.5454545454545454	False
1035	1082	0.45454545454545453	True
1035	3069	0.36363636363636365	True
1035	2893	0.2727272727272727	True
1035	1047	0.18181818181818182	True
1035	1244	0.09090909090909091	True
214	2715	0.9090909090909091	False
214	2499	0.8181818181818182	False
214	2648	0.7272727272727273	True
214	612	0.6363636363636364	False
214	2614	0.5454545454545454	False
214	3828	0.45454545454545453	False
214	1082	0.36363636363636365	True
214	1047	0.2727272727272727	True
214	1671	0.18181818181818182	True
214	3069	0.09090909090909091	True
3301	3069	0.9090909090909091	True
3301	612	0.8181818181818182	False
3301	2614	0.7272727272727273	False
3301	3828	0.6363636363636364	False
3301	2266	0.5454545454545454	True
3301	2715	0.45454545454545453	False
3301	2499	0.36363636363636365	False
3301	55	0.2727272727272727	True
3301	1244	0.18181818181818182	True
3301	1082	0.09090909090909091	True
459	612	0.9090909090909091	False
459	2614	0.8181818181818182	False
459	3828	0.7272727272727273	False
459	55	0.6363636363636364	True
459	2715	0.5454545454545454	False
459	3069	0.45454545454545453	True
459	1244	0.36363636363636365	True
459	1082	0.2727272727272727	True
459	1047	0.18181818181818182	True
459	2499	0.09090909090909091	False
1287	612	0.9090909090909091	False
1287	2614	0.8181818181818182	False
1287	55	0.7272727272727273	True
1287	3828	0.6363636363636364	False
1287	1047	0.5454545454545454	True
1287	1671	0.45454545454545453	True
1287	2499	0.36363636363636365	False
1287	3069	0.2727272727272727	True
1287	2266	0.18181818181818182	True
1287	1610	0.09090909090909091	True
3684	2499	0.9090909090909091	False
3684	2715	0.8181818181818182	False
3684	3828	0.7272727272727273	False
3684	1671	0.6363636363636364	True
3684	2614	0.5454545454545454	False
3684	2893	0.45454545454545453	True
3684	3069	0.36363636363636365	True
3684	612	0.2727272727272727	False
3684	1047	0.18181818181818182	True
3684	2648	0.09090909090909091	True
569	2715	0.9090909090909091	False
569	612	0.8181818181818182	False
569	2499	0.7272727272727273	False
569	2614	0.6363636363636364	False
569	2648	0.5454545454545454	True
569	1047	0.45454545454545453	True
569	1671	0.36363636363636365	True
569	2325	0.2727272727272727	True
569	3828	0.18181818181818182	False
569	2208	0.09090909090909091	True
3135	612	0.9090909090909091	False
3135	2614	0.8181818181818182	False
3135	3828	0.7272727272727273	False
3135	3069	0.6363636363636364	True
3135	2715	0.5454545454545454	False
3135	1047	0.45454545454545453	True
3135	55	0.36363636363636365	True
3135	1082	0.2727272727272727	True
3135	2499	0.18181818181818182	False
3135	1244	0.09090909090909091	True
935	2614	0.9090909090909091	False
935	612	0.8181818181818182	False
935	3069	0.7272727272727273	True
935	3828	0.6363636363636364	False
935	1244	0.5454545454545454	True
935	2715	0.45454545454545453	False
935	1047	0.36363636363636365	True
935	2266	0.2727272727272727	True
935	1082	0.18181818181818182	True
935	55	0.09090909090909091	True
4800	2715	0.9090909090909091	False
4800	2614	0.8181818181818182	False
4800	2893	0.7272727272727273	True
4800	2499	0.6363636363636364	False
4800	2648	0.5454545454545454	True
4800	3828	0.45454545454545453	False
4800	612	0.36363636363636365	False
4800	2417	0.2727272727272727	True
4800	1244	0.18181818181818182	True
4800	1047	0.09090909090909091	True
4834	3828	0.9090909090909091	False
4834	2893	0.8181818181818182	True
4834	2614	0.7272727272727273	False
4834	2499	0.6363636363636364	False
4834	2715	0.5454545454545454	False
4834	1047	0.45454545454545453	True
4834	612	0.36363636363636365	False
4834	3069	0.2727272727272727	True
4834	2648	0.18181818181818182	True
4834	1671	0.09090909090909091	True
1399	2715	0.9090909090909091	False
1399	2499	0.8181818181818182	False
1399	612	0.7272727272727273	False
1399	2614	0.6363636363636364	False
1399	3828	0.5454545454545454	False
1399	1244	0.45454545454545453	True
1399	3069	0.36363636363636365	True
1399	1082	0.2727272727272727	True
1399	2648	0.18181818181818182	True
1399	1047	0.09090909090909091	True
2569	612	0.9090909090909091	False
2569	1047	0.8181818181818182	True
2569	2614	0.7272727272727273	False
2569	3828	0.6363636363636364	False
2569	3069	0.5454545454545454	True
2569	55	0.45454545454545453	True
2569	1671	0.36363636363636365	True
2569	1082	0.2727272727272727	True
2569	3419	0.18181818181818182	True
2569	2499	0.09090909090909091	False
170	2614	0.9090909090909091	False
170	2715	0.8181818181818182	False
170	612	0.7272727272727273	False
170	2499	0.6363636363636364	False
170	3069	0.5454545454545454	True
170	3828	0.45454545454545453	False
170	1244	0.36363636363636365	True
170	1047	0.2727272727272727	True
170	55	0.18181818181818182	True
170	2617	0.09090909090909091	True
1464	2614	0.9090909090909091	False
1464	2715	0.8181818181818182	False
1464	3828	0.7272727272727273	False
1464	1671	0.6363636363636364	True
1464	1047	0.5454545454545454	True
1464	2499	0.45454545454545453	False
1464	612	0.36363636363636365	False
1464	3069	0.2727272727272727	True
1464	1244	0.18181818181818182	True
1464	1082	0.09090909090909091	True
3565	612	0.9090909090909091	False
3565	2614	0.8181818181818182	False
3565	1082	0.7272727272727273	True
3565	1047	0.6363636363636364	True
3565	2893	0.5454545454545454	True
3565	2715	0.45454545454545453	False
3565	3828	0.36363636363636365	False
3565	3069	0.2727272727272727	True
3565	2499	0.18181818181818182	False
3565	1671	0.09090909090909091	True
1426	2715	0.9090909090909091	False
1426	3069	0.8181818181818182	True
1426	2614	0.7272727272727273	False
1426	2499	0.6363636363636364	False
1426	612	0.5454545454545454	False
1426	3828	0.45454545454545453	False
1426	55	0.36363636363636365	True
1426	1047	0.2727272727272727	True
1426	1244	0.18181818181818182	True
1426	1671	0.09090909090909091	True
149	612	0.9090909090909091	False
149	2614	0.8181818181818182	False
149	3828	0.7272727272727273	False
149	2499	0.6363636363636364	False
149	2715	0.5454545454545454	False
149	1047	0.45454545454545453	True
149	1082	0.36363636363636365	True
149	2266	0.2727272727272727	True
149	3069	0.18181818181818182	True
149	1671	0.09090909090909091	True
3621	612	0.9090909090909091	False
3621	2499	0.8181818181818182	False
3621	3069	0.7272727272727273	True
3621	1047	0.6363636363636364	True
3621	3828	0.5454545454545454	False
3621	2715	0.45454545454545453	False
3621	1671	0.36363636363636365	True
3621	2614	0.2727272727272727	False
3621	2266	0.18181818181818182	True
3621	55	0.09090909090909091	True
5713	2614	0.9090909090909091	False
5713	1047	0.8181818181818182	True
5713	1671	0.7272727272727273	True
5713	612	0.6363636363636364	False
5713	3828	0.5454545454545454	False
5713	2715	0.45454545454545453	False
5713	3069	0.36363636363636365	True
5713	2266	0.2727272727272727	True
5713	1610	0.18181818181818182	True
5713	2499	0.09090909090909091	False
5595	1047	0.9090909090909091	True
5595	2614	0.8181818181818182	False
5595	3828	0.7272727272727273	False
5595	2499	0.6363636363636364	False
5595	1082	0.5454545454545454	True
5595	1671	0.45454545454545453	True
5595	2648	0.36363636363636365	True
5595	2715	0.2727272727272727	False
5595	2893	0.18181818181818182	True
5595	612	0.09090909090909091	False
3898	2715	0.9090909090909091	False
3898	2499	0.8181818181818182	False
3898	2614	0.7272727272727273	False
3898	2648	0.6363636363636364	True
3898	1671	0.5454545454545454	True
3898	3828	0.45454545454545453	False
3898	1082	0.36363636363636365	True
3898	3069	0.2727272727272727	True
3898	1047	0.18181818181818182	True
3898	1244	0.09090909090909091	True
3600	2715	0.9090909090909091	False
3600	3069	0.8181818181818182	True
3600	2614	0.7272727272727273	False
3600	2499	0.6363636363636364	False
3600	1047	0.5454545454545454	True
3600	3828	0.45454545454545453	False
3600	612	0.36363636363636365	False
3600	1671	0.2727272727272727	True
3600	55	0.18181818181818182	True
3600	2266	0.09090909090909091	True
859	2614	0.9090909090909091	False
859	3828	0.8181818181818182	False
859	2715	0.7272727272727273	False
859	1047	0.6363636363636364	True
859	1671	0.5454545454545454	True
859	3069	0.45454545454545453	True
859	2499	0.36363636363636365	False
859	612	0.2727272727272727	False
859	2648	0.18181818181818182	True
859	55	0.09090909090909091	True
2121	612	0.9090909090909091	False
2121	2614	0.8181818181818182	False
2121	1082	0.7272727272727273	True
2121	3828	0.6363636363636364	False
2121	1047	0.5454545454545454	True
2121	2893	0.45454545454545453	True
2121	2266	0.36363636363636365	True
2121	3069	0.2727272727272727	True
2121	2715	0.18181818181818182	False
2121	2499	0.09090909090909091	False
2984	3828	0.9090909090909091	False
2984	2499	0.8181818181818182	False
2984	2614	0.7272727272727273	False
2984	2715	0.6363636363636364	False
2984	612	0.5454545454545454	False
2984	3069	0.45454545454545453	True
2984	1244	0.36363636363636365	True
2984	1047	0.2727272727272727	True
2984	1082	0.18181818181818182	True
2984	1671	0.09090909090909091	True
4533	3828	0.9090909090909091	False
4533	1047	0.8181818181818182	True
4533	3069	0.7272727272727273	True
4533	612	0.6363636363636364	False
4533	2715	0.5454545454545454	False
4533	1671	0.45454545454545453	True
4533	2893	0.36363636363636365	True
4533	2266	0.2727272727272727	True
4533	1244	0.18181818181818182	True
4533	2499	0.09090909090909091	False
796	3069	0.9090909090909091	True
796	612	0.8181818181818182	False
796	55	0.7272727272727273	True
796	3828	0.6363636363636364	False
796	2614	0.5454545454545454	False
796	2499	0.45454545454545453	False
796	3535	0.36363636363636365	True
796	1082	0.2727272727272727	True
796	1047	0.18181818181818182	True
796	2715	0.09090909090909091	False
1941	2614	0.9090909090909091	False
1941	3828	0.8181818181818182	False
1941	2715	0.7272727272727273	False
1941	2893	0.6363636363636364	True
1941	1244	0.5454545454545454	True
1941	612	0.45454545454545453	False
1941	1082	0.36363636363636365	True
1941	3069	0.2727272727272727	True
1941	2499	0.18181818181818182	False
1941	2648	0.09090909090909091	True
502	2715	0.9090909090909091	False
502	1244	0.8181818181818182	True
502	2614	0.7272727272727273	False
502	612	0.6363636363636364	False
502	3828	0.5454545454545454	False
502	2499	0.45454545454545453	False
502	1047	0.36363636363636365	True
502	3069	0.2727272727272727	True
502	2893	0.18181818181818182	True
502	2208	0.09090909090909091	True
384	612	0.9090909090909091	False
384	3828	0.8181818181818182	False
384	2614	0.7272727272727273	False
384	3069	0.6363636363636364	True
384	2266	0.5454545454545454	True
384	2715	0.45454545454545453	False
384	1047	0.36363636363636365	True
384	2499	0.2727272727272727	False
384	1082	0.18181818181818182	True
384	1671	0.09090909090909091	True
1443	2614	0.9090909090909091	False
1443	612	0.8181818181818182	False
1443	2715	0.7272727272727273	False
1443	3828	0.6363636363636364	False
1443	3069	0.5454545454545454	True
1443	1082	0.45454545454545453	True
1443	2499	0.36363636363636365	False
1443	1047	0.2727272727272727	True
1443	55	0.18181818181818182	True
1443	1244	0.09090909090909091	True
386	612	0.9090909090909091	False
386	1082	0.8181818181818182	True
386	2614	0.7272727272727273	False
386	3828	0.6363636363636364	False
386	2499	0.5454545454545454	False
386	2715	0.45454545454545453	False
386	2648	0.36363636363636365	True
386	3069	0.2727272727272727	True
386	55	0.18181818181818182	True
386	552	0.09090909090909091	True
2512	2715	0.9090909090909091	False
2512	3828	0.8181818181818182	False
2512	2499	0.7272727272727273	False
2512	1671	0.6363636363636364	True
2512	2648	0.5454545454545454	True
2512	2614	0.45454545454545453	False
2512	3069	0.36363636363636365	True
2512	1047	0.2727272727272727	True
2512	1244	0.18181818181818182	True
2512	2893	0.09090909090909091	True
3117	2715	0.9090909090909091	False
3117	2614	0.8181818181818182	False
3117	3069	0.7272727272727273	True
3117	1244	0.6363636363636364	True
3117	3828	0.5454545454545454	False
3117	2499	0.45454545454545453	False
3117	2893	0.36363636363636365	True
3117	612	0.2727272727272727	False
3117	1047	0.18181818181818182	True
3117	1671	0.09090909090909091	True
2626	2614	0.9090909090909091	False
2626	2715	0.8181818181818182	False
2626	3828	0.7272727272727273	False
2626	3069	0.6363636363636364	True
2626	1047	0.5454545454545454	True
2626	612	0.45454545454545453	False
2626	1244	0.36363636363636365	True
2626	2499	0.2727272727272727	False
2626	1082	0.18181818181818182	True
2626	552	0.09090909090909091	True
4004	1671	0.9090909090909091	True
4004	1082	0.8181818181818182	True
4004	612	0.7272727272727273	False
4004	2614	0.6363636363636364	False
4004	1047	0.5454545454545454	True
4004	3828	0.45454545454545453	False
4004	2715	0.36363636363636365	False
4004	2499	0.2727272727272727	False
4004	3069	0.18181818181818182	True
4004	2648	0.09090909090909091	True
1782	2614	0.9090909090909091	False
1782	3828	0.8181818181818182	False
1782	2715	0.7272727272727273	False
1782	1671	0.6363636363636364	True
1782	1047	0.5454545454545454	True
1782	2499	0.45454545454545453	False
1782	2648	0.36363636363636365	True
1782	1244	0.2727272727272727	True
1782	612	0.18181818181818182	False
1782	3069	0.09090909090909091	True
4	612	0.9090909090909091	False
4	2499	0.8181818181818182	False
4	2614	0.7272727272727273	False
4	3069	0.6363636363636364	True
4	1082	0.5454545454545454	True
4	2715	0.45454545454545453	False
4	3828	0.36363636363636365	False
4	1047	0.2727272727272727	True
4	55	0.18181818181818182	True
4	1244	0.09090909090909091	True
715	2715	0.9090909090909091	False
715	2614	0.8181818181818182	False
715	3069	0.7272727272727273	True
715	2499	0.6363636363636364	False
715	612	0.5454545454545454	False
715	1244	0.45454545454545453	True
715	3828	0.36363636363636365	False
715	2893	0.2727272727272727	True
715	1082	0.18181818181818182	True
715	2648	0.09090909090909091	True
5222	612	0.9090909090909091	False
5222	3069	0.8181818181818182	True
5222	2614	0.7272727272727273	False
5222	2499	0.6363636363636364	False
5222	3828	0.5454545454545454	False
5222	2715	0.45454545454545453	False
5222	2266	0.36363636363636365	True
5222	1082	0.2727272727272727	True
5222	1244	0.18181818181818182	True
5222	552	0.09090909090909091	True
5992	3069	0.9090909090909091	True
5992	2715	0.8181818181818182	False
5992	612	0.7272727272727273	False
5992	2614	0.6363636363636364	False
5992	2266	0.5454545454545454	True
5992	3828	0.45454545454545453	False
5992	2499	0.36363636363636365	False
5992	1082	0.2727272727272727	True
5992	1047	0.18181818181818182	True
5992	55	0.09090909090909091	True
3746	3069	0.9090909090909091	True
3746	2614	0.8181818181818182	False
3746	3828	0.7272727272727273	False
3746	2715	0.6363636363636364	False
3746	612	0.5454545454545454	False
3746	1244	0.45454545454545453	True
3746	2499	0.36363636363636365	False
3746	1082	0.2727272727272727	True
3746	1047	0.18181818181818182	True
3746	2266	0.09090909090909091	True
1693	612	0.9090909090909091	False
1693	2614	0.8181818181818182	False
1693	2715	0.7272727272727273	False
1693	3828	0.6363636363636364	False
1693	2893	0.5454545454545454	True
1693	2499	0.45454545454545453	False
1693	1082	0.36363636363636365	True
1693	3069	0.2727272727272727	True
1693	2417	0.18181818181818182	True
1693	1047	0.09090909090909091	True
2113	2614	0.9090909090909091	False
2113	3828	0.8181818181818182	False
2113	3069	0.7272727272727273	True
2113	612	0.6363636363636364	False
2113	2893	0.5454545454545454	True
2113	2715	0.45454545454545453	False
2113	2499	0.36363636363636365	False
2113	1047	0.2727272727272727	True
2113	1244	0.18181818181818182	True
2113	1082	0.09090909090909091	True
1112	612	0.9090909090909091	False
1112	1082	0.8181818181818182	True
1112	2614	0.7272727272727273	False
1112	3828	0.6363636363636364	False
1112	2499	0.5454545454545454	False
1112	1671	0.45454545454545453	True
1112	3069	0.36363636363636365	True
1112	1047	0.2727272727272727	True
1112	2266	0.18181818181818182	True
1112	2715	0.09090909090909091	False
3893	2614	0.9090909090909091	False
3893	612	0.8181818181818182	False
3893	3828	0.7272727272727273	False
3893	3069	0.6363636363636364	True
3893	1047	0.5454545454545454	True
3893	2715	0.45454545454545453	False
3893	1244	0.36363636363636365	True
3893	2499	0.2727272727272727	False
3893	2266	0.18181818181818182	True
3893	1671	0.09090909090909091	True
4469	2614	0.9090909090909091	False
4469	612	0.8181818181818182	False
4469	2715	0.7272727272727273	False
4469	2893	0.6363636363636364	True
4469	1082	0.5454545454545454	True
4469	3828	0.45454545454545453	False
4469	3069	0.36363636363636365	True
4469	2499	0.2727272727272727	False
4469	55	0.18181818181818182	True
4469	2648	0.09090909090909091	True
4797	2715	0.9090909090909091	False
4797	1082	0.8181818181818182	True
4797	612	0.7272727272727273	False
4797	2499	0.6363636363636364	False
4797	3069	0.5454545454545454	True
4797	2893	0.45454545454545453	True
4797	2614	0.36363636363636365	False
4797	2648	0.2727272727272727	True
4797	1244	0.18181818181818182	True
4797	3828	0.09090909090909091	False
4225	2614	0.9090909090909091	False
4225	3069	0.8181818181818182	True
4225	3828	0.7272727272727273	False
4225	612	0.6363636363636364	False
4225	2715	0.5454545454545454	False
4225	2266	0.45454545454545453	True
4225	1047	0.36363636363636365	True
4225	55	0.2727272727272727	True
4225	2499	0.18181818181818182	False
4225	552	0.09090909090909091	True
25	2614	0.9090909090909091	False
25	1047	0.8181818181818182	True
25	3828	0.7272727272727273	False
25	612	0.6363636363636364	False
25	1671	0.5454545454545454	True
25	1082	0.45454545454545453	True
25	2499	0.36363636363636365	False
25	55	0.2727272727272727	True
25	3802	0.18181818181818182	True
25	2648	0.09090909090909091	True
3177	2715	0.9090909090909091	False
3177	2499	0.8181818181818182	False
3177	2614	0.7272727272727273	False
3177	3828	0.6363636363636364	False
3177	612	0.5454545454545454	False
3177	2648	0.45454545454545453	True
3177	1671	0.36363636363636365	True
3177	1047	0.2727272727272727	True
3177	1082	0.18181818181818182	True
3177	3069	0.09090909090909091	True
5012	612	0.9090909090909091	False
5012	2614	0.8181818181818182	False
5012	1082	0.7272727272727273	True
5012	2715	0.6363636363636364	False
5012	55	0.5454545454545454	True
5012	3069	0.45454545454545453	True
5012	1047	0.36363636363636365	True
5012	3828	0.2727272727272727	False
5012	3923	0.18181818181818182	True
5012	2648	0.09090909090909091	True
128	2614	0.9090909090909091	False
128	2715	0.8181818181818182	False
128	3828	0.7272727272727273	False
128	2499	0.6363636363636364	False
128	3069	0.5454545454545454	True
128	1047	0.45454545454545453	True
128	612	0.36363636363636365	False
128	2648	0.2727272727272727	True
128	1082	0.18181818181818182	True
128	1671	0.09090909090909091	True
1660	612	0.9090909090909091	False
1660	3828	0.8181818181818182	False
1660	2893	0.7272727272727273	True
1660	1047	0.6363636363636364	True
1660	2614	0.5454545454545454	False
1660	2499	0.45454545454545453	False
1660	1082	0.36363636363636365	True
1660	1671	0.2727272727272727	True
1660	3419	0.18181818181818182	True
1660	2266	0.09090909090909091	True
5206	3828	0.9090909090909091	False
5206	2715	0.8181818181818182	False
5206	2614	0.7272727272727273	False
5206	2499	0.6363636363636364	False
5206	612	0.5454545454545454	False
5206	2648	0.45454545454545453	True
5206	1047	0.36363636363636365	True
5206	1671	0.2727272727272727	True
5206	3069	0.18181818181818182	True
5206	2893	0.09090909090909091	True
5199	612	0.9090909090909091	False
5199	2614	0.8181818181818182	False
5199	3828	0.7272727272727273	False
5199	1082	0.6363636363636364	True
5199	1047	0.5454545454545454	True
5199	1671	0.45454545454545453	True
5199	2266	0.36363636363636365	True
5199	3069	0.2727272727272727	True
5199	55	0.18181818181818182	True
5199	2715	0.09090909090909091	False
6010	3828	0.9090909090909091	False
6010	2715	0.8181818181818182	False
6010	2614	0.7272727272727273	False
6010	2499	0.6363636363636364	False
6010	612	0.5454545454545454	False
6010	1671	0.45454545454545453	True
6010	3069	0.36363636363636365	True
6010	1047	0.2727272727272727	True
6010	1082	0.18181818181818182	True
6010	2648	0.09090909090909091	True
1040	2614	0.9090909090909091	False
1040	612	0.8181818181818182	False
1040	2715	0.7272727272727273	False
1040	3828	0.6363636363636364	False
1040	3069	0.5454545454545454	True
1040	2499	0.45454545454545453	False
1040	55	0.36363636363636365	True
1040	1082	0.2727272727272727	True
1040	1047	0.18181818181818182	True
1040	1244	0.09090909090909091	True
