3602	460	0.9090909090909091	False
3602	3335	0.8181818181818182	False
3602	349	0.7272727272727273	True
3602	3521	0.6363636363636364	True
3602	824	0.5454545454545454	False
3602	198	0.45454545454545453	False
3602	2660	0.36363636363636365	False
3602	2779	0.2727272727272727	True
3602	3627	0.18181818181818182	True
3602	407	0.09090909090909091	True
2214	3781	0.9090909090909091	True
2214	198	0.8181818181818182	False
2214	2660	0.7272727272727273	False
2214	3335	0.6363636363636364	False
2214	1896	0.5454545454545454	True
2214	3627	0.45454545454545453	True
2214	80	0.36363636363636365	True
2214	1297	0.2727272727272727	True
2214	1546	0.18181818181818182	True
2214	3692	0.09090909090909091	True
876	3335	0.9090909090909091	False
876	198	0.8181818181818182	False
876	2779	0.7272727272727273	True
876	1546	0.6363636363636364	True
876	3196	0.5454545454545454	True
876	824	0.45454545454545453	False
876	2660	0.36363636363636365	False
876	349	0.2727272727272727	True
876	3692	0.18181818181818182	True
876	1375	0.09090909090909091	True
2601	460	0.9090909090909091	False
2601	2634	0.8181818181818182	True
2601	824	0.7272727272727273	False
2601	3781	0.6363636363636364	True
2601	3627	0.5454545454545454	True
2601	2660	0.45454545454545453	False
2601	3521	0.36363636363636365	True
2601	3335	0.2727272727272727	False
2601	630	0.18181818181818182	True
2601	3238	0.09090909090909091	True
3024	3335	0.9090909090909091	False
3024	824	0.8181818181818182	False
3024	1546	0.7272727272727273	True
3024	460	0.6363636363636364	False
3024	3692	0.5454545454545454	True
3024	407	0.45454545454545453	True
3024	3781	0.36363636363636365	True
3024	2660	0.2727272727272727	False
3024	198	0.18181818181818182	False
3024	630	0.09090909090909091	True
2472	2660	0.9090909090909091	False
2472	630	0.8181818181818182	True
2472	2634	0.7272727272727273	True
2472	824	0.6363636363636364	False
2472	198	0.5454545454545454	False
2472	3335	0.45454545454545453	False
2472	349	0.36363636363636365	True
2472	3238	0.2727272727272727	True
2472	460	0.18181818181818182	False
2472	2779	0.09090909090909091	True
2824	3335	0.9090909090909091	False
2824	2660	0.8181818181818182	False
2824	630	0.7272727272727273	True
2824	198	0.6363636363636364	False
2824	2634	0.5454545454545454	True
2824	503	0.45454545454545453	True
2824	407	0.36363636363636365	True
2824	349	0.2727272727272727	True
2824	3432	0.18181818181818182	True
2824	824	0.09090909090909091	False
3211	630	0.9090909090909091	True
3211	2660	0.8181818181818182	False
3211	3335	0.7272727272727273	False
3211	824	0.6363636363636364	False
3211	503	0.5454545454545454	True
3211	460	0.45454545454545453	False
3211	2634	0.36363636363636365	True
3211	349	0.2727272727272727	True
3211	444	0.18181818181818182	True
3211	3521	0.09090909090909091	True
3595	460	0.9090909090909091	False
3595	824	0.8181818181818182	False
3595	3335	0.7272727272727273	False
3595	3521	0.6363636363636364	True
3595	2634	0.5454545454545454	True
3595	501	0.45454545454545453	True
3595	2779	0.36363636363636365	True
3595	349	0.2727272727272727	True
3595	1546	0.18181818181818182	True
3595	3196	0.09090909090909091	True
229	3627	0.9090909090909091	True
229	2660	0.8181818181818182	False
229	349	0.7272727272727273	True
229	198	0.6363636363636364	False
229	2777	0.5454545454545454	True
229	1297	0.45454545454545453	True
229	824	0.36363636363636365	False
229	3238	0.2727272727272727	True
229	1263	0.18181818181818182	True
229	577	0.09090909090909091	True
4506	2660	0.9090909090909091	False
4506	824	0.8181818181818182	False
4506	630	0.7272727272727273	True
4506	3335	0.6363636363636364	False
4506	460	0.5454545454545454	False
4506	198	0.45454545454545453	False
4506	503	0.36363636363636365	True
4506	2634	0.2727272727272727	True
4506	407	0.18181818181818182	True
4506	349	0.09090909090909091	True
5248	824	0.9090909090909091	False
5248	3335	0.8181818181818182	False
5248	630	0.7272727272727273	True
5248	2660	0.6363636363636364	False
5248	460	0.5454545454545454	False
5248	3781	0.45454545454545453	True
5248	2634	0.36363636363636365	True
5248	501	0.2727272727272727	True
5248	198	0.18181818181818182	False
5248	503	0.09090909090909091	True
2707	824	0.9090909090909091	False
2707	460	0.8181818181818182	False
2707	198	0.7272727272727273	False
2707	3335	0.6363636363636364	False
2707	2634	0.5454545454545454	True
2707	1297	0.45454545454545453	True
2707	349	0.36363636363636365	True
2707	2779	0.2727272727272727	True
2707	3521	0.18181818181818182	True
2707	2660	0.09090909090909091	False
5809	824	0.9090909090909091	False
5809	3335	0.8181818181818182	False
5809	349	0.7272727272727273	True
5809	198	0.6363636363636364	False
5809	2634	0.5454545454545454	True
5809	2660	0.45454545454545453	False
5809	577	0.36363636363636365	True
5809	460	0.2727272727272727	False
5809	3521	0.18181818181818182	True
5809	630	0.09090909090909091	True
673	824	0.9090909090909091	False
673	3335	0.8181818181818182	False
673	2634	0.7272727272727273	True
673	460	0.6363636363636364	False
673	2660	0.5454545454545454	False
673	198	0.45454545454545453	False
673	1297	0.36363636363636365	True
673	407	0.2727272727272727	True
673	630	0.18181818181818182	True
673	1546	0.09090909090909091	True
4826	2634	0.9090909090909091	True
4826	824	0.8181818181818182	False
4826	460	0.7272727272727273	False
4826	3335	0.6363636363636364	False
4826	198	0.5454545454545454	False
4826	2660	0.45454545454545453	False
4826	1546	0.36363636363636365	True
4826	1297	0.2727272727272727	True
4826	630	0.18181818181818182	True
4826	349	0.09090909090909091	True
13	824	0.9090909090909091	False
13	2660	0.8181818181818182	False
13	630	0.7272727272727273	True
13	3781	0.6363636363636364	True
13	3335	0.5454545454545454	False
13	198	0.45454545454545453	False
13	460	0.36363636363636365	False
13	349	0.2727272727272727	True
13	503	0.18181818181818182	True
13	3627	0.09090909090909091	True
1213	2634	0.9090909090909091	True
1213	824	0.8181818181818182	False
1213	2660	0.7272727272727273	False
1213	3335	0.6363636363636364	False
1213	198	0.5454545454545454	False
1213	460	0.45454545454545453	False
1213	1297	0.36363636363636365	True
1213	349	0.2727272727272727	True
1213	3781	0.18181818181818182	True
1213	630	0.09090909090909091	True
5665	460	0.9090909090909091	False
5665	3627	0.8181818181818182	True
5665	2660	0.7272727272727273	False
5665	3198	0.6363636363636364	True
5665	501	0.5454545454545454	True
5665	3335	0.45454545454545453	False
5665	1297	0.36363636363636365	True
5665	198	0.2727272727272727	False
5665	349	0.18181818181818182	True
5665	215	0.09090909090909091	True
2857	349	0.9090909090909091	True
2857	460	0.8181818181818182	False
2857	407	0.7272727272727273	True
2857	3335	0.6363636363636364	False
2857	2660	0.5454545454545454	False
2857	198	0.45454545454545453	False
2857	2634	0.36363636363636365	True
2857	1297	0.2727272727272727	True
2857	3196	0.18181818181818182	True
2857	824	0.09090909090909091	False
1255	630	0.9090909090909091	True
1255	2660	0.8181818181818182	False
1255	824	0.7272727272727273	False
1255	198	0.6363636363636364	False
1255	460	0.5454545454545454	False
1255	3335	0.45454545454545453	False
1255	1297	0.36363636363636365	True
1255	349	0.2727272727272727	True
1255	2634	0.18181818181818182	True
1255	577	0.09090909090909091	True
3381	3521	0.9090909090909091	True
3381	3335	0.8181818181818182	False
3381	577	0.7272727272727273	True
3381	2660	0.6363636363636364	False
3381	349	0.5454545454545454	True
3381	2634	0.45454545454545453	True
3381	824	0.36363636363636365	False
3381	3781	0.2727272727272727	True
3381	1546	0.18181818181818182	True
3381	198	0.09090909090909091	False
531	577	0.9090909090909091	True
531	1297	0.8181818181818182	True
531	460	0.7272727272727273	False
531	2777	0.6363636363636364	True
531	630	0.5454545454545454	True
531	2660	0.45454545454545453	False
531	3627	0.36363636363636365	True
531	824	0.2727272727272727	False
531	501	0.18181818181818182	True
531	3238	0.09090909090909091	True
3352	2660	0.9090909090909091	False
3352	3335	0.8181818181818182	False
3352	824	0.7272727272727273	False
3352	460	0.6363636363636364	False
3352	630	0.5454545454545454	True
3352	2634	0.45454545454545453	True
3352	503	0.36363636363636365	True
3352	3781	0.2727272727272727	True
3352	3627	0.18181818181818182	True
3352	198	0.09090909090909091	False
3837	2660	0.9090909090909091	False
3837	198	0.8181818181818182	False
3837	3335	0.7272727272727273	False
3837	1546	0.6363636363636364	True
3837	349	0.5454545454545454	True
3837	503	0.45454545454545453	True
3837	3627	0.36363636363636365	True
3837	3781	0.2727272727272727	True
3837	3692	0.18181818181818182	True
3837	630	0.09090909090909091	True
63	198	0.9090909090909091	False
63	3335	0.8181818181818182	False
63	2660	0.7272727272727273	False
63	501	0.6363636363636364	True
63	1546	0.5454545454545454	True
63	3692	0.45454545454545453	True
63	630	0.36363636363636365	True
63	349	0.2727272727272727	True
63	3627	0.18181818181818182	True
63	577	0.09090909090909091	True
2462	198	0.9090909090909091	False
2462	824	0.8181818181818182	False
2462	349	0.7272727272727273	True
2462	3627	0.6363636363636364	True
2462	460	0.5454545454545454	False
2462	1297	0.45454545454545453	True
2462	2660	0.36363636363636365	False
2462	1263	0.2727272727272727	True
2462	1546	0.18181818181818182	True
2462	80	0.09090909090909091	True
4113	824	0.9090909090909091	False
4113	2660	0.8181818181818182	False
4113	630	0.7272727272727273	True
4113	198	0.6363636363636364	False
4113	3335	0.5454545454545454	False
4113	3781	0.45454545454545453	True
4113	503	0.36363636363636365	True
4113	460	0.2727272727272727	False
4113	1896	0.18181818181818182	True
4113	2634	0.09090909090909091	True
3208	349	0.9090909090909091	True
3208	460	0.8181818181818182	False
3208	2660	0.7272727272727273	False
3208	824	0.6363636363636364	False
3208	198	0.5454545454545454	False
3208	630	0.45454545454545453	True
3208	3198	0.36363636363636365	True
3208	1297	0.2727272727272727	True
3208	3627	0.18181818181818182	True
3208	80	0.09090909090909091	True
1100	824	0.9090909090909091	False
1100	3335	0.8181818181818182	False
1100	198	0.7272727272727273	False
1100	630	0.6363636363636364	True
1100	2660	0.5454545454545454	False
1100	349	0.45454545454545453	True
1100	3521	0.36363636363636365	True
1100	501	0.2727272727272727	True
1100	460	0.18181818181818182	False
1100	3781	0.09090909090909091	True
4635	824	0.9090909090909091	False
4635	2660	0.8181818181818182	False
4635	2634	0.7272727272727273	True
4635	198	0.6363636363636364	False
4635	3335	0.5454545454545454	False
4635	460	0.45454545454545453	False
4635	2779	0.36363636363636365	True
4635	349	0.2727272727272727	True
4635	1546	0.18181818181818182	True
4635	2594	0.09090909090909091	True
1618	824	0.9090909090909091	False
1618	460	0.8181818181818182	False
1618	198	0.7272727272727273	False
1618	2660	0.6363636363636364	False
1618	349	0.5454545454545454	True
1618	630	0.45454545454545453	True
1618	3198	0.36363636363636365	True
1618	3781	0.2727272727272727	True
1618	3335	0.18181818181818182	False
1618	2634	0.09090909090909091	True
964	460	0.9090909090909091	False
964	2634	0.8181818181818182	True
964	198	0.7272727272727273	False
964	824	0.6363636363636364	False
964	2312	0.5454545454545454	True
964	3238	0.45454545454545453	True
964	3335	0.36363636363636365	False
964	3521	0.2727272727272727	True
964	577	0.18181818181818182	True
964	1546	0.09090909090909091	True
948	2660	0.9090909090909091	False
948	198	0.8181818181818182	False
948	824	0.7272727272727273	False
948	2634	0.6363636363636364	True
948	460	0.5454545454545454	False
948	630	0.45454545454545453	True
948	3335	0.36363636363636365	False
948	3781	0.2727272727272727	True
948	3627	0.18181818181818182	True
948	2312	0.09090909090909091	True
2089	2660	0.9090909090909091	False
2089	630	0.8181818181818182	True
2089	3335	0.7272727272727273	False
2089	1297	0.6363636363636364	True
2089	460	0.5454545454545454	False
2089	2634	0.45454545454545453	True
2089	824	0.36363636363636365	False
2089	577	0.2727272727272727	True
2089	198	0.18181818181818182	False
2089	2041	0.09090909090909091	True
1288	3335	0.9090909090909091	False
1288	2634	0.8181818181818182	True
1288	2660	0.7272727272727273	False
1288	460	0.6363636363636364	False
1288	1297	0.5454545454545454	True
1288	3238	0.45454545454545453	True
1288	577	0.36363636363636365	True
1288	2777	0.2727272727272727	True
1288	1263	0.18181818181818182	True
1288	824	0.09090909090909091	False
3563	824	0.9090909090909091	False
3563	2634	0.8181818181818182	True
3563	460	0.7272727272727273	False
3563	3521	0.6363636363636364	True
3563	349	0.5454545454545454	True
3563	3781	0.45454545454545453	True
3563	2660	0.36363636363636365	False
3563	3335	0.2727272727272727	False
3563	501	0.18181818181818182	True
3563	1546	0.09090909090909091	True
1	824	0.9090909090909091	False
1	2660	0.8181818181818182	False
1	460	0.7272727272727273	False
1	630	0.6363636363636364	True
1	3521	0.5454545454545454	True
1	3781	0.45454545454545453	True
1	1297	0.36363636363636365	True
1	349	0.2727272727272727	True
1	2634	0.18181818181818182	True
1	198	0.09090909090909091	False
3003	824	0.9090909090909091	False
3003	349	0.8181818181818182	True
3003	2660	0.7272727272727273	False
3003	460	0.6363636363636364	False
3003	3521	0.5454545454545454	True
3003	198	0.45454545454545453	False
3003	3335	0.36363636363636365	False
3003	407	0.2727272727272727	True
3003	3196	0.18181818181818182	True
3003	1546	0.09090909090909091	True
4282	460	0.9090909090909091	False
4282	824	0.8181818181818182	False
4282	2660	0.7272727272727273	False
4282	630	0.6363636363636364	True
4282	198	0.5454545454545454	False
4282	349	0.45454545454545453	True
4282	3335	0.36363636363636365	False
4282	1297	0.2727272727272727	True
4282	2634	0.18181818181818182	True
4282	3627	0.09090909090909091	True
3342	630	0.9090909090909091	True
3342	2660	0.8181818181818182	False
3342	824	0.7272727272727273	False
3342	460	0.6363636363636364	False
3342	198	0.5454545454545454	False
3342	349	0.45454545454545453	True
3342	3627	0.36363636363636365	True
3342	3335	0.2727272727272727	False
3342	503	0.18181818181818182	True
3342	3781	0.09090909090909091	True
259	2634	0.9090909090909091	True
259	460	0.8181818181818182	False
259	3335	0.7272727272727273	False
259	824	0.6363636363636364	False
259	1297	0.5454545454545454	True
259	2660	0.45454545454545453	False
259	3781	0.36363636363636365	True
259	198	0.2727272727272727	False
259	3627	0.18181818181818182	True
259	577	0.09090909090909091	True
401	2660	0.9090909090909091	False
401	824	0.8181818181818182	False
401	503	0.7272727272727273	True
401	630	0.6363636363636364	True
401	3627	0.5454545454545454	True
401	3521	0.45454545454545453	True
401	349	0.36363636363636365	True
401	460	0.2727272727272727	False
401	1131	0.18181818181818182	True
401	3781	0.09090909090909091	True
2618	2634	0.9090909090909091	True
2618	2660	0.8181818181818182	False
2618	824	0.7272727272727273	False
2618	577	0.6363636363636364	True
2618	198	0.5454545454545454	False
2618	460	0.45454545454545453	False
2618	3627	0.36363636363636365	True
2618	1297	0.2727272727272727	True
2618	3335	0.18181818181818182	False
2618	162	0.09090909090909091	True
4654	824	0.9090909090909091	False
4654	2660	0.8181818181818182	False
4654	630	0.7272727272727273	True
4654	3781	0.6363636363636364	True
4654	3627	0.5454545454545454	True
4654	460	0.45454545454545453	False
4654	3198	0.36363636363636365	True
4654	1896	0.2727272727272727	True
4654	3692	0.18181818181818182	True
4654	198	0.09090909090909091	False
5555	2634	0.9090909090909091	True
5555	349	0.8181818181818182	True
5555	824	0.7272727272727273	False
5555	198	0.6363636363636364	False
5555	460	0.5454545454545454	False
5555	577	0.45454545454545453	True
5555	1546	0.36363636363636365	True
5555	2660	0.2727272727272727	False
5555	3627	0.18181818181818182	True
5555	3521	0.09090909090909091	True
361	824	0.9090909090909091	False
361	198	0.8181818181818182	False
361	349	0.7272727272727273	True
361	3335	0.6363636363636364	False
361	2634	0.5454545454545454	True
361	2779	0.45454545454545453	True
361	2660	0.36363636363636365	False
361	1546	0.2727272727272727	True
361	1297	0.18181818181818182	True
361	501	0.09090909090909091	True
3609	824	0.9090909090909091	False
3609	3335	0.8181818181818182	False
3609	2660	0.7272727272727273	False
3609	3781	0.6363636363636364	True
3609	630	0.5454545454545454	True
3609	3692	0.45454545454545453	True
3609	503	0.36363636363636365	True
3609	1896	0.2727272727272727	True
3609	460	0.18181818181818182	False
3609	198	0.09090909090909091	False
4143	824	0.9090909090909091	False
4143	630	0.8181818181818182	True
4143	2660	0.7272727272727273	False
4143	3335	0.6363636363636364	False
4143	198	0.5454545454545454	False
4143	3692	0.45454545454545453	True
4143	2634	0.36363636363636365	True
4143	3781	0.2727272727272727	True
4143	1546	0.18181818181818182	True
4143	349	0.09090909090909091	True
2506	824	0.9090909090909091	False
2506	2634	0.8181818181818182	True
2506	2660	0.7272727272727273	False
2506	3335	0.6363636363636364	False
2506	460	0.5454545454545454	False
2506	630	0.45454545454545453	True
2506	503	0.36363636363636365	True
2506	3781	0.2727272727272727	True
2506	349	0.18181818181818182	True
2506	198	0.09090909090909091	False
2965	824	0.9090909090909091	False
2965	198	0.8181818181818182	False
2965	460	0.7272727272727273	False
2965	2634	0.6363636363636364	True
2965	3335	0.5454545454545454	False
2965	2660	0.45454545454545453	False
2965	1546	0.36363636363636365	True
2965	3627	0.2727272727272727	True
2965	1297	0.18181818181818182	True
2965	3692	0.09090909090909091	True
1768	198	0.9090909090909091	False
1768	824	0.8181818181818182	False
1768	3335	0.7272727272727273	False
1768	2660	0.6363636363636364	False
1768	2634	0.5454545454545454	True
1768	3627	0.45454545454545453	True
1768	577	0.36363636363636365	True
1768	1297	0.2727272727272727	True
1768	3781	0.18181818181818182	True
1768	80	0.09090909090909091	True
2241	824	0.9090909090909091	False
2241	2660	0.8181818181818182	False
2241	3781	0.7272727272727273	True
2241	3335	0.6363636363636364	False
2241	2634	0.5454545454545454	True
2241	630	0.45454545454545453	True
2241	3521	0.36363636363636365	True
2241	349	0.2727272727272727	True
2241	577	0.18181818181818182	True
2241	3238	0.09090909090909091	True
188	3335	0.9090909090909091	False
188	198	0.8181818181818182	False
188	2660	0.7272727272727273	False
188	349	0.6363636363636364	True
188	460	0.5454545454545454	False
188	2634	0.45454545454545453	True
188	2779	0.36363636363636365	True
188	1297	0.2727272727272727	True
188	824	0.18181818181818182	False
188	630	0.09090909090909091	True
5795	3692	0.9090909090909091	True
5795	824	0.8181818181818182	False
5795	460	0.7272727272727273	False
5795	577	0.6363636363636364	True
5795	2634	0.5454545454545454	True
5795	1263	0.45454545454545453	True
5795	2660	0.36363636363636365	False
5795	630	0.2727272727272727	True
5795	1297	0.18181818181818182	True
5795	1546	0.09090909090909091	True
2237	349	0.9090909090909091	True
2237	2660	0.8181818181818182	False
2237	2634	0.7272727272727273	True
2237	824	0.6363636363636364	False
2237	460	0.5454545454545454	False
2237	198	0.45454545454545453	False
2237	577	0.36363636363636365	True
2237	3335	0.2727272727272727	False
2237	630	0.18181818181818182	True
2237	3521	0.09090909090909091	True
3048	198	0.9090909090909091	False
3048	2660	0.8181818181818182	False
3048	824	0.7272727272727273	False
3048	630	0.6363636363636364	True
3048	460	0.5454545454545454	False
3048	349	0.45454545454545453	True
3048	2634	0.36363636363636365	True
3048	3335	0.2727272727272727	False
3048	503	0.18181818181818182	True
3048	80	0.09090909090909091	True
4987	824	0.9090909090909091	False
4987	349	0.8181818181818182	True
4987	3196	0.7272727272727273	True
4987	198	0.6363636363636364	False
4987	1546	0.5454545454545454	True
4987	501	0.45454545454545453	True
4987	3521	0.36363636363636365	True
4987	460	0.2727272727272727	False
4987	2660	0.18181818181818182	False
4987	3335	0.09090909090909091	False
3823	824	0.9090909090909091	False
3823	460	0.8181818181818182	False
3823	349	0.7272727272727273	True
3823	198	0.6363636363636364	False
3823	3521	0.5454545454545454	True
3823	501	0.45454545454545453	True
3823	630	0.36363636363636365	True
3823	3335	0.2727272727272727	False
3823	2660	0.18181818181818182	False
3823	577	0.09090909090909091	True
4216	198	0.9090909090909091	False
4216	2660	0.8181818181818182	False
4216	630	0.7272727272727273	True
4216	349	0.6363636363636364	True
4216	824	0.5454545454545454	False
4216	3335	0.45454545454545453	False
4216	1546	0.36363636363636365	True
4216	460	0.2727272727272727	False
4216	577	0.18181818181818182	True
4216	3198	0.09090909090909091	True
639	824	0.9090909090909091	False
639	460	0.8181818181818182	False
639	198	0.7272727272727273	False
639	3196	0.6363636363636364	True
639	3627	0.5454545454545454	True
639	349	0.45454545454545453	True
639	3521	0.36363636363636365	True
639	1546	0.2727272727272727	True
639	2634	0.18181818181818182	True
639	2689	0.09090909090909091	True
5362	824	0.9090909090909091	False
5362	349	0.8181818181818182	True
5362	460	0.7272727272727273	False
5362	630	0.6363636363636364	True
5362	3627	0.5454545454545454	True
5362	2660	0.45454545454545453	False
5362	2777	0.36363636363636365	True
5362	3521	0.2727272727272727	True
5362	1263	0.18181818181818182	True
5362	3434	0.09090909090909091	True
3370	824	0.9090909090909091	False
3370	460	0.8181818181818182	False
3370	2660	0.7272727272727273	False
3370	630	0.6363636363636364	True
3370	349	0.5454545454545454	True
3370	198	0.45454545454545453	False
3370	503	0.36363636363636365	True
3370	3521	0.2727272727272727	True
3370	3335	0.18181818181818182	False
3370	407	0.09090909090909091	True
5533	2660	0.9090909090909091	False
5533	824	0.8181818181818182	False
5533	2634	0.7272727272727273	True
5533	349	0.6363636363636364	True
5533	630	0.5454545454545454	True
5533	198	0.45454545454545453	False
5533	460	0.36363636363636365	False
5533	3335	0.2727272727272727	False
5533	3627	0.18181818181818182	True
5533	503	0.09090909090909091	True
4569	2660	0.9090909090909091	False
4569	630	0.8181818181818182	True
4569	1297	0.7272727272727273	True
4569	2634	0.6363636363636364	True
4569	349	0.5454545454545454	True
4569	3335	0.45454545454545453	False
4569	3781	0.36363636363636365	True
4569	2779	0.2727272727272727	True
4569	824	0.18181818181818182	False
4569	3238	0.09090909090909091	True
820	824	0.9090909090909091	False
820	3335	0.8181818181818182	False
820	2660	0.7272727272727273	False
820	2634	0.6363636363636364	True
820	460	0.5454545454545454	False
820	577	0.45454545454545453	True
820	1297	0.36363636363636365	True
820	2779	0.2727272727272727	True
820	630	0.18181818181818182	True
820	3238	0.09090909090909091	True
1345	2634	0.9090909090909091	True
1345	824	0.8181818181818182	False
1345	198	0.7272727272727273	False
1345	2660	0.6363636363636364	False
1345	1297	0.5454545454545454	True
1345	460	0.45454545454545453	False
1345	215	0.36363636363636365	True
1345	3335	0.2727272727272727	False
1345	2779	0.18181818181818182	True
1345	2777	0.09090909090909091	True
3290	824	0.9090909090909091	False
3290	460	0.8181818181818182	False
3290	2634	0.7272727272727273	True
3290	3521	0.6363636363636364	True
3290	3335	0.5454545454545454	False
3290	3781	0.45454545454545453	True
3290	198	0.36363636363636365	False
3290	501	0.2727272727272727	True
3290	2660	0.18181818181818182	False
3290	2594	0.09090909090909091	True
5055	824	0.9090909090909091	False
5055	460	0.8181818181818182	False
5055	198	0.7272727272727273	False
5055	2660	0.6363636363636364	False
5055	3335	0.5454545454545454	False
5055	2634	0.45454545454545453	True
5055	349	0.36363636363636365	True
5055	215	0.2727272727272727	True
5055	630	0.18181818181818182	True
5055	1297	0.09090909090909091	True
5760	630	0.9090909090909091	True
5760	2660	0.8181818181818182	False
5760	824	0.7272727272727273	False
5760	3335	0.6363636363636364	False
5760	2634	0.5454545454545454	True
5760	577	0.45454545454545453	True
5760	198	0.36363636363636365	False
5760	460	0.2727272727272727	False
5760	2777	0.18181818181818182	True
5760	215	0.09090909090909091	True
2279	824	0.9090909090909091	False
2279	198	0.8181818181818182	False
2279	630	0.7272727272727273	True
2279	349	0.6363636363636364	True
2279	2660	0.5454545454545454	False
2279	3521	0.45454545454545453	True
2279	460	0.36363636363636365	False
2279	501	0.2727272727272727	True
2279	3781	0.18181818181818182	True
2279	2594	0.09090909090909091	True
4815	3335	0.9090909090909091	False
4815	198	0.8181818181818182	False
4815	349	0.7272727272727273	True
4815	460	0.6363636363636364	False
4815	2634	0.5454545454545454	True
4815	3781	0.45454545454545453	True
4815	3627	0.36363636363636365	True
4815	824	0.2727272727272727	False
4815	1297	0.18181818181818182	True
4815	2660	0.09090909090909091	False
4243	2660	0.9090909090909091	False
4243	3335	0.8181818181818182	False
4243	349	0.7272727272727273	True
4243	630	0.6363636363636364	True
4243	3627	0.5454545454545454	True
4243	198	0.45454545454545453	False
4243	3238	0.36363636363636365	True
4243	460	0.2727272727272727	False
4243	1297	0.18181818181818182	True
4243	577	0.09090909090909091	True
4255	501	0.9090909090909091	True
4255	824	0.8181818181818182	False
4255	3521	0.7272727272727273	True
4255	630	0.6363636363636364	True
4255	349	0.5454545454545454	True
4255	460	0.45454545454545453	False
4255	2660	0.36363636363636365	False
4255	1546	0.2727272727272727	True
4255	1375	0.18181818181818182	True
4255	3627	0.09090909090909091	True
5024	2660	0.9090909090909091	False
5024	824	0.8181818181818182	False
5024	215	0.7272727272727273	True
5024	3335	0.6363636363636364	False
5024	630	0.5454545454545454	True
5024	460	0.45454545454545453	False
5024	2777	0.36363636363636365	True
5024	349	0.2727272727272727	True
5024	198	0.18181818181818182	False
5024	3627	0.09090909090909091	True
1149	630	0.9090909090909091	True
1149	198	0.8181818181818182	False
1149	3335	0.7272727272727273	False
1149	2660	0.6363636363636364	False
1149	824	0.5454545454545454	False
1149	503	0.45454545454545453	True
1149	3781	0.36363636363636365	True
1149	460	0.2727272727272727	False
1149	501	0.18181818181818182	True
1149	2779	0.09090909090909091	True
184	630	0.9090909090909091	True
184	2660	0.8181818181818182	False
184	3238	0.7272727272727273	True
184	3692	0.6363636363636364	True
184	824	0.5454545454545454	False
184	3627	0.45454545454545453	True
184	501	0.36363636363636365	True
184	1896	0.2727272727272727	True
184	3335	0.18181818181818182	False
184	503	0.09090909090909091	True
4616	630	0.9090909090909091	True
4616	349	0.8181818181818182	True
4616	2660	0.7272727272727273	False
4616	824	0.6363636363636364	False
4616	198	0.5454545454545454	False
4616	3521	0.45454545454545453	True
4616	3692	0.36363636363636365	True
4616	1375	0.2727272727272727	True
4616	577	0.18181818181818182	True
4616	1263	0.09090909090909091	True
1802	3335	0.9090909090909091	False
1802	2634	0.8181818181818182	True
1802	460	0.7272727272727273	False
1802	824	0.6363636363636364	False
1802	198	0.5454545454545454	False
1802	2660	0.45454545454545453	False
1802	407	0.36363636363636365	True
1802	1297	0.2727272727272727	True
1802	3627	0.18181818181818182	True
1802	3781	0.09090909090909091	True
665	824	0.9090909090909091	False
665	460	0.8181818181818182	False
665	3521	0.7272727272727273	True
665	349	0.6363636363636364	True
665	3335	0.5454545454545454	False
665	1263	0.45454545454545453	True
665	2634	0.36363636363636365	True
665	3627	0.2727272727272727	True
665	407	0.18181818181818182	True
665	1426	0.09090909090909091	True
3785	349	0.9090909090909091	True
3785	198	0.8181818181818182	False
3785	2660	0.7272727272727273	False
3785	824	0.6363636363636364	False
3785	2779	0.5454545454545454	True
3785	1008	0.45454545454545453	True
3785	3335	0.36363636363636365	False
3785	3627	0.2727272727272727	True
3785	3196	0.18181818181818182	True
3785	407	0.09090909090909091	True
73	460	0.9090909090909091	False
73	3627	0.8181818181818182	True
73	1297	0.7272727272727273	True
73	407	0.6363636363636364	True
73	3238	0.5454545454545454	True
73	3335	0.45454545454545453	False
73	2660	0.36363636363636365	False
73	2634	0.2727272727272727	True
73	577	0.18181818181818182	True
73	2041	0.09090909090909091	True
5453	824	0.9090909090909091	False
5453	460	0.8181818181818182	False
5453	3627	0.7272727272727273	True
5453	3521	0.6363636363636364	True
5453	1263	0.5454545454545454	True
5453	2634	0.45454545454545453	True
5453	2660	0.36363636363636365	False
5453	1297	0.2727272727272727	True
5453	349	0.18181818181818182	True
5453	407	0.09090909090909091	True
4024	2634	0.9090909090909091	True
4024	2660	0.8181818181818182	False
4024	1297	0.7272727272727273	True
4024	3335	0.6363636363636364	False
4024	824	0.5454545454545454	False
4024	577	0.45454545454545453	True
4024	630	0.36363636363636365	True
4024	1263	0.2727272727272727	True
4024	460	0.18181818181818182	False
4024	349	0.09090909090909091	True
4250	2660	0.9090909090909091	False
4250	349	0.8181818181818182	True
4250	198	0.7272727272727273	False
4250	460	0.6363636363636364	False
4250	630	0.5454545454545454	True
4250	824	0.45454545454545453	False
4250	2634	0.36363636363636365	True
4250	3627	0.2727272727272727	True
4250	3335	0.18181818181818182	False
4250	503	0.09090909090909091	True
2477	824	0.9090909090909091	False
2477	2660	0.8181818181818182	False
2477	349	0.7272727272727273	True
2477	630	0.6363636363636364	True
2477	3627	0.5454545454545454	True
2477	460	0.45454545454545453	False
2477	3521	0.36363636363636365	True
2477	198	0.2727272727272727	False
2477	1297	0.18181818181818182	True
2477	3198	0.09090909090909091	True
4470	2634	0.9090909090909091	True
4470	460	0.8181818181818182	False
4470	1297	0.7272727272727273	True
4470	824	0.6363636363636364	False
4470	3335	0.5454545454545454	False
4470	198	0.45454545454545453	False
4470	3781	0.36363636363636365	True
4470	80	0.2727272727272727	True
4470	2660	0.18181818181818182	False
4470	1546	0.09090909090909091	True
5107	460	0.9090909090909091	False
5107	349	0.8181818181818182	True
5107	577	0.7272727272727273	True
5107	2634	0.6363636363636364	True
5107	2312	0.5454545454545454	True
5107	3521	0.45454545454545453	True
5107	198	0.36363636363636365	False
5107	3238	0.2727272727272727	True
5107	1297	0.18181818181818182	True
5107	824	0.09090909090909091	False
3413	2660	0.9090909090909091	False
3413	824	0.8181818181818182	False
3413	349	0.7272727272727273	True
3413	460	0.6363636363636364	False
3413	2634	0.5454545454545454	True
3413	630	0.45454545454545453	True
3413	3335	0.36363636363636365	False
3413	3521	0.2727272727272727	True
3413	198	0.18181818181818182	False
3413	2594	0.09090909090909091	True
1012	2660	0.9090909090909091	False
1012	630	0.8181818181818182	True
1012	503	0.7272727272727273	True
1012	824	0.6363636363636364	False
1012	349	0.5454545454545454	True
1012	460	0.45454545454545453	False
1012	2634	0.36363636363636365	True
1012	3781	0.2727272727272727	True
1012	1263	0.18181818181818182	True
1012	3335	0.09090909090909091	False
18	824	0.9090909090909091	False
18	460	0.8181818181818182	False
18	3335	0.7272727272727273	False
18	2660	0.6363636363636364	False
18	198	0.5454545454545454	False
18	630	0.45454545454545453	True
18	3198	0.36363636363636365	True
18	1546	0.2727272727272727	True
18	2634	0.18181818181818182	True
18	3627	0.09090909090909091	True
2274	824	0.9090909090909091	False
2274	2660	0.8181818181818182	False
2274	460	0.7272727272727273	False
2274	630	0.6363636363636364	True
2274	2777	0.5454545454545454	True
2274	198	0.45454545454545453	False
2274	3335	0.36363636363636365	False
2274	1297	0.2727272727272727	True
2274	3781	0.18181818181818182	True
2274	3627	0.09090909090909091	True
785	198	0.9090909090909091	False
785	824	0.8181818181818182	False
785	460	0.7272727272727273	False
785	349	0.6363636363636364	True
785	2660	0.5454545454545454	False
785	1297	0.45454545454545453	True
785	2634	0.36363636363636365	True
785	215	0.2727272727272727	True
785	1546	0.18181818181818182	True
785	3335	0.09090909090909091	False
2196	349	0.9090909090909091	True
2196	3521	0.8181818181818182	True
2196	460	0.7272727272727273	False
2196	824	0.6363636363636364	False
2196	503	0.5454545454545454	True
2196	1426	0.45454545454545453	True
2196	630	0.36363636363636365	True
2196	3335	0.2727272727272727	False
2196	501	0.18181818181818182	True
2196	3627	0.09090909090909091	True
93	630	0.9090909090909091	True
93	2660	0.8181818181818182	False
93	3781	0.7272727272727273	True
93	503	0.6363636363636364	True
93	3335	0.5454545454545454	False
93	1896	0.45454545454545453	True
93	824	0.36363636363636365	False
93	3521	0.2727272727272727	True
93	349	0.18181818181818182	True
93	198	0.09090909090909091	False
4840	460	0.9090909090909091	False
4840	824	0.8181818181818182	False
4840	3335	0.7272727272727273	False
4840	198	0.6363636363636364	False
4840	2634	0.5454545454545454	True
4840	2660	0.45454545454545453	False
4840	349	0.36363636363636365	True
4840	3627	0.2727272727272727	True
4840	1297	0.18181818181818182	True
4840	1546	0.09090909090909091	True
4317	824	0.9090909090909091	False
4317	198	0.8181818181818182	False
4317	3335	0.7272727272727273	False
4317	2660	0.6363636363636364	False
4317	349	0.5454545454545454	True
4317	460	0.45454545454545453	False
4317	3781	0.36363636363636365	True
4317	2634	0.2727272727272727	True
4317	1297	0.18181818181818182	True
4317	2779	0.09090909090909091	True
393	824	0.9090909090909091	False
393	630	0.8181818181818182	True
393	460	0.7272727272727273	False
393	2660	0.6363636363636364	False
393	3627	0.5454545454545454	True
393	3335	0.45454545454545453	False
393	3198	0.36363636363636365	True
393	349	0.2727272727272727	True
393	198	0.18181818181818182	False
393	215	0.09090909090909091	True
3644	3335	0.9090909090909091	False
3644	2660	0.8181818181818182	False
3644	1297	0.7272727272727273	True
3644	349	0.6363636363636364	True
3644	198	0.5454545454545454	False
3644	824	0.45454545454545453	False
3644	1546	0.36363636363636365	True
3644	3627	0.2727272727272727	True
3644	2634	0.18181818181818182	True
3644	460	0.09090909090909091	False
896	460	0.9090909090909091	False
896	824	0.8181818181818182	False
896	3521	0.7272727272727273	True
896	2660	0.6363636363636364	False
896	2634	0.5454545454545454	True
896	3627	0.45454545454545453	True
896	349	0.36363636363636365	True
896	503	0.2727272727272727	True
896	198	0.18181818181818182	False
896	1546	0.09090909090909091	True
