4748	308	0.9090909090909091	False
4748	3917	0.8181818181818182	False
4748	2694	0.7272727272727273	True
4748	2524	0.6363636363636364	False
4748	1036	0.5454545454545454	True
4748	1441	0.45454545454545453	True
4748	3276	0.36363636363636365	True
4748	3845	0.2727272727272727	False
4748	2261	0.18181818181818182	True
4748	627	0.09090909090909091	True
5832	2524	0.9090909090909091	False
5832	3492	0.8181818181818182	True
5832	2660	0.7272727272727273	True
5832	3845	0.6363636363636364	False
5832	308	0.5454545454545454	False
5832	3917	0.45454545454545453	False
5832	88	0.36363636363636365	False
5832	627	0.2727272727272727	True
5832	3276	0.18181818181818182	True
5832	3146	0.09090909090909091	True
195	2524	0.9090909090909091	False
195	88	0.8181818181818182	False
195	3146	0.7272727272727273	True
195	3845	0.6363636363636364	False
195	22	0.5454545454545454	True
195	308	0.45454545454545453	False
195	2694	0.36363636363636365	True
195	2458	0.2727272727272727	True
195	1649	0.18181818181818182	True
195	2660	0.09090909090909091	True
2919	88	0.9090909090909091	False
2919	1441	0.8181818181818182	True
2919	3917	0.7272727272727273	False
2919	308	0.6363636363636364	False
2919	3146	0.5454545454545454	True
2919	2694	0.45454545454545453	True
2919	22	0.36363636363636365	True
2919	627	0.2727272727272727	True
2919	1036	0.18181818181818182	True
2919	1356	0.09090909090909091	True
3930	308	0.9090909090909091	False
3930	3214	0.8181818181818182	True
3930	2261	0.7272727272727273	True
3930	3146	0.6363636363636364	True
3930	2524	0.5454545454545454	False
3930	88	0.45454545454545453	False
3930	2458	0.36363636363636365	True
3930	2694	0.2727272727272727	True
3930	2660	0.18181818181818182	True
3930	22	0.09090909090909091	True
3793	3492	0.9090909090909091	True
3793	3146	0.8181818181818182	True
3793	2524	0.7272727272727273	False
3793	88	0.6363636363636364	False
3793	308	0.5454545454545454	False
3793	3917	0.45454545454545453	False
3793	1441	0.36363636363636365	True
3793	22	0.2727272727272727	True
3793	3845	0.18181818181818182	False
3793	3276	0.09090909090909091	True
3185	2524	0.9090909090909091	False
3185	2694	0.8181818181818182	True
3185	3845	0.7272727272727273	False
3185	3917	0.6363636363636364	False
3185	627	0.5454545454545454	True
3185	308	0.45454545454545453	False
3185	3214	0.36363636363636365	True
3185	2839	0.2727272727272727	True
3185	2660	0.18181818181818182	True
3185	1036	0.09090909090909091	True
6026	2524	0.9090909090909091	False
6026	2694	0.8181818181818182	True
6026	88	0.7272727272727273	False
6026	3917	0.6363636363636364	False
6026	627	0.5454545454545454	True
6026	3214	0.45454545454545453	True
6026	22	0.36363636363636365	True
6026	308	0.2727272727272727	False
6026	3082	0.18181818181818182	True
6026	2458	0.09090909090909091	True
1212	3845	0.9090909090909091	False
1212	308	0.8181818181818182	False
1212	2524	0.7272727272727273	False
1212	3276	0.6363636363636364	True
1212	88	0.5454545454545454	False
1212	2694	0.45454545454545453	True
1212	1036	0.36363636363636365	True
1212	1441	0.2727272727272727	True
1212	22	0.18181818181818182	True
1212	3917	0.09090909090909091	False
2328	2694	0.9090909090909091	True
2328	1036	0.8181818181818182	True
2328	3146	0.7272727272727273	True
2328	2261	0.6363636363636364	True
2328	308	0.5454545454545454	False
2328	22	0.45454545454545453	True
2328	2524	0.36363636363636365	False
2328	1649	0.2727272727272727	True
2328	1441	0.18181818181818182	True
2328	586	0.09090909090909091	True
1264	308	0.9090909090909091	False
1264	1441	0.8181818181818182	True
1264	3845	0.7272727272727273	False
1264	2524	0.6363636363636364	False
1264	3917	0.5454545454545454	False
1264	1036	0.45454545454545453	True
1264	88	0.36363636363636365	False
1264	2694	0.2727272727272727	True
1264	2660	0.18181818181818182	True
1264	3146	0.09090909090909091	True
5342	2524	0.9090909090909091	False
5342	3917	0.8181818181818182	False
5342	3276	0.7272727272727273	True
5342	308	0.6363636363636364	False
5342	1441	0.5454545454545454	True
5342	2694	0.45454545454545453	True
5342	3845	0.36363636363636365	False
5342	3004	0.2727272727272727	True
5342	627	0.18181818181818182	True
5342	2660	0.09090909090909091	True
1901	308	0.9090909090909091	False
1901	3146	0.8181818181818182	True
1901	3845	0.7272727272727273	False
1901	2261	0.6363636363636364	True
1901	2524	0.5454545454545454	False
1901	3276	0.45454545454545453	True
1901	3917	0.36363636363636365	False
1901	327	0.2727272727272727	True
1901	1441	0.18181818181818182	True
1901	22	0.09090909090909091	True
4830	308	0.9090909090909091	False
4830	88	0.8181818181818182	False
4830	2261	0.7272727272727273	True
4830	1441	0.6363636363636364	True
4830	3845	0.5454545454545454	False
4830	627	0.45454545454545453	True
4830	2694	0.36363636363636365	True
4830	3082	0.2727272727272727	True
4830	3917	0.18181818181818182	False
4830	2524	0.09090909090909091	False
1294	308	0.9090909090909091	False
1294	3845	0.8181818181818182	False
1294	2458	0.7272727272727273	True
1294	3146	0.6363636363636364	True
1294	2694	0.5454545454545454	True
1294	1441	0.45454545454545453	True
1294	22	0.36363636363636365	True
1294	2660	0.2727272727272727	True
1294	2261	0.18181818181818182	True
1294	1036	0.09090909090909091	True
3923	3146	0.9090909090909091	True
3923	3845	0.8181818181818182	False
3923	308	0.7272727272727273	False
3923	3492	0.6363636363636364	True
3923	22	0.5454545454545454	True
3923	2524	0.45454545454545453	False
3923	1649	0.36363636363636365	True
3923	3917	0.2727272727272727	False
3923	1036	0.18181818181818182	True
3923	1356	0.09090909090909091	True
5866	2524	0.9090909090909091	False
5866	3276	0.8181818181818182	True
5866	1441	0.7272727272727273	True
5866	3492	0.6363636363636364	True
5866	308	0.5454545454545454	False
5866	3917	0.45454545454545453	False
5866	3845	0.36363636363636365	False
5866	2694	0.2727272727272727	True
5866	1036	0.18181818181818182	True
5866	88	0.09090909090909091	False
4187	1441	0.9090909090909091	True
4187	88	0.8181818181818182	False
4187	3146	0.7272727272727273	True
4187	2694	0.6363636363636364	True
4187	22	0.5454545454545454	True
4187	2458	0.45454545454545453	True
4187	308	0.36363636363636365	False
4187	3917	0.2727272727272727	False
4187	1036	0.18181818181818182	True
4187	2524	0.09090909090909091	False
5157	308	0.9090909090909091	False
5157	3845	0.8181818181818182	False
5157	3214	0.7272727272727273	True
5157	3146	0.6363636363636364	True
5157	2261	0.5454545454545454	True
5157	2524	0.45454545454545453	False
5157	1441	0.36363636363636365	True
5157	3276	0.2727272727272727	True
5157	3492	0.18181818181818182	True
5157	3004	0.09090909090909091	True
2917	2694	0.9090909090909091	True
2917	2524	0.8181818181818182	False
2917	88	0.7272727272727273	False
2917	1036	0.6363636363636364	True
2917	2458	0.5454545454545454	True
2917	3492	0.45454545454545453	True
2917	1441	0.36363636363636365	True
2917	627	0.2727272727272727	True
2917	3917	0.18181818181818182	False
2917	308	0.09090909090909091	False
4956	3917	0.9090909090909091	False
4956	2524	0.8181818181818182	False
4956	3276	0.7272727272727273	True
4956	3845	0.6363636363636364	False
4956	88	0.5454545454545454	False
4956	3492	0.45454545454545453	True
4956	22	0.36363636363636365	True
4956	308	0.2727272727272727	False
4956	627	0.18181818181818182	True
4956	2694	0.09090909090909091	True
1348	2524	0.9090909090909091	False
1348	3214	0.8181818181818182	True
1348	3492	0.7272727272727273	True
1348	308	0.6363636363636364	False
1348	2458	0.5454545454545454	True
1348	3276	0.45454545454545453	True
1348	3917	0.36363636363636365	False
1348	2694	0.2727272727272727	True
1348	88	0.18181818181818182	False
1348	2839	0.09090909090909091	True
1741	3214	0.9090909090909091	True
1741	308	0.8181818181818182	False
1741	2694	0.7272727272727273	True
1741	88	0.6363636363636364	False
1741	2839	0.5454545454545454	True
1741	3492	0.45454545454545453	True
1741	627	0.36363636363636365	True
1741	2524	0.2727272727272727	False
1741	2261	0.18181818181818182	True
1741	2458	0.09090909090909091	True
4041	2524	0.9090909090909091	False
4041	3146	0.8181818181818182	True
4041	308	0.7272727272727273	False
4041	3492	0.6363636363636364	True
4041	88	0.5454545454545454	False
4041	1356	0.45454545454545453	True
4041	3845	0.36363636363636365	False
4041	3276	0.2727272727272727	True
4041	2261	0.18181818181818182	True
4041	22	0.09090909090909091	True
2156	2524	0.9090909090909091	False
2156	3492	0.8181818181818182	True
2156	2694	0.7272727272727273	True
2156	2458	0.6363636363636364	True
2156	308	0.5454545454545454	False
2156	3146	0.45454545454545453	True
2156	3214	0.36363636363636365	True
2156	3585	0.2727272727272727	True
2156	3276	0.18181818181818182	True
2156	327	0.09090909090909091	True
432	3917	0.9090909090909091	False
432	1441	0.8181818181818182	True
432	308	0.7272727272727273	False
432	2694	0.6363636363636364	True
432	3492	0.5454545454545454	True
432	2458	0.45454545454545453	True
432	627	0.36363636363636365	True
432	2524	0.2727272727272727	False
432	2839	0.18181818181818182	True
432	22	0.09090909090909091	True
2404	2524	0.9090909090909091	False
2404	308	0.8181818181818182	False
2404	88	0.7272727272727273	False
2404	3146	0.6363636363636364	True
2404	3845	0.5454545454545454	False
2404	3276	0.45454545454545453	True
2404	2261	0.36363636363636365	True
2404	1441	0.2727272727272727	True
2404	3917	0.18181818181818182	False
2404	22	0.09090909090909091	True
2671	308	0.9090909090909091	False
2671	627	0.8181818181818182	True
2671	88	0.7272727272727273	False
2671	3146	0.6363636363636364	True
2671	2524	0.5454545454545454	False
2671	3917	0.45454545454545453	False
2671	1036	0.36363636363636365	True
2671	1356	0.2727272727272727	True
2671	2694	0.18181818181818182	True
2671	22	0.09090909090909091	True
5800	2524	0.9090909090909091	False
5800	3917	0.8181818181818182	False
5800	1441	0.7272727272727273	True
5800	2694	0.6363636363636364	True
5800	2458	0.5454545454545454	True
5800	3492	0.45454545454545453	True
5800	3845	0.36363636363636365	False
5800	1036	0.2727272727272727	True
5800	308	0.18181818181818182	False
5800	22	0.09090909090909091	True
1270	3845	0.9090909090909091	False
1270	3917	0.8181818181818182	False
1270	3492	0.7272727272727273	True
1270	1036	0.6363636363636364	True
1270	2839	0.5454545454545454	True
1270	308	0.45454545454545453	False
1270	2524	0.36363636363636365	False
1270	327	0.2727272727272727	True
1270	627	0.18181818181818182	True
1270	2694	0.09090909090909091	True
4602	2524	0.9090909090909091	False
4602	88	0.8181818181818182	False
4602	3492	0.7272727272727273	True
4602	308	0.6363636363636364	False
4602	3845	0.5454545454545454	False
4602	3276	0.45454545454545453	True
4602	1356	0.36363636363636365	True
4602	2458	0.2727272727272727	True
4602	3146	0.18181818181818182	True
4602	3214	0.09090909090909091	True
1431	3917	0.9090909090909091	False
1431	88	0.8181818181818182	False
1431	308	0.7272727272727273	False
1431	2524	0.6363636363636364	False
1431	627	0.5454545454545454	True
1431	1356	0.45454545454545453	True
1431	3146	0.36363636363636365	True
1431	2694	0.2727272727272727	True
1431	2261	0.18181818181818182	True
1431	3214	0.09090909090909091	True
1045	2694	0.9090909090909091	True
1045	627	0.8181818181818182	True
1045	3917	0.7272727272727273	False
1045	88	0.6363636363636364	False
1045	2524	0.5454545454545454	False
1045	308	0.45454545454545453	False
1045	3845	0.36363636363636365	False
1045	3214	0.2727272727272727	True
1045	1441	0.18181818181818182	True
1045	22	0.09090909090909091	True
945	308	0.9090909090909091	False
945	1441	0.8181818181818182	True
945	3146	0.7272727272727273	True
945	2458	0.6363636363636364	True
945	3917	0.5454545454545454	False
945	3845	0.45454545454545453	False
945	3492	0.36363636363636365	True
945	2660	0.2727272727272727	True
945	22	0.18181818181818182	True
945	2839	0.09090909090909091	True
3536	3917	0.9090909090909091	False
3536	3146	0.8181818181818182	True
3536	2524	0.7272727272727273	False
3536	3492	0.6363636363636364	True
3536	308	0.5454545454545454	False
3536	1441	0.45454545454545453	True
3536	3276	0.36363636363636365	True
3536	88	0.2727272727272727	False
3536	22	0.18181818181818182	True
3536	3845	0.09090909090909091	False
2382	308	0.9090909090909091	False
2382	2524	0.8181818181818182	False
2382	1441	0.7272727272727273	True
2382	3845	0.6363636363636364	False
2382	3917	0.5454545454545454	False
2382	3276	0.45454545454545453	True
2382	2458	0.36363636363636365	True
2382	2694	0.2727272727272727	True
2382	88	0.18181818181818182	False
2382	3082	0.09090909090909091	True
492	1441	0.9090909090909091	True
492	2524	0.8181818181818182	False
492	308	0.7272727272727273	False
492	3917	0.6363636363636364	False
492	2694	0.5454545454545454	True
492	3492	0.45454545454545453	True
492	3276	0.36363636363636365	True
492	1036	0.2727272727272727	True
492	88	0.18181818181818182	False
492	2660	0.09090909090909091	True
1720	308	0.9090909090909091	False
1720	2261	0.8181818181818182	True
1720	3917	0.7272727272727273	False
1720	3214	0.6363636363636364	True
1720	2660	0.5454545454545454	True
1720	3845	0.45454545454545453	False
1720	2458	0.36363636363636365	True
1720	2524	0.2727272727272727	False
1720	2839	0.18181818181818182	True
1720	3146	0.09090909090909091	True
5351	2524	0.9090909090909091	False
5351	3917	0.8181818181818182	False
5351	3492	0.7272727272727273	True
5351	2660	0.6363636363636364	True
5351	1441	0.5454545454545454	True
5351	3845	0.45454545454545453	False
5351	3276	0.36363636363636365	True
5351	308	0.2727272727272727	False
5351	1036	0.18181818181818182	True
5351	2694	0.09090909090909091	True
776	2839	0.9090909090909091	True
776	1441	0.8181818181818182	True
776	3276	0.7272727272727273	True
776	3917	0.6363636363636364	False
776	2694	0.5454545454545454	True
776	3492	0.45454545454545453	True
776	779	0.36363636363636365	True
776	1036	0.2727272727272727	True
776	3845	0.18181818181818182	False
776	308	0.09090909090909091	False
3706	3917	0.9090909090909091	False
3706	1441	0.8181818181818182	True
3706	1036	0.7272727272727273	True
3706	308	0.6363636363636364	False
3706	3845	0.5454545454545454	False
3706	2694	0.45454545454545453	True
3706	1356	0.36363636363636365	True
3706	2524	0.2727272727272727	False
3706	627	0.18181818181818182	True
3706	88	0.09090909090909091	False
5377	3214	0.9090909090909091	True
5377	2839	0.8181818181818182	True
5377	1441	0.7272727272727273	True
5377	308	0.6363636363636364	False
5377	2694	0.5454545454545454	True
5377	3917	0.45454545454545453	False
5377	2458	0.36363636363636365	True
5377	3492	0.2727272727272727	True
5377	2660	0.18181818181818182	True
5377	3082	0.09090909090909091	True
414	308	0.9090909090909091	False
414	3845	0.8181818181818182	False
414	2524	0.7272727272727273	False
414	88	0.6363636363636364	False
414	2660	0.5454545454545454	True
414	327	0.45454545454545453	True
414	2458	0.36363636363636365	True
414	3004	0.2727272727272727	True
414	1441	0.18181818181818182	True
414	3917	0.09090909090909091	False
4370	308	0.9090909090909091	False
4370	3917	0.8181818181818182	False
4370	3845	0.7272727272727273	False
4370	1441	0.6363636363636364	True
4370	1036	0.5454545454545454	True
4370	2839	0.45454545454545453	True
4370	2660	0.36363636363636365	True
4370	627	0.2727272727272727	True
4370	3276	0.18181818181818182	True
4370	2261	0.09090909090909091	True
1162	2524	0.9090909090909091	False
1162	3845	0.8181818181818182	False
1162	308	0.7272727272727273	False
1162	3917	0.6363636363636364	False
1162	3276	0.5454545454545454	True
1162	3492	0.45454545454545453	True
1162	88	0.36363636363636365	False
1162	627	0.2727272727272727	True
1162	2660	0.18181818181818182	True
1162	1356	0.09090909090909091	True
2682	308	0.9090909090909091	False
2682	88	0.8181818181818182	False
2682	627	0.7272727272727273	True
2682	1441	0.6363636363636364	True
2682	1036	0.5454545454545454	True
2682	3917	0.45454545454545453	False
2682	3845	0.36363636363636365	False
2682	2694	0.2727272727272727	True
2682	2524	0.18181818181818182	False
2682	3276	0.09090909090909091	True
2181	3146	0.9090909090909091	True
2181	308	0.8181818181818182	False
2181	1441	0.7272727272727273	True
2181	3492	0.6363636363636364	True
2181	3917	0.5454545454545454	False
2181	3845	0.45454545454545453	False
2181	2660	0.36363636363636365	True
2181	2524	0.2727272727272727	False
2181	779	0.18181818181818182	True
2181	2261	0.09090909090909091	True
2719	2261	0.9090909090909091	True
2719	22	0.8181818181818182	True
2719	2524	0.7272727272727273	False
2719	2694	0.6363636363636364	True
2719	3845	0.5454545454545454	False
2719	3917	0.45454545454545453	False
2719	3146	0.36363636363636365	True
2719	308	0.2727272727272727	False
2719	3214	0.18181818181818182	True
2719	1441	0.09090909090909091	True
5074	308	0.9090909090909091	False
5074	3146	0.8181818181818182	True
5074	2261	0.7272727272727273	True
5074	3845	0.6363636363636364	False
5074	3492	0.5454545454545454	True
5074	3214	0.45454545454545453	True
5074	88	0.36363636363636365	False
5074	627	0.2727272727272727	True
5074	3276	0.18181818181818182	True
5074	3917	0.09090909090909091	False
2628	308	0.9090909090909091	False
2628	3146	0.8181818181818182	True
2628	3917	0.7272727272727273	False
2628	2524	0.6363636363636364	False
2628	3845	0.5454545454545454	False
2628	1441	0.45454545454545453	True
2628	779	0.36363636363636365	True
2628	3492	0.2727272727272727	True
2628	2660	0.18181818181818182	True
2628	2694	0.09090909090909091	True
1005	3845	0.9090909090909091	False
1005	2524	0.8181818181818182	False
1005	308	0.7272727272727273	False
1005	1036	0.6363636363636364	True
1005	3276	0.5454545454545454	True
1005	1441	0.45454545454545453	True
1005	3917	0.36363636363636365	False
1005	3146	0.2727272727272727	True
1005	22	0.18181818181818182	True
1005	3492	0.09090909090909091	True
2893	308	0.9090909090909091	False
2893	88	0.8181818181818182	False
2893	1036	0.7272727272727273	True
2893	3917	0.6363636363636364	False
2893	3845	0.5454545454545454	False
2893	3146	0.45454545454545453	True
2893	2524	0.36363636363636365	False
2893	1441	0.2727272727272727	True
2893	3276	0.18181818181818182	True
2893	1356	0.09090909090909091	True
1554	2524	0.9090909090909091	False
1554	3492	0.8181818181818182	True
1554	308	0.7272727272727273	False
1554	3146	0.6363636363636364	True
1554	3845	0.5454545454545454	False
1554	3917	0.45454545454545453	False
1554	1036	0.36363636363636365	True
1554	1356	0.2727272727272727	True
1554	3276	0.18181818181818182	True
1554	327	0.09090909090909091	True
4984	1036	0.9090909090909091	True
4984	627	0.8181818181818182	True
4984	3917	0.7272727272727273	False
4984	308	0.6363636363636364	False
4984	2660	0.5454545454545454	True
4984	1441	0.45454545454545453	True
4984	2694	0.36363636363636365	True
4984	2524	0.2727272727272727	False
4984	3146	0.18181818181818182	True
4984	88	0.09090909090909091	False
1913	3917	0.9090909090909091	False
1913	3492	0.8181818181818182	True
1913	3845	0.7272727272727273	False
1913	308	0.6363636363636364	False
1913	2524	0.5454545454545454	False
1913	1441	0.45454545454545453	True
1913	2660	0.36363636363636365	True
1913	1036	0.2727272727272727	True
1913	2839	0.18181818181818182	True
1913	627	0.09090909090909091	True
580	308	0.9090909090909091	False
580	3146	0.8181818181818182	True
580	3917	0.7272727272727273	False
580	1441	0.6363636363636364	True
580	3276	0.5454545454545454	True
580	1036	0.45454545454545453	True
580	88	0.36363636363636365	False
580	3492	0.2727272727272727	True
580	3845	0.18181818181818182	False
580	2524	0.09090909090909091	False
658	1441	0.9090909090909091	True
658	308	0.8181818181818182	False
658	3917	0.7272727272727273	False
658	2839	0.6363636363636364	True
658	3276	0.5454545454545454	True
658	2694	0.45454545454545453	True
658	88	0.36363636363636365	False
658	3004	0.2727272727272727	True
658	3492	0.18181818181818182	True
658	2524	0.09090909090909091	False
5092	2524	0.9090909090909091	False
5092	3917	0.8181818181818182	False
5092	88	0.7272727272727273	False
5092	308	0.6363636363636364	False
5092	2660	0.5454545454545454	True
5092	1441	0.45454545454545453	True
5092	3845	0.36363636363636365	False
5092	2694	0.2727272727272727	True
5092	3492	0.18181818181818182	True
5092	2458	0.09090909090909091	True
3916	3917	0.9090909090909091	False
3916	308	0.8181818181818182	False
3916	2694	0.7272727272727273	True
3916	3845	0.6363636363636364	False
3916	1441	0.5454545454545454	True
3916	1036	0.45454545454545453	True
3916	88	0.36363636363636365	False
3916	2524	0.2727272727272727	False
3916	2261	0.18181818181818182	True
3916	3214	0.09090909090909091	True
1080	3917	0.9090909090909091	False
1080	308	0.8181818181818182	False
1080	1441	0.7272727272727273	True
1080	2524	0.6363636363636364	False
1080	3845	0.5454545454545454	False
1080	2660	0.45454545454545453	True
1080	88	0.36363636363636365	False
1080	3146	0.2727272727272727	True
1080	22	0.18181818181818182	True
1080	1036	0.09090909090909091	True
1657	308	0.9090909090909091	False
1657	3845	0.8181818181818182	False
1657	2524	0.7272727272727273	False
1657	3917	0.6363636363636364	False
1657	2660	0.5454545454545454	True
1657	2261	0.45454545454545453	True
1657	627	0.36363636363636365	True
1657	327	0.2727272727272727	True
1657	3276	0.18181818181818182	True
1657	1441	0.09090909090909091	True
1196	308	0.9090909090909091	False
1196	627	0.8181818181818182	True
1196	3845	0.7272727272727273	False
1196	2839	0.6363636363636364	True
1196	1036	0.5454545454545454	True
1196	3917	0.45454545454545453	False
1196	3492	0.36363636363636365	True
1196	3107	0.2727272727272727	True
1196	1441	0.18181818181818182	True
1196	3214	0.09090909090909091	True
300	308	0.9090909090909091	False
300	3917	0.8181818181818182	False
300	2261	0.7272727272727273	True
300	3845	0.6363636363636364	False
300	1441	0.5454545454545454	True
300	3276	0.45454545454545453	True
300	2839	0.36363636363636365	True
300	2524	0.2727272727272727	False
300	88	0.18181818181818182	False
300	327	0.09090909090909091	True
4702	2524	0.9090909090909091	False
4702	3845	0.8181818181818182	False
4702	3146	0.7272727272727273	True
4702	308	0.6363636363636364	False
4702	3276	0.5454545454545454	True
4702	3492	0.45454545454545453	True
4702	2694	0.36363636363636365	True
4702	22	0.2727272727272727	True
4702	88	0.18181818181818182	False
4702	627	0.09090909090909091	True
77	308	0.9090909090909091	False
77	3845	0.8181818181818182	False
77	3917	0.7272727272727273	False
77	627	0.6363636363636364	True
77	2524	0.5454545454545454	False
77	3276	0.45454545454545453	True
77	2660	0.36363636363636365	True
77	88	0.2727272727272727	False
77	1036	0.18181818181818182	True
77	3492	0.09090909090909091	True
5308	308	0.9090909090909091	False
5308	2524	0.8181818181818182	False
5308	3492	0.7272727272727273	True
5308	1441	0.6363636363636364	True
5308	2458	0.5454545454545454	True
5308	88	0.45454545454545453	False
5308	3276	0.36363636363636365	True
5308	3917	0.2727272727272727	False
5308	1036	0.18181818181818182	True
5308	2839	0.09090909090909091	True
56	1441	0.9090909090909091	True
56	88	0.8181818181818182	False
56	308	0.7272727272727273	False
56	3146	0.6363636363636364	True
56	2694	0.5454545454545454	True
56	3082	0.45454545454545453	True
56	2458	0.36363636363636365	True
56	3492	0.2727272727272727	True
56	2524	0.18181818181818182	False
56	22	0.09090909090909091	True
2591	308	0.9090909090909091	False
2591	2524	0.8181818181818182	False
2591	88	0.7272727272727273	False
2591	3917	0.6363636363636364	False
2591	3845	0.5454545454545454	False
2591	3276	0.45454545454545453	True
2591	1441	0.36363636363636365	True
2591	2694	0.2727272727272727	True
2591	2458	0.18181818181818182	True
2591	1036	0.09090909090909091	True
3886	2524	0.9090909090909091	False
3886	627	0.8181818181818182	True
3886	2694	0.7272727272727273	True
3886	3845	0.6363636363636364	False
3886	88	0.5454545454545454	False
3886	3917	0.45454545454545453	False
3886	2458	0.36363636363636365	True
3886	308	0.2727272727272727	False
3886	327	0.18181818181818182	True
3886	3214	0.09090909090909091	True
2282	3917	0.9090909090909091	False
2282	2694	0.8181818181818182	True
2282	3146	0.7272727272727273	True
2282	2524	0.6363636363636364	False
2282	22	0.5454545454545454	True
2282	3214	0.45454545454545453	True
2282	1441	0.36363636363636365	True
2282	1356	0.2727272727272727	True
2282	2261	0.18181818181818182	True
2282	2839	0.09090909090909091	True
758	2524	0.9090909090909091	False
758	3917	0.8181818181818182	False
758	3492	0.7272727272727273	True
758	308	0.6363636363636364	False
758	3845	0.5454545454545454	False
758	3276	0.45454545454545453	True
758	88	0.36363636363636365	False
758	1441	0.2727272727272727	True
758	3146	0.18181818181818182	True
758	627	0.09090909090909091	True
1897	308	0.9090909090909091	False
1897	88	0.8181818181818182	False
1897	3146	0.7272727272727273	True
1897	2524	0.6363636363636364	False
1897	3492	0.5454545454545454	True
1897	627	0.45454545454545453	True
1897	1441	0.36363636363636365	True
1897	3845	0.2727272727272727	False
1897	2458	0.18181818181818182	True
1897	327	0.09090909090909091	True
2136	2524	0.9090909090909091	False
2136	2694	0.8181818181818182	True
2136	3917	0.7272727272727273	False
2136	2458	0.6363636363636364	True
2136	308	0.5454545454545454	False
2136	1441	0.45454545454545453	True
2136	88	0.36363636363636365	False
2136	3214	0.2727272727272727	True
2136	22	0.18181818181818182	True
2136	3146	0.09090909090909091	True
5900	2524	0.9090909090909091	False
5900	88	0.8181818181818182	False
5900	2458	0.7272727272727273	True
5900	3492	0.6363636363636364	True
5900	2694	0.5454545454545454	True
5900	2660	0.45454545454545453	True
5900	308	0.36363636363636365	False
5900	1441	0.2727272727272727	True
5900	3214	0.18181818181818182	True
5900	3276	0.09090909090909091	True
5443	3845	0.9090909090909091	False
5443	3917	0.8181818181818182	False
5443	308	0.7272727272727273	False
5443	2524	0.6363636363636364	False
5443	327	0.5454545454545454	True
5443	3276	0.45454545454545453	True
5443	3146	0.36363636363636365	True
5443	2660	0.2727272727272727	True
5443	2694	0.18181818181818182	True
5443	1441	0.09090909090909091	True
1282	308	0.9090909090909091	False
1282	627	0.8181818181818182	True
1282	3845	0.7272727272727273	False
1282	2261	0.6363636363636364	True
1282	88	0.5454545454545454	False
1282	3917	0.45454545454545453	False
1282	2839	0.36363636363636365	True
1282	2660	0.2727272727272727	True
1282	3276	0.18181818181818182	True
1282	3146	0.09090909090909091	True
913	2524	0.9090909090909091	False
913	3845	0.8181818181818182	False
913	308	0.7272727272727273	False
913	627	0.6363636363636364	True
913	3917	0.5454545454545454	False
913	2660	0.45454545454545453	True
913	327	0.36363636363636365	True
913	88	0.2727272727272727	False
913	3146	0.18181818181818182	True
913	3492	0.09090909090909091	True
4713	3492	0.9090909090909091	True
4713	2524	0.8181818181818182	False
4713	3146	0.7272727272727273	True
4713	3917	0.6363636363636364	False
4713	22	0.5454545454545454	True
4713	308	0.45454545454545453	False
4713	2660	0.36363636363636365	True
4713	88	0.2727272727272727	False
4713	3845	0.18181818181818182	False
4713	1649	0.09090909090909091	True
4158	308	0.9090909090909091	False
4158	3845	0.8181818181818182	False
4158	1441	0.7272727272727273	True
4158	3492	0.6363636363636364	True
4158	3917	0.5454545454545454	False
4158	3276	0.45454545454545453	True
4158	2524	0.36363636363636365	False
4158	1036	0.2727272727272727	True
4158	3004	0.18181818181818182	True
4158	2694	0.09090909090909091	True
5069	308	0.9090909090909091	False
5069	3845	0.8181818181818182	False
5069	3146	0.7272727272727273	True
5069	327	0.6363636363636364	True
5069	627	0.5454545454545454	True
5069	2261	0.45454545454545453	True
5069	3917	0.36363636363636365	False
5069	3004	0.2727272727272727	True
5069	3276	0.18181818181818182	True
5069	1441	0.09090909090909091	True
1286	308	0.9090909090909091	False
1286	2524	0.8181818181818182	False
1286	88	0.7272727272727273	False
1286	3492	0.6363636363636364	True
1286	1441	0.5454545454545454	True
1286	3917	0.45454545454545453	False
1286	3146	0.36363636363636365	True
1286	3845	0.2727272727272727	False
1286	1356	0.18181818181818182	True
1286	2261	0.09090909090909091	True
1726	2524	0.9090909090909091	False
1726	2694	0.8181818181818182	True
1726	2458	0.7272727272727273	True
1726	2839	0.6363636363636364	True
1726	308	0.5454545454545454	False
1726	1036	0.45454545454545453	True
1726	3492	0.36363636363636365	True
1726	88	0.2727272727272727	False
1726	2261	0.18181818181818182	True
1726	1441	0.09090909090909091	True
2266	3492	0.9090909090909091	True
2266	308	0.8181818181818182	False
2266	3146	0.7272727272727273	True
2266	2524	0.6363636363636364	False
2266	88	0.5454545454545454	False
2266	627	0.45454545454545453	True
2266	3917	0.36363636363636365	False
2266	3845	0.2727272727272727	False
2266	3276	0.18181818181818182	True
2266	1649	0.09090909090909091	True
2623	2694	0.9090909090909091	True
2623	3146	0.8181818181818182	True
2623	3845	0.7272727272727273	False
2623	88	0.6363636363636364	False
2623	2524	0.5454545454545454	False
2623	22	0.45454545454545453	True
2623	308	0.36363636363636365	False
2623	1441	0.2727272727272727	True
2623	3214	0.18181818181818182	True
2623	3917	0.09090909090909091	False
664	308	0.9090909090909091	False
664	88	0.8181818181818182	False
664	3917	0.7272727272727273	False
664	3146	0.6363636363636364	True
664	3845	0.5454545454545454	False
664	1441	0.45454545454545453	True
664	2660	0.36363636363636365	True
664	1036	0.2727272727272727	True
664	627	0.18181818181818182	True
664	2694	0.09090909090909091	True
1466	308	0.9090909090909091	False
1466	2524	0.8181818181818182	False
1466	3492	0.7272727272727273	True
1466	88	0.6363636363636364	False
1466	2458	0.5454545454545454	True
1466	3146	0.45454545454545453	True
1466	1356	0.36363636363636365	True
1466	3845	0.2727272727272727	False
1466	3276	0.18181818181818182	True
1466	627	0.09090909090909091	True
584	308	0.9090909090909091	False
584	88	0.8181818181818182	False
584	627	0.7272727272727273	True
584	2694	0.6363636363636364	True
584	2524	0.5454545454545454	False
584	2458	0.45454545454545453	True
584	1036	0.36363636363636365	True
584	3917	0.2727272727272727	False
584	3845	0.18181818181818182	False
584	1441	0.09090909090909091	True
3181	308	0.9090909090909091	False
3181	3146	0.8181818181818182	True
3181	3845	0.7272727272727273	False
3181	3917	0.6363636363636364	False
3181	2261	0.5454545454545454	True
3181	1441	0.45454545454545453	True
3181	1036	0.36363636363636365	True
3181	2839	0.2727272727272727	True
3181	3492	0.18181818181818182	True
3181	22	0.09090909090909091	True
2636	3917	0.9090909090909091	False
2636	1441	0.8181818181818182	True
2636	627	0.7272727272727273	True
2636	2694	0.6363636363636364	True
2636	1036	0.5454545454545454	True
2636	308	0.45454545454545453	False
2636	3276	0.36363636363636365	True
2636	3492	0.2727272727272727	True
2636	22	0.18181818181818182	True
2636	3845	0.09090909090909091	False
4080	2524	0.9090909090909091	False
4080	308	0.8181818181818182	False
4080	3917	0.7272727272727273	False
4080	3492	0.6363636363636364	True
4080	3276	0.5454545454545454	True
4080	627	0.45454545454545453	True
4080	3845	0.36363636363636365	False
4080	3146	0.2727272727272727	True
4080	22	0.18181818181818182	True
4080	2261	0.09090909090909091	True
1653	1036	0.9090909090909091	True
1653	1441	0.8181818181818182	True
1653	3146	0.7272727272727273	True
1653	308	0.6363636363636364	False
1653	3845	0.5454545454545454	False
1653	2261	0.45454545454545453	True
1653	2524	0.36363636363636365	False
1653	88	0.2727272727272727	False
1653	22	0.18181818181818182	True
1653	2694	0.09090909090909091	True
985	308	0.9090909090909091	False
985	627	0.8181818181818182	True
985	2524	0.7272727272727273	False
985	3004	0.6363636363636364	True
985	3845	0.5454545454545454	False
985	3276	0.45454545454545453	True
985	2694	0.36363636363636365	True
985	3492	0.2727272727272727	True
985	327	0.18181818181818182	True
985	1036	0.09090909090909091	True
5193	2524	0.9090909090909091	False
5193	3492	0.8181818181818182	True
5193	3917	0.7272727272727273	False
5193	3276	0.6363636363636364	True
5193	308	0.5454545454545454	False
5193	3845	0.45454545454545453	False
5193	1441	0.36363636363636365	True
5193	1356	0.2727272727272727	True
5193	327	0.18181818181818182	True
5193	3146	0.09090909090909091	True
4945	88	0.9090909090909091	False
4945	2524	0.8181818181818182	False
4945	308	0.7272727272727273	False
4945	3917	0.6363636363636364	False
4945	1441	0.5454545454545454	True
4945	1356	0.45454545454545453	True
4945	2694	0.36363636363636365	True
4945	627	0.2727272727272727	True
4945	3146	0.18181818181818182	True
4945	1036	0.09090909090909091	True
5151	2524	0.9090909090909091	False
5151	2694	0.8181818181818182	True
5151	3214	0.7272727272727273	True
5151	3917	0.6363636363636364	False
5151	308	0.5454545454545454	False
5151	2458	0.45454545454545453	True
5151	22	0.36363636363636365	True
5151	3845	0.2727272727272727	False
5151	3492	0.18181818181818182	True
5151	88	0.09090909090909091	False
4709	627	0.9090909090909091	True
4709	88	0.8181818181818182	False
4709	308	0.7272727272727273	False
4709	3917	0.6363636363636364	False
4709	1441	0.5454545454545454	True
4709	2694	0.45454545454545453	True
4709	1036	0.36363636363636365	True
4709	2524	0.2727272727272727	False
4709	3845	0.18181818181818182	False
4709	1356	0.09090909090909091	True
3666	3917	0.9090909090909091	False
3666	88	0.8181818181818182	False
3666	308	0.7272727272727273	False
3666	627	0.6363636363636364	True
3666	1441	0.5454545454545454	True
3666	1649	0.45454545454545453	True
3666	2524	0.36363636363636365	False
3666	2694	0.2727272727272727	True
3666	3146	0.18181818181818182	True
3666	2458	0.09090909090909091	True
3467	2524	0.9090909090909091	False
3467	88	0.8181818181818182	False
3467	2694	0.7272727272727273	True
3467	308	0.6363636363636364	False
3467	3917	0.5454545454545454	False
3467	627	0.45454545454545453	True
3467	3214	0.36363636363636365	True
3467	2458	0.2727272727272727	True
3467	1356	0.18181818181818182	True
3467	2839	0.09090909090909091	True
2114	2524	0.9090909090909091	False
2114	308	0.8181818181818182	False
2114	88	0.7272727272727273	False
2114	1036	0.6363636363636364	True
2114	2458	0.5454545454545454	True
2114	1356	0.45454545454545453	True
2114	3492	0.36363636363636365	True
2114	2694	0.2727272727272727	True
2114	3917	0.18181818181818182	False
2114	2261	0.09090909090909091	True
