5968	3345	0.9090909090909091	False
5968	2506	0.8181818181818182	False
5968	2147	0.7272727272727273	False
5968	2420	0.6363636363636364	False
5968	3397	0.5454545454545454	False
5968	1459	0.45454545454545453	True
5968	3592	0.36363636363636365	True
5968	1686	0.2727272727272727	True
5968	1257	0.18181818181818182	True
5968	3127	0.09090909090909091	True
375	3345	0.9090909090909091	False
375	3397	0.8181818181818182	False
375	2506	0.7272727272727273	False
375	2147	0.6363636363636364	False
375	2420	0.5454545454545454	False
375	1686	0.45454545454545453	True
375	3592	0.36363636363636365	True
375	3127	0.2727272727272727	True
375	1345	0.18181818181818182	True
375	1459	0.09090909090909091	True
2717	3345	0.9090909090909091	False
2717	2506	0.8181818181818182	False
2717	3397	0.7272727272727273	False
2717	2147	0.6363636363636364	False
2717	2420	0.5454545454545454	False
2717	1459	0.45454545454545453	True
2717	1686	0.36363636363636365	True
2717	3592	0.2727272727272727	True
2717	1257	0.18181818181818182	True
2717	3127	0.09090909090909091	True
3858	2506	0.9090909090909091	False
3858	3345	0.8181818181818182	False
3858	2147	0.7272727272727273	False
3858	3397	0.6363636363636364	False
3858	2420	0.5454545454545454	False
3858	1459	0.45454545454545453	True
3858	3592	0.36363636363636365	True
3858	1686	0.2727272727272727	True
3858	1345	0.18181818181818182	True
3858	1257	0.09090909090909091	True
2491	2506	0.9090909090909091	False
2491	3345	0.8181818181818182	False
2491	3397	0.7272727272727273	False
2491	1459	0.6363636363636364	True
2491	2420	0.5454545454545454	False
2491	1686	0.45454545454545453	True
2491	2147	0.36363636363636365	False
2491	1345	0.2727272727272727	True
2491	1257	0.18181818181818182	True
2491	3592	0.09090909090909091	True
3698	3345	0.9090909090909091	False
3698	3397	0.8181818181818182	False
3698	2147	0.7272727272727273	False
3698	2506	0.6363636363636364	False
3698	2420	0.5454545454545454	False
3698	1686	0.45454545454545453	True
3698	3592	0.36363636363636365	True
3698	1459	0.2727272727272727	True
3698	1257	0.18181818181818182	True
3698	3127	0.09090909090909091	True
4684	3345	0.9090909090909091	False
4684	3397	0.8181818181818182	False
4684	2506	0.7272727272727273	False
4684	2147	0.6363636363636364	False
4684	2420	0.5454545454545454	False
4684	1686	0.45454545454545453	True
4684	1459	0.36363636363636365	True
4684	1345	0.2727272727272727	True
4684	1666	0.18181818181818182	True
4684	1257	0.09090909090909091	True
2500	3345	0.9090909090909091	False
2500	3397	0.8181818181818182	False
2500	2147	0.7272727272727273	False
2500	2420	0.6363636363636364	False
2500	2506	0.5454545454545454	False
2500	1345	0.45454545454545453	True
2500	1257	0.36363636363636365	True
2500	3592	0.2727272727272727	True
2500	1686	0.18181818181818182	True
2500	1666	0.09090909090909091	True
3515	3397	0.9090909090909091	False
3515	3345	0.8181818181818182	False
3515	2420	0.7272727272727273	False
3515	2147	0.6363636363636364	False
3515	2506	0.5454545454545454	False
3515	3592	0.45454545454545453	True
3515	1686	0.36363636363636365	True
3515	1345	0.2727272727272727	True
3515	1459	0.18181818181818182	True
3515	1666	0.09090909090909091	True
2083	3397	0.9090909090909091	False
2083	3345	0.8181818181818182	False
2083	2147	0.7272727272727273	False
2083	2420	0.6363636363636364	False
2083	1686	0.5454545454545454	True
2083	2506	0.45454545454545453	False
2083	1459	0.36363636363636365	True
2083	3127	0.2727272727272727	True
2083	1257	0.18181818181818182	True
2083	1345	0.09090909090909091	True
4981	3345	0.9090909090909091	False
4981	2147	0.8181818181818182	False
4981	2506	0.7272727272727273	False
4981	2420	0.6363636363636364	False
4981	3397	0.5454545454545454	False
4981	3127	0.45454545454545453	True
4981	1686	0.36363636363636365	True
4981	3592	0.2727272727272727	True
4981	1459	0.18181818181818182	True
4981	1345	0.09090909090909091	True
4581	3345	0.9090909090909091	False
4581	3397	0.8181818181818182	False
4581	2506	0.7272727272727273	False
4581	2147	0.6363636363636364	False
4581	2420	0.5454545454545454	False
4581	1686	0.45454545454545453	True
4581	1459	0.36363636363636365	True
4581	3592	0.2727272727272727	True
4581	1345	0.18181818181818182	True
4581	1257	0.09090909090909091	True
5326	3397	0.9090909090909091	False
5326	3345	0.8181818181818182	False
5326	2506	0.7272727272727273	False
5326	2147	0.6363636363636364	False
5326	2420	0.5454545454545454	False
5326	1459	0.45454545454545453	True
5326	1686	0.36363636363636365	True
5326	1666	0.2727272727272727	True
5326	1345	0.18181818181818182	True
5326	3127	0.09090909090909091	True
1668	3397	0.9090909090909091	False
1668	3345	0.8181818181818182	False
1668	2147	0.7272727272727273	False
1668	2506	0.6363636363636364	False
1668	2420	0.5454545454545454	False
1668	1686	0.45454545454545453	True
1668	3592	0.36363636363636365	True
1668	1257	0.2727272727272727	True
1668	1459	0.18181818181818182	True
1668	1345	0.09090909090909091	True
5766	3345	0.9090909090909091	False
5766	2506	0.8181818181818182	False
5766	3397	0.7272727272727273	False
5766	2147	0.6363636363636364	False
5766	2420	0.5454545454545454	False
5766	1459	0.45454545454545453	True
5766	1686	0.36363636363636365	True
5766	1257	0.2727272727272727	True
5766	3592	0.18181818181818182	True
5766	1345	0.09090909090909091	True
3253	3345	0.9090909090909091	False
3253	3397	0.8181818181818182	False
3253	2420	0.7272727272727273	False
3253	2506	0.6363636363636364	False
3253	2147	0.5454545454545454	False
3253	1686	0.45454545454545453	True
3253	1459	0.36363636363636365	True
3253	1345	0.2727272727272727	True
3253	3127	0.18181818181818182	True
3253	1257	0.09090909090909091	True
2391	3397	0.9090909090909091	False
2391	2147	0.8181818181818182	False
2391	3345	0.7272727272727273	False
2391	2506	0.6363636363636364	False
2391	2420	0.5454545454545454	False
2391	1686	0.45454545454545453	True
2391	1459	0.36363636363636365	True
2391	3592	0.2727272727272727	True
2391	3127	0.18181818181818182	True
2391	1257	0.09090909090909091	True
3317	3345	0.9090909090909091	False
3317	3397	0.8181818181818182	False
3317	2506	0.7272727272727273	False
3317	2147	0.6363636363636364	False
3317	2420	0.5454545454545454	False
3317	1459	0.45454545454545453	True
3317	1686	0.36363636363636365	True
3317	1257	0.2727272727272727	True
3317	3592	0.18181818181818182	True
3317	1345	0.09090909090909091	True
5687	3397	0.9090909090909091	False
5687	3345	0.8181818181818182	False
5687	2506	0.7272727272727273	False
5687	2147	0.6363636363636364	False
5687	2420	0.5454545454545454	False
5687	3592	0.45454545454545453	True
5687	1686	0.36363636363636365	True
5687	1459	0.2727272727272727	True
5687	1345	0.18181818181818182	True
5687	1666	0.09090909090909091	True
4626	3345	0.9090909090909091	False
4626	3397	0.8181818181818182	False
4626	2147	0.7272727272727273	False
4626	2506	0.6363636363636364	False
4626	2420	0.5454545454545454	False
4626	1686	0.45454545454545453	True
4626	1459	0.36363636363636365	True
4626	1345	0.2727272727272727	True
4626	3592	0.18181818181818182	True
4626	1257	0.09090909090909091	True
462	3345	0.9090909090909091	False
462	2506	0.8181818181818182	False
462	2147	0.7272727272727273	False
462	3397	0.6363636363636364	False
462	3592	0.5454545454545454	True
462	2420	0.45454545454545453	False
462	1686	0.36363636363636365	True
462	1257	0.2727272727272727	True
462	3127	0.18181818181818182	True
462	1459	0.09090909090909091	True
1951	3397	0.9090909090909091	False
1951	3345	0.8181818181818182	False
1951	2506	0.7272727272727273	False
1951	3592	0.6363636363636364	True
1951	1459	0.5454545454545454	True
1951	2147	0.45454545454545453	False
1951	2420	0.36363636363636365	False
1951	1345	0.2727272727272727	True
1951	1257	0.18181818181818182	True
1951	3127	0.09090909090909091	True
3570	3345	0.9090909090909091	False
3570	3397	0.8181818181818182	False
3570	2506	0.7272727272727273	False
3570	2420	0.6363636363636364	False
3570	2147	0.5454545454545454	False
3570	1459	0.45454545454545453	True
3570	1686	0.36363636363636365	True
3570	1666	0.2727272727272727	True
3570	1257	0.18181818181818182	True
3570	1345	0.09090909090909091	True
3669	3397	0.9090909090909091	False
3669	3345	0.8181818181818182	False
3669	2506	0.7272727272727273	False
3669	2147	0.6363636363636364	False
3669	2420	0.5454545454545454	False
3669	3592	0.45454545454545453	True
3669	1686	0.36363636363636365	True
3669	1459	0.2727272727272727	True
3669	1345	0.18181818181818182	True
3669	1257	0.09090909090909091	True
4332	3345	0.9090909090909091	False
4332	3397	0.8181818181818182	False
4332	2506	0.7272727272727273	False
4332	2147	0.6363636363636364	False
4332	2420	0.5454545454545454	False
4332	1345	0.45454545454545453	True
4332	1686	0.36363636363636365	True
4332	1459	0.2727272727272727	True
4332	3592	0.18181818181818182	True
4332	1257	0.09090909090909091	True
4353	3345	0.9090909090909091	False
4353	2506	0.8181818181818182	False
4353	2147	0.7272727272727273	False
4353	3397	0.6363636363636364	False
4353	2420	0.5454545454545454	False
4353	1459	0.45454545454545453	True
4353	1257	0.36363636363636365	True
4353	1686	0.2727272727272727	True
4353	1345	0.18181818181818182	True
4353	3127	0.09090909090909091	True
4139	3345	0.9090909090909091	False
4139	2506	0.8181818181818182	False
4139	3397	0.7272727272727273	False
4139	2420	0.6363636363636364	False
4139	2147	0.5454545454545454	False
4139	1459	0.45454545454545453	True
4139	1257	0.36363636363636365	True
4139	1686	0.2727272727272727	True
4139	1345	0.18181818181818182	True
4139	3592	0.09090909090909091	True
705	3345	0.9090909090909091	False
705	2147	0.8181818181818182	False
705	3397	0.7272727272727273	False
705	2420	0.6363636363636364	False
705	2506	0.5454545454545454	False
705	1686	0.45454545454545453	True
705	3592	0.36363636363636365	True
705	1257	0.2727272727272727	True
705	1459	0.18181818181818182	True
705	3127	0.09090909090909091	True
2497	3345	0.9090909090909091	False
2497	3397	0.8181818181818182	False
2497	1686	0.7272727272727273	True
2497	2506	0.6363636363636364	False
2497	3592	0.5454545454545454	True
2497	2420	0.45454545454545453	False
2497	2147	0.36363636363636365	False
2497	3127	0.2727272727272727	True
2497	1345	0.18181818181818182	True
2497	1257	0.09090909090909091	True
3730	3397	0.9090909090909091	False
3730	2506	0.8181818181818182	False
3730	2147	0.7272727272727273	False
3730	3345	0.6363636363636364	False
3730	1686	0.5454545454545454	True
3730	1459	0.45454545454545453	True
3730	2420	0.36363636363636365	False
3730	1345	0.2727272727272727	True
3730	3592	0.18181818181818182	True
3730	1666	0.09090909090909091	True
414	3345	0.9090909090909091	False
414	3397	0.8181818181818182	False
414	2420	0.7272727272727273	False
414	2147	0.6363636363636364	False
414	2506	0.5454545454545454	False
414	1666	0.45454545454545453	True
414	3592	0.36363636363636365	True
414	1686	0.2727272727272727	True
414	1459	0.18181818181818182	True
414	1345	0.09090909090909091	True
3734	3345	0.9090909090909091	False
3734	3397	0.8181818181818182	False
3734	2506	0.7272727272727273	False
3734	2147	0.6363636363636364	False
3734	3592	0.5454545454545454	True
3734	2420	0.45454545454545453	False
3734	1257	0.36363636363636365	True
3734	1345	0.2727272727272727	True
3734	1459	0.18181818181818182	True
3734	1686	0.09090909090909091	True
293	3345	0.9090909090909091	False
293	2506	0.8181818181818182	False
293	3397	0.7272727272727273	False
293	2147	0.6363636363636364	False
293	2420	0.5454545454545454	False
293	1459	0.45454545454545453	True
293	1345	0.36363636363636365	True
293	1257	0.2727272727272727	True
293	3592	0.18181818181818182	True
293	1686	0.09090909090909091	True
1241	2506	0.9090909090909091	False
1241	3397	0.8181818181818182	False
1241	1459	0.7272727272727273	True
1241	1686	0.6363636363636364	True
1241	2147	0.5454545454545454	False
1241	3345	0.45454545454545453	False
1241	3592	0.36363636363636365	True
1241	1345	0.2727272727272727	True
1241	2420	0.18181818181818182	False
1241	1257	0.09090909090909091	True
4496	3345	0.9090909090909091	False
4496	2147	0.8181818181818182	False
4496	2420	0.7272727272727273	False
4496	2506	0.6363636363636364	False
4496	3397	0.5454545454545454	False
4496	1686	0.45454545454545453	True
4496	1459	0.36363636363636365	True
4496	1257	0.2727272727272727	True
4496	1666	0.18181818181818182	True
4496	3592	0.09090909090909091	True
555	3345	0.9090909090909091	False
555	2506	0.8181818181818182	False
555	2147	0.7272727272727273	False
555	3397	0.6363636363636364	False
555	2420	0.5454545454545454	False
555	1459	0.45454545454545453	True
555	1686	0.36363636363636365	True
555	3592	0.2727272727272727	True
555	1257	0.18181818181818182	True
555	1666	0.09090909090909091	True
4485	3345	0.9090909090909091	False
4485	3397	0.8181818181818182	False
4485	2506	0.7272727272727273	False
4485	2147	0.6363636363636364	False
4485	2420	0.5454545454545454	False
4485	3592	0.45454545454545453	True
4485	1686	0.36363636363636365	True
4485	1459	0.2727272727272727	True
4485	1345	0.18181818181818182	True
4485	1257	0.09090909090909091	True
740	3397	0.9090909090909091	False
740	3345	0.8181818181818182	False
740	2506	0.7272727272727273	False
740	2147	0.6363636363636364	False
740	2420	0.5454545454545454	False
740	1459	0.45454545454545453	True
740	3592	0.36363636363636365	True
740	1686	0.2727272727272727	True
740	3127	0.18181818181818182	True
740	1257	0.09090909090909091	True
2565	3345	0.9090909090909091	False
2565	3397	0.8181818181818182	False
2565	2506	0.7272727272727273	False
2565	2147	0.6363636363636364	False
2565	2420	0.5454545454545454	False
2565	1686	0.45454545454545453	True
2565	1459	0.36363636363636365	True
2565	3592	0.2727272727272727	True
2565	1257	0.18181818181818182	True
2565	1345	0.09090909090909091	True
2888	3345	0.9090909090909091	False
2888	2506	0.8181818181818182	False
2888	3397	0.7272727272727273	False
2888	2147	0.6363636363636364	False
2888	2420	0.5454545454545454	False
2888	1459	0.45454545454545453	True
2888	3127	0.36363636363636365	True
2888	1686	0.2727272727272727	True
2888	1257	0.18181818181818182	True
2888	3592	0.09090909090909091	True
3304	3397	0.9090909090909091	False
3304	3345	0.8181818181818182	False
3304	1459	0.7272727272727273	True
3304	2506	0.6363636363636364	False
3304	2147	0.5454545454545454	False
3304	2420	0.45454545454545453	False
3304	1686	0.36363636363636365	True
3304	1257	0.2727272727272727	True
3304	1345	0.18181818181818182	True
3304	1666	0.09090909090909091	True
4288	3397	0.9090909090909091	False
4288	3345	0.8181818181818182	False
4288	2147	0.7272727272727273	False
4288	2506	0.6363636363636364	False
4288	1459	0.5454545454545454	True
4288	1686	0.45454545454545453	True
4288	2420	0.36363636363636365	False
4288	3592	0.2727272727272727	True
4288	1666	0.18181818181818182	True
4288	1257	0.09090909090909091	True
2223	2506	0.9090909090909091	False
2223	3345	0.8181818181818182	False
2223	3397	0.7272727272727273	False
2223	2147	0.6363636363636364	False
2223	3592	0.5454545454545454	True
2223	1686	0.45454545454545453	True
2223	2420	0.36363636363636365	False
2223	1345	0.2727272727272727	True
2223	1257	0.18181818181818182	True
2223	1459	0.09090909090909091	True
4811	3345	0.9090909090909091	False
4811	2506	0.8181818181818182	False
4811	3397	0.7272727272727273	False
4811	3592	0.6363636363636364	True
4811	2420	0.5454545454545454	False
4811	2147	0.45454545454545453	False
4811	1459	0.36363636363636365	True
4811	1686	0.2727272727272727	True
4811	1666	0.18181818181818182	True
4811	1257	0.09090909090909091	True
6026	3397	0.9090909090909091	False
6026	3345	0.8181818181818182	False
6026	2506	0.7272727272727273	False
6026	2147	0.6363636363636364	False
6026	2420	0.5454545454545454	False
6026	3592	0.45454545454545453	True
6026	1686	0.36363636363636365	True
6026	1459	0.2727272727272727	True
6026	3127	0.18181818181818182	True
6026	1257	0.09090909090909091	True
2282	3345	0.9090909090909091	False
2282	3397	0.8181818181818182	False
2282	2506	0.7272727272727273	False
2282	2147	0.6363636363636364	False
2282	3592	0.5454545454545454	True
2282	2420	0.45454545454545453	False
2282	1686	0.36363636363636365	True
2282	1257	0.2727272727272727	True
2282	1345	0.18181818181818182	True
2282	3127	0.09090909090909091	True
4748	3345	0.9090909090909091	False
4748	3397	0.8181818181818182	False
4748	2147	0.7272727272727273	False
4748	2420	0.6363636363636364	False
4748	2506	0.5454545454545454	False
4748	3592	0.45454545454545453	True
4748	1257	0.36363636363636365	True
4748	1686	0.2727272727272727	True
4748	1459	0.18181818181818182	True
4748	1345	0.09090909090909091	True
5705	3345	0.9090909090909091	False
5705	3397	0.8181818181818182	False
5705	2506	0.7272727272727273	False
5705	2147	0.6363636363636364	False
5705	2420	0.5454545454545454	False
5705	3127	0.45454545454545453	True
5705	1686	0.36363636363636365	True
5705	3592	0.2727272727272727	True
5705	1459	0.18181818181818182	True
5705	1345	0.09090909090909091	True
1948	3345	0.9090909090909091	False
1948	3397	0.8181818181818182	False
1948	2506	0.7272727272727273	False
1948	2147	0.6363636363636364	False
1948	1686	0.5454545454545454	True
1948	2420	0.45454545454545453	False
1948	1459	0.36363636363636365	True
1948	3592	0.2727272727272727	True
1948	1666	0.18181818181818182	True
1948	1257	0.09090909090909091	True
1572	3397	0.9090909090909091	False
1572	3345	0.8181818181818182	False
1572	2420	0.7272727272727273	False
1572	1686	0.6363636363636364	True
1572	2147	0.5454545454545454	False
1572	2506	0.45454545454545453	False
1572	1666	0.36363636363636365	True
1572	1257	0.2727272727272727	True
1572	1459	0.18181818181818182	True
1572	3592	0.09090909090909091	True
4054	3345	0.9090909090909091	False
4054	2147	0.8181818181818182	False
4054	2420	0.7272727272727273	False
4054	2506	0.6363636363636364	False
4054	3397	0.5454545454545454	False
4054	3592	0.45454545454545453	True
4054	1257	0.36363636363636365	True
4054	1686	0.2727272727272727	True
4054	1459	0.18181818181818182	True
4054	3127	0.09090909090909091	True
68	3345	0.9090909090909091	False
68	3397	0.8181818181818182	False
68	2420	0.7272727272727273	False
68	2147	0.6363636363636364	False
68	2506	0.5454545454545454	False
68	1459	0.45454545454545453	True
68	1666	0.36363636363636365	True
68	1345	0.2727272727272727	True
68	1686	0.18181818181818182	True
68	1257	0.09090909090909091	True
1208	3345	0.9090909090909091	False
1208	3397	0.8181818181818182	False
1208	2506	0.7272727272727273	False
1208	2147	0.6363636363636364	False
1208	2420	0.5454545454545454	False
1208	1459	0.45454545454545453	True
1208	1257	0.36363636363636365	True
1208	3592	0.2727272727272727	True
1208	1686	0.18181818181818182	True
1208	1345	0.09090909090909091	True
3616	3397	0.9090909090909091	False
3616	2147	0.8181818181818182	False
3616	3345	0.7272727272727273	False
3616	2420	0.6363636363636364	False
3616	3592	0.5454545454545454	True
3616	2506	0.45454545454545453	False
3616	1686	0.36363636363636365	True
3616	1459	0.2727272727272727	True
3616	1257	0.18181818181818182	True
3616	1345	0.09090909090909091	True
4565	3345	0.9090909090909091	False
4565	2506	0.8181818181818182	False
4565	3397	0.7272727272727273	False
4565	2420	0.6363636363636364	False
4565	1686	0.5454545454545454	True
4565	1459	0.45454545454545453	True
4565	2147	0.36363636363636365	False
4565	1666	0.2727272727272727	True
4565	3592	0.18181818181818182	True
4565	1257	0.09090909090909091	True
1323	3345	0.9090909090909091	False
1323	2147	0.8181818181818182	False
1323	3397	0.7272727272727273	False
1323	2506	0.6363636363636364	False
1323	2420	0.5454545454545454	False
1323	1686	0.45454545454545453	True
1323	3592	0.36363636363636365	True
1323	1459	0.2727272727272727	True
1323	1257	0.18181818181818182	True
1323	1345	0.09090909090909091	True
5911	3397	0.9090909090909091	False
5911	3345	0.8181818181818182	False
5911	2506	0.7272727272727273	False
5911	1686	0.6363636363636364	True
5911	2147	0.5454545454545454	False
5911	1459	0.45454545454545453	True
5911	2420	0.36363636363636365	False
5911	3127	0.2727272727272727	True
5911	3592	0.18181818181818182	True
5911	1666	0.09090909090909091	True
3607	3345	0.9090909090909091	False
3607	3397	0.8181818181818182	False
3607	2420	0.7272727272727273	False
3607	2147	0.6363636363636364	False
3607	2506	0.5454545454545454	False
3607	3592	0.45454545454545453	True
3607	1686	0.36363636363636365	True
3607	1459	0.2727272727272727	True
3607	1666	0.18181818181818182	True
3607	1257	0.09090909090909091	True
1488	3345	0.9090909090909091	False
1488	3397	0.8181818181818182	False
1488	2506	0.7272727272727273	False
1488	2147	0.6363636363636364	False
1488	2420	0.5454545454545454	False
1488	1686	0.45454545454545453	True
1488	1459	0.36363636363636365	True
1488	3592	0.2727272727272727	True
1488	1257	0.18181818181818182	True
1488	1666	0.09090909090909091	True
986	3345	0.9090909090909091	False
986	2147	0.8181818181818182	False
986	2506	0.7272727272727273	False
986	2420	0.6363636363636364	False
986	3397	0.5454545454545454	False
986	1686	0.45454545454545453	True
986	1257	0.36363636363636365	True
986	3592	0.2727272727272727	True
986	3127	0.18181818181818182	True
986	1345	0.09090909090909091	True
3119	3345	0.9090909090909091	False
3119	3397	0.8181818181818182	False
3119	2506	0.7272727272727273	False
3119	2147	0.6363636363636364	False
3119	2420	0.5454545454545454	False
3119	1686	0.45454545454545453	True
3119	1459	0.36363636363636365	True
3119	1345	0.2727272727272727	True
3119	3592	0.18181818181818182	True
3119	1257	0.09090909090909091	True
4920	3345	0.9090909090909091	False
4920	3397	0.8181818181818182	False
4920	2506	0.7272727272727273	False
4920	2147	0.6363636363636364	False
4920	2420	0.5454545454545454	False
4920	1686	0.45454545454545453	True
4920	1459	0.36363636363636365	True
4920	1345	0.2727272727272727	True
4920	3127	0.18181818181818182	True
4920	1666	0.09090909090909091	True
1431	3345	0.9090909090909091	False
1431	3397	0.8181818181818182	False
1431	2506	0.7272727272727273	False
1431	2147	0.6363636363636364	False
1431	2420	0.5454545454545454	False
1431	3592	0.45454545454545453	True
1431	3127	0.36363636363636365	True
1431	1459	0.2727272727272727	True
1431	1686	0.18181818181818182	True
1431	1257	0.09090909090909091	True
4929	3345	0.9090909090909091	False
4929	2506	0.8181818181818182	False
4929	3397	0.7272727272727273	False
4929	2420	0.6363636363636364	False
4929	2147	0.5454545454545454	False
4929	1257	0.45454545454545453	True
4929	1345	0.36363636363636365	True
4929	3592	0.2727272727272727	True
4929	1459	0.18181818181818182	True
4929	1686	0.09090909090909091	True
4772	3345	0.9090909090909091	False
4772	3397	0.8181818181818182	False
4772	2420	0.7272727272727273	False
4772	2147	0.6363636363636364	False
4772	2506	0.5454545454545454	False
4772	1686	0.45454545454545453	True
4772	1459	0.36363636363636365	True
4772	1345	0.2727272727272727	True
4772	1257	0.18181818181818182	True
4772	1666	0.09090909090909091	True
5520	3345	0.9090909090909091	False
5520	2147	0.8181818181818182	False
5520	2420	0.7272727272727273	False
5520	3397	0.6363636363636364	False
5520	2506	0.5454545454545454	False
5520	3592	0.45454545454545453	True
5520	1686	0.36363636363636365	True
5520	1459	0.2727272727272727	True
5520	1345	0.18181818181818182	True
5520	1257	0.09090909090909091	True
4774	3345	0.9090909090909091	False
4774	2506	0.8181818181818182	False
4774	3397	0.7272727272727273	False
4774	1686	0.6363636363636364	True
4774	2147	0.5454545454545454	False
4774	2420	0.45454545454545453	False
4774	1459	0.36363636363636365	True
4774	3592	0.2727272727272727	True
4774	1257	0.18181818181818182	True
4774	3127	0.09090909090909091	True
3097	3345	0.9090909090909091	False
3097	2506	0.8181818181818182	False
3097	2147	0.7272727272727273	False
3097	3397	0.6363636363636364	False
3097	2420	0.5454545454545454	False
3097	3592	0.45454545454545453	True
3097	1257	0.36363636363636365	True
3097	1686	0.2727272727272727	True
3097	1459	0.18181818181818182	True
3097	1345	0.09090909090909091	True
4129	3345	0.9090909090909091	False
4129	3397	0.8181818181818182	False
4129	2506	0.7272727272727273	False
4129	2147	0.6363636363636364	False
4129	2420	0.5454545454545454	False
4129	1257	0.45454545454545453	True
4129	1459	0.36363636363636365	True
4129	1686	0.2727272727272727	True
4129	3592	0.18181818181818182	True
4129	3127	0.09090909090909091	True
1211	3345	0.9090909090909091	False
1211	3397	0.8181818181818182	False
1211	2147	0.7272727272727273	False
1211	2420	0.6363636363636364	False
1211	2506	0.5454545454545454	False
1211	1686	0.45454545454545453	True
1211	1257	0.36363636363636365	True
1211	1459	0.2727272727272727	True
1211	3127	0.18181818181818182	True
1211	3592	0.09090909090909091	True
4726	3345	0.9090909090909091	False
4726	3397	0.8181818181818182	False
4726	2506	0.7272727272727273	False
4726	2420	0.6363636363636364	False
4726	3592	0.5454545454545454	True
4726	2147	0.45454545454545453	False
4726	1345	0.36363636363636365	True
4726	1257	0.2727272727272727	True
4726	1686	0.18181818181818182	True
4726	3127	0.09090909090909091	True
5016	2506	0.9090909090909091	False
5016	3345	0.8181818181818182	False
5016	3397	0.7272727272727273	False
5016	1459	0.6363636363636364	True
5016	2147	0.5454545454545454	False
5016	2420	0.45454545454545453	False
5016	1686	0.36363636363636365	True
5016	3127	0.2727272727272727	True
5016	1345	0.18181818181818182	True
5016	1666	0.09090909090909091	True
2699	3345	0.9090909090909091	False
2699	3397	0.8181818181818182	False
2699	2506	0.7272727272727273	False
2699	2147	0.6363636363636364	False
2699	2420	0.5454545454545454	False
2699	1459	0.45454545454545453	True
2699	1686	0.36363636363636365	True
2699	3127	0.2727272727272727	True
2699	1666	0.18181818181818182	True
2699	1345	0.09090909090909091	True
3620	3397	0.9090909090909091	False
3620	3345	0.8181818181818182	False
3620	2506	0.7272727272727273	False
3620	1459	0.6363636363636364	True
3620	1686	0.5454545454545454	True
3620	2420	0.45454545454545453	False
3620	2147	0.36363636363636365	False
3620	1666	0.2727272727272727	True
3620	1345	0.18181818181818182	True
3620	1257	0.09090909090909091	True
3797	3397	0.9090909090909091	False
3797	3345	0.8181818181818182	False
3797	2506	0.7272727272727273	False
3797	2147	0.6363636363636364	False
3797	2420	0.5454545454545454	False
3797	1686	0.45454545454545453	True
3797	3592	0.36363636363636365	True
3797	1459	0.2727272727272727	True
3797	1257	0.18181818181818182	True
3797	1345	0.09090909090909091	True
1894	3345	0.9090909090909091	False
1894	3397	0.8181818181818182	False
1894	2420	0.7272727272727273	False
1894	2147	0.6363636363636364	False
1894	2506	0.5454545454545454	False
1894	1686	0.45454545454545453	True
1894	1257	0.36363636363636365	True
1894	1666	0.2727272727272727	True
1894	3592	0.18181818181818182	True
1894	1459	0.09090909090909091	True
201	3345	0.9090909090909091	False
201	3397	0.8181818181818182	False
201	2420	0.7272727272727273	False
201	2506	0.6363636363636364	False
201	2147	0.5454545454545454	False
201	1459	0.45454545454545453	True
201	1666	0.36363636363636365	True
201	3592	0.2727272727272727	True
201	1686	0.18181818181818182	True
201	1257	0.09090909090909091	True
2642	3345	0.9090909090909091	False
2642	3397	0.8181818181818182	False
2642	2506	0.7272727272727273	False
2642	2147	0.6363636363636364	False
2642	1686	0.5454545454545454	True
2642	2420	0.45454545454545453	False
2642	3127	0.36363636363636365	True
2642	1459	0.2727272727272727	True
2642	1345	0.18181818181818182	True
2642	3592	0.09090909090909091	True
1614	3397	0.9090909090909091	False
1614	3345	0.8181818181818182	False
1614	2147	0.7272727272727273	False
1614	3592	0.6363636363636364	True
1614	2506	0.5454545454545454	False
1614	2420	0.45454545454545453	False
1614	1686	0.36363636363636365	True
1614	3127	0.2727272727272727	True
1614	1257	0.18181818181818182	True
1614	1345	0.09090909090909091	True
5066	3345	0.9090909090909091	False
5066	3397	0.8181818181818182	False
5066	2147	0.7272727272727273	False
5066	2420	0.6363636363636364	False
5066	2506	0.5454545454545454	False
5066	3592	0.45454545454545453	True
5066	1686	0.36363636363636365	True
5066	3127	0.2727272727272727	True
5066	1459	0.18181818181818182	True
5066	1345	0.09090909090909091	True
4606	3345	0.9090909090909091	False
4606	2506	0.8181818181818182	False
4606	3397	0.7272727272727273	False
4606	2147	0.6363636363636364	False
4606	2420	0.5454545454545454	False
4606	1459	0.45454545454545453	True
4606	1686	0.36363636363636365	True
4606	1345	0.2727272727272727	True
4606	1257	0.18181818181818182	True
4606	1666	0.09090909090909091	True
5419	3397	0.9090909090909091	False
5419	3345	0.8181818181818182	False
5419	2147	0.7272727272727273	False
5419	2420	0.6363636363636364	False
5419	2506	0.5454545454545454	False
5419	3592	0.45454545454545453	True
5419	1686	0.36363636363636365	True
5419	1459	0.2727272727272727	True
5419	1345	0.18181818181818182	True
5419	1257	0.09090909090909091	True
2590	3345	0.9090909090909091	False
2590	2506	0.8181818181818182	False
2590	3397	0.7272727272727273	False
2590	3592	0.6363636363636364	True
2590	2420	0.5454545454545454	False
2590	1257	0.45454545454545453	True
2590	2147	0.36363636363636365	False
2590	1686	0.2727272727272727	True
2590	1459	0.18181818181818182	True
2590	1345	0.09090909090909091	True
5496	3345	0.9090909090909091	False
5496	2506	0.8181818181818182	False
5496	3397	0.7272727272727273	False
5496	2147	0.6363636363636364	False
5496	2420	0.5454545454545454	False
5496	3592	0.45454545454545453	True
5496	1459	0.36363636363636365	True
5496	1686	0.2727272727272727	True
5496	1345	0.18181818181818182	True
5496	3127	0.09090909090909091	True
4192	3345	0.9090909090909091	False
4192	2147	0.8181818181818182	False
4192	3397	0.7272727272727273	False
4192	2506	0.6363636363636364	False
4192	2420	0.5454545454545454	False
4192	1459	0.45454545454545453	True
4192	3592	0.36363636363636365	True
4192	1686	0.2727272727272727	True
4192	1666	0.18181818181818182	True
4192	1257	0.09090909090909091	True
653	3345	0.9090909090909091	False
653	3397	0.8181818181818182	False
653	2506	0.7272727272727273	False
653	2147	0.6363636363636364	False
653	2420	0.5454545454545454	False
653	1686	0.45454545454545453	True
653	1459	0.36363636363636365	True
653	1257	0.2727272727272727	True
653	3592	0.18181818181818182	True
653	3127	0.09090909090909091	True
5925	3345	0.9090909090909091	False
5925	3397	0.8181818181818182	False
5925	2506	0.7272727272727273	False
5925	2420	0.6363636363636364	False
5925	1257	0.5454545454545454	True
5925	2147	0.45454545454545453	False
5925	3592	0.36363636363636365	True
5925	1459	0.2727272727272727	True
5925	1686	0.18181818181818182	True
5925	1666	0.09090909090909091	True
5282	3345	0.9090909090909091	False
5282	2506	0.8181818181818182	False
5282	3397	0.7272727272727273	False
5282	2147	0.6363636363636364	False
5282	3592	0.5454545454545454	True
5282	1345	0.45454545454545453	True
5282	3127	0.36363636363636365	True
5282	2420	0.2727272727272727	False
5282	1686	0.18181818181818182	True
5282	1459	0.09090909090909091	True
784	3397	0.9090909090909091	False
784	3345	0.8181818181818182	False
784	2147	0.7272727272727273	False
784	2506	0.6363636363636364	False
784	3592	0.5454545454545454	True
784	1686	0.45454545454545453	True
784	2420	0.36363636363636365	False
784	1459	0.2727272727272727	True
784	1345	0.18181818181818182	True
784	1257	0.09090909090909091	True
4963	2506	0.9090909090909091	False
4963	3345	0.8181818181818182	False
4963	3397	0.7272727272727273	False
4963	2420	0.6363636363636364	False
4963	2147	0.5454545454545454	False
4963	1459	0.45454545454545453	True
4963	1686	0.36363636363636365	True
4963	1257	0.2727272727272727	True
4963	3592	0.18181818181818182	True
4963	1666	0.09090909090909091	True
87	3345	0.9090909090909091	False
87	3397	0.8181818181818182	False
87	2506	0.7272727272727273	False
87	2420	0.6363636363636364	False
87	2147	0.5454545454545454	False
87	3592	0.45454545454545453	True
87	1459	0.36363636363636365	True
87	1257	0.2727272727272727	True
87	1686	0.18181818181818182	True
87	1666	0.09090909090909091	True
933	3345	0.9090909090909091	False
933	3397	0.8181818181818182	False
933	2147	0.7272727272727273	False
933	2506	0.6363636363636364	False
933	2420	0.5454545454545454	False
933	1686	0.45454545454545453	True
933	3592	0.36363636363636365	True
933	3127	0.2727272727272727	True
933	1459	0.18181818181818182	True
933	1345	0.09090909090909091	True
3160	3345	0.9090909090909091	False
3160	3397	0.8181818181818182	False
3160	2506	0.7272727272727273	False
3160	2420	0.6363636363636364	False
3160	2147	0.5454545454545454	False
3160	1459	0.45454545454545453	True
3160	1686	0.36363636363636365	True
3160	1345	0.2727272727272727	True
3160	1666	0.18181818181818182	True
3160	1257	0.09090909090909091	True
3799	3345	0.9090909090909091	False
3799	2506	0.8181818181818182	False
3799	3397	0.7272727272727273	False
3799	2420	0.6363636363636364	False
3799	3592	0.5454545454545454	True
3799	1686	0.45454545454545453	True
3799	2147	0.36363636363636365	False
3799	1257	0.2727272727272727	True
3799	1459	0.18181818181818182	True
3799	1345	0.09090909090909091	True
5880	3345	0.9090909090909091	False
5880	2147	0.8181818181818182	False
5880	3397	0.7272727272727273	False
5880	2420	0.6363636363636364	False
5880	1686	0.5454545454545454	True
5880	2506	0.45454545454545453	False
5880	3592	0.36363636363636365	True
5880	1345	0.2727272727272727	True
5880	1459	0.18181818181818182	True
5880	1257	0.09090909090909091	True
2451	3345	0.9090909090909091	False
2451	2506	0.8181818181818182	False
2451	3397	0.7272727272727273	False
2451	2420	0.6363636363636364	False
2451	2147	0.5454545454545454	False
2451	3592	0.45454545454545453	True
2451	1459	0.36363636363636365	True
2451	1257	0.2727272727272727	True
2451	1686	0.18181818181818182	True
2451	1345	0.09090909090909091	True
2420	3345	0.9090909090909091	False
2420	2506	0.8181818181818182	False
2420	3397	0.7272727272727273	False
2420	2147	0.6363636363636364	False
2420	2420	0.5454545454545454	False
2420	1459	0.45454545454545453	True
2420	3592	0.36363636363636365	True
2420	1686	0.2727272727272727	True
2420	1257	0.18181818181818182	True
2420	1345	0.09090909090909091	True
4789	3345	0.9090909090909091	False
4789	2147	0.8181818181818182	False
4789	2506	0.7272727272727273	False
4789	3397	0.6363636363636364	False
4789	1686	0.5454545454545454	True
4789	2420	0.45454545454545453	False
4789	3592	0.36363636363636365	True
4789	1257	0.2727272727272727	True
4789	1345	0.18181818181818182	True
4789	1459	0.09090909090909091	True
1681	3345	0.9090909090909091	False
1681	2506	0.8181818181818182	False
1681	3397	0.7272727272727273	False
1681	1459	0.6363636363636364	True
1681	2147	0.5454545454545454	False
1681	1686	0.45454545454545453	True
1681	2420	0.36363636363636365	False
1681	1666	0.2727272727272727	True
1681	3592	0.18181818181818182	True
1681	1345	0.09090909090909091	True
