4816	3943	0.9090909090909091	False
4816	3111	0.8181818181818182	False
4816	2590	0.7272727272727273	False
4816	529	0.6363636363636364	False
4816	1897	0.5454545454545454	True
4816	1991	0.45454545454545453	True
4816	780	0.36363636363636365	True
4816	1037	0.2727272727272727	True
4816	1812	0.18181818181818182	True
4816	964	0.09090909090909091	True
3800	3943	0.9090909090909091	False
3800	3111	0.8181818181818182	False
3800	2590	0.7272727272727273	False
3800	529	0.6363636363636364	False
3800	1991	0.5454545454545454	True
3800	2915	0.45454545454545453	True
3800	3243	0.36363636363636365	True
3800	2181	0.2727272727272727	True
3800	3846	0.18181818181818182	False
3800	528	0.09090909090909091	True
1033	3943	0.9090909090909091	False
1033	2590	0.8181818181818182	False
1033	3111	0.7272727272727273	False
1033	529	0.6363636363636364	False
1033	3181	0.5454545454545454	True
1033	1760	0.45454545454545453	True
1033	1007	0.36363636363636365	True
1033	1897	0.2727272727272727	True
1033	2181	0.18181818181818182	True
1033	596	0.09090909090909091	True
267	3943	0.9090909090909091	False
267	2590	0.8181818181818182	False
267	3111	0.7272727272727273	False
267	529	0.6363636363636364	False
267	3243	0.5454545454545454	True
267	3262	0.45454545454545453	True
267	964	0.36363636363636365	True
267	3593	0.2727272727272727	True
267	3846	0.18181818181818182	False
267	3438	0.09090909090909091	True
2631	3943	0.9090909090909091	False
2631	2590	0.8181818181818182	False
2631	529	0.7272727272727273	False
2631	3111	0.6363636363636364	False
2631	780	0.5454545454545454	True
2631	3317	0.45454545454545453	True
2631	3243	0.36363636363636365	True
2631	3438	0.2727272727272727	True
2631	3846	0.18181818181818182	False
2631	1760	0.09090909090909091	True
5432	3111	0.9090909090909091	False
5432	529	0.8181818181818182	False
5432	2590	0.7272727272727273	False
5432	3943	0.6363636363636364	False
5432	596	0.5454545454545454	True
5432	780	0.45454545454545453	True
5432	3438	0.36363636363636365	True
5432	1760	0.2727272727272727	True
5432	1007	0.18181818181818182	True
5432	3639	0.09090909090909091	True
5427	3943	0.9090909090909091	False
5427	2590	0.8181818181818182	False
5427	3111	0.7272727272727273	False
5427	529	0.6363636363636364	False
5427	3243	0.5454545454545454	True
5427	1991	0.45454545454545453	True
5427	1812	0.36363636363636365	True
5427	3846	0.2727272727272727	False
5427	964	0.18181818181818182	True
5427	1037	0.09090909090909091	True
4366	3943	0.9090909090909091	False
4366	3111	0.8181818181818182	False
4366	2590	0.7272727272727273	False
4366	529	0.6363636363636364	False
4366	3243	0.5454545454545454	True
4366	3846	0.45454545454545453	False
4366	1991	0.36363636363636365	True
4366	3417	0.2727272727272727	True
4366	3262	0.18181818181818182	True
4366	3726	0.09090909090909091	True
3377	3943	0.9090909090909091	False
3377	2590	0.8181818181818182	False
3377	3111	0.7272727272727273	False
3377	529	0.6363636363636364	False
3377	3846	0.5454545454545454	False
3377	3726	0.45454545454545453	True
3377	881	0.36363636363636365	True
3377	3243	0.2727272727272727	True
3377	3593	0.18181818181818182	True
3377	1619	0.09090909090909091	True
4723	3943	0.9090909090909091	False
4723	2590	0.8181818181818182	False
4723	3111	0.7272727272727273	False
4723	529	0.6363636363636364	False
4723	3317	0.5454545454545454	True
4723	780	0.45454545454545453	True
4723	2915	0.36363636363636365	True
4723	2181	0.2727272727272727	True
4723	1897	0.18181818181818182	True
4723	964	0.09090909090909091	True
1267	3943	0.9090909090909091	False
1267	2590	0.8181818181818182	False
1267	529	0.7272727272727273	False
1267	3111	0.6363636363636364	False
1267	964	0.5454545454545454	True
1267	3243	0.45454545454545453	True
1267	3846	0.36363636363636365	False
1267	2181	0.2727272727272727	True
1267	780	0.18181818181818182	True
1267	1037	0.09090909090909091	True
895	3943	0.9090909090909091	False
895	2590	0.8181818181818182	False
895	3111	0.7272727272727273	False
895	529	0.6363636363636364	False
895	3846	0.5454545454545454	False
895	528	0.45454545454545453	True
895	3593	0.36363636363636365	True
895	3243	0.2727272727272727	True
895	3417	0.18181818181818182	True
895	2420	0.09090909090909091	True
4368	3943	0.9090909090909091	False
4368	2590	0.8181818181818182	False
4368	529	0.7272727272727273	False
4368	3111	0.6363636363636364	False
4368	710	0.5454545454545454	True
4368	3417	0.45454545454545453	True
4368	964	0.36363636363636365	True
4368	3846	0.2727272727272727	False
4368	3593	0.18181818181818182	True
4368	528	0.09090909090909091	True
1592	3943	0.9090909090909091	False
1592	2590	0.8181818181818182	False
1592	3111	0.7272727272727273	False
1592	529	0.6363636363636364	False
1592	3417	0.5454545454545454	True
1592	3846	0.45454545454545453	False
1592	3726	0.36363636363636365	True
1592	3243	0.2727272727272727	True
1592	3262	0.18181818181818182	True
1592	3593	0.09090909090909091	True
1196	3943	0.9090909090909091	False
1196	2590	0.8181818181818182	False
1196	3111	0.7272727272727273	False
1196	529	0.6363636363636364	False
1196	1991	0.5454545454545454	True
1196	673	0.45454545454545453	True
1196	1812	0.36363636363636365	True
1196	1897	0.2727272727272727	True
1196	964	0.18181818181818182	True
1196	3846	0.09090909090909091	False
4651	3943	0.9090909090909091	False
4651	2590	0.8181818181818182	False
4651	3111	0.7272727272727273	False
4651	529	0.6363636363636364	False
4651	3593	0.5454545454545454	True
4651	710	0.45454545454545453	True
4651	1991	0.36363636363636365	True
4651	3317	0.2727272727272727	True
4651	673	0.18181818181818182	True
4651	3259	0.09090909090909091	True
4895	2590	0.9090909090909091	False
4895	3111	0.8181818181818182	False
4895	3943	0.7272727272727273	False
4895	529	0.6363636363636364	False
4895	1991	0.5454545454545454	True
4895	3167	0.45454545454545453	True
4895	3259	0.36363636363636365	True
4895	3243	0.2727272727272727	True
4895	3846	0.18181818181818182	False
4895	3593	0.09090909090909091	True
2436	3111	0.9090909090909091	False
2436	2590	0.8181818181818182	False
2436	3943	0.7272727272727273	False
2436	529	0.6363636363636364	False
2436	3438	0.5454545454545454	True
2436	2915	0.45454545454545453	True
2436	3317	0.36363636363636365	True
2436	1007	0.2727272727272727	True
2436	3243	0.18181818181818182	True
2436	1991	0.09090909090909091	True
5023	3111	0.9090909090909091	False
5023	2590	0.8181818181818182	False
5023	3943	0.7272727272727273	False
5023	529	0.6363636363636364	False
5023	3846	0.5454545454545454	False
5023	3438	0.45454545454545453	True
5023	1619	0.36363636363636365	True
5023	2181	0.2727272727272727	True
5023	1897	0.18181818181818182	True
5023	1007	0.09090909090909091	True
601	3943	0.9090909090909091	False
601	2590	0.8181818181818182	False
601	3111	0.7272727272727273	False
601	529	0.6363636363636364	False
601	3846	0.5454545454545454	False
601	2181	0.45454545454545453	True
601	596	0.36363636363636365	True
601	1619	0.2727272727272727	True
601	2915	0.18181818181818182	True
601	3593	0.09090909090909091	True
5484	2590	0.9090909090909091	False
5484	3111	0.8181818181818182	False
5484	3943	0.7272727272727273	False
5484	529	0.6363636363636364	False
5484	2915	0.5454545454545454	True
5484	3846	0.45454545454545453	False
5484	3317	0.36363636363636365	True
5484	1760	0.2727272727272727	True
5484	710	0.18181818181818182	True
5484	1991	0.09090909090909091	True
2807	3943	0.9090909090909091	False
2807	3111	0.8181818181818182	False
2807	2590	0.7272727272727273	False
2807	529	0.6363636363636364	False
2807	1991	0.5454545454545454	True
2807	3846	0.45454545454545453	False
2807	710	0.36363636363636365	True
2807	673	0.2727272727272727	True
2807	1812	0.18181818181818182	True
2807	1760	0.09090909090909091	True
5704	3943	0.9090909090909091	False
5704	3111	0.8181818181818182	False
5704	2590	0.7272727272727273	False
5704	529	0.6363636363636364	False
5704	2915	0.5454545454545454	True
5704	3846	0.45454545454545453	False
5704	596	0.36363636363636365	True
5704	3438	0.2727272727272727	True
5704	3243	0.18181818181818182	True
5704	3417	0.09090909090909091	True
1186	2590	0.9090909090909091	False
1186	3943	0.8181818181818182	False
1186	3111	0.7272727272727273	False
1186	529	0.6363636363636364	False
1186	3181	0.5454545454545454	True
1186	1991	0.45454545454545453	True
1186	3259	0.36363636363636365	True
1186	710	0.2727272727272727	True
1186	3846	0.18181818181818182	False
1186	964	0.09090909090909091	True
4476	2590	0.9090909090909091	False
4476	3111	0.8181818181818182	False
4476	3943	0.7272727272727273	False
4476	529	0.6363636363636364	False
4476	3846	0.5454545454545454	False
4476	3438	0.45454545454545453	True
4476	3417	0.36363636363636365	True
4476	3593	0.2727272727272727	True
4476	1619	0.18181818181818182	True
4476	3243	0.09090909090909091	True
3305	3943	0.9090909090909091	False
3305	2590	0.8181818181818182	False
3305	529	0.7272727272727273	False
3305	3111	0.6363636363636364	False
3305	1991	0.5454545454545454	True
3305	3243	0.45454545454545453	True
3305	3593	0.36363636363636365	True
3305	964	0.2727272727272727	True
3305	3846	0.18181818181818182	False
3305	2940	0.09090909090909091	True
2423	3943	0.9090909090909091	False
2423	2590	0.8181818181818182	False
2423	3111	0.7272727272727273	False
2423	529	0.6363636363636364	False
2423	3417	0.5454545454545454	True
2423	2181	0.45454545454545453	True
2423	1812	0.36363636363636365	True
2423	2956	0.2727272727272727	True
2423	964	0.18181818181818182	True
2423	3181	0.09090909090909091	True
5205	2590	0.9090909090909091	False
5205	3943	0.8181818181818182	False
5205	3111	0.7272727272727273	False
5205	529	0.6363636363636364	False
5205	3317	0.5454545454545454	True
5205	1991	0.45454545454545453	True
5205	710	0.36363636363636365	True
5205	3593	0.2727272727272727	True
5205	3243	0.18181818181818182	True
5205	780	0.09090909090909091	True
3363	3943	0.9090909090909091	False
3363	3111	0.8181818181818182	False
3363	2590	0.7272727272727273	False
3363	529	0.6363636363636364	False
3363	3593	0.5454545454545454	True
3363	710	0.45454545454545453	True
3363	1619	0.36363636363636365	True
3363	528	0.2727272727272727	True
3363	3846	0.18181818181818182	False
3363	596	0.09090909090909091	True
595	2590	0.9090909090909091	False
595	3111	0.8181818181818182	False
595	3943	0.7272727272727273	False
595	529	0.6363636363636364	False
595	1991	0.5454545454545454	True
595	3259	0.45454545454545453	True
595	710	0.36363636363636365	True
595	3593	0.2727272727272727	True
595	3846	0.18181818181818182	False
595	95	0.09090909090909091	True
3998	3943	0.9090909090909091	False
3998	2590	0.8181818181818182	False
3998	3111	0.7272727272727273	False
3998	529	0.6363636363636364	False
3998	3593	0.5454545454545454	True
3998	3317	0.45454545454545453	True
3998	3846	0.36363636363636365	False
3998	3438	0.2727272727272727	True
3998	780	0.18181818181818182	True
3998	1991	0.09090909090909091	True
5524	2590	0.9090909090909091	False
5524	3943	0.8181818181818182	False
5524	3111	0.7272727272727273	False
5524	529	0.6363636363636364	False
5524	3846	0.5454545454545454	False
5524	710	0.45454545454545453	True
5524	3243	0.36363636363636365	True
5524	964	0.2727272727272727	True
5524	3593	0.18181818181818182	True
5524	3417	0.09090909090909091	True
4728	3943	0.9090909090909091	False
4728	2590	0.8181818181818182	False
4728	3111	0.7272727272727273	False
4728	529	0.6363636363636364	False
4728	964	0.5454545454545454	True
4728	3243	0.45454545454545453	True
4728	3846	0.36363636363636365	False
4728	2181	0.2727272727272727	True
4728	528	0.18181818181818182	True
4728	3438	0.09090909090909091	True
5883	2590	0.9090909090909091	False
5883	3943	0.8181818181818182	False
5883	3111	0.7272727272727273	False
5883	529	0.6363636363636364	False
5883	2181	0.5454545454545454	True
5883	1991	0.45454545454545453	True
5883	3846	0.36363636363636365	False
5883	2915	0.2727272727272727	True
5883	3417	0.18181818181818182	True
5883	3438	0.09090909090909091	True
2065	2590	0.9090909090909091	False
2065	3943	0.8181818181818182	False
2065	3111	0.7272727272727273	False
2065	529	0.6363636363636364	False
2065	1007	0.5454545454545454	True
2065	3181	0.45454545454545453	True
2065	2915	0.36363636363636365	True
2065	3846	0.2727272727272727	False
2065	596	0.18181818181818182	True
2065	1760	0.09090909090909091	True
3994	3943	0.9090909090909091	False
3994	529	0.8181818181818182	False
3994	2590	0.7272727272727273	False
3994	3111	0.6363636363636364	False
3994	3417	0.5454545454545454	True
3994	3438	0.45454545454545453	True
3994	1760	0.36363636363636365	True
3994	3846	0.2727272727272727	False
3994	2181	0.18181818181818182	True
3994	596	0.09090909090909091	True
2479	3943	0.9090909090909091	False
2479	2590	0.8181818181818182	False
2479	3111	0.7272727272727273	False
2479	529	0.6363636363636364	False
2479	3593	0.5454545454545454	True
2479	3846	0.45454545454545453	False
2479	964	0.36363636363636365	True
2479	3417	0.2727272727272727	True
2479	710	0.18181818181818182	True
2479	3243	0.09090909090909091	True
3665	2590	0.9090909090909091	False
3665	3943	0.8181818181818182	False
3665	3111	0.7272727272727273	False
3665	529	0.6363636363636364	False
3665	3417	0.5454545454545454	True
3665	3846	0.45454545454545453	False
3665	3438	0.36363636363636365	True
3665	710	0.2727272727272727	True
3665	2181	0.18181818181818182	True
3665	1760	0.09090909090909091	True
2278	3943	0.9090909090909091	False
2278	3111	0.8181818181818182	False
2278	2590	0.7272727272727273	False
2278	529	0.6363636363636364	False
2278	3593	0.5454545454545454	True
2278	3846	0.45454545454545453	False
2278	3726	0.36363636363636365	True
2278	3243	0.2727272727272727	True
2278	710	0.18181818181818182	True
2278	1619	0.09090909090909091	True
4138	3111	0.9090909090909091	False
4138	3943	0.8181818181818182	False
4138	2590	0.7272727272727273	False
4138	529	0.6363636363636364	False
4138	1991	0.5454545454545454	True
4138	1760	0.45454545454545453	True
4138	528	0.36363636363636365	True
4138	1812	0.2727272727272727	True
4138	3593	0.18181818181818182	True
4138	95	0.09090909090909091	True
121	2590	0.9090909090909091	False
121	3943	0.8181818181818182	False
121	3111	0.7272727272727273	False
121	529	0.6363636363636364	False
121	964	0.5454545454545454	True
121	3438	0.45454545454545453	True
121	3846	0.36363636363636365	False
121	3243	0.2727272727272727	True
121	780	0.18181818181818182	True
121	3317	0.09090909090909091	True
4116	3943	0.9090909090909091	False
4116	3111	0.8181818181818182	False
4116	2590	0.7272727272727273	False
4116	529	0.6363636363636364	False
4116	3846	0.5454545454545454	False
4116	3726	0.45454545454545453	True
4116	3593	0.36363636363636365	True
4116	964	0.2727272727272727	True
4116	3243	0.18181818181818182	True
4116	3134	0.09090909090909091	True
3237	3943	0.9090909090909091	False
3237	3111	0.8181818181818182	False
3237	2590	0.7272727272727273	False
3237	529	0.6363636363636364	False
3237	964	0.5454545454545454	True
3237	3243	0.45454545454545453	True
3237	3593	0.36363636363636365	True
3237	1897	0.2727272727272727	True
3237	3846	0.18181818181818182	False
3237	1627	0.09090909090909091	True
1463	3943	0.9090909090909091	False
1463	2590	0.8181818181818182	False
1463	3111	0.7272727272727273	False
1463	529	0.6363636363636364	False
1463	3243	0.5454545454545454	True
1463	3593	0.45454545454545453	True
1463	3846	0.36363636363636365	False
1463	3317	0.2727272727272727	True
1463	3262	0.18181818181818182	True
1463	2181	0.09090909090909091	True
2918	3943	0.9090909090909091	False
2918	2590	0.8181818181818182	False
2918	3111	0.7272727272727273	False
2918	529	0.6363636363636364	False
2918	3846	0.5454545454545454	False
2918	3593	0.45454545454545453	True
2918	3181	0.36363636363636365	True
2918	3243	0.2727272727272727	True
2918	3259	0.18181818181818182	True
2918	1619	0.09090909090909091	True
4491	2590	0.9090909090909091	False
4491	3943	0.8181818181818182	False
4491	3111	0.7272727272727273	False
4491	529	0.6363636363636364	False
4491	3317	0.5454545454545454	True
4491	3243	0.45454545454545453	True
4491	1991	0.36363636363636365	True
4491	3846	0.2727272727272727	False
4491	780	0.18181818181818182	True
4491	1037	0.09090909090909091	True
4580	3943	0.9090909090909091	False
4580	2590	0.8181818181818182	False
4580	3111	0.7272727272727273	False
4580	529	0.6363636363636364	False
4580	3846	0.5454545454545454	False
4580	710	0.45454545454545453	True
4580	3726	0.36363636363636365	True
4580	3417	0.2727272727272727	True
4580	964	0.18181818181818182	True
4580	3243	0.09090909090909091	True
1007	3943	0.9090909090909091	False
1007	2590	0.8181818181818182	False
1007	529	0.7272727272727273	False
1007	3111	0.6363636363636364	False
1007	3317	0.5454545454545454	True
1007	1991	0.45454545454545453	True
1007	3243	0.36363636363636365	True
1007	3846	0.2727272727272727	False
1007	3593	0.18181818181818182	True
1007	3262	0.09090909090909091	True
2447	3943	0.9090909090909091	False
2447	2590	0.8181818181818182	False
2447	529	0.7272727272727273	False
2447	3111	0.6363636363636364	False
2447	964	0.5454545454545454	True
2447	1991	0.45454545454545453	True
2447	1812	0.36363636363636365	True
2447	2181	0.2727272727272727	True
2447	3846	0.18181818181818182	False
2447	3417	0.09090909090909091	True
5811	2590	0.9090909090909091	False
5811	3943	0.8181818181818182	False
5811	529	0.7272727272727273	False
5811	3111	0.6363636363636364	False
5811	1619	0.5454545454545454	True
5811	3846	0.45454545454545453	False
5811	710	0.36363636363636365	True
5811	1991	0.2727272727272727	True
5811	3593	0.18181818181818182	True
5811	3417	0.09090909090909091	True
6003	3111	0.9090909090909091	False
6003	3943	0.8181818181818182	False
6003	2590	0.7272727272727273	False
6003	529	0.6363636363636364	False
6003	673	0.5454545454545454	True
6003	3818	0.45454545454545453	True
6003	3417	0.36363636363636365	True
6003	3593	0.2727272727272727	True
6003	3243	0.18181818181818182	True
6003	3259	0.09090909090909091	True
704	3943	0.9090909090909091	False
704	2590	0.8181818181818182	False
704	529	0.7272727272727273	False
704	3111	0.6363636363636364	False
704	964	0.5454545454545454	True
704	3846	0.45454545454545453	False
704	3593	0.36363636363636365	True
704	3243	0.2727272727272727	True
704	710	0.18181818181818182	True
704	2940	0.09090909090909091	True
2341	3943	0.9090909090909091	False
2341	2590	0.8181818181818182	False
2341	3111	0.7272727272727273	False
2341	529	0.6363636363636364	False
2341	1037	0.5454545454545454	True
2341	3417	0.45454545454545453	True
2341	3846	0.36363636363636365	False
2341	3438	0.2727272727272727	True
2341	964	0.18181818181818182	True
2341	3317	0.09090909090909091	True
223	3943	0.9090909090909091	False
223	3111	0.8181818181818182	False
223	2590	0.7272727272727273	False
223	529	0.6363636363636364	False
223	3243	0.5454545454545454	True
223	3593	0.45454545454545453	True
223	3417	0.36363636363636365	True
223	3846	0.2727272727272727	False
223	3262	0.18181818181818182	True
223	964	0.09090909090909091	True
3594	3943	0.9090909090909091	False
3594	3111	0.8181818181818182	False
3594	2590	0.7272727272727273	False
3594	529	0.6363636363636364	False
3594	3317	0.5454545454545454	True
3594	3593	0.45454545454545453	True
3594	3243	0.36363636363636365	True
3594	964	0.2727272727272727	True
3594	2181	0.18181818181818182	True
3594	1018	0.09090909090909091	True
5508	3943	0.9090909090909091	False
5508	2590	0.8181818181818182	False
5508	3111	0.7272727272727273	False
5508	529	0.6363636363636364	False
5508	3593	0.5454545454545454	True
5508	3243	0.45454545454545453	True
5508	710	0.36363636363636365	True
5508	3846	0.2727272727272727	False
5508	964	0.18181818181818182	True
5508	3726	0.09090909090909091	True
1236	2590	0.9090909090909091	False
1236	3943	0.8181818181818182	False
1236	3111	0.7272727272727273	False
1236	529	0.6363636363636364	False
1236	3417	0.5454545454545454	True
1236	3438	0.45454545454545453	True
1236	3846	0.36363636363636365	False
1236	1619	0.2727272727272727	True
1236	3259	0.18181818181818182	True
1236	1991	0.09090909090909091	True
2524	3943	0.9090909090909091	False
2524	3111	0.8181818181818182	False
2524	2590	0.7272727272727273	False
2524	529	0.6363636363636364	False
2524	3417	0.5454545454545454	True
2524	3438	0.45454545454545453	True
2524	3593	0.36363636363636365	True
2524	3846	0.2727272727272727	False
2524	1037	0.18181818181818182	True
2524	1619	0.09090909090909091	True
2611	2590	0.9090909090909091	False
2611	3943	0.8181818181818182	False
2611	3111	0.7272727272727273	False
2611	529	0.6363636363636364	False
2611	3846	0.5454545454545454	False
2611	3417	0.45454545454545453	True
2611	3438	0.36363636363636365	True
2611	2181	0.2727272727272727	True
2611	1991	0.18181818181818182	True
2611	1619	0.09090909090909091	True
5768	2590	0.9090909090909091	False
5768	3111	0.8181818181818182	False
5768	3943	0.7272727272727273	False
5768	529	0.6363636363636364	False
5768	3243	0.5454545454545454	True
5768	3846	0.45454545454545453	False
5768	3593	0.36363636363636365	True
5768	3438	0.2727272727272727	True
5768	2181	0.18181818181818182	True
5768	596	0.09090909090909091	True
4481	3943	0.9090909090909091	False
4481	2590	0.8181818181818182	False
4481	3111	0.7272727272727273	False
4481	529	0.6363636363636364	False
4481	1897	0.5454545454545454	True
4481	1619	0.45454545454545453	True
4481	3846	0.36363636363636365	False
4481	3593	0.2727272727272727	True
4481	780	0.18181818181818182	True
4481	1760	0.09090909090909091	True
1839	3943	0.9090909090909091	False
1839	2590	0.8181818181818182	False
1839	3111	0.7272727272727273	False
1839	529	0.6363636363636364	False
1839	3317	0.5454545454545454	True
1839	3181	0.45454545454545453	True
1839	3818	0.36363636363636365	True
1839	780	0.2727272727272727	True
1839	1991	0.18181818181818182	True
1839	2915	0.09090909090909091	True
303	3943	0.9090909090909091	False
303	2590	0.8181818181818182	False
303	3111	0.7272727272727273	False
303	529	0.6363636363636364	False
303	3846	0.5454545454545454	False
303	3243	0.45454545454545453	True
303	3726	0.36363636363636365	True
303	3262	0.2727272727272727	True
303	964	0.18181818181818182	True
303	3593	0.09090909090909091	True
4479	3943	0.9090909090909091	False
4479	3111	0.8181818181818182	False
4479	2590	0.7272727272727273	False
4479	529	0.6363636363636364	False
4479	3243	0.5454545454545454	True
4479	528	0.45454545454545453	True
4479	596	0.36363636363636365	True
4479	3593	0.2727272727272727	True
4479	780	0.18181818181818182	True
4479	3417	0.09090909090909091	True
923	3943	0.9090909090909091	False
923	2590	0.8181818181818182	False
923	3111	0.7272727272727273	False
923	529	0.6363636363636364	False
923	3181	0.5454545454545454	True
923	964	0.45454545454545453	True
923	710	0.36363636363636365	True
923	3134	0.2727272727272727	True
923	3243	0.18181818181818182	True
923	3259	0.09090909090909091	True
5421	3943	0.9090909090909091	False
5421	2590	0.8181818181818182	False
5421	529	0.7272727272727273	False
5421	3111	0.6363636363636364	False
5421	3417	0.5454545454545454	True
5421	3846	0.45454545454545453	False
5421	964	0.36363636363636365	True
5421	1619	0.2727272727272727	True
5421	710	0.18181818181818182	True
5421	3593	0.09090909090909091	True
3460	3943	0.9090909090909091	False
3460	2590	0.8181818181818182	False
3460	529	0.7272727272727273	False
3460	3111	0.6363636363636364	False
3460	3243	0.5454545454545454	True
3460	964	0.45454545454545453	True
3460	3593	0.36363636363636365	True
3460	1991	0.2727272727272727	True
3460	780	0.18181818181818182	True
3460	1812	0.09090909090909091	True
5810	2590	0.9090909090909091	False
5810	3943	0.8181818181818182	False
5810	529	0.7272727272727273	False
5810	3111	0.6363636363636364	False
5810	3243	0.5454545454545454	True
5810	710	0.45454545454545453	True
5810	780	0.36363636363636365	True
5810	3846	0.2727272727272727	False
5810	964	0.18181818181818182	True
5810	1991	0.09090909090909091	True
5975	3943	0.9090909090909091	False
5975	3111	0.8181818181818182	False
5975	2590	0.7272727272727273	False
5975	529	0.6363636363636364	False
5975	3262	0.5454545454545454	True
5975	3846	0.45454545454545453	False
5975	3243	0.36363636363636365	True
5975	964	0.2727272727272727	True
5975	1897	0.18181818181818182	True
5975	3726	0.09090909090909091	True
1247	2590	0.9090909090909091	False
1247	3943	0.8181818181818182	False
1247	3111	0.7272727272727273	False
1247	529	0.6363636363636364	False
1247	3243	0.5454545454545454	True
1247	3726	0.45454545454545453	True
1247	3846	0.36363636363636365	False
1247	964	0.2727272727272727	True
1247	780	0.18181818181818182	True
1247	3527	0.09090909090909091	True
4822	3943	0.9090909090909091	False
4822	2590	0.8181818181818182	False
4822	3111	0.7272727272727273	False
4822	529	0.6363636363636364	False
4822	3846	0.5454545454545454	False
4822	3317	0.45454545454545453	True
4822	3243	0.36363636363636365	True
4822	1007	0.2727272727272727	True
4822	3726	0.18181818181818182	True
4822	3417	0.09090909090909091	True
960	3943	0.9090909090909091	False
960	2590	0.8181818181818182	False
960	3111	0.7272727272727273	False
960	529	0.6363636363636364	False
960	3846	0.5454545454545454	False
960	2181	0.45454545454545453	True
960	596	0.36363636363636365	True
960	2915	0.2727272727272727	True
960	964	0.18181818181818182	True
960	3417	0.09090909090909091	True
4890	3943	0.9090909090909091	False
4890	2590	0.8181818181818182	False
4890	3111	0.7272727272727273	False
4890	529	0.6363636363636364	False
4890	3181	0.5454545454545454	True
4890	3593	0.45454545454545453	True
4890	964	0.36363636363636365	True
4890	3846	0.2727272727272727	False
4890	710	0.18181818181818182	True
4890	1760	0.09090909090909091	True
5765	2590	0.9090909090909091	False
5765	3943	0.8181818181818182	False
5765	3111	0.7272727272727273	False
5765	529	0.6363636363636364	False
5765	1991	0.5454545454545454	True
5765	528	0.45454545454545453	True
5765	3846	0.36363636363636365	False
5765	3417	0.2727272727272727	True
5765	3438	0.18181818181818182	True
5765	3818	0.09090909090909091	True
5387	2590	0.9090909090909091	False
5387	3111	0.8181818181818182	False
5387	3943	0.7272727272727273	False
5387	529	0.6363636363636364	False
5387	3181	0.5454545454545454	True
5387	1760	0.45454545454545453	True
5387	3846	0.36363636363636365	False
5387	3243	0.2727272727272727	True
5387	964	0.18181818181818182	True
5387	1619	0.09090909090909091	True
3015	3943	0.9090909090909091	False
3015	2590	0.8181818181818182	False
3015	3111	0.7272727272727273	False
3015	529	0.6363636363636364	False
3015	3317	0.5454545454545454	True
3015	3593	0.45454545454545453	True
3015	1037	0.36363636363636365	True
3015	596	0.2727272727272727	True
3015	3219	0.18181818181818182	True
3015	2956	0.09090909090909091	True
5623	3943	0.9090909090909091	False
5623	2590	0.8181818181818182	False
5623	3111	0.7272727272727273	False
5623	529	0.6363636363636364	False
5623	3243	0.5454545454545454	True
5623	964	0.45454545454545453	True
5623	1037	0.36363636363636365	True
5623	3846	0.2727272727272727	False
5623	3593	0.18181818181818182	True
5623	780	0.09090909090909091	True
3507	2590	0.9090909090909091	False
3507	3943	0.8181818181818182	False
3507	3111	0.7272727272727273	False
3507	529	0.6363636363636364	False
3507	3846	0.5454545454545454	False
3507	3243	0.45454545454545453	True
3507	3317	0.36363636363636365	True
3507	3593	0.2727272727272727	True
3507	964	0.18181818181818182	True
3507	3181	0.09090909090909091	True
2481	2590	0.9090909090909091	False
2481	3943	0.8181818181818182	False
2481	3111	0.7272727272727273	False
2481	529	0.6363636363636364	False
2481	3846	0.5454545454545454	False
2481	3181	0.45454545454545453	True
2481	3593	0.36363636363636365	True
2481	964	0.2727272727272727	True
2481	1760	0.18181818181818182	True
2481	3726	0.09090909090909091	True
3209	3943	0.9090909090909091	False
3209	2590	0.8181818181818182	False
3209	3111	0.7272727272727273	False
3209	529	0.6363636363636364	False
3209	1991	0.5454545454545454	True
3209	3181	0.45454545454545453	True
3209	673	0.36363636363636365	True
3209	3818	0.2727272727272727	True
3209	3593	0.18181818181818182	True
3209	1812	0.09090909090909091	True
1542	2590	0.9090909090909091	False
1542	3943	0.8181818181818182	False
1542	3111	0.7272727272727273	False
1542	529	0.6363636363636364	False
1542	1991	0.5454545454545454	True
1542	2181	0.45454545454545453	True
1542	3417	0.36363636363636365	True
1542	3317	0.2727272727272727	True
1542	710	0.18181818181818182	True
1542	1018	0.09090909090909091	True
1159	3111	0.9090909090909091	False
1159	3943	0.8181818181818182	False
1159	2590	0.7272727272727273	False
1159	529	0.6363636363636364	False
1159	3243	0.5454545454545454	True
1159	3593	0.45454545454545453	True
1159	780	0.36363636363636365	True
1159	596	0.2727272727272727	True
1159	964	0.18181818181818182	True
1159	3438	0.09090909090909091	True
109	3943	0.9090909090909091	False
109	2590	0.8181818181818182	False
109	3111	0.7272727272727273	False
109	529	0.6363636363636364	False
109	3243	0.5454545454545454	True
109	964	0.45454545454545453	True
109	3846	0.36363636363636365	False
109	3593	0.2727272727272727	True
109	780	0.18181818181818182	True
109	3438	0.09090909090909091	True
5542	3943	0.9090909090909091	False
5542	3111	0.8181818181818182	False
5542	2590	0.7272727272727273	False
5542	529	0.6363636363636364	False
5542	3846	0.5454545454545454	False
5542	3243	0.45454545454545453	True
5542	1991	0.36363636363636365	True
5542	2915	0.2727272727272727	True
5542	3593	0.18181818181818182	True
5542	1037	0.09090909090909091	True
3611	3943	0.9090909090909091	False
3611	3111	0.8181818181818182	False
3611	2590	0.7272727272727273	False
3611	529	0.6363636363636364	False
3611	3181	0.5454545454545454	True
3611	3846	0.45454545454545453	False
3611	3593	0.36363636363636365	True
3611	964	0.2727272727272727	True
3611	3389	0.18181818181818182	True
3611	710	0.09090909090909091	True
5029	2590	0.9090909090909091	False
5029	3943	0.8181818181818182	False
5029	3111	0.7272727272727273	False
5029	529	0.6363636363636364	False
5029	1760	0.5454545454545454	True
5029	1991	0.45454545454545453	True
5029	3243	0.36363636363636365	True
5029	3846	0.2727272727272727	False
5029	596	0.18181818181818182	True
5029	3317	0.09090909090909091	True
4098	3943	0.9090909090909091	False
4098	3111	0.8181818181818182	False
4098	2590	0.7272727272727273	False
4098	529	0.6363636363636364	False
4098	3417	0.5454545454545454	True
4098	3243	0.45454545454545453	True
4098	2181	0.36363636363636365	True
4098	3846	0.2727272727272727	False
4098	528	0.18181818181818182	True
4098	3262	0.09090909090909091	True
3653	2590	0.9090909090909091	False
3653	3943	0.8181818181818182	False
3653	3111	0.7272727272727273	False
3653	529	0.6363636363636364	False
3653	1991	0.5454545454545454	True
3653	3593	0.45454545454545453	True
3653	3846	0.36363636363636365	False
3653	710	0.2727272727272727	True
3653	1619	0.18181818181818182	True
3653	3417	0.09090909090909091	True
1693	3943	0.9090909090909091	False
1693	2590	0.8181818181818182	False
1693	3111	0.7272727272727273	False
1693	529	0.6363636363636364	False
1693	3417	0.5454545454545454	True
1693	3317	0.45454545454545453	True
1693	2915	0.36363636363636365	True
1693	2181	0.2727272727272727	True
1693	3846	0.18181818181818182	False
1693	3438	0.09090909090909091	True
5290	3943	0.9090909090909091	False
5290	2590	0.8181818181818182	False
5290	3111	0.7272727272727273	False
5290	529	0.6363636363636364	False
5290	3243	0.5454545454545454	True
5290	3593	0.45454545454545453	True
5290	3846	0.36363636363636365	False
5290	710	0.2727272727272727	True
5290	964	0.18181818181818182	True
5290	1760	0.09090909090909091	True
5364	3111	0.9090909090909091	False
5364	2590	0.8181818181818182	False
5364	3943	0.7272727272727273	False
5364	529	0.6363636363636364	False
5364	3243	0.5454545454545454	True
5364	1812	0.45454545454545453	True
5364	964	0.36363636363636365	True
5364	3593	0.2727272727272727	True
5364	1619	0.18181818181818182	True
5364	710	0.09090909090909091	True
1252	2590	0.9090909090909091	False
1252	3943	0.8181818181818182	False
1252	3111	0.7272727272727273	False
1252	529	0.6363636363636364	False
1252	1991	0.5454545454545454	True
1252	3846	0.45454545454545453	False
1252	3593	0.36363636363636365	True
1252	1760	0.2727272727272727	True
1252	3317	0.18181818181818182	True
1252	2915	0.09090909090909091	True
3899	3111	0.9090909090909091	False
3899	3943	0.8181818181818182	False
3899	2590	0.7272727272727273	False
3899	529	0.6363636363636364	False
3899	3259	0.5454545454545454	True
3899	673	0.45454545454545453	True
3899	278	0.36363636363636365	True
3899	710	0.2727272727272727	True
3899	3181	0.18181818181818182	True
3899	3134	0.09090909090909091	True
2053	3111	0.9090909090909091	False
2053	3943	0.8181818181818182	False
2053	2590	0.7272727272727273	False
2053	529	0.6363636363636364	False
2053	3726	0.5454545454545454	True
2053	3846	0.45454545454545453	False
2053	2915	0.36363636363636365	True
2053	3243	0.2727272727272727	True
2053	3438	0.18181818181818182	True
2053	3134	0.09090909090909091	True
4790	3943	0.9090909090909091	False
4790	2590	0.8181818181818182	False
4790	3111	0.7272727272727273	False
4790	529	0.6363636363636364	False
4790	710	0.5454545454545454	True
4790	3417	0.45454545454545453	True
4790	3846	0.36363636363636365	False
4790	964	0.2727272727272727	True
4790	596	0.18181818181818182	True
4790	3243	0.09090909090909091	True
273	3111	0.9090909090909091	False
273	3943	0.8181818181818182	False
273	2590	0.7272727272727273	False
273	529	0.6363636363636364	False
273	3243	0.5454545454545454	True
273	3846	0.45454545454545453	False
273	3417	0.36363636363636365	True
273	1897	0.2727272727272727	True
273	964	0.18181818181818182	True
273	1619	0.09090909090909091	True
3102	3943	0.9090909090909091	False
3102	2590	0.8181818181818182	False
3102	3111	0.7272727272727273	False
3102	529	0.6363636363636364	False
3102	3846	0.5454545454545454	False
3102	964	0.45454545454545453	True
3102	3262	0.36363636363636365	True
3102	3243	0.2727272727272727	True
3102	3726	0.18181818181818182	True
3102	2181	0.09090909090909091	True
4160	3111	0.9090909090909091	False
4160	3943	0.8181818181818182	False
4160	2590	0.7272727272727273	False
4160	529	0.6363636363636364	False
4160	3243	0.5454545454545454	True
4160	3846	0.45454545454545453	False
4160	3593	0.36363636363636365	True
4160	964	0.2727272727272727	True
4160	1619	0.18181818181818182	True
4160	2181	0.09090909090909091	True
2409	2590	0.9090909090909091	False
2409	3943	0.8181818181818182	False
2409	3111	0.7272727272727273	False
2409	529	0.6363636363636364	False
2409	710	0.5454545454545454	True
2409	3846	0.45454545454545453	False
2409	3134	0.36363636363636365	True
2409	3181	0.2727272727272727	True
2409	3417	0.18181818181818182	True
2409	1991	0.09090909090909091	True
