361	351	0.9090909090909091	True
361	831	0.8181818181818182	False
361	2080	0.7272727272727273	False
361	429	0.6363636363636364	False
361	2047	0.5454545454545454	True
361	88	0.45454545454545453	True
361	1199	0.36363636363636365	True
361	515	0.2727272727272727	False
361	1535	0.18181818181818182	False
361	43	0.09090909090909091	True
5456	3590	0.9090909090909091	True
5456	1535	0.8181818181818182	False
5456	831	0.7272727272727273	False
5456	429	0.6363636363636364	False
5456	515	0.5454545454545454	False
5456	2080	0.45454545454545453	False
5456	88	0.36363636363636365	True
5456	2047	0.2727272727272727	True
5456	2529	0.18181818181818182	True
5456	351	0.09090909090909091	True
3713	2047	0.9090909090909091	True
3713	351	0.8181818181818182	True
3713	831	0.7272727272727273	False
3713	2080	0.6363636363636364	False
3713	515	0.5454545454545454	False
3713	3402	0.45454545454545453	True
3713	1535	0.36363636363636365	False
3713	429	0.2727272727272727	False
3713	88	0.18181818181818182	True
3713	3590	0.09090909090909091	True
4561	88	0.9090909090909091	True
4561	43	0.8181818181818182	True
4561	1535	0.7272727272727273	False
4561	831	0.6363636363636364	False
4561	2047	0.5454545454545454	True
4561	2080	0.45454545454545453	False
4561	3496	0.36363636363636365	True
4561	3813	0.2727272727272727	True
4561	515	0.18181818181818182	False
4561	3590	0.09090909090909091	True
910	43	0.9090909090909091	True
910	2080	0.8181818181818182	False
910	1535	0.7272727272727273	False
910	515	0.6363636363636364	False
910	88	0.5454545454545454	True
910	831	0.45454545454545453	False
910	2529	0.36363636363636365	True
910	351	0.2727272727272727	True
910	3590	0.18181818181818182	True
910	3402	0.09090909090909091	True
334	43	0.9090909090909091	True
334	515	0.8181818181818182	False
334	3496	0.7272727272727273	True
334	831	0.6363636363636364	False
334	2047	0.5454545454545454	True
334	1535	0.45454545454545453	False
334	429	0.36363636363636365	False
334	2080	0.2727272727272727	False
334	268	0.18181818181818182	True
334	3590	0.09090909090909091	True
2809	2080	0.9090909090909091	False
2809	515	0.8181818181818182	False
2809	831	0.7272727272727273	False
2809	351	0.6363636363636364	True
2809	429	0.5454545454545454	False
2809	88	0.45454545454545453	True
2809	2529	0.36363636363636365	True
2809	43	0.2727272727272727	True
2809	1535	0.18181818181818182	False
2809	2047	0.09090909090909091	True
1411	2080	0.9090909090909091	False
1411	1535	0.8181818181818182	False
1411	3590	0.7272727272727273	True
1411	515	0.6363636363636364	False
1411	831	0.5454545454545454	False
1411	43	0.45454545454545453	True
1411	351	0.36363636363636365	True
1411	268	0.2727272727272727	True
1411	429	0.18181818181818182	False
1411	487	0.09090909090909091	True
2519	1535	0.9090909090909091	False
2519	831	0.8181818181818182	False
2519	3590	0.7272727272727273	True
2519	2047	0.6363636363636364	True
2519	3496	0.5454545454545454	True
2519	2080	0.45454545454545453	False
2519	515	0.36363636363636365	False
2519	43	0.2727272727272727	True
2519	429	0.18181818181818182	False
2519	3142	0.09090909090909091	True
2209	515	0.9090909090909091	False
2209	831	0.8181818181818182	False
2209	268	0.7272727272727273	True
2209	2047	0.6363636363636364	True
2209	3590	0.5454545454545454	True
2209	43	0.45454545454545453	True
2209	1535	0.36363636363636365	False
2209	3402	0.2727272727272727	True
2209	429	0.18181818181818182	False
2209	3496	0.09090909090909091	True
2256	515	0.9090909090909091	False
2256	43	0.8181818181818182	True
2256	2047	0.7272727272727273	True
2256	831	0.6363636363636364	False
2256	88	0.5454545454545454	True
2256	429	0.45454545454545453	False
2256	3496	0.36363636363636365	True
2256	3590	0.2727272727272727	True
2256	1535	0.18181818181818182	False
2256	2080	0.09090909090909091	False
4668	515	0.9090909090909091	False
4668	3590	0.8181818181818182	True
4668	2047	0.7272727272727273	True
4668	831	0.6363636363636364	False
4668	43	0.5454545454545454	True
4668	2080	0.45454545454545453	False
4668	1535	0.36363636363636365	False
4668	429	0.2727272727272727	False
4668	3402	0.18181818181818182	True
4668	3496	0.09090909090909091	True
4975	1535	0.9090909090909091	False
4975	3590	0.8181818181818182	True
4975	2529	0.7272727272727273	True
4975	351	0.6363636363636364	True
4975	831	0.5454545454545454	False
4975	515	0.45454545454545453	False
4975	2080	0.36363636363636365	False
4975	3813	0.2727272727272727	True
4975	429	0.18181818181818182	False
4975	43	0.09090909090909091	True
1173	831	0.9090909090909091	False
1173	43	0.8181818181818182	True
1173	1535	0.7272727272727273	False
1173	2080	0.6363636363636364	False
1173	268	0.5454545454545454	True
1173	515	0.45454545454545453	False
1173	3496	0.36363636363636365	True
1173	88	0.2727272727272727	True
1173	3590	0.18181818181818182	True
1173	429	0.09090909090909091	False
2229	43	0.9090909090909091	True
2229	2080	0.8181818181818182	False
2229	1535	0.7272727272727273	False
2229	2047	0.6363636363636364	True
2229	515	0.5454545454545454	False
2229	3402	0.45454545454545453	True
2229	429	0.36363636363636365	False
2229	831	0.2727272727272727	False
2229	268	0.18181818181818182	True
2229	3496	0.09090909090909091	True
791	831	0.9090909090909091	False
791	2047	0.8181818181818182	True
791	515	0.7272727272727273	False
791	1535	0.6363636363636364	False
791	351	0.5454545454545454	True
791	2080	0.45454545454545453	False
791	429	0.36363636363636365	False
791	3402	0.2727272727272727	True
791	268	0.18181818181818182	True
791	88	0.09090909090909091	True
1369	1535	0.9090909090909091	False
1369	429	0.8181818181818182	False
1369	2047	0.7272727272727273	True
1369	3590	0.6363636363636364	True
1369	515	0.5454545454545454	False
1369	2080	0.45454545454545453	False
1369	831	0.36363636363636365	False
1369	351	0.2727272727272727	True
1369	3402	0.18181818181818182	True
1369	43	0.09090909090909091	True
5249	429	0.9090909090909091	False
5249	515	0.8181818181818182	False
5249	831	0.7272727272727273	False
5249	43	0.6363636363636364	True
5249	2080	0.5454545454545454	False
5249	2047	0.45454545454545453	True
5249	1535	0.36363636363636365	False
5249	3590	0.2727272727272727	True
5249	3496	0.18181818181818182	True
5249	88	0.09090909090909091	True
1048	831	0.9090909090909091	False
1048	1535	0.8181818181818182	False
1048	2080	0.7272727272727273	False
1048	43	0.6363636363636364	True
1048	515	0.5454545454545454	False
1048	268	0.45454545454545453	True
1048	88	0.36363636363636365	True
1048	2529	0.2727272727272727	True
1048	3496	0.18181818181818182	True
1048	429	0.09090909090909091	False
297	3590	0.9090909090909091	True
297	515	0.8181818181818182	False
297	429	0.7272727272727273	False
297	1535	0.6363636363636364	False
297	268	0.5454545454545454	True
297	831	0.45454545454545453	False
297	2080	0.36363636363636365	False
297	2529	0.2727272727272727	True
297	2047	0.18181818181818182	True
297	43	0.09090909090909091	True
959	43	0.9090909090909091	True
959	2080	0.8181818181818182	False
959	515	0.7272727272727273	False
959	831	0.6363636363636364	False
959	429	0.5454545454545454	False
959	268	0.45454545454545453	True
959	351	0.36363636363636365	True
959	1535	0.2727272727272727	False
959	88	0.18181818181818182	True
959	3402	0.09090909090909091	True
4026	43	0.9090909090909091	True
4026	831	0.8181818181818182	False
4026	515	0.7272727272727273	False
4026	2080	0.6363636363636364	False
4026	268	0.5454545454545454	True
4026	1535	0.45454545454545453	False
4026	3590	0.36363636363636365	True
4026	429	0.2727272727272727	False
4026	88	0.18181818181818182	True
4026	351	0.09090909090909091	True
901	43	0.9090909090909091	True
901	515	0.8181818181818182	False
901	268	0.7272727272727273	True
901	2080	0.6363636363636364	False
901	831	0.5454545454545454	False
901	3402	0.45454545454545453	True
901	1535	0.36363636363636365	False
901	2047	0.2727272727272727	True
901	429	0.18181818181818182	False
901	351	0.09090909090909091	True
3545	1535	0.9090909090909091	False
3545	2080	0.8181818181818182	False
3545	3590	0.7272727272727273	True
3545	429	0.6363636363636364	False
3545	831	0.5454545454545454	False
3545	515	0.45454545454545453	False
3545	2047	0.36363636363636365	True
3545	487	0.2727272727272727	True
3545	351	0.18181818181818182	True
3545	3402	0.09090909090909091	True
3842	429	0.9090909090909091	False
3842	515	0.8181818181818182	False
3842	3590	0.7272727272727273	True
3842	43	0.6363636363636364	True
3842	1535	0.5454545454545454	False
3842	831	0.45454545454545453	False
3842	3496	0.36363636363636365	True
3842	2080	0.2727272727272727	False
3842	88	0.18181818181818182	True
3842	2047	0.09090909090909091	True
3308	2080	0.9090909090909091	False
3308	1535	0.8181818181818182	False
3308	831	0.7272727272727273	False
3308	43	0.6363636363636364	True
3308	515	0.5454545454545454	False
3308	429	0.45454545454545453	False
3308	3496	0.36363636363636365	True
3308	3402	0.2727272727272727	True
3308	268	0.18181818181818182	True
3308	351	0.09090909090909091	True
3104	515	0.9090909090909091	False
3104	429	0.8181818181818182	False
3104	351	0.7272727272727273	True
3104	1535	0.6363636363636364	False
3104	3402	0.5454545454545454	True
3104	831	0.45454545454545453	False
3104	2080	0.36363636363636365	False
3104	3496	0.2727272727272727	True
3104	43	0.18181818181818182	True
3104	2047	0.09090909090909091	True
2231	429	0.9090909090909091	False
2231	515	0.8181818181818182	False
2231	351	0.7272727272727273	True
2231	43	0.6363636363636364	True
2231	2047	0.5454545454545454	True
2231	831	0.45454545454545453	False
2231	1535	0.36363636363636365	False
2231	88	0.2727272727272727	True
2231	3402	0.18181818181818182	True
2231	3142	0.09090909090909091	True
182	1535	0.9090909090909091	False
182	515	0.8181818181818182	False
182	3496	0.7272727272727273	True
182	831	0.6363636363636364	False
182	2080	0.5454545454545454	False
182	429	0.45454545454545453	False
182	2047	0.36363636363636365	True
182	351	0.2727272727272727	True
182	3142	0.18181818181818182	True
182	43	0.09090909090909091	True
1659	43	0.9090909090909091	True
1659	515	0.8181818181818182	False
1659	2080	0.7272727272727273	False
1659	268	0.6363636363636364	True
1659	1535	0.5454545454545454	False
1659	2047	0.45454545454545453	True
1659	88	0.36363636363636365	True
1659	831	0.2727272727272727	False
1659	3496	0.18181818181818182	True
1659	3402	0.09090909090909091	True
4231	429	0.9090909090909091	False
4231	515	0.8181818181818182	False
4231	2047	0.7272727272727273	True
4231	3402	0.6363636363636364	True
4231	351	0.5454545454545454	True
4231	1535	0.45454545454545453	False
4231	88	0.36363636363636365	True
4231	831	0.2727272727272727	False
4231	43	0.18181818181818182	True
4231	2529	0.09090909090909091	True
5256	2047	0.9090909090909091	True
5256	515	0.8181818181818182	False
5256	3590	0.7272727272727273	True
5256	831	0.6363636363636364	False
5256	43	0.5454545454545454	True
5256	2080	0.45454545454545453	False
5256	1535	0.36363636363636365	False
5256	429	0.2727272727272727	False
5256	3496	0.18181818181818182	True
5256	351	0.09090909090909091	True
1317	831	0.9090909090909091	False
1317	429	0.8181818181818182	False
1317	515	0.7272727272727273	False
1317	43	0.6363636363636364	True
1317	88	0.5454545454545454	True
1317	1535	0.45454545454545453	False
1317	3590	0.36363636363636365	True
1317	3496	0.2727272727272727	True
1317	268	0.18181818181818182	True
1317	2047	0.09090909090909091	True
3087	2080	0.9090909090909091	False
3087	515	0.8181818181818182	False
3087	831	0.7272727272727273	False
3087	1535	0.6363636363636364	False
3087	88	0.5454545454545454	True
3087	429	0.45454545454545453	False
3087	2047	0.36363636363636365	True
3087	3590	0.2727272727272727	True
3087	43	0.18181818181818182	True
3087	3496	0.09090909090909091	True
2300	43	0.9090909090909091	True
2300	268	0.8181818181818182	True
2300	831	0.7272727272727273	False
2300	2080	0.6363636363636364	False
2300	515	0.5454545454545454	False
2300	3402	0.45454545454545453	True
2300	429	0.36363636363636365	False
2300	1535	0.2727272727272727	False
2300	351	0.18181818181818182	True
2300	88	0.09090909090909091	True
3987	515	0.9090909090909091	False
3987	43	0.8181818181818182	True
3987	831	0.7272727272727273	False
3987	88	0.6363636363636364	True
3987	2047	0.5454545454545454	True
3987	1535	0.45454545454545453	False
3987	2080	0.36363636363636365	False
3987	268	0.2727272727272727	True
3987	3590	0.18181818181818182	True
3987	351	0.09090909090909091	True
3437	1535	0.9090909090909091	False
3437	515	0.8181818181818182	False
3437	43	0.7272727272727273	True
3437	268	0.6363636363636364	True
3437	2080	0.5454545454545454	False
3437	831	0.45454545454545453	False
3437	3402	0.36363636363636365	True
3437	351	0.2727272727272727	True
3437	429	0.18181818181818182	False
3437	3590	0.09090909090909091	True
4138	429	0.9090909090909091	False
4138	515	0.8181818181818182	False
4138	351	0.7272727272727273	True
4138	3590	0.6363636363636364	True
4138	2047	0.5454545454545454	True
4138	3142	0.45454545454545453	True
4138	831	0.36363636363636365	False
4138	2529	0.2727272727272727	True
4138	88	0.18181818181818182	True
4138	3496	0.09090909090909091	True
1430	43	0.9090909090909091	True
1430	429	0.8181818181818182	False
1430	515	0.7272727272727273	False
1430	88	0.6363636363636364	True
1430	831	0.5454545454545454	False
1430	1535	0.45454545454545453	False
1430	3402	0.36363636363636365	True
1430	2047	0.2727272727272727	True
1430	351	0.18181818181818182	True
1430	2080	0.09090909090909091	False
1910	43	0.9090909090909091	True
1910	515	0.8181818181818182	False
1910	831	0.7272727272727273	False
1910	2080	0.6363636363636364	False
1910	429	0.5454545454545454	False
1910	3402	0.45454545454545453	True
1910	3590	0.36363636363636365	True
1910	268	0.2727272727272727	True
1910	1535	0.18181818181818182	False
1910	2047	0.09090909090909091	True
319	515	0.9090909090909091	False
319	1535	0.8181818181818182	False
319	831	0.7272727272727273	False
319	2047	0.6363636363636364	True
319	43	0.5454545454545454	True
319	2080	0.45454545454545453	False
319	88	0.36363636363636365	True
319	3590	0.2727272727272727	True
319	3402	0.18181818181818182	True
319	429	0.09090909090909091	False
4122	3590	0.9090909090909091	True
4122	515	0.8181818181818182	False
4122	2047	0.7272727272727273	True
4122	268	0.6363636363636364	True
4122	831	0.5454545454545454	False
4122	43	0.45454545454545453	True
4122	2080	0.36363636363636365	False
4122	1535	0.2727272727272727	False
4122	3496	0.18181818181818182	True
4122	429	0.09090909090909091	False
4171	43	0.9090909090909091	True
4171	515	0.8181818181818182	False
4171	831	0.7272727272727273	False
4171	88	0.6363636363636364	True
4171	1535	0.5454545454545454	False
4171	429	0.45454545454545453	False
4171	2080	0.36363636363636365	False
4171	268	0.2727272727272727	True
4171	3402	0.18181818181818182	True
4171	351	0.09090909090909091	True
5493	515	0.9090909090909091	False
5493	3590	0.8181818181818182	True
5493	831	0.7272727272727273	False
5493	2047	0.6363636363636364	True
5493	1535	0.5454545454545454	False
5493	429	0.45454545454545453	False
5493	268	0.36363636363636365	True
5493	3496	0.2727272727272727	True
5493	3402	0.18181818181818182	True
5493	2080	0.09090909090909091	False
122	2080	0.9090909090909091	False
122	515	0.8181818181818182	False
122	43	0.7272727272727273	True
122	1535	0.6363636363636364	False
122	831	0.5454545454545454	False
122	429	0.45454545454545453	False
122	3402	0.36363636363636365	True
122	2529	0.2727272727272727	True
122	88	0.18181818181818182	True
122	2047	0.09090909090909091	True
5059	2080	0.9090909090909091	False
5059	515	0.8181818181818182	False
5059	1535	0.7272727272727273	False
5059	43	0.6363636363636364	True
5059	831	0.5454545454545454	False
5059	487	0.45454545454545453	True
5059	429	0.36363636363636365	False
5059	3590	0.2727272727272727	True
5059	88	0.18181818181818182	True
5059	2047	0.09090909090909091	True
1690	2080	0.9090909090909091	False
1690	515	0.8181818181818182	False
1690	831	0.7272727272727273	False
1690	43	0.6363636363636364	True
1690	3402	0.5454545454545454	True
1690	429	0.45454545454545453	False
1690	268	0.36363636363636365	True
1690	351	0.2727272727272727	True
1690	2529	0.18181818181818182	True
1690	88	0.09090909090909091	True
4806	429	0.9090909090909091	False
4806	2047	0.8181818181818182	True
4806	1535	0.7272727272727273	False
4806	351	0.6363636363636364	True
4806	43	0.5454545454545454	True
4806	515	0.45454545454545453	False
4806	831	0.36363636363636365	False
4806	3142	0.2727272727272727	True
4806	3496	0.18181818181818182	True
4806	2080	0.09090909090909091	False
735	43	0.9090909090909091	True
735	515	0.8181818181818182	False
735	831	0.7272727272727273	False
735	429	0.6363636363636364	False
735	1535	0.5454545454545454	False
735	3402	0.45454545454545453	True
735	2080	0.36363636363636365	False
735	3590	0.2727272727272727	True
735	351	0.18181818181818182	True
735	88	0.09090909090909091	True
4999	515	0.9090909090909091	False
4999	43	0.8181818181818182	True
4999	831	0.7272727272727273	False
4999	88	0.6363636363636364	True
4999	2080	0.5454545454545454	False
4999	1535	0.45454545454545453	False
4999	429	0.36363636363636365	False
4999	3590	0.2727272727272727	True
4999	3496	0.18181818181818182	True
4999	2047	0.09090909090909091	True
4133	1535	0.9090909090909091	False
4133	515	0.8181818181818182	False
4133	2080	0.7272727272727273	False
4133	429	0.6363636363636364	False
4133	831	0.5454545454545454	False
4133	3590	0.45454545454545453	True
4133	43	0.36363636363636365	True
4133	3402	0.2727272727272727	True
4133	3496	0.18181818181818182	True
4133	351	0.09090909090909091	True
2660	831	0.9090909090909091	False
2660	1535	0.8181818181818182	False
2660	88	0.7272727272727273	True
2660	351	0.6363636363636364	True
2660	515	0.5454545454545454	False
2660	2080	0.45454545454545453	False
2660	43	0.36363636363636365	True
2660	268	0.2727272727272727	True
2660	2529	0.18181818181818182	True
2660	277	0.09090909090909091	True
3548	831	0.9090909090909091	False
3548	2080	0.8181818181818182	False
3548	1535	0.7272727272727273	False
3548	351	0.6363636363636364	True
3548	43	0.5454545454545454	True
3548	515	0.45454545454545453	False
3548	429	0.36363636363636365	False
3548	3402	0.2727272727272727	True
3548	268	0.18181818181818182	True
3548	88	0.09090909090909091	True
4500	515	0.9090909090909091	False
4500	43	0.8181818181818182	True
4500	2080	0.7272727272727273	False
4500	1535	0.6363636363636364	False
4500	831	0.5454545454545454	False
4500	3590	0.45454545454545453	True
4500	268	0.36363636363636365	True
4500	88	0.2727272727272727	True
4500	429	0.18181818181818182	False
4500	3813	0.09090909090909091	True
1775	2080	0.9090909090909091	False
1775	831	0.8181818181818182	False
1775	515	0.7272727272727273	False
1775	1535	0.6363636363636364	False
1775	43	0.5454545454545454	True
1775	2047	0.45454545454545453	True
1775	429	0.36363636363636365	False
1775	3590	0.2727272727272727	True
1775	3402	0.18181818181818182	True
1775	3496	0.09090909090909091	True
1950	2080	0.9090909090909091	False
1950	831	0.8181818181818182	False
1950	43	0.7272727272727273	True
1950	2047	0.6363636363636364	True
1950	88	0.5454545454545454	True
1950	3496	0.45454545454545453	True
1950	1535	0.36363636363636365	False
1950	515	0.2727272727272727	False
1950	3590	0.18181818181818182	True
1950	429	0.09090909090909091	False
1685	3590	0.9090909090909091	True
1685	1535	0.8181818181818182	False
1685	515	0.7272727272727273	False
1685	429	0.6363636363636364	False
1685	2080	0.5454545454545454	False
1685	831	0.45454545454545453	False
1685	3402	0.36363636363636365	True
1685	2047	0.2727272727272727	True
1685	43	0.18181818181818182	True
1685	351	0.09090909090909091	True
5656	515	0.9090909090909091	False
5656	831	0.8181818181818182	False
5656	2047	0.7272727272727273	True
5656	1535	0.6363636363636364	False
5656	3496	0.5454545454545454	True
5656	3142	0.45454545454545453	True
5656	3590	0.36363636363636365	True
5656	88	0.2727272727272727	True
5656	2080	0.18181818181818182	False
5656	2529	0.09090909090909091	True
969	2080	0.9090909090909091	False
969	429	0.8181818181818182	False
969	515	0.7272727272727273	False
969	831	0.6363636363636364	False
969	3590	0.5454545454545454	True
969	2047	0.45454545454545453	True
969	1535	0.36363636363636365	False
969	43	0.2727272727272727	True
969	351	0.18181818181818182	True
969	88	0.09090909090909091	True
2899	515	0.9090909090909091	False
2899	429	0.8181818181818182	False
2899	831	0.7272727272727273	False
2899	43	0.6363636363636364	True
2899	2047	0.5454545454545454	True
2899	1535	0.45454545454545453	False
2899	351	0.36363636363636365	True
2899	88	0.2727272727272727	True
2899	3590	0.18181818181818182	True
2899	2080	0.09090909090909091	False
5880	1535	0.9090909090909091	False
5880	831	0.8181818181818182	False
5880	2080	0.7272727272727273	False
5880	2047	0.6363636363636364	True
5880	515	0.5454545454545454	False
5880	429	0.45454545454545453	False
5880	88	0.36363636363636365	True
5880	351	0.2727272727272727	True
5880	3402	0.18181818181818182	True
5880	43	0.09090909090909091	True
1989	515	0.9090909090909091	False
1989	831	0.8181818181818182	False
1989	43	0.7272727272727273	True
1989	88	0.6363636363636364	True
1989	2080	0.5454545454545454	False
1989	1535	0.45454545454545453	False
1989	2047	0.36363636363636365	True
1989	351	0.2727272727272727	True
1989	268	0.18181818181818182	True
1989	2529	0.09090909090909091	True
1554	515	0.9090909090909091	False
1554	3590	0.8181818181818182	True
1554	1535	0.7272727272727273	False
1554	831	0.6363636363636364	False
1554	2080	0.5454545454545454	False
1554	429	0.45454545454545453	False
1554	2047	0.36363636363636365	True
1554	351	0.2727272727272727	True
1554	3402	0.18181818181818182	True
1554	43	0.09090909090909091	True
4582	1535	0.9090909090909091	False
4582	831	0.8181818181818182	False
4582	351	0.7272727272727273	True
4582	2080	0.6363636363636364	False
4582	43	0.5454545454545454	True
4582	2047	0.45454545454545453	True
4582	3590	0.36363636363636365	True
4582	515	0.2727272727272727	False
4582	88	0.18181818181818182	True
4582	3402	0.09090909090909091	True
2937	429	0.9090909090909091	False
2937	831	0.8181818181818182	False
2937	1535	0.7272727272727273	False
2937	351	0.6363636363636364	True
2937	3496	0.5454545454545454	True
2937	515	0.45454545454545453	False
2937	2047	0.36363636363636365	True
2937	3590	0.2727272727272727	True
2937	2080	0.18181818181818182	False
2937	3142	0.09090909090909091	True
4461	2080	0.9090909090909091	False
4461	515	0.8181818181818182	False
4461	3590	0.7272727272727273	True
4461	831	0.6363636363636364	False
4461	43	0.5454545454545454	True
4461	1535	0.45454545454545453	False
4461	268	0.36363636363636365	True
4461	2047	0.2727272727272727	True
4461	351	0.18181818181818182	True
4461	429	0.09090909090909091	False
1796	1535	0.9090909090909091	False
1796	43	0.8181818181818182	True
1796	2080	0.7272727272727273	False
1796	2047	0.6363636363636364	True
1796	429	0.5454545454545454	False
1796	515	0.45454545454545453	False
1796	351	0.36363636363636365	True
1796	3142	0.2727272727272727	True
1796	3402	0.18181818181818182	True
1796	88	0.09090909090909091	True
4650	1535	0.9090909090909091	False
4650	2080	0.8181818181818182	False
4650	831	0.7272727272727273	False
4650	515	0.6363636363636364	False
4650	43	0.5454545454545454	True
4650	3590	0.45454545454545453	True
4650	429	0.36363636363636365	False
4650	268	0.2727272727272727	True
4650	88	0.18181818181818182	True
4650	3402	0.09090909090909091	True
1872	43	0.9090909090909091	True
1872	2529	0.8181818181818182	True
1872	2080	0.7272727272727273	False
1872	88	0.6363636363636364	True
1872	515	0.5454545454545454	False
1872	268	0.45454545454545453	True
1872	351	0.36363636363636365	True
1872	3402	0.2727272727272727	True
1872	2047	0.18181818181818182	True
1872	831	0.09090909090909091	False
5337	43	0.9090909090909091	True
5337	515	0.8181818181818182	False
5337	429	0.7272727272727273	False
5337	831	0.6363636363636364	False
5337	268	0.5454545454545454	True
5337	2080	0.45454545454545453	False
5337	88	0.36363636363636365	True
5337	351	0.2727272727272727	True
5337	3590	0.18181818181818182	True
5337	1535	0.09090909090909091	False
5577	43	0.9090909090909091	True
5577	88	0.8181818181818182	True
5577	515	0.7272727272727273	False
5577	831	0.6363636363636364	False
5577	2047	0.5454545454545454	True
5577	268	0.45454545454545453	True
5577	3590	0.36363636363636365	True
5577	2080	0.2727272727272727	False
5577	429	0.18181818181818182	False
5577	2529	0.09090909090909091	True
454	515	0.9090909090909091	False
454	43	0.8181818181818182	True
454	268	0.7272727272727273	True
454	429	0.6363636363636364	False
454	831	0.5454545454545454	False
454	2529	0.45454545454545453	True
454	3402	0.36363636363636365	True
454	351	0.2727272727272727	True
454	2047	0.18181818181818182	True
454	3590	0.09090909090909091	True
3067	515	0.9090909090909091	False
3067	3590	0.8181818181818182	True
3067	831	0.7272727272727273	False
3067	1535	0.6363636363636364	False
3067	43	0.5454545454545454	True
3067	429	0.45454545454545453	False
3067	3496	0.36363636363636365	True
3067	2047	0.2727272727272727	True
3067	2080	0.18181818181818182	False
3067	88	0.09090909090909091	True
2640	2080	0.9090909090909091	False
2640	515	0.8181818181818182	False
2640	3590	0.7272727272727273	True
2640	2047	0.6363636363636364	True
2640	831	0.5454545454545454	False
2640	43	0.45454545454545453	True
2640	268	0.36363636363636365	True
2640	3496	0.2727272727272727	True
2640	1535	0.18181818181818182	False
2640	429	0.09090909090909091	False
2131	2080	0.9090909090909091	False
2131	429	0.8181818181818182	False
2131	1535	0.7272727272727273	False
2131	831	0.6363636363636364	False
2131	515	0.5454545454545454	False
2131	3496	0.45454545454545453	True
2131	351	0.36363636363636365	True
2131	2529	0.2727272727272727	True
2131	2047	0.18181818181818182	True
2131	88	0.09090909090909091	True
5064	2080	0.9090909090909091	False
5064	351	0.8181818181818182	True
5064	1535	0.7272727272727273	False
5064	3142	0.6363636363636364	True
5064	2047	0.5454545454545454	True
5064	2529	0.45454545454545453	True
5064	831	0.36363636363636365	False
5064	515	0.2727272727272727	False
5064	429	0.18181818181818182	False
5064	3402	0.09090909090909091	True
5635	1535	0.9090909090909091	False
5635	2080	0.8181818181818182	False
5635	831	0.7272727272727273	False
5635	429	0.6363636363636364	False
5635	3590	0.5454545454545454	True
5635	351	0.45454545454545453	True
5635	2047	0.36363636363636365	True
5635	268	0.2727272727272727	True
5635	3402	0.18181818181818182	True
5635	515	0.09090909090909091	False
117	1535	0.9090909090909091	False
117	3590	0.8181818181818182	True
117	429	0.7272727272727273	False
117	515	0.6363636363636364	False
117	351	0.5454545454545454	True
117	2080	0.45454545454545453	False
117	831	0.36363636363636365	False
117	2047	0.2727272727272727	True
117	3496	0.18181818181818182	True
117	3142	0.09090909090909091	True
1230	831	0.9090909090909091	False
1230	515	0.8181818181818182	False
1230	1535	0.7272727272727273	False
1230	429	0.6363636363636364	False
1230	351	0.5454545454545454	True
1230	3402	0.45454545454545453	True
1230	2047	0.36363636363636365	True
1230	2080	0.2727272727272727	False
1230	3590	0.18181818181818182	True
1230	43	0.09090909090909091	True
704	2080	0.9090909090909091	False
704	1535	0.8181818181818182	False
704	831	0.7272727272727273	False
704	351	0.6363636363636364	True
704	515	0.5454545454545454	False
704	2047	0.45454545454545453	True
704	43	0.36363636363636365	True
704	3402	0.2727272727272727	True
704	3590	0.18181818181818182	True
704	429	0.09090909090909091	False
990	515	0.9090909090909091	False
990	1535	0.8181818181818182	False
990	2080	0.7272727272727273	False
990	3402	0.6363636363636364	True
990	429	0.5454545454545454	False
990	43	0.45454545454545453	True
990	831	0.36363636363636365	False
990	2047	0.2727272727272727	True
990	2529	0.18181818181818182	True
990	3496	0.09090909090909091	True
1338	831	0.9090909090909091	False
1338	515	0.8181818181818182	False
1338	88	0.7272727272727273	True
1338	2529	0.6363636363636364	True
1338	351	0.5454545454545454	True
1338	1535	0.45454545454545453	False
1338	429	0.36363636363636365	False
1338	3402	0.2727272727272727	True
1338	268	0.18181818181818182	True
1338	2080	0.09090909090909091	False
3247	2080	0.9090909090909091	False
3247	429	0.8181818181818182	False
3247	3590	0.7272727272727273	True
3247	831	0.6363636363636364	False
3247	515	0.5454545454545454	False
3247	2047	0.45454545454545453	True
3247	351	0.36363636363636365	True
3247	43	0.2727272727272727	True
3247	1535	0.18181818181818182	False
3247	268	0.09090909090909091	True
5423	2047	0.9090909090909091	True
5423	831	0.8181818181818182	False
5423	1535	0.7272727272727273	False
5423	515	0.6363636363636364	False
5423	268	0.5454545454545454	True
5423	429	0.45454545454545453	False
5423	88	0.36363636363636365	True
5423	3590	0.2727272727272727	True
5423	351	0.18181818181818182	True
5423	2080	0.09090909090909091	False
3061	2080	0.9090909090909091	False
3061	1535	0.8181818181818182	False
3061	429	0.7272727272727273	False
3061	515	0.6363636363636364	False
3061	3496	0.5454545454545454	True
3061	351	0.45454545454545453	True
3061	3142	0.36363636363636365	True
3061	831	0.2727272727272727	False
3061	3590	0.18181818181818182	True
3061	277	0.09090909090909091	True
5961	2080	0.9090909090909091	False
5961	1535	0.8181818181818182	False
5961	515	0.7272727272727273	False
5961	429	0.6363636363636364	False
5961	831	0.5454545454545454	False
5961	3402	0.45454545454545453	True
5961	351	0.36363636363636365	True
5961	88	0.2727272727272727	True
5961	487	0.18181818181818182	True
5961	3590	0.09090909090909091	True
1460	43	0.9090909090909091	True
1460	515	0.8181818181818182	False
1460	2080	0.7272727272727273	False
1460	831	0.6363636363636364	False
1460	2047	0.5454545454545454	True
1460	1535	0.45454545454545453	False
1460	3590	0.36363636363636365	True
1460	3402	0.2727272727272727	True
1460	268	0.18181818181818182	True
1460	351	0.09090909090909091	True
4175	1535	0.9090909090909091	False
4175	831	0.8181818181818182	False
4175	515	0.7272727272727273	False
4175	43	0.6363636363636364	True
4175	429	0.5454545454545454	False
4175	3496	0.45454545454545453	True
4175	2047	0.36363636363636365	True
4175	3590	0.2727272727272727	True
4175	3142	0.18181818181818182	True
4175	1199	0.09090909090909091	True
5682	831	0.9090909090909091	False
5682	3590	0.8181818181818182	True
5682	515	0.7272727272727273	False
5682	2080	0.6363636363636364	False
5682	429	0.5454545454545454	False
5682	351	0.45454545454545453	True
5682	88	0.36363636363636365	True
5682	1535	0.2727272727272727	False
5682	43	0.18181818181818182	True
5682	2047	0.09090909090909091	True
2569	2047	0.9090909090909091	True
2569	831	0.8181818181818182	False
2569	268	0.7272727272727273	True
2569	3496	0.6363636363636364	True
2569	3142	0.5454545454545454	True
2569	515	0.45454545454545453	False
2569	351	0.36363636363636365	True
2569	2529	0.2727272727272727	True
2569	3402	0.18181818181818182	True
2569	43	0.09090909090909091	True
3413	515	0.9090909090909091	False
3413	88	0.8181818181818182	True
3413	351	0.7272727272727273	True
3413	2080	0.6363636363636364	False
3413	43	0.5454545454545454	True
3413	831	0.45454545454545453	False
3413	2529	0.36363636363636365	True
3413	1535	0.2727272727272727	False
3413	2047	0.18181818181818182	True
3413	429	0.09090909090909091	False
194	1535	0.9090909090909091	False
194	429	0.8181818181818182	False
194	2047	0.7272727272727273	True
194	2080	0.6363636363636364	False
194	515	0.5454545454545454	False
194	831	0.45454545454545453	False
194	3496	0.36363636363636365	True
194	3402	0.2727272727272727	True
194	3590	0.18181818181818182	True
194	43	0.09090909090909091	True
2181	2080	0.9090909090909091	False
2181	831	0.8181818181818182	False
2181	515	0.7272727272727273	False
2181	2047	0.6363636363636364	True
2181	3590	0.5454545454545454	True
2181	1535	0.45454545454545453	False
2181	3402	0.36363636363636365	True
2181	429	0.2727272727272727	False
2181	351	0.18181818181818182	True
2181	268	0.09090909090909091	True
1287	831	0.9090909090909091	False
1287	351	0.8181818181818182	True
1287	43	0.7272727272727273	True
1287	515	0.6363636363636364	False
1287	1535	0.5454545454545454	False
1287	2080	0.45454545454545453	False
1287	88	0.36363636363636365	True
1287	3590	0.2727272727272727	True
1287	268	0.18181818181818182	True
1287	3496	0.09090909090909091	True
3254	515	0.9090909090909091	False
3254	1535	0.8181818181818182	False
3254	429	0.7272727272727273	False
3254	2080	0.6363636363636364	False
3254	43	0.5454545454545454	True
3254	831	0.45454545454545453	False
3254	3590	0.36363636363636365	True
3254	3496	0.2727272727272727	True
3254	3402	0.18181818181818182	True
3254	88	0.09090909090909091	True
4554	43	0.9090909090909091	True
4554	1535	0.8181818181818182	False
4554	515	0.7272727272727273	False
4554	88	0.6363636363636364	True
4554	831	0.5454545454545454	False
4554	2080	0.45454545454545453	False
4554	268	0.36363636363636365	True
4554	2529	0.2727272727272727	True
4554	3813	0.18181818181818182	True
4554	429	0.09090909090909091	False
3693	515	0.9090909090909091	False
3693	429	0.8181818181818182	False
3693	831	0.7272727272727273	False
3693	2529	0.6363636363636364	True
3693	43	0.5454545454545454	True
3693	1535	0.45454545454545453	False
3693	2047	0.36363636363636365	True
3693	268	0.2727272727272727	True
3693	3402	0.18181818181818182	True
3693	3590	0.09090909090909091	True
10	1535	0.9090909090909091	False
10	515	0.8181818181818182	False
10	429	0.7272727272727273	False
10	2080	0.6363636363636364	False
10	831	0.5454545454545454	False
10	3402	0.45454545454545453	True
10	3590	0.36363636363636365	True
10	43	0.2727272727272727	True
10	2047	0.18181818181818182	True
10	351	0.09090909090909091	True
2318	1535	0.9090909090909091	False
2318	43	0.8181818181818182	True
2318	515	0.7272727272727273	False
2318	2080	0.6363636363636364	False
2318	429	0.5454545454545454	False
2318	831	0.45454545454545453	False
2318	3590	0.36363636363636365	True
2318	88	0.2727272727272727	True
2318	2047	0.18181818181818182	True
2318	3402	0.09090909090909091	True
3610	2047	0.9090909090909091	True
3610	515	0.8181818181818182	False
3610	3590	0.7272727272727273	True
3610	429	0.6363636363636364	False
3610	3142	0.5454545454545454	True
3610	831	0.45454545454545453	False
3610	3496	0.36363636363636365	True
3610	2529	0.2727272727272727	True
3610	3402	0.18181818181818182	True
3610	268	0.09090909090909091	True
