3717	3865	0.9090909090909091	False
3717	2181	0.8181818181818182	True
3717	3636	0.7272727272727273	False
3717	1334	0.6363636363636364	True
3717	2559	0.5454545454545454	False
3717	200	0.45454545454545453	False
3717	3682	0.36363636363636365	False
3717	2071	0.2727272727272727	True
3717	265	0.18181818181818182	True
3717	2004	0.09090909090909091	True
3553	3865	0.9090909090909091	False
3553	2181	0.8181818181818182	True
3553	3636	0.7272727272727273	False
3553	200	0.6363636363636364	False
3553	2559	0.5454545454545454	False
3553	3682	0.45454545454545453	False
3553	3167	0.36363636363636365	True
3553	1334	0.2727272727272727	True
3553	2335	0.18181818181818182	True
3553	1253	0.09090909090909091	True
773	3865	0.9090909090909091	False
773	2181	0.8181818181818182	True
773	3636	0.7272727272727273	False
773	1334	0.6363636363636364	True
773	2559	0.5454545454545454	False
773	200	0.45454545454545453	False
773	3682	0.36363636363636365	False
773	2004	0.2727272727272727	True
773	2128	0.18181818181818182	True
773	265	0.09090909090909091	True
4029	2559	0.9090909090909091	False
4029	3865	0.8181818181818182	False
4029	2181	0.7272727272727273	True
4029	3682	0.6363636363636364	False
4029	200	0.5454545454545454	False
4029	1334	0.45454545454545453	True
4029	3636	0.36363636363636365	False
4029	265	0.2727272727272727	True
4029	1253	0.18181818181818182	True
4029	3748	0.09090909090909091	True
5021	3682	0.9090909090909091	False
5021	200	0.8181818181818182	False
5021	3636	0.7272727272727273	False
5021	2559	0.6363636363636364	False
5021	3865	0.5454545454545454	False
5021	1334	0.45454545454545453	True
5021	2181	0.36363636363636365	True
5021	2128	0.2727272727272727	True
5021	1253	0.18181818181818182	True
5021	265	0.09090909090909091	True
2104	3865	0.9090909090909091	False
2104	3636	0.8181818181818182	False
2104	3682	0.7272727272727273	False
2104	2559	0.6363636363636364	False
2104	1334	0.5454545454545454	True
2104	200	0.45454545454545453	False
2104	2004	0.36363636363636365	True
2104	2181	0.2727272727272727	True
2104	1253	0.18181818181818182	True
2104	3167	0.09090909090909091	True
3603	3865	0.9090909090909091	False
3603	3636	0.8181818181818182	False
3603	200	0.7272727272727273	False
3603	2181	0.6363636363636364	True
3603	265	0.5454545454545454	True
3603	1334	0.45454545454545453	True
3603	2559	0.36363636363636365	False
3603	2128	0.2727272727272727	True
3603	3682	0.18181818181818182	False
3603	3748	0.09090909090909091	True
4396	3865	0.9090909090909091	False
4396	2181	0.8181818181818182	True
4396	3682	0.7272727272727273	False
4396	3636	0.6363636363636364	False
4396	200	0.5454545454545454	False
4396	2004	0.45454545454545453	True
4396	2559	0.36363636363636365	False
4396	1334	0.2727272727272727	True
4396	265	0.18181818181818182	True
4396	3748	0.09090909090909091	True
3814	3865	0.9090909090909091	False
3814	1334	0.8181818181818182	True
3814	2181	0.7272727272727273	True
3814	2559	0.6363636363636364	False
3814	1253	0.5454545454545454	True
3814	2607	0.45454545454545453	True
3814	3636	0.36363636363636365	False
3814	3682	0.2727272727272727	False
3814	265	0.18181818181818182	True
3814	3061	0.09090909090909091	True
1766	2559	0.9090909090909091	False
1766	1334	0.8181818181818182	True
1766	3865	0.7272727272727273	False
1766	2181	0.6363636363636364	True
1766	2004	0.5454545454545454	True
1766	3636	0.45454545454545453	False
1766	3682	0.36363636363636365	False
1766	200	0.2727272727272727	False
1766	1253	0.18181818181818182	True
1766	3748	0.09090909090909091	True
5722	3865	0.9090909090909091	False
5722	3682	0.8181818181818182	False
5722	1334	0.7272727272727273	True
5722	2559	0.6363636363636364	False
5722	2181	0.5454545454545454	True
5722	3636	0.45454545454545453	False
5722	200	0.36363636363636365	False
5722	312	0.2727272727272727	True
5722	1253	0.18181818181818182	True
5722	2004	0.09090909090909091	True
1243	3865	0.9090909090909091	False
1243	3682	0.8181818181818182	False
1243	2181	0.7272727272727273	True
1243	200	0.6363636363636364	False
1243	3636	0.5454545454545454	False
1243	2559	0.45454545454545453	False
1243	1334	0.36363636363636365	True
1243	2335	0.2727272727272727	True
1243	1253	0.18181818181818182	True
1243	570	0.09090909090909091	True
5638	3865	0.9090909090909091	False
5638	3636	0.8181818181818182	False
5638	2559	0.7272727272727273	False
5638	1334	0.6363636363636364	True
5638	1253	0.5454545454545454	True
5638	2004	0.45454545454545453	True
5638	3167	0.36363636363636365	True
5638	2128	0.2727272727272727	True
5638	200	0.18181818181818182	False
5638	3682	0.09090909090909091	False
1320	3865	0.9090909090909091	False
1320	2181	0.8181818181818182	True
1320	200	0.7272727272727273	False
1320	3636	0.6363636363636364	False
1320	2559	0.5454545454545454	False
1320	3682	0.45454545454545453	False
1320	312	0.36363636363636365	True
1320	2607	0.2727272727272727	True
1320	2128	0.18181818181818182	True
1320	2532	0.09090909090909091	True
1692	3865	0.9090909090909091	False
1692	2181	0.8181818181818182	True
1692	200	0.7272727272727273	False
1692	3682	0.6363636363636364	False
1692	2559	0.5454545454545454	False
1692	3636	0.45454545454545453	False
1692	265	0.36363636363636365	True
1692	312	0.2727272727272727	True
1692	2097	0.18181818181818182	True
1692	2128	0.09090909090909091	True
5479	1334	0.9090909090909091	True
5479	3865	0.8181818181818182	False
5479	2559	0.7272727272727273	False
5479	3682	0.6363636363636364	False
5479	3636	0.5454545454545454	False
5479	2181	0.45454545454545453	True
5479	200	0.36363636363636365	False
5479	1253	0.2727272727272727	True
5479	2607	0.18181818181818182	True
5479	2128	0.09090909090909091	True
3064	3865	0.9090909090909091	False
3064	3682	0.8181818181818182	False
3064	2181	0.7272727272727273	True
3064	3636	0.6363636363636364	False
3064	200	0.5454545454545454	False
3064	2559	0.45454545454545453	False
3064	1334	0.36363636363636365	True
3064	3748	0.2727272727272727	True
3064	265	0.18181818181818182	True
3064	2004	0.09090909090909091	True
3840	3865	0.9090909090909091	False
3840	3636	0.8181818181818182	False
3840	2559	0.7272727272727273	False
3840	3682	0.6363636363636364	False
3840	1334	0.5454545454545454	True
3840	1253	0.45454545454545453	True
3840	200	0.36363636363636365	False
3840	2128	0.2727272727272727	True
3840	3748	0.18181818181818182	True
3840	2181	0.09090909090909091	True
4880	3865	0.9090909090909091	False
4880	2181	0.8181818181818182	True
4880	3636	0.7272727272727273	False
4880	2559	0.6363636363636364	False
4880	312	0.5454545454545454	True
4880	3167	0.45454545454545453	True
4880	3682	0.36363636363636365	False
4880	1334	0.2727272727272727	True
4880	3748	0.18181818181818182	True
4880	200	0.09090909090909091	False
2196	3865	0.9090909090909091	False
2196	1334	0.8181818181818182	True
2196	3682	0.7272727272727273	False
2196	2559	0.6363636363636364	False
2196	2181	0.5454545454545454	True
2196	200	0.45454545454545453	False
2196	3636	0.36363636363636365	False
2196	3748	0.2727272727272727	True
2196	920	0.18181818181818182	True
2196	1253	0.09090909090909091	True
2788	3865	0.9090909090909091	False
2788	2181	0.8181818181818182	True
2788	3682	0.7272727272727273	False
2788	200	0.6363636363636364	False
2788	3636	0.5454545454545454	False
2788	2559	0.45454545454545453	False
2788	1334	0.36363636363636365	True
2788	312	0.2727272727272727	True
2788	265	0.18181818181818182	True
2788	2532	0.09090909090909091	True
278	3865	0.9090909090909091	False
278	2181	0.8181818181818182	True
278	3682	0.7272727272727273	False
278	200	0.6363636363636364	False
278	3636	0.5454545454545454	False
278	2559	0.45454545454545453	False
278	2004	0.36363636363636365	True
278	1334	0.2727272727272727	True
278	2335	0.18181818181818182	True
278	2128	0.09090909090909091	True
3570	3865	0.9090909090909091	False
3570	3636	0.8181818181818182	False
3570	2559	0.7272727272727273	False
3570	200	0.6363636363636364	False
3570	3682	0.5454545454545454	False
3570	2004	0.45454545454545453	True
3570	2181	0.36363636363636365	True
3570	1253	0.2727272727272727	True
3570	3167	0.18181818181818182	True
3570	2335	0.09090909090909091	True
3848	3865	0.9090909090909091	False
3848	3636	0.8181818181818182	False
3848	2559	0.7272727272727273	False
3848	1334	0.6363636363636364	True
3848	1253	0.5454545454545454	True
3848	200	0.45454545454545453	False
3848	3682	0.36363636363636365	False
3848	2128	0.2727272727272727	True
3848	2181	0.18181818181818182	True
3848	3167	0.09090909090909091	True
1872	3865	0.9090909090909091	False
1872	1253	0.8181818181818182	True
1872	2559	0.7272727272727273	False
1872	1334	0.6363636363636364	True
1872	200	0.5454545454545454	False
1872	3636	0.45454545454545453	False
1872	3682	0.36363636363636365	False
1872	265	0.2727272727272727	True
1872	2071	0.18181818181818182	True
1872	3748	0.09090909090909091	True
1452	3865	0.9090909090909091	False
1452	3636	0.8181818181818182	False
1452	2559	0.7272727272727273	False
1452	1334	0.6363636363636364	True
1452	3682	0.5454545454545454	False
1452	2181	0.45454545454545453	True
1452	2128	0.36363636363636365	True
1452	1253	0.2727272727272727	True
1452	200	0.18181818181818182	False
1452	3748	0.09090909090909091	True
5871	3682	0.9090909090909091	False
5871	3865	0.8181818181818182	False
5871	2559	0.7272727272727273	False
5871	3636	0.6363636363636364	False
5871	200	0.5454545454545454	False
5871	2181	0.45454545454545453	True
5871	1334	0.36363636363636365	True
5871	1253	0.2727272727272727	True
5871	3167	0.18181818181818182	True
5871	2335	0.09090909090909091	True
2260	3865	0.9090909090909091	False
2260	3682	0.8181818181818182	False
2260	200	0.7272727272727273	False
2260	2181	0.6363636363636364	True
2260	2559	0.5454545454545454	False
2260	1334	0.45454545454545453	True
2260	3636	0.36363636363636365	False
2260	2071	0.2727272727272727	True
2260	265	0.18181818181818182	True
2260	1253	0.09090909090909091	True
3274	3865	0.9090909090909091	False
3274	3636	0.8181818181818182	False
3274	3682	0.7272727272727273	False
3274	2559	0.6363636363636364	False
3274	200	0.5454545454545454	False
3274	1334	0.45454545454545453	True
3274	2004	0.36363636363636365	True
3274	2181	0.2727272727272727	True
3274	1253	0.18181818181818182	True
3274	2128	0.09090909090909091	True
5978	2559	0.9090909090909091	False
5978	3682	0.8181818181818182	False
5978	3636	0.7272727272727273	False
5978	3865	0.6363636363636364	False
5978	1334	0.5454545454545454	True
5978	1253	0.45454545454545453	True
5978	2128	0.36363636363636365	True
5978	200	0.2727272727272727	False
5978	2902	0.18181818181818182	True
5978	2181	0.09090909090909091	True
5886	3865	0.9090909090909091	False
5886	3167	0.8181818181818182	True
5886	3636	0.7272727272727273	False
5886	2559	0.6363636363636364	False
5886	1253	0.5454545454545454	True
5886	2181	0.45454545454545453	True
5886	3682	0.36363636363636365	False
5886	200	0.2727272727272727	False
5886	2335	0.18181818181818182	True
5886	2607	0.09090909090909091	True
5597	3636	0.9090909090909091	False
5597	3865	0.8181818181818182	False
5597	2559	0.7272727272727273	False
5597	200	0.6363636363636364	False
5597	2128	0.5454545454545454	True
5597	1334	0.45454545454545453	True
5597	570	0.36363636363636365	True
5597	312	0.2727272727272727	True
5597	2004	0.18181818181818182	True
5597	1253	0.09090909090909091	True
3778	3865	0.9090909090909091	False
3778	2181	0.8181818181818182	True
3778	3636	0.7272727272727273	False
3778	2559	0.6363636363636364	False
3778	3748	0.5454545454545454	True
3778	265	0.45454545454545453	True
3778	1334	0.36363636363636365	True
3778	1253	0.2727272727272727	True
3778	3682	0.18181818181818182	False
3778	2004	0.09090909090909091	True
2368	3865	0.9090909090909091	False
2368	3682	0.8181818181818182	False
2368	2181	0.7272727272727273	True
2368	200	0.6363636363636364	False
2368	2071	0.5454545454545454	True
2368	3636	0.45454545454545453	False
2368	2559	0.36363636363636365	False
2368	265	0.2727272727272727	True
2368	1334	0.18181818181818182	True
2368	1253	0.09090909090909091	True
2484	3865	0.9090909090909091	False
2484	2607	0.8181818181818182	True
2484	3167	0.7272727272727273	True
2484	2559	0.6363636363636364	False
2484	3636	0.5454545454545454	False
2484	2181	0.45454545454545453	True
2484	3682	0.36363636363636365	False
2484	200	0.2727272727272727	False
2484	1334	0.18181818181818182	True
2484	1253	0.09090909090909091	True
3833	3636	0.9090909090909091	False
3833	2559	0.8181818181818182	False
3833	3865	0.7272727272727273	False
3833	1334	0.6363636363636364	True
3833	3682	0.5454545454545454	False
3833	2128	0.45454545454545453	True
3833	1253	0.36363636363636365	True
3833	2181	0.2727272727272727	True
3833	2004	0.18181818181818182	True
3833	3167	0.09090909090909091	True
769	3865	0.9090909090909091	False
769	2559	0.8181818181818182	False
769	2181	0.7272727272727273	True
769	1253	0.6363636363636364	True
769	200	0.5454545454545454	False
769	265	0.45454545454545453	True
769	1334	0.36363636363636365	True
769	2128	0.2727272727272727	True
769	3748	0.18181818181818182	True
769	3636	0.09090909090909091	False
5007	3865	0.9090909090909091	False
5007	2181	0.8181818181818182	True
5007	1334	0.7272727272727273	True
5007	200	0.6363636363636364	False
5007	2559	0.5454545454545454	False
5007	3748	0.45454545454545453	True
5007	3682	0.36363636363636365	False
5007	3636	0.2727272727272727	False
5007	312	0.18181818181818182	True
5007	1253	0.09090909090909091	True
4754	3865	0.9090909090909091	False
4754	1253	0.8181818181818182	True
4754	2181	0.7272727272727273	True
4754	200	0.6363636363636364	False
4754	3682	0.5454545454545454	False
4754	2559	0.45454545454545453	False
4754	3636	0.36363636363636365	False
4754	1334	0.2727272727272727	True
4754	3167	0.18181818181818182	True
4754	3748	0.09090909090909091	True
1586	3865	0.9090909090909091	False
1586	2559	0.8181818181818182	False
1586	2181	0.7272727272727273	True
1586	3682	0.6363636363636364	False
1586	200	0.5454545454545454	False
1586	1334	0.45454545454545453	True
1586	3636	0.36363636363636365	False
1586	312	0.2727272727272727	True
1586	3167	0.18181818181818182	True
1586	1253	0.09090909090909091	True
5079	3865	0.9090909090909091	False
5079	200	0.8181818181818182	False
5079	2181	0.7272727272727273	True
5079	3636	0.6363636363636364	False
5079	1334	0.5454545454545454	True
5079	2559	0.45454545454545453	False
5079	312	0.36363636363636365	True
5079	2128	0.2727272727272727	True
5079	570	0.18181818181818182	True
5079	3682	0.09090909090909091	False
1945	3636	0.9090909090909091	False
1945	3865	0.8181818181818182	False
1945	3682	0.7272727272727273	False
1945	2559	0.6363636363636364	False
1945	1334	0.5454545454545454	True
1945	2181	0.45454545454545453	True
1945	2128	0.36363636363636365	True
1945	200	0.2727272727272727	False
1945	1253	0.18181818181818182	True
1945	2004	0.09090909090909091	True
1477	3865	0.9090909090909091	False
1477	3636	0.8181818181818182	False
1477	2181	0.7272727272727273	True
1477	3682	0.6363636363636364	False
1477	2559	0.5454545454545454	False
1477	1334	0.45454545454545453	True
1477	200	0.36363636363636365	False
1477	1253	0.2727272727272727	True
1477	3167	0.18181818181818182	True
1477	3748	0.09090909090909091	True
5250	3865	0.9090909090909091	False
5250	2559	0.8181818181818182	False
5250	200	0.7272727272727273	False
5250	2902	0.6363636363636364	True
5250	3682	0.5454545454545454	False
5250	2181	0.45454545454545453	True
5250	1334	0.36363636363636365	True
5250	2607	0.2727272727272727	True
5250	2128	0.18181818181818182	True
5250	3636	0.09090909090909091	False
3960	3865	0.9090909090909091	False
3960	2559	0.8181818181818182	False
3960	3636	0.7272727272727273	False
3960	3167	0.6363636363636364	True
3960	1253	0.5454545454545454	True
3960	2128	0.45454545454545453	True
3960	200	0.36363636363636365	False
3960	2181	0.2727272727272727	True
3960	1334	0.18181818181818182	True
3960	2902	0.09090909090909091	True
2473	3865	0.9090909090909091	False
2473	2181	0.8181818181818182	True
2473	2559	0.7272727272727273	False
2473	200	0.6363636363636364	False
2473	2607	0.5454545454545454	True
2473	3682	0.45454545454545453	False
2473	3636	0.36363636363636365	False
2473	1253	0.2727272727272727	True
2473	1334	0.18181818181818182	True
2473	3167	0.09090909090909091	True
1846	3865	0.9090909090909091	False
1846	3636	0.8181818181818182	False
1846	3682	0.7272727272727273	False
1846	200	0.6363636363636364	False
1846	2559	0.5454545454545454	False
1846	2181	0.45454545454545453	True
1846	1334	0.36363636363636365	True
1846	2004	0.2727272727272727	True
1846	3167	0.18181818181818182	True
1846	1253	0.09090909090909091	True
2118	3865	0.9090909090909091	False
2118	3682	0.8181818181818182	False
2118	2559	0.7272727272727273	False
2118	1334	0.6363636363636364	True
2118	3636	0.5454545454545454	False
2118	2004	0.45454545454545453	True
2118	2607	0.36363636363636365	True
2118	200	0.2727272727272727	False
2118	1253	0.18181818181818182	True
2118	2128	0.09090909090909091	True
1826	3865	0.9090909090909091	False
1826	2181	0.8181818181818182	True
1826	2559	0.7272727272727273	False
1826	3682	0.6363636363636364	False
1826	200	0.5454545454545454	False
1826	3636	0.45454545454545453	False
1826	1334	0.36363636363636365	True
1826	2607	0.2727272727272727	True
1826	312	0.18181818181818182	True
1826	2335	0.09090909090909091	True
1614	3865	0.9090909090909091	False
1614	1334	0.8181818181818182	True
1614	2559	0.7272727272727273	False
1614	3682	0.6363636363636364	False
1614	3636	0.5454545454545454	False
1614	200	0.45454545454545453	False
1614	2128	0.36363636363636365	True
1614	2181	0.2727272727272727	True
1614	2607	0.18181818181818182	True
1614	2902	0.09090909090909091	True
3801	3865	0.9090909090909091	False
3801	1253	0.8181818181818182	True
3801	2559	0.7272727272727273	False
3801	3636	0.6363636363636364	False
3801	200	0.5454545454545454	False
3801	1334	0.45454545454545453	True
3801	2128	0.36363636363636365	True
3801	2902	0.2727272727272727	True
3801	2004	0.18181818181818182	True
3801	3167	0.09090909090909091	True
1229	3865	0.9090909090909091	False
1229	3682	0.8181818181818182	False
1229	3636	0.7272727272727273	False
1229	200	0.6363636363636364	False
1229	2181	0.5454545454545454	True
1229	2559	0.45454545454545453	False
1229	1334	0.36363636363636365	True
1229	312	0.2727272727272727	True
1229	2004	0.18181818181818182	True
1229	2071	0.09090909090909091	True
3805	3865	0.9090909090909091	False
3805	2559	0.8181818181818182	False
3805	3682	0.7272727272727273	False
3805	3636	0.6363636363636364	False
3805	1334	0.5454545454545454	True
3805	1253	0.45454545454545453	True
3805	2181	0.36363636363636365	True
3805	200	0.2727272727272727	False
3805	2128	0.18181818181818182	True
3805	3748	0.09090909090909091	True
5282	2559	0.9090909090909091	False
5282	3682	0.8181818181818182	False
5282	3865	0.7272727272727273	False
5282	2181	0.6363636363636364	True
5282	200	0.5454545454545454	False
5282	3636	0.45454545454545453	False
5282	1334	0.36363636363636365	True
5282	265	0.2727272727272727	True
5282	1253	0.18181818181818182	True
5282	2004	0.09090909090909091	True
5294	3865	0.9090909090909091	False
5294	1334	0.8181818181818182	True
5294	2559	0.7272727272727273	False
5294	3636	0.6363636363636364	False
5294	3682	0.5454545454545454	False
5294	200	0.45454545454545453	False
5294	2181	0.36363636363636365	True
5294	1253	0.2727272727272727	True
5294	2128	0.18181818181818182	True
5294	2362	0.09090909090909091	True
1079	3865	0.9090909090909091	False
1079	3636	0.8181818181818182	False
1079	2181	0.7272727272727273	True
1079	2559	0.6363636363636364	False
1079	200	0.5454545454545454	False
1079	1334	0.45454545454545453	True
1079	265	0.36363636363636365	True
1079	3682	0.2727272727272727	False
1079	2128	0.18181818181818182	True
1079	3748	0.09090909090909091	True
638	2559	0.9090909090909091	False
638	2181	0.8181818181818182	True
638	3865	0.7272727272727273	False
638	265	0.6363636363636364	True
638	200	0.5454545454545454	False
638	3682	0.45454545454545453	False
638	2607	0.36363636363636365	True
638	3167	0.2727272727272727	True
638	1253	0.18181818181818182	True
638	1334	0.09090909090909091	True
3272	3865	0.9090909090909091	False
3272	3636	0.8181818181818182	False
3272	200	0.7272727272727273	False
3272	2559	0.6363636363636364	False
3272	2128	0.5454545454545454	True
3272	312	0.45454545454545453	True
3272	3682	0.36363636363636365	False
3272	2181	0.2727272727272727	True
3272	1334	0.18181818181818182	True
3272	3167	0.09090909090909091	True
799	3636	0.9090909090909091	False
799	3865	0.8181818181818182	False
799	2004	0.7272727272727273	True
799	2128	0.6363636363636364	True
799	2559	0.5454545454545454	False
799	200	0.45454545454545453	False
799	1334	0.36363636363636365	True
799	570	0.2727272727272727	True
799	1253	0.18181818181818182	True
799	2607	0.09090909090909091	True
4035	3865	0.9090909090909091	False
4035	3682	0.8181818181818182	False
4035	2181	0.7272727272727273	True
4035	200	0.6363636363636364	False
4035	3636	0.5454545454545454	False
4035	1334	0.45454545454545453	True
4035	3748	0.36363636363636365	True
4035	1253	0.2727272727272727	True
4035	2559	0.18181818181818182	False
4035	2004	0.09090909090909091	True
2360	1253	0.9090909090909091	True
2360	2559	0.8181818181818182	False
2360	3636	0.7272727272727273	False
2360	3865	0.6363636363636364	False
2360	1334	0.5454545454545454	True
2360	2128	0.45454545454545453	True
2360	200	0.36363636363636365	False
2360	2181	0.2727272727272727	True
2360	3167	0.18181818181818182	True
2360	3682	0.09090909090909091	False
693	3865	0.9090909090909091	False
693	2181	0.8181818181818182	True
693	3682	0.7272727272727273	False
693	2559	0.6363636363636364	False
693	3636	0.5454545454545454	False
693	1334	0.45454545454545453	True
693	2607	0.36363636363636365	True
693	3167	0.2727272727272727	True
693	2004	0.18181818181818182	True
693	2128	0.09090909090909091	True
4409	2181	0.9090909090909091	True
4409	3865	0.8181818181818182	False
4409	3636	0.7272727272727273	False
4409	2559	0.6363636363636364	False
4409	200	0.5454545454545454	False
4409	3682	0.45454545454545453	False
4409	2004	0.36363636363636365	True
4409	1334	0.2727272727272727	True
4409	3748	0.18181818181818182	True
4409	3895	0.09090909090909091	True
4902	3865	0.9090909090909091	False
4902	3636	0.8181818181818182	False
4902	1334	0.7272727272727273	True
4902	2181	0.6363636363636364	True
4902	1253	0.5454545454545454	True
4902	2559	0.45454545454545453	False
4902	200	0.36363636363636365	False
4902	3748	0.2727272727272727	True
4902	2004	0.18181818181818182	True
4902	3682	0.09090909090909091	False
5068	3636	0.9090909090909091	False
5068	2559	0.8181818181818182	False
5068	1334	0.7272727272727273	True
5068	3865	0.6363636363636364	False
5068	2607	0.5454545454545454	True
5068	2128	0.45454545454545453	True
5068	200	0.36363636363636365	False
5068	1253	0.2727272727272727	True
5068	3682	0.18181818181818182	False
5068	3061	0.09090909090909091	True
4363	3865	0.9090909090909091	False
4363	3636	0.8181818181818182	False
4363	2559	0.7272727272727273	False
4363	200	0.6363636363636364	False
4363	2128	0.5454545454545454	True
4363	3682	0.45454545454545453	False
4363	1334	0.36363636363636365	True
4363	1253	0.2727272727272727	True
4363	2607	0.18181818181818182	True
4363	2181	0.09090909090909091	True
3372	2559	0.9090909090909091	False
3372	3636	0.8181818181818182	False
3372	1334	0.7272727272727273	True
3372	3865	0.6363636363636364	False
3372	200	0.5454545454545454	False
3372	1253	0.45454545454545453	True
3372	3682	0.36363636363636365	False
3372	2607	0.2727272727272727	True
3372	3167	0.18181818181818182	True
3372	2181	0.09090909090909091	True
5588	3865	0.9090909090909091	False
5588	3636	0.8181818181818182	False
5588	2559	0.7272727272727273	False
5588	200	0.6363636363636364	False
5588	2181	0.5454545454545454	True
5588	1334	0.45454545454545453	True
5588	3682	0.36363636363636365	False
5588	3167	0.2727272727272727	True
5588	2607	0.18181818181818182	True
5588	2128	0.09090909090909091	True
2808	3636	0.9090909090909091	False
2808	3865	0.8181818181818182	False
2808	200	0.7272727272727273	False
2808	2004	0.6363636363636364	True
2808	2559	0.5454545454545454	False
2808	2181	0.45454545454545453	True
2808	1334	0.36363636363636365	True
2808	3682	0.2727272727272727	False
2808	3748	0.18181818181818182	True
2808	2128	0.09090909090909091	True
2221	3865	0.9090909090909091	False
2221	2559	0.8181818181818182	False
2221	3636	0.7272727272727273	False
2221	3682	0.6363636363636364	False
2221	200	0.5454545454545454	False
2221	2181	0.45454545454545453	True
2221	2128	0.36363636363636365	True
2221	1253	0.2727272727272727	True
2221	1334	0.18181818181818182	True
2221	3167	0.09090909090909091	True
1777	3636	0.9090909090909091	False
1777	2559	0.8181818181818182	False
1777	1253	0.7272727272727273	True
1777	3865	0.6363636363636364	False
1777	1334	0.5454545454545454	True
1777	2128	0.45454545454545453	True
1777	200	0.36363636363636365	False
1777	3748	0.2727272727272727	True
1777	2181	0.18181818181818182	True
1777	265	0.09090909090909091	True
2180	3865	0.9090909090909091	False
2180	2559	0.8181818181818182	False
2180	2181	0.7272727272727273	True
2180	200	0.6363636363636364	False
2180	3682	0.5454545454545454	False
2180	1334	0.45454545454545453	True
2180	2607	0.36363636363636365	True
2180	312	0.2727272727272727	True
2180	2071	0.18181818181818182	True
2180	3636	0.09090909090909091	False
442	3865	0.9090909090909091	False
442	3682	0.8181818181818182	False
442	2559	0.7272727272727273	False
442	2181	0.6363636363636364	True
442	3636	0.5454545454545454	False
442	200	0.45454545454545453	False
442	1334	0.36363636363636365	True
442	2071	0.2727272727272727	True
442	3167	0.18181818181818182	True
442	1253	0.09090909090909091	True
856	3865	0.9090909090909091	False
856	2181	0.8181818181818182	True
856	2559	0.7272727272727273	False
856	200	0.6363636363636364	False
856	3682	0.5454545454545454	False
856	2071	0.45454545454545453	True
856	1334	0.36363636363636365	True
856	2607	0.2727272727272727	True
856	3636	0.18181818181818182	False
856	312	0.09090909090909091	True
351	3865	0.9090909090909091	False
351	3636	0.8181818181818182	False
351	2181	0.7272727272727273	True
351	200	0.6363636363636364	False
351	2559	0.5454545454545454	False
351	3682	0.45454545454545453	False
351	3748	0.36363636363636365	True
351	312	0.2727272727272727	True
351	265	0.18181818181818182	True
351	2128	0.09090909090909091	True
1132	3865	0.9090909090909091	False
1132	3636	0.8181818181818182	False
1132	3748	0.7272727272727273	True
1132	1334	0.6363636363636364	True
1132	3682	0.5454545454545454	False
1132	2559	0.45454545454545453	False
1132	200	0.36363636363636365	False
1132	1253	0.2727272727272727	True
1132	2181	0.18181818181818182	True
1132	2004	0.09090909090909091	True
4244	3682	0.9090909090909091	False
4244	2559	0.8181818181818182	False
4244	3636	0.7272727272727273	False
4244	2181	0.6363636363636364	True
4244	3865	0.5454545454545454	False
4244	200	0.45454545454545453	False
4244	265	0.36363636363636365	True
4244	3167	0.2727272727272727	True
4244	1334	0.18181818181818182	True
4244	3061	0.09090909090909091	True
760	3865	0.9090909090909091	False
760	3636	0.8181818181818182	False
760	200	0.7272727272727273	False
760	2181	0.6363636363636364	True
760	3682	0.5454545454545454	False
760	1334	0.45454545454545453	True
760	2559	0.36363636363636365	False
760	2004	0.2727272727272727	True
760	1253	0.18181818181818182	True
760	2335	0.09090909090909091	True
4432	3636	0.9090909090909091	False
4432	2559	0.8181818181818182	False
4432	200	0.7272727272727273	False
4432	3865	0.6363636363636364	False
4432	3682	0.5454545454545454	False
4432	2004	0.45454545454545453	True
4432	1253	0.36363636363636365	True
4432	1334	0.2727272727272727	True
4432	2128	0.18181818181818182	True
4432	2335	0.09090909090909091	True
206	3865	0.9090909090909091	False
206	2181	0.8181818181818182	True
206	200	0.7272727272727273	False
206	3682	0.6363636363636364	False
206	2559	0.5454545454545454	False
206	3636	0.45454545454545453	False
206	1253	0.36363636363636365	True
206	2335	0.2727272727272727	True
206	3167	0.18181818181818182	True
206	2902	0.09090909090909091	True
3679	3636	0.9090909090909091	False
3679	3865	0.8181818181818182	False
3679	2559	0.7272727272727273	False
3679	2181	0.6363636363636364	True
3679	3682	0.5454545454545454	False
3679	200	0.45454545454545453	False
3679	2607	0.36363636363636365	True
3679	1334	0.2727272727272727	True
3679	2128	0.18181818181818182	True
3679	2004	0.09090909090909091	True
1340	3865	0.9090909090909091	False
1340	3636	0.8181818181818182	False
1340	1334	0.7272727272727273	True
1340	2559	0.6363636363636364	False
1340	3682	0.5454545454545454	False
1340	2128	0.45454545454545453	True
1340	1253	0.36363636363636365	True
1340	200	0.2727272727272727	False
1340	2181	0.18181818181818182	True
1340	2004	0.09090909090909091	True
2799	3865	0.9090909090909091	False
2799	3682	0.8181818181818182	False
2799	2181	0.7272727272727273	True
2799	1334	0.6363636363636364	True
2799	2559	0.5454545454545454	False
2799	1253	0.45454545454545453	True
2799	3636	0.36363636363636365	False
2799	200	0.2727272727272727	False
2799	2362	0.18181818181818182	True
2799	3748	0.09090909090909091	True
113	3865	0.9090909090909091	False
113	2559	0.8181818181818182	False
113	3636	0.7272727272727273	False
113	200	0.6363636363636364	False
113	2902	0.5454545454545454	True
113	3682	0.45454545454545453	False
113	1334	0.36363636363636365	True
113	2128	0.2727272727272727	True
113	2004	0.18181818181818182	True
113	570	0.09090909090909091	True
3769	3865	0.9090909090909091	False
3769	2181	0.8181818181818182	True
3769	2559	0.7272727272727273	False
3769	200	0.6363636363636364	False
3769	3682	0.5454545454545454	False
3769	3636	0.45454545454545453	False
3769	1334	0.36363636363636365	True
3769	2004	0.2727272727272727	True
3769	312	0.18181818181818182	True
3769	2071	0.09090909090909091	True
4388	3865	0.9090909090909091	False
4388	3636	0.8181818181818182	False
4388	2181	0.7272727272727273	True
4388	3682	0.6363636363636364	False
4388	2559	0.5454545454545454	False
4388	200	0.45454545454545453	False
4388	1334	0.36363636363636365	True
4388	2004	0.2727272727272727	True
4388	2128	0.18181818181818182	True
4388	2902	0.09090909090909091	True
1530	3865	0.9090909090909091	False
1530	3682	0.8181818181818182	False
1530	1334	0.7272727272727273	True
1530	2181	0.6363636363636364	True
1530	200	0.5454545454545454	False
1530	1253	0.45454545454545453	True
1530	2559	0.36363636363636365	False
1530	3636	0.2727272727272727	False
1530	3167	0.18181818181818182	True
1530	3748	0.09090909090909091	True
1578	3865	0.9090909090909091	False
1578	2559	0.8181818181818182	False
1578	2181	0.7272727272727273	True
1578	3636	0.6363636363636364	False
1578	1253	0.5454545454545454	True
1578	1334	0.45454545454545453	True
1578	2128	0.36363636363636365	True
1578	200	0.2727272727272727	False
1578	3682	0.18181818181818182	False
1578	2607	0.09090909090909091	True
1908	2181	0.9090909090909091	True
1908	3865	0.8181818181818182	False
1908	3636	0.7272727272727273	False
1908	2559	0.6363636363636364	False
1908	3682	0.5454545454545454	False
1908	1334	0.45454545454545453	True
1908	200	0.36363636363636365	False
1908	1253	0.2727272727272727	True
1908	2128	0.18181818181818182	True
1908	2004	0.09090909090909091	True
4644	3865	0.9090909090909091	False
4644	2559	0.8181818181818182	False
4644	3682	0.7272727272727273	False
4644	2181	0.6363636363636364	True
4644	200	0.5454545454545454	False
4644	1334	0.45454545454545453	True
4644	3636	0.36363636363636365	False
4644	265	0.2727272727272727	True
4644	1253	0.18181818181818182	True
4644	2071	0.09090909090909091	True
1474	3865	0.9090909090909091	False
1474	1334	0.8181818181818182	True
1474	2181	0.7272727272727273	True
1474	3636	0.6363636363636364	False
1474	3682	0.5454545454545454	False
1474	2559	0.45454545454545453	False
1474	2128	0.36363636363636365	True
1474	200	0.2727272727272727	False
1474	2004	0.18181818181818182	True
1474	2607	0.09090909090909091	True
5053	3865	0.9090909090909091	False
5053	3636	0.8181818181818182	False
5053	1334	0.7272727272727273	True
5053	2559	0.6363636363636364	False
5053	200	0.5454545454545454	False
5053	3682	0.45454545454545453	False
5053	2181	0.36363636363636365	True
5053	2128	0.2727272727272727	True
5053	1253	0.18181818181818182	True
5053	3007	0.09090909090909091	True
1123	3865	0.9090909090909091	False
1123	3682	0.8181818181818182	False
1123	2559	0.7272727272727273	False
1123	1334	0.6363636363636364	True
1123	2181	0.5454545454545454	True
1123	200	0.45454545454545453	False
1123	3636	0.36363636363636365	False
1123	3748	0.2727272727272727	True
1123	1253	0.18181818181818182	True
1123	2004	0.09090909090909091	True
2524	2559	0.9090909090909091	False
2524	3865	0.8181818181818182	False
2524	2181	0.7272727272727273	True
2524	3636	0.6363636363636364	False
2524	1334	0.5454545454545454	True
2524	1253	0.45454545454545453	True
2524	3682	0.36363636363636365	False
2524	200	0.2727272727272727	False
2524	2128	0.18181818181818182	True
2524	2902	0.09090909090909091	True
16	2181	0.9090909090909091	True
16	200	0.8181818181818182	False
16	2559	0.7272727272727273	False
16	3636	0.6363636363636364	False
16	3682	0.5454545454545454	False
16	2607	0.45454545454545453	True
16	1334	0.36363636363636365	True
16	3167	0.2727272727272727	True
16	2128	0.18181818181818182	True
16	265	0.09090909090909091	True
1453	3865	0.9090909090909091	False
1453	2559	0.8181818181818182	False
1453	3636	0.7272727272727273	False
1453	200	0.6363636363636364	False
1453	3682	0.5454545454545454	False
1453	1334	0.45454545454545453	True
1453	2181	0.36363636363636365	True
1453	1253	0.2727272727272727	True
1453	2128	0.18181818181818182	True
1453	2004	0.09090909090909091	True
932	3865	0.9090909090909091	False
932	3636	0.8181818181818182	False
932	2559	0.7272727272727273	False
932	1253	0.6363636363636364	True
932	1334	0.5454545454545454	True
932	3167	0.45454545454545453	True
932	2181	0.36363636363636365	True
932	2128	0.2727272727272727	True
932	3682	0.18181818181818182	False
932	3748	0.09090909090909091	True
3602	2181	0.9090909090909091	True
3602	2559	0.8181818181818182	False
3602	3865	0.7272727272727273	False
3602	3682	0.6363636363636364	False
3602	1334	0.5454545454545454	True
3602	200	0.45454545454545453	False
3602	2004	0.36363636363636365	True
3602	3636	0.2727272727272727	False
3602	3748	0.18181818181818182	True
3602	1253	0.09090909090909091	True
689	3865	0.9090909090909091	False
689	2181	0.8181818181818182	True
689	3636	0.7272727272727273	False
689	2559	0.6363636363636364	False
689	200	0.5454545454545454	False
689	2004	0.45454545454545453	True
689	1253	0.36363636363636365	True
689	3748	0.2727272727272727	True
689	3167	0.18181818181818182	True
689	570	0.09090909090909091	True
851	3865	0.9090909090909091	False
851	3636	0.8181818181818182	False
851	3682	0.7272727272727273	False
851	2004	0.6363636363636364	True
851	2559	0.5454545454545454	False
851	2181	0.45454545454545453	True
851	1334	0.36363636363636365	True
851	200	0.2727272727272727	False
851	570	0.18181818181818182	True
851	1253	0.09090909090909091	True
