5305	3344	0.9090909090909091	False
5305	532	0.8181818181818182	True
5305	359	0.7272727272727273	False
5305	3127	0.6363636363636364	False
5305	1665	0.5454545454545454	False
5305	2280	0.45454545454545453	True
5305	869	0.36363636363636365	True
5305	2617	0.2727272727272727	True
5305	1377	0.18181818181818182	False
5305	2646	0.09090909090909091	True
304	3344	0.9090909090909091	False
304	3127	0.8181818181818182	False
304	1665	0.7272727272727273	False
304	359	0.6363636363636364	False
304	869	0.5454545454545454	True
304	2617	0.45454545454545453	True
304	532	0.36363636363636365	True
304	2646	0.2727272727272727	True
304	1952	0.18181818181818182	True
304	2280	0.09090909090909091	True
2094	3344	0.9090909090909091	False
2094	2280	0.8181818181818182	True
2094	1665	0.7272727272727273	False
2094	359	0.6363636363636364	False
2094	3127	0.5454545454545454	False
2094	2617	0.45454545454545453	True
2094	1952	0.36363636363636365	True
2094	1377	0.2727272727272727	False
2094	532	0.18181818181818182	True
2094	869	0.09090909090909091	True
5312	3344	0.9090909090909091	False
5312	359	0.8181818181818182	False
5312	3127	0.7272727272727273	False
5312	1665	0.6363636363636364	False
5312	532	0.5454545454545454	True
5312	2646	0.45454545454545453	True
5312	1377	0.36363636363636365	False
5312	869	0.2727272727272727	True
5312	3298	0.18181818181818182	True
5312	2617	0.09090909090909091	True
4219	3344	0.9090909090909091	False
4219	359	0.8181818181818182	False
4219	1665	0.7272727272727273	False
4219	2617	0.6363636363636364	True
4219	532	0.5454545454545454	True
4219	3127	0.45454545454545453	False
4219	2280	0.36363636363636365	True
4219	1377	0.2727272727272727	False
4219	2646	0.18181818181818182	True
4219	869	0.09090909090909091	True
5148	1665	0.9090909090909091	False
5148	2280	0.8181818181818182	True
5148	1377	0.7272727272727273	False
5148	3344	0.6363636363636364	False
5148	532	0.5454545454545454	True
5148	359	0.45454545454545453	False
5148	869	0.36363636363636365	True
5148	3127	0.2727272727272727	False
5148	2617	0.18181818181818182	True
5148	2646	0.09090909090909091	True
6030	3344	0.9090909090909091	False
6030	359	0.8181818181818182	False
6030	1665	0.7272727272727273	False
6030	3127	0.6363636363636364	False
6030	532	0.5454545454545454	True
6030	2617	0.45454545454545453	True
6030	869	0.36363636363636365	True
6030	1377	0.2727272727272727	False
6030	2646	0.18181818181818182	True
6030	1952	0.09090909090909091	True
5969	3344	0.9090909090909091	False
5969	532	0.8181818181818182	True
5969	2280	0.7272727272727273	True
5969	3127	0.6363636363636364	False
5969	869	0.5454545454545454	True
5969	359	0.45454545454545453	False
5969	1665	0.36363636363636365	False
5969	1377	0.2727272727272727	False
5969	2646	0.18181818181818182	True
5969	1952	0.09090909090909091	True
4633	3344	0.9090909090909091	False
4633	359	0.8181818181818182	False
4633	3127	0.7272727272727273	False
4633	1665	0.6363636363636364	False
4633	2617	0.5454545454545454	True
4633	2280	0.45454545454545453	True
4633	1377	0.36363636363636365	False
4633	869	0.2727272727272727	True
4633	2646	0.18181818181818182	True
4633	1952	0.09090909090909091	True
5747	1665	0.9090909090909091	False
5747	3344	0.8181818181818182	False
5747	359	0.7272727272727273	False
5747	532	0.6363636363636364	True
5747	1377	0.5454545454545454	False
5747	2280	0.45454545454545453	True
5747	1952	0.36363636363636365	True
5747	869	0.2727272727272727	True
5747	2617	0.18181818181818182	True
5747	3127	0.09090909090909091	False
69	3344	0.9090909090909091	False
69	1665	0.8181818181818182	False
69	3127	0.7272727272727273	False
69	359	0.6363636363636364	False
69	2280	0.5454545454545454	True
69	869	0.45454545454545453	True
69	1377	0.36363636363636365	False
69	532	0.2727272727272727	True
69	2617	0.18181818181818182	True
69	2646	0.09090909090909091	True
672	3344	0.9090909090909091	False
672	3127	0.8181818181818182	False
672	359	0.7272727272727273	False
672	1665	0.6363636363636364	False
672	1952	0.5454545454545454	True
672	2646	0.45454545454545453	True
672	2617	0.36363636363636365	True
672	869	0.2727272727272727	True
672	1377	0.18181818181818182	False
672	532	0.09090909090909091	True
1544	532	0.9090909090909091	True
1544	3344	0.8181818181818182	False
1544	1665	0.7272727272727273	False
1544	359	0.6363636363636364	False
1544	1377	0.5454545454545454	False
1544	3127	0.45454545454545453	False
1544	869	0.36363636363636365	True
1544	2646	0.2727272727272727	True
1544	2617	0.18181818181818182	True
1544	1952	0.09090909090909091	True
3948	3344	0.9090909090909091	False
3948	532	0.8181818181818182	True
3948	3127	0.7272727272727273	False
3948	869	0.6363636363636364	True
3948	359	0.5454545454545454	False
3948	1665	0.45454545454545453	False
3948	2280	0.36363636363636365	True
3948	1377	0.2727272727272727	False
3948	2646	0.18181818181818182	True
3948	2617	0.09090909090909091	True
5306	3344	0.9090909090909091	False
5306	359	0.8181818181818182	False
5306	1665	0.7272727272727273	False
5306	3127	0.6363636363636364	False
5306	1377	0.5454545454545454	False
5306	869	0.45454545454545453	True
5306	2617	0.36363636363636365	True
5306	2646	0.2727272727272727	True
5306	532	0.18181818181818182	True
5306	2280	0.09090909090909091	True
212	3344	0.9090909090909091	False
212	1665	0.8181818181818182	False
212	359	0.7272727272727273	False
212	3127	0.6363636363636364	False
212	532	0.5454545454545454	True
212	1377	0.45454545454545453	False
212	869	0.36363636363636365	True
212	2646	0.2727272727272727	True
212	2617	0.18181818181818182	True
212	2280	0.09090909090909091	True
712	3344	0.9090909090909091	False
712	532	0.8181818181818182	True
712	3127	0.7272727272727273	False
712	1665	0.6363636363636364	False
712	1377	0.5454545454545454	False
712	2617	0.45454545454545453	True
712	1952	0.36363636363636365	True
712	2646	0.2727272727272727	True
712	359	0.18181818181818182	False
712	869	0.09090909090909091	True
635	3344	0.9090909090909091	False
635	1665	0.8181818181818182	False
635	359	0.7272727272727273	False
635	3127	0.6363636363636364	False
635	869	0.5454545454545454	True
635	1377	0.45454545454545453	False
635	2280	0.36363636363636365	True
635	1952	0.2727272727272727	True
635	532	0.18181818181818182	True
635	2617	0.09090909090909091	True
1336	3344	0.9090909090909091	False
1336	359	0.8181818181818182	False
1336	532	0.7272727272727273	True
1336	869	0.6363636363636364	True
1336	3127	0.5454545454545454	False
1336	2646	0.45454545454545453	True
1336	1665	0.36363636363636365	False
1336	2617	0.2727272727272727	True
1336	2280	0.18181818181818182	True
1336	1952	0.09090909090909091	True
1111	3344	0.9090909090909091	False
1111	3127	0.8181818181818182	False
1111	359	0.7272727272727273	False
1111	532	0.6363636363636364	True
1111	2646	0.5454545454545454	True
1111	1665	0.45454545454545453	False
1111	869	0.36363636363636365	True
1111	2617	0.2727272727272727	True
1111	1952	0.18181818181818182	True
1111	2280	0.09090909090909091	True
1914	3344	0.9090909090909091	False
1914	1665	0.8181818181818182	False
1914	532	0.7272727272727273	True
1914	3127	0.6363636363636364	False
1914	359	0.5454545454545454	False
1914	1377	0.45454545454545453	False
1914	2617	0.36363636363636365	True
1914	2646	0.2727272727272727	True
1914	1952	0.18181818181818182	True
1914	2280	0.09090909090909091	True
1733	3344	0.9090909090909091	False
1733	869	0.8181818181818182	True
1733	3127	0.7272727272727273	False
1733	359	0.6363636363636364	False
1733	1665	0.5454545454545454	False
1733	1377	0.45454545454545453	False
1733	2617	0.36363636363636365	True
1733	1952	0.2727272727272727	True
1733	2280	0.18181818181818182	True
1733	532	0.09090909090909091	True
5570	3344	0.9090909090909091	False
5570	532	0.8181818181818182	True
5570	1665	0.7272727272727273	False
5570	359	0.6363636363636364	False
5570	1377	0.5454545454545454	False
5570	869	0.45454545454545453	True
5570	3127	0.36363636363636365	False
5570	2280	0.2727272727272727	True
5570	2617	0.18181818181818182	True
5570	2646	0.09090909090909091	True
4222	3344	0.9090909090909091	False
4222	359	0.8181818181818182	False
4222	3127	0.7272727272727273	False
4222	1665	0.6363636363636364	False
4222	869	0.5454545454545454	True
4222	2617	0.45454545454545453	True
4222	2646	0.36363636363636365	True
4222	1952	0.2727272727272727	True
4222	2280	0.18181818181818182	True
4222	1377	0.09090909090909091	False
309	3344	0.9090909090909091	False
309	1665	0.8181818181818182	False
309	2280	0.7272727272727273	True
309	1377	0.6363636363636364	False
309	3127	0.5454545454545454	False
309	2617	0.45454545454545453	True
309	869	0.36363636363636365	True
309	532	0.2727272727272727	True
309	359	0.18181818181818182	False
309	1952	0.09090909090909091	True
5218	3344	0.9090909090909091	False
5218	359	0.8181818181818182	False
5218	1665	0.7272727272727273	False
5218	532	0.6363636363636364	True
5218	3127	0.5454545454545454	False
5218	869	0.45454545454545453	True
5218	1377	0.36363636363636365	False
5218	2617	0.2727272727272727	True
5218	2646	0.18181818181818182	True
5218	1952	0.09090909090909091	True
902	3344	0.9090909090909091	False
902	532	0.8181818181818182	True
902	1665	0.7272727272727273	False
902	1377	0.6363636363636364	False
902	3127	0.5454545454545454	False
902	359	0.45454545454545453	False
902	2646	0.36363636363636365	True
902	869	0.2727272727272727	True
902	3298	0.18181818181818182	True
902	2280	0.09090909090909091	True
3664	3344	0.9090909090909091	False
3664	532	0.8181818181818182	True
3664	1665	0.7272727272727273	False
3664	1377	0.6363636363636364	False
3664	359	0.5454545454545454	False
3664	2617	0.45454545454545453	True
3664	3127	0.36363636363636365	False
3664	2280	0.2727272727272727	True
3664	869	0.18181818181818182	True
3664	2646	0.09090909090909091	True
1671	3344	0.9090909090909091	False
1671	3127	0.8181818181818182	False
1671	359	0.7272727272727273	False
1671	532	0.6363636363636364	True
1671	1665	0.5454545454545454	False
1671	869	0.45454545454545453	True
1671	2617	0.36363636363636365	True
1671	2646	0.2727272727272727	True
1671	1377	0.18181818181818182	False
1671	2280	0.09090909090909091	True
371	3344	0.9090909090909091	False
371	359	0.8181818181818182	False
371	869	0.7272727272727273	True
371	2280	0.6363636363636364	True
371	1665	0.5454545454545454	False
371	3127	0.45454545454545453	False
371	2617	0.36363636363636365	True
371	532	0.2727272727272727	True
371	1377	0.18181818181818182	False
371	1952	0.09090909090909091	True
1620	3344	0.9090909090909091	False
1620	1665	0.8181818181818182	False
1620	3127	0.7272727272727273	False
1620	359	0.6363636363636364	False
1620	532	0.5454545454545454	True
1620	1377	0.45454545454545453	False
1620	1952	0.36363636363636365	True
1620	2617	0.2727272727272727	True
1620	869	0.18181818181818182	True
1620	2280	0.09090909090909091	True
2749	3344	0.9090909090909091	False
2749	1665	0.8181818181818182	False
2749	359	0.7272727272727273	False
2749	2617	0.6363636363636364	True
2749	3127	0.5454545454545454	False
2749	2280	0.45454545454545453	True
2749	1377	0.36363636363636365	False
2749	869	0.2727272727272727	True
2749	1952	0.18181818181818182	True
2749	532	0.09090909090909091	True
1019	3344	0.9090909090909091	False
1019	359	0.8181818181818182	False
1019	1665	0.7272727272727273	False
1019	3127	0.6363636363636364	False
1019	2617	0.5454545454545454	True
1019	869	0.45454545454545453	True
1019	1377	0.36363636363636365	False
1019	2646	0.2727272727272727	True
1019	532	0.18181818181818182	True
1019	2280	0.09090909090909091	True
6040	3344	0.9090909090909091	False
6040	3127	0.8181818181818182	False
6040	532	0.7272727272727273	True
6040	359	0.6363636363636364	False
6040	1665	0.5454545454545454	False
6040	2646	0.45454545454545453	True
6040	2617	0.36363636363636365	True
6040	2280	0.2727272727272727	True
6040	869	0.18181818181818182	True
6040	1952	0.09090909090909091	True
4621	1665	0.9090909090909091	False
4621	1377	0.8181818181818182	False
4621	3344	0.7272727272727273	False
4621	2280	0.6363636363636364	True
4621	869	0.5454545454545454	True
4621	532	0.45454545454545453	True
4621	359	0.36363636363636365	False
4621	3127	0.2727272727272727	False
4621	2617	0.18181818181818182	True
4621	1952	0.09090909090909091	True
1763	3344	0.9090909090909091	False
1763	359	0.8181818181818182	False
1763	1665	0.7272727272727273	False
1763	532	0.6363636363636364	True
1763	3127	0.5454545454545454	False
1763	2617	0.45454545454545453	True
1763	2280	0.36363636363636365	True
1763	869	0.2727272727272727	True
1763	1377	0.18181818181818182	False
1763	2646	0.09090909090909091	True
5663	3344	0.9090909090909091	False
5663	532	0.8181818181818182	True
5663	1665	0.7272727272727273	False
5663	2280	0.6363636363636364	True
5663	1377	0.5454545454545454	False
5663	359	0.45454545454545453	False
5663	3127	0.36363636363636365	False
5663	2646	0.2727272727272727	True
5663	869	0.18181818181818182	True
5663	1952	0.09090909090909091	True
1174	3344	0.9090909090909091	False
1174	532	0.8181818181818182	True
1174	2646	0.7272727272727273	True
1174	2617	0.6363636363636364	True
1174	3127	0.5454545454545454	False
1174	359	0.45454545454545453	False
1174	1665	0.36363636363636365	False
1174	2280	0.2727272727272727	True
1174	1377	0.18181818181818182	False
1174	1952	0.09090909090909091	True
2	3344	0.9090909090909091	False
2	532	0.8181818181818182	True
2	3127	0.7272727272727273	False
2	1665	0.6363636363636364	False
2	869	0.5454545454545454	True
2	2646	0.45454545454545453	True
2	1377	0.36363636363636365	False
2	359	0.2727272727272727	False
2	2280	0.18181818181818182	True
2	2617	0.09090909090909091	True
1463	3344	0.9090909090909091	False
1463	1665	0.8181818181818182	False
1463	359	0.7272727272727273	False
1463	3127	0.6363636363636364	False
1463	2646	0.5454545454545454	True
1463	1377	0.45454545454545453	False
1463	2617	0.36363636363636365	True
1463	532	0.2727272727272727	True
1463	2280	0.18181818181818182	True
1463	869	0.09090909090909091	True
5063	3344	0.9090909090909091	False
5063	359	0.8181818181818182	False
5063	1665	0.7272727272727273	False
5063	869	0.6363636363636364	True
5063	3127	0.5454545454545454	False
5063	1377	0.45454545454545453	False
5063	532	0.36363636363636365	True
5063	2280	0.2727272727272727	True
5063	2617	0.18181818181818182	True
5063	2646	0.09090909090909091	True
3178	3344	0.9090909090909091	False
3178	532	0.8181818181818182	True
3178	359	0.7272727272727273	False
3178	869	0.6363636363636364	True
3178	1665	0.5454545454545454	False
3178	3127	0.45454545454545453	False
3178	2280	0.36363636363636365	True
3178	1377	0.2727272727272727	False
3178	2617	0.18181818181818182	True
3178	2646	0.09090909090909091	True
1037	3344	0.9090909090909091	False
1037	1665	0.8181818181818182	False
1037	359	0.7272727272727273	False
1037	1377	0.6363636363636364	False
1037	532	0.5454545454545454	True
1037	869	0.45454545454545453	True
1037	2617	0.36363636363636365	True
1037	3127	0.2727272727272727	False
1037	2280	0.18181818181818182	True
1037	2646	0.09090909090909091	True
4874	3344	0.9090909090909091	False
4874	359	0.8181818181818182	False
4874	1665	0.7272727272727273	False
4874	1377	0.6363636363636364	False
4874	532	0.5454545454545454	True
4874	2280	0.45454545454545453	True
4874	869	0.36363636363636365	True
4874	2617	0.2727272727272727	True
4874	3127	0.18181818181818182	False
4874	2646	0.09090909090909091	True
4944	1665	0.9090909090909091	False
4944	532	0.8181818181818182	True
4944	359	0.7272727272727273	False
4944	3344	0.6363636363636364	False
4944	1377	0.5454545454545454	False
4944	2280	0.45454545454545453	True
4944	869	0.36363636363636365	True
4944	3127	0.2727272727272727	False
4944	2617	0.18181818181818182	True
4944	1952	0.09090909090909091	True
1046	3344	0.9090909090909091	False
1046	532	0.8181818181818182	True
1046	2280	0.7272727272727273	True
1046	1665	0.6363636363636364	False
1046	1377	0.5454545454545454	False
1046	359	0.45454545454545453	False
1046	869	0.36363636363636365	True
1046	3127	0.2727272727272727	False
1046	2617	0.18181818181818182	True
1046	2646	0.09090909090909091	True
85	3344	0.9090909090909091	False
85	532	0.8181818181818182	True
85	3127	0.7272727272727273	False
85	359	0.6363636363636364	False
85	1665	0.5454545454545454	False
85	2617	0.45454545454545453	True
85	2646	0.36363636363636365	True
85	1377	0.2727272727272727	False
85	2280	0.18181818181818182	True
85	1952	0.09090909090909091	True
738	3344	0.9090909090909091	False
738	1665	0.8181818181818182	False
738	359	0.7272727272727273	False
738	2617	0.6363636363636364	True
738	3127	0.5454545454545454	False
738	1377	0.45454545454545453	False
738	2280	0.36363636363636365	True
738	869	0.2727272727272727	True
738	2646	0.18181818181818182	True
738	1952	0.09090909090909091	True
3620	3344	0.9090909090909091	False
3620	1665	0.8181818181818182	False
3620	1377	0.7272727272727273	False
3620	3127	0.6363636363636364	False
3620	2280	0.5454545454545454	True
3620	2617	0.45454545454545453	True
3620	869	0.36363636363636365	True
3620	359	0.2727272727272727	False
3620	1952	0.18181818181818182	True
3620	532	0.09090909090909091	True
267	3344	0.9090909090909091	False
267	1665	0.8181818181818182	False
267	359	0.7272727272727273	False
267	3127	0.6363636363636364	False
267	532	0.5454545454545454	True
267	1377	0.45454545454545453	False
267	2617	0.36363636363636365	True
267	869	0.2727272727272727	True
267	1952	0.18181818181818182	True
267	2646	0.09090909090909091	True
1865	3344	0.9090909090909091	False
1865	869	0.8181818181818182	True
1865	1665	0.7272727272727273	False
1865	3127	0.6363636363636364	False
1865	532	0.5454545454545454	True
1865	1377	0.45454545454545453	False
1865	359	0.36363636363636365	False
1865	2280	0.2727272727272727	True
1865	1952	0.18181818181818182	True
1865	2617	0.09090909090909091	True
3032	3344	0.9090909090909091	False
3032	532	0.8181818181818182	True
3032	1665	0.7272727272727273	False
3032	359	0.6363636363636364	False
3032	3127	0.5454545454545454	False
3032	869	0.45454545454545453	True
3032	2280	0.36363636363636365	True
3032	2617	0.2727272727272727	True
3032	1952	0.18181818181818182	True
3032	1377	0.09090909090909091	False
1468	3344	0.9090909090909091	False
1468	532	0.8181818181818182	True
1468	1377	0.7272727272727273	False
1468	1665	0.6363636363636364	False
1468	3127	0.5454545454545454	False
1468	2280	0.45454545454545453	True
1468	2617	0.36363636363636365	True
1468	869	0.2727272727272727	True
1468	1952	0.18181818181818182	True
1468	2166	0.09090909090909091	True
1122	3344	0.9090909090909091	False
1122	3127	0.8181818181818182	False
1122	532	0.7272727272727273	True
1122	869	0.6363636363636364	True
1122	1665	0.5454545454545454	False
1122	2280	0.45454545454545453	True
1122	2646	0.36363636363636365	True
1122	359	0.2727272727272727	False
1122	1377	0.18181818181818182	False
1122	1952	0.09090909090909091	True
628	3344	0.9090909090909091	False
628	1665	0.8181818181818182	False
628	869	0.7272727272727273	True
628	359	0.6363636363636364	False
628	3127	0.5454545454545454	False
628	1377	0.45454545454545453	False
628	2617	0.36363636363636365	True
628	2280	0.2727272727272727	True
628	532	0.18181818181818182	True
628	2646	0.09090909090909091	True
3979	3344	0.9090909090909091	False
3979	3127	0.8181818181818182	False
3979	359	0.7272727272727273	False
3979	1665	0.6363636363636364	False
3979	2646	0.5454545454545454	True
3979	532	0.45454545454545453	True
3979	869	0.36363636363636365	True
3979	2166	0.2727272727272727	True
3979	1377	0.18181818181818182	False
3979	1952	0.09090909090909091	True
3919	3344	0.9090909090909091	False
3919	532	0.8181818181818182	True
3919	359	0.7272727272727273	False
3919	1665	0.6363636363636364	False
3919	869	0.5454545454545454	True
3919	2617	0.45454545454545453	True
3919	3127	0.36363636363636365	False
3919	1377	0.2727272727272727	False
3919	2280	0.18181818181818182	True
3919	2646	0.09090909090909091	True
5983	3344	0.9090909090909091	False
5983	532	0.8181818181818182	True
5983	1665	0.7272727272727273	False
5983	869	0.6363636363636364	True
5983	3127	0.5454545454545454	False
5983	359	0.45454545454545453	False
5983	1377	0.36363636363636365	False
5983	2646	0.2727272727272727	True
5983	2617	0.18181818181818182	True
5983	1952	0.09090909090909091	True
2435	532	0.9090909090909091	True
2435	1665	0.8181818181818182	False
2435	359	0.7272727272727273	False
2435	3344	0.6363636363636364	False
2435	1377	0.5454545454545454	False
2435	2617	0.45454545454545453	True
2435	2646	0.36363636363636365	True
2435	3127	0.2727272727272727	False
2435	2280	0.18181818181818182	True
2435	1952	0.09090909090909091	True
6020	532	0.9090909090909091	True
6020	3344	0.8181818181818182	False
6020	359	0.7272727272727273	False
6020	1665	0.6363636363636364	False
6020	1377	0.5454545454545454	False
6020	2646	0.45454545454545453	True
6020	3127	0.36363636363636365	False
6020	869	0.2727272727272727	True
6020	1952	0.18181818181818182	True
6020	2617	0.09090909090909091	True
2668	3344	0.9090909090909091	False
2668	359	0.8181818181818182	False
2668	1665	0.7272727272727273	False
2668	532	0.6363636363636364	True
2668	869	0.5454545454545454	True
2668	3127	0.45454545454545453	False
2668	2280	0.36363636363636365	True
2668	1377	0.2727272727272727	False
2668	2646	0.18181818181818182	True
2668	2617	0.09090909090909091	True
4658	3344	0.9090909090909091	False
4658	532	0.8181818181818182	True
4658	2280	0.7272727272727273	True
4658	3127	0.6363636363636364	False
4658	1377	0.5454545454545454	False
4658	1665	0.45454545454545453	False
4658	869	0.36363636363636365	True
4658	359	0.2727272727272727	False
4658	2617	0.18181818181818182	True
4658	1952	0.09090909090909091	True
3364	1665	0.9090909090909091	False
3364	3344	0.8181818181818182	False
3364	359	0.7272727272727273	False
3364	532	0.6363636363636364	True
3364	2280	0.5454545454545454	True
3364	3127	0.45454545454545453	False
3364	1952	0.36363636363636365	True
3364	1377	0.2727272727272727	False
3364	2617	0.18181818181818182	True
3364	869	0.09090909090909091	True
1043	3344	0.9090909090909091	False
1043	532	0.8181818181818182	True
1043	1665	0.7272727272727273	False
1043	3127	0.6363636363636364	False
1043	2280	0.5454545454545454	True
1043	2646	0.45454545454545453	True
1043	2617	0.36363636363636365	True
1043	359	0.2727272727272727	False
1043	1952	0.18181818181818182	True
1043	1377	0.09090909090909091	False
3279	3344	0.9090909090909091	False
3279	532	0.8181818181818182	True
3279	1665	0.7272727272727273	False
3279	3127	0.6363636363636364	False
3279	359	0.5454545454545454	False
3279	869	0.45454545454545453	True
3279	2280	0.36363636363636365	True
3279	1377	0.2727272727272727	False
3279	2646	0.18181818181818182	True
3279	2617	0.09090909090909091	True
2032	3344	0.9090909090909091	False
2032	359	0.8181818181818182	False
2032	1665	0.7272727272727273	False
2032	3127	0.6363636363636364	False
2032	2646	0.5454545454545454	True
2032	2617	0.45454545454545453	True
2032	532	0.36363636363636365	True
2032	2280	0.2727272727272727	True
2032	1952	0.18181818181818182	True
2032	869	0.09090909090909091	True
2995	3344	0.9090909090909091	False
2995	532	0.8181818181818182	True
2995	1665	0.7272727272727273	False
2995	1377	0.6363636363636364	False
2995	3127	0.5454545454545454	False
2995	869	0.45454545454545453	True
2995	359	0.36363636363636365	False
2995	2280	0.2727272727272727	True
2995	2646	0.18181818181818182	True
2995	2617	0.09090909090909091	True
1255	3344	0.9090909090909091	False
1255	869	0.8181818181818182	True
1255	3127	0.7272727272727273	False
1255	359	0.6363636363636364	False
1255	532	0.5454545454545454	True
1255	1665	0.45454545454545453	False
1255	1377	0.36363636363636365	False
1255	2280	0.2727272727272727	True
1255	2646	0.18181818181818182	True
1255	2617	0.09090909090909091	True
4237	3344	0.9090909090909091	False
4237	532	0.8181818181818182	True
4237	3127	0.7272727272727273	False
4237	869	0.6363636363636364	True
4237	1665	0.5454545454545454	False
4237	1377	0.45454545454545453	False
4237	359	0.36363636363636365	False
4237	2646	0.2727272727272727	True
4237	2280	0.18181818181818182	True
4237	2617	0.09090909090909091	True
4117	3344	0.9090909090909091	False
4117	1665	0.8181818181818182	False
4117	3127	0.7272727272727273	False
4117	1377	0.6363636363636364	False
4117	532	0.5454545454545454	True
4117	2646	0.45454545454545453	True
4117	2617	0.36363636363636365	True
4117	869	0.2727272727272727	True
4117	359	0.18181818181818182	False
4117	2280	0.09090909090909091	True
5006	3344	0.9090909090909091	False
5006	1665	0.8181818181818182	False
5006	869	0.7272727272727273	True
5006	3127	0.6363636363636364	False
5006	1377	0.5454545454545454	False
5006	532	0.45454545454545453	True
5006	359	0.36363636363636365	False
5006	2646	0.2727272727272727	True
5006	2280	0.18181818181818182	True
5006	1952	0.09090909090909091	True
3153	1665	0.9090909090909091	False
3153	2280	0.8181818181818182	True
3153	359	0.7272727272727273	False
3153	3344	0.6363636363636364	False
3153	3127	0.5454545454545454	False
3153	1952	0.45454545454545453	True
3153	1377	0.36363636363636365	False
3153	869	0.2727272727272727	True
3153	532	0.18181818181818182	True
3153	3298	0.09090909090909091	True
5599	3344	0.9090909090909091	False
5599	1665	0.8181818181818182	False
5599	3127	0.7272727272727273	False
5599	532	0.6363636363636364	True
5599	359	0.5454545454545454	False
5599	2617	0.45454545454545453	True
5599	1377	0.36363636363636365	False
5599	869	0.2727272727272727	True
5599	1952	0.18181818181818182	True
5599	2646	0.09090909090909091	True
545	3344	0.9090909090909091	False
545	532	0.8181818181818182	True
545	359	0.7272727272727273	False
545	1665	0.6363636363636364	False
545	2617	0.5454545454545454	True
545	3127	0.45454545454545453	False
545	1377	0.36363636363636365	False
545	2280	0.2727272727272727	True
545	2646	0.18181818181818182	True
545	869	0.09090909090909091	True
5757	3344	0.9090909090909091	False
5757	3127	0.8181818181818182	False
5757	359	0.7272727272727273	False
5757	1665	0.6363636363636364	False
5757	532	0.5454545454545454	True
5757	2280	0.45454545454545453	True
5757	2617	0.36363636363636365	True
5757	1952	0.2727272727272727	True
5757	1377	0.18181818181818182	False
5757	869	0.09090909090909091	True
2027	3344	0.9090909090909091	False
2027	532	0.8181818181818182	True
2027	3127	0.7272727272727273	False
2027	359	0.6363636363636364	False
2027	1665	0.5454545454545454	False
2027	2280	0.45454545454545453	True
2027	869	0.36363636363636365	True
2027	2646	0.2727272727272727	True
2027	1377	0.18181818181818182	False
2027	2617	0.09090909090909091	True
3712	3344	0.9090909090909091	False
3712	3127	0.8181818181818182	False
3712	1665	0.7272727272727273	False
3712	359	0.6363636363636364	False
3712	2617	0.5454545454545454	True
3712	869	0.45454545454545453	True
3712	1377	0.36363636363636365	False
3712	2646	0.2727272727272727	True
3712	2280	0.18181818181818182	True
3712	1952	0.09090909090909091	True
4992	3344	0.9090909090909091	False
4992	1665	0.8181818181818182	False
4992	869	0.7272727272727273	True
4992	359	0.6363636363636364	False
4992	1377	0.5454545454545454	False
4992	3127	0.45454545454545453	False
4992	2280	0.36363636363636365	True
4992	2617	0.2727272727272727	True
4992	532	0.18181818181818182	True
4992	2646	0.09090909090909091	True
4553	3344	0.9090909090909091	False
4553	532	0.8181818181818182	True
4553	3127	0.7272727272727273	False
4553	1377	0.6363636363636364	False
4553	1665	0.5454545454545454	False
4553	869	0.45454545454545453	True
4553	359	0.36363636363636365	False
4553	2617	0.2727272727272727	True
4553	2646	0.18181818181818182	True
4553	3206	0.09090909090909091	True
3321	3344	0.9090909090909091	False
3321	1665	0.8181818181818182	False
3321	359	0.7272727272727273	False
3321	869	0.6363636363636364	True
3321	3127	0.5454545454545454	False
3321	2646	0.45454545454545453	True
3321	532	0.36363636363636365	True
3321	1377	0.2727272727272727	False
3321	2280	0.18181818181818182	True
3321	3298	0.09090909090909091	True
2629	3344	0.9090909090909091	False
2629	1665	0.8181818181818182	False
2629	359	0.7272727272727273	False
2629	3127	0.6363636363636364	False
2629	532	0.5454545454545454	True
2629	1377	0.45454545454545453	False
2629	2280	0.36363636363636365	True
2629	2646	0.2727272727272727	True
2629	869	0.18181818181818182	True
2629	2617	0.09090909090909091	True
5572	3344	0.9090909090909091	False
5572	1665	0.8181818181818182	False
5572	3127	0.7272727272727273	False
5572	359	0.6363636363636364	False
5572	869	0.5454545454545454	True
5572	1377	0.45454545454545453	False
5572	532	0.36363636363636365	True
5572	2617	0.2727272727272727	True
5572	2646	0.18181818181818182	True
5572	3298	0.09090909090909091	True
5072	3344	0.9090909090909091	False
5072	1665	0.8181818181818182	False
5072	3127	0.7272727272727273	False
5072	532	0.6363636363636364	True
5072	2280	0.5454545454545454	True
5072	359	0.45454545454545453	False
5072	1377	0.36363636363636365	False
5072	869	0.2727272727272727	True
5072	2617	0.18181818181818182	True
5072	1952	0.09090909090909091	True
5071	3344	0.9090909090909091	False
5071	2280	0.8181818181818182	True
5071	1377	0.7272727272727273	False
5071	3127	0.6363636363636364	False
5071	1665	0.5454545454545454	False
5071	359	0.45454545454545453	False
5071	2646	0.36363636363636365	True
5071	869	0.2727272727272727	True
5071	2617	0.18181818181818182	True
5071	532	0.09090909090909091	True
3435	3344	0.9090909090909091	False
3435	3127	0.8181818181818182	False
3435	1665	0.7272727272727273	False
3435	532	0.6363636363636364	True
3435	1377	0.5454545454545454	False
3435	359	0.45454545454545453	False
3435	869	0.36363636363636365	True
3435	2280	0.2727272727272727	True
3435	1952	0.18181818181818182	True
3435	2617	0.09090909090909091	True
4501	1665	0.9090909090909091	False
4501	3344	0.8181818181818182	False
4501	3127	0.7272727272727273	False
4501	2280	0.6363636363636364	True
4501	359	0.5454545454545454	False
4501	1377	0.45454545454545453	False
4501	869	0.36363636363636365	True
4501	2617	0.2727272727272727	True
4501	1952	0.18181818181818182	True
4501	2646	0.09090909090909091	True
1440	3344	0.9090909090909091	False
1440	532	0.8181818181818182	True
1440	1665	0.7272727272727273	False
1440	1377	0.6363636363636364	False
1440	3127	0.5454545454545454	False
1440	359	0.45454545454545453	False
1440	2617	0.36363636363636365	True
1440	869	0.2727272727272727	True
1440	2646	0.18181818181818182	True
1440	1952	0.09090909090909091	True
1960	2280	0.9090909090909091	True
1960	3344	0.8181818181818182	False
1960	532	0.7272727272727273	True
1960	359	0.6363636363636364	False
1960	1665	0.5454545454545454	False
1960	3127	0.45454545454545453	False
1960	869	0.36363636363636365	True
1960	2617	0.2727272727272727	True
1960	1377	0.18181818181818182	False
1960	1952	0.09090909090909091	True
423	3344	0.9090909090909091	False
423	3127	0.8181818181818182	False
423	359	0.7272727272727273	False
423	1665	0.6363636363636364	False
423	532	0.5454545454545454	True
423	2646	0.45454545454545453	True
423	2280	0.36363636363636365	True
423	869	0.2727272727272727	True
423	2617	0.18181818181818182	True
423	1952	0.09090909090909091	True
1877	3344	0.9090909090909091	False
1877	1665	0.8181818181818182	False
1877	359	0.7272727272727273	False
1877	532	0.6363636363636364	True
1877	3127	0.5454545454545454	False
1877	2280	0.45454545454545453	True
1877	869	0.36363636363636365	True
1877	1952	0.2727272727272727	True
1877	2617	0.18181818181818182	True
1877	1377	0.09090909090909091	False
3775	532	0.9090909090909091	True
3775	3344	0.8181818181818182	False
3775	1377	0.7272727272727273	False
3775	1665	0.6363636363636364	False
3775	359	0.5454545454545454	False
3775	869	0.45454545454545453	True
3775	2280	0.36363636363636365	True
3775	2617	0.2727272727272727	True
3775	2646	0.18181818181818182	True
3775	3127	0.09090909090909091	False
3132	3344	0.9090909090909091	False
3132	1665	0.8181818181818182	False
3132	3127	0.7272727272727273	False
3132	359	0.6363636363636364	False
3132	532	0.5454545454545454	True
3132	1377	0.45454545454545453	False
3132	1952	0.36363636363636365	True
3132	2617	0.2727272727272727	True
3132	2646	0.18181818181818182	True
3132	869	0.09090909090909091	True
1467	3344	0.9090909090909091	False
1467	3127	0.8181818181818182	False
1467	869	0.7272727272727273	True
1467	359	0.6363636363636364	False
1467	1665	0.5454545454545454	False
1467	2280	0.45454545454545453	True
1467	2646	0.36363636363636365	True
1467	1377	0.2727272727272727	False
1467	2617	0.18181818181818182	True
1467	532	0.09090909090909091	True
3286	3344	0.9090909090909091	False
3286	1665	0.8181818181818182	False
3286	3127	0.7272727272727273	False
3286	1377	0.6363636363636364	False
3286	869	0.5454545454545454	True
3286	532	0.45454545454545453	True
3286	359	0.36363636363636365	False
3286	2617	0.2727272727272727	True
3286	1952	0.18181818181818182	True
3286	2646	0.09090909090909091	True
3039	532	0.9090909090909091	True
3039	3344	0.8181818181818182	False
3039	359	0.7272727272727273	False
3039	1665	0.6363636363636364	False
3039	3127	0.5454545454545454	False
3039	2646	0.45454545454545453	True
3039	869	0.36363636363636365	True
3039	2617	0.2727272727272727	True
3039	1377	0.18181818181818182	False
3039	1952	0.09090909090909091	True
1453	3344	0.9090909090909091	False
1453	1665	0.8181818181818182	False
1453	3127	0.7272727272727273	False
1453	869	0.6363636363636364	True
1453	359	0.5454545454545454	False
1453	1377	0.45454545454545453	False
1453	1952	0.36363636363636365	True
1453	2617	0.2727272727272727	True
1453	2280	0.18181818181818182	True
1453	2646	0.09090909090909091	True
5477	3344	0.9090909090909091	False
5477	3127	0.8181818181818182	False
5477	359	0.7272727272727273	False
5477	2646	0.6363636363636364	True
5477	869	0.5454545454545454	True
5477	2280	0.45454545454545453	True
5477	532	0.36363636363636365	True
5477	2166	0.2727272727272727	True
5477	1665	0.18181818181818182	False
5477	2617	0.09090909090909091	True
2982	3344	0.9090909090909091	False
2982	1665	0.8181818181818182	False
2982	532	0.7272727272727273	True
2982	1377	0.6363636363636364	False
2982	2280	0.5454545454545454	True
2982	2617	0.45454545454545453	True
2982	359	0.36363636363636365	False
2982	3127	0.2727272727272727	False
2982	869	0.18181818181818182	True
2982	2646	0.09090909090909091	True
4206	3344	0.9090909090909091	False
4206	1665	0.8181818181818182	False
4206	532	0.7272727272727273	True
4206	2280	0.6363636363636364	True
4206	1377	0.5454545454545454	False
4206	359	0.45454545454545453	False
4206	2617	0.36363636363636365	True
4206	869	0.2727272727272727	True
4206	3127	0.18181818181818182	False
4206	1952	0.09090909090909091	True
