2095	1846	0.9090909090909091	False
2095	2685	0.8181818181818182	False
2095	426	0.7272727272727273	True
2095	1096	0.6363636363636364	True
2095	189	0.5454545454545454	True
2095	106	0.45454545454545453	False
2095	705	0.36363636363636365	True
2095	659	0.2727272727272727	False
2095	3569	0.18181818181818182	True
2095	2127	0.09090909090909091	True
1900	3562	0.9090909090909091	False
1900	2303	0.8181818181818182	False
1900	659	0.7272727272727273	False
1900	352	0.6363636363636364	True
1900	1846	0.5454545454545454	False
1900	3644	0.45454545454545453	True
1900	218	0.36363636363636365	True
1900	5	0.2727272727272727	True
1900	2127	0.18181818181818182	True
1900	705	0.09090909090909091	True
4830	1846	0.9090909090909091	False
4830	5	0.8181818181818182	True
4830	3562	0.7272727272727273	False
4830	2685	0.6363636363636364	False
4830	3644	0.5454545454545454	True
4830	352	0.45454545454545453	True
4830	3473	0.36363636363636365	True
4830	2059	0.2727272727272727	True
4830	106	0.18181818181818182	False
4830	2303	0.09090909090909091	False
5845	2685	0.9090909090909091	False
5845	1096	0.8181818181818182	True
5845	2303	0.7272727272727273	False
5845	106	0.6363636363636364	False
5845	1447	0.5454545454545454	True
5845	628	0.45454545454545453	True
5845	2120	0.36363636363636365	True
5845	2059	0.2727272727272727	True
5845	2424	0.18181818181818182	True
5845	3473	0.09090909090909091	True
4265	2685	0.9090909090909091	False
4265	426	0.8181818181818182	True
4265	106	0.7272727272727273	False
4265	3569	0.6363636363636364	True
4265	1844	0.5454545454545454	True
4265	189	0.45454545454545453	True
4265	1846	0.36363636363636365	False
4265	659	0.2727272727272727	False
4265	961	0.18181818181818182	True
4265	5	0.09090909090909091	True
4881	2685	0.9090909090909091	False
4881	3562	0.8181818181818182	False
4881	2303	0.7272727272727273	False
4881	1069	0.6363636363636364	True
4881	1027	0.5454545454545454	True
4881	961	0.45454545454545453	True
4881	3688	0.36363636363636365	True
4881	2375	0.2727272727272727	True
4881	659	0.18181818181818182	False
4881	3569	0.09090909090909091	True
6005	5	0.9090909090909091	True
6005	2685	0.8181818181818182	False
6005	2127	0.7272727272727273	True
6005	2424	0.6363636363636364	True
6005	189	0.5454545454545454	True
6005	106	0.45454545454545453	False
6005	1846	0.36363636363636365	False
6005	3562	0.2727272727272727	False
6005	630	0.18181818181818182	True
6005	2303	0.09090909090909091	False
5458	659	0.9090909090909091	False
5458	106	0.8181818181818182	False
5458	2685	0.7272727272727273	False
5458	2303	0.6363636363636364	False
5458	2120	0.5454545454545454	True
5458	189	0.45454545454545453	True
5458	426	0.36363636363636365	True
5458	3562	0.2727272727272727	False
5458	1846	0.18181818181818182	False
5458	2424	0.09090909090909091	True
5708	1846	0.9090909090909091	False
5708	106	0.8181818181818182	False
5708	3562	0.7272727272727273	False
5708	2059	0.6363636363636364	True
5708	3644	0.5454545454545454	True
5708	3688	0.45454545454545453	True
5708	2375	0.36363636363636365	True
5708	426	0.2727272727272727	True
5708	628	0.18181818181818182	True
5708	659	0.09090909090909091	False
5574	5	0.9090909090909091	True
5574	3562	0.8181818181818182	False
5574	2303	0.7272727272727273	False
5574	2120	0.6363636363636364	True
5574	189	0.5454545454545454	True
5574	169	0.45454545454545453	True
5574	3644	0.36363636363636365	True
5574	1844	0.2727272727272727	True
5574	1846	0.18181818181818182	False
5574	218	0.09090909090909091	True
4487	106	0.9090909090909091	False
4487	1846	0.8181818181818182	False
4487	1096	0.7272727272727273	True
4487	659	0.6363636363636364	False
4487	3562	0.5454545454545454	False
4487	2375	0.45454545454545453	True
4487	628	0.36363636363636365	True
4487	2685	0.2727272727272727	False
4487	5	0.18181818181818182	True
4487	1844	0.09090909090909091	True
5102	659	0.9090909090909091	False
5102	106	0.8181818181818182	False
5102	426	0.7272727272727273	True
5102	1846	0.6363636363636364	False
5102	2685	0.5454545454545454	False
5102	5	0.45454545454545453	True
5102	705	0.36363636363636365	True
5102	1844	0.2727272727272727	True
5102	2127	0.18181818181818182	True
5102	3569	0.09090909090909091	True
1645	1846	0.9090909090909091	False
1645	2685	0.8181818181818182	False
1645	2059	0.7272727272727273	True
1645	630	0.6363636363636364	True
1645	659	0.5454545454545454	False
1645	3644	0.45454545454545453	True
1645	5	0.36363636363636365	True
1645	106	0.2727272727272727	False
1645	2127	0.18181818181818182	True
1645	2303	0.09090909090909091	False
5305	2303	0.9090909090909091	False
5305	3644	0.8181818181818182	True
5305	3562	0.7272727272727273	False
5305	1846	0.6363636363636364	False
5305	2685	0.5454545454545454	False
5305	2059	0.45454545454545453	True
5305	106	0.36363636363636365	False
5305	352	0.2727272727272727	True
5305	659	0.18181818181818182	False
5305	1447	0.09090909090909091	True
2008	1846	0.9090909090909091	False
2008	2685	0.8181818181818182	False
2008	106	0.7272727272727273	False
2008	189	0.6363636363636364	True
2008	2101	0.5454545454545454	True
2008	2303	0.45454545454545453	False
2008	3644	0.36363636363636365	True
2008	1447	0.2727272727272727	True
2008	5	0.18181818181818182	True
2008	2631	0.09090909090909091	True
602	1846	0.9090909090909091	False
602	2685	0.8181818181818182	False
602	659	0.7272727272727273	False
602	2375	0.6363636363636364	True
602	2303	0.5454545454545454	False
602	3562	0.45454545454545453	False
602	3688	0.36363636363636365	True
602	628	0.2727272727272727	True
602	1069	0.18181818181818182	True
602	1447	0.09090909090909091	True
5500	3562	0.9090909090909091	False
5500	659	0.8181818181818182	False
5500	2127	0.7272727272727273	True
5500	3644	0.6363636363636364	True
5500	5	0.5454545454545454	True
5500	1846	0.45454545454545453	False
5500	2303	0.36363636363636365	False
5500	106	0.2727272727272727	False
5500	2685	0.18181818181818182	False
5500	169	0.09090909090909091	True
1305	106	0.9090909090909091	False
1305	426	0.8181818181818182	True
1305	2685	0.7272727272727273	False
1305	218	0.6363636363636364	True
1305	3562	0.5454545454545454	False
1305	2746	0.45454545454545453	True
1305	961	0.36363636363636365	True
1305	189	0.2727272727272727	True
1305	3569	0.18181818181818182	True
1305	2375	0.09090909090909091	True
2857	1846	0.9090909090909091	False
2857	659	0.8181818181818182	False
2857	2685	0.7272727272727273	False
2857	2127	0.6363636363636364	True
2857	106	0.5454545454545454	False
2857	426	0.45454545454545453	True
2857	1096	0.36363636363636365	True
2857	2303	0.2727272727272727	False
2857	705	0.18181818181818182	True
2857	189	0.09090909090909091	True
1	106	0.9090909090909091	False
1	3562	0.8181818181818182	False
1	426	0.7272727272727273	True
1	1846	0.6363636363636364	False
1	961	0.5454545454545454	True
1	659	0.45454545454545453	False
1	2375	0.36363636363636365	True
1	2746	0.2727272727272727	True
1	3569	0.18181818181818182	True
1	2424	0.09090909090909091	True
4574	1846	0.9090909090909091	False
4574	659	0.8181818181818182	False
4574	2685	0.7272727272727273	False
4574	106	0.6363636363636364	False
4574	3644	0.5454545454545454	True
4574	2303	0.45454545454545453	False
4574	3562	0.36363636363636365	False
4574	2424	0.2727272727272727	True
4574	2375	0.18181818181818182	True
4574	2059	0.09090909090909091	True
1322	2685	0.9090909090909091	False
1322	659	0.8181818181818182	False
1322	2424	0.7272727272727273	True
1322	2059	0.6363636363636364	True
1322	1844	0.5454545454545454	True
1322	1846	0.45454545454545453	False
1322	1069	0.36363636363636365	True
1322	3562	0.2727272727272727	False
1322	2120	0.18181818181818182	True
1322	1027	0.09090909090909091	True
2203	3562	0.9090909090909091	False
2203	659	0.8181818181818182	False
2203	2685	0.7272727272727273	False
2203	961	0.6363636363636364	True
2203	106	0.5454545454545454	False
2203	2303	0.45454545454545453	False
2203	3569	0.36363636363636365	True
2203	2127	0.2727272727272727	True
2203	169	0.18181818181818182	True
2203	1069	0.09090909090909091	True
1727	2120	0.9090909090909091	True
1727	1844	0.8181818181818182	True
1727	2059	0.7272727272727273	True
1727	659	0.6363636363636364	False
1727	2685	0.5454545454545454	False
1727	3688	0.45454545454545453	True
1727	1846	0.36363636363636365	False
1727	189	0.2727272727272727	True
1727	426	0.18181818181818182	True
1727	106	0.09090909090909091	False
5568	106	0.9090909090909091	False
5568	426	0.8181818181818182	True
5568	1846	0.7272727272727273	False
5568	2685	0.6363636363636364	False
5568	2059	0.5454545454545454	True
5568	189	0.45454545454545453	True
5568	5	0.36363636363636365	True
5568	659	0.2727272727272727	False
5568	3569	0.18181818181818182	True
5568	2127	0.09090909090909091	True
5950	218	0.9090909090909091	True
5950	2746	0.8181818181818182	True
5950	659	0.7272727272727273	False
5950	189	0.6363636363636364	True
5950	106	0.5454545454545454	False
5950	2685	0.45454545454545453	False
5950	3688	0.36363636363636365	True
5950	426	0.2727272727272727	True
5950	1846	0.18181818181818182	False
5950	705	0.09090909090909091	True
5255	2685	0.9090909090909091	False
5255	1846	0.8181818181818182	False
5255	659	0.7272727272727273	False
5255	2375	0.6363636363636364	True
5255	1447	0.5454545454545454	True
5255	3644	0.45454545454545453	True
5255	3562	0.36363636363636365	False
5255	1069	0.2727272727272727	True
5255	2424	0.18181818181818182	True
5255	961	0.09090909090909091	True
3690	106	0.9090909090909091	False
3690	5	0.8181818181818182	True
3690	659	0.7272727272727273	False
3690	426	0.6363636363636364	True
3690	2120	0.5454545454545454	True
3690	705	0.45454545454545453	True
3690	2127	0.36363636363636365	True
3690	1846	0.2727272727272727	False
3690	2685	0.18181818181818182	False
3690	3569	0.09090909090909091	True
2697	1846	0.9090909090909091	False
2697	2685	0.8181818181818182	False
2697	106	0.7272727272727273	False
2697	189	0.6363636363636364	True
2697	2303	0.5454545454545454	False
2697	2127	0.45454545454545453	True
2697	5	0.36363636363636365	True
2697	2120	0.2727272727272727	True
2697	352	0.18181818181818182	True
2697	218	0.09090909090909091	True
4514	3562	0.9090909090909091	False
4514	659	0.8181818181818182	False
4514	2685	0.7272727272727273	False
4514	2303	0.6363636363636364	False
4514	705	0.5454545454545454	True
4514	1069	0.45454545454545453	True
4514	586	0.36363636363636365	True
4514	135	0.2727272727272727	True
4514	426	0.18181818181818182	True
4514	3871	0.09090909090909091	True
4954	5	0.9090909090909091	True
4954	2424	0.8181818181818182	True
4954	2120	0.7272727272727273	True
4954	1846	0.6363636363636364	False
4954	3562	0.5454545454545454	False
4954	2392	0.45454545454545453	True
4954	659	0.36363636363636365	False
4954	586	0.2727272727272727	True
4954	1844	0.18181818181818182	True
4954	1069	0.09090909090909091	True
4890	2685	0.9090909090909091	False
4890	3569	0.8181818181818182	True
4890	3562	0.7272727272727273	False
4890	1846	0.6363636363636364	False
4890	106	0.5454545454545454	False
4890	2127	0.45454545454545453	True
4890	659	0.36363636363636365	False
4890	218	0.2727272727272727	True
4890	2303	0.18181818181818182	False
4890	1069	0.09090909090909091	True
5534	1846	0.9090909090909091	False
5534	2375	0.8181818181818182	True
5534	189	0.7272727272727273	True
5534	659	0.6363636363636364	False
5534	106	0.5454545454545454	False
5534	1447	0.45454545454545453	True
5534	2127	0.36363636363636365	True
5534	705	0.2727272727272727	True
5534	3562	0.18181818181818182	False
5534	2424	0.09090909090909091	True
5285	1447	0.9090909090909091	True
5285	1846	0.8181818181818182	False
5285	3562	0.7272727272727273	False
5285	586	0.6363636363636364	True
5285	2375	0.5454545454545454	True
5285	628	0.45454545454545453	True
5285	1549	0.36363636363636365	True
5285	1027	0.2727272727272727	True
5285	1844	0.18181818181818182	True
5285	2424	0.09090909090909091	True
4724	1846	0.9090909090909091	False
4724	1069	0.8181818181818182	True
4724	2685	0.7272727272727273	False
4724	1844	0.6363636363636364	True
4724	2448	0.5454545454545454	True
4724	2375	0.45454545454545453	True
4724	3562	0.36363636363636365	False
4724	659	0.2727272727272727	False
4724	2424	0.18181818181818182	True
4724	586	0.09090909090909091	True
5323	2685	0.9090909090909091	False
5323	1447	0.8181818181818182	True
5323	2375	0.7272727272727273	True
5323	1846	0.6363636363636364	False
5323	1069	0.5454545454545454	True
5323	2424	0.45454545454545453	True
5323	1844	0.36363636363636365	True
5323	2746	0.2727272727272727	True
5323	3569	0.18181818181818182	True
5323	961	0.09090909090909091	True
3551	1846	0.9090909090909091	False
3551	2685	0.8181818181818182	False
3551	5	0.7272727272727273	True
3551	2127	0.6363636363636364	True
3551	218	0.5454545454545454	True
3551	189	0.45454545454545453	True
3551	1844	0.36363636363636365	True
3551	659	0.2727272727272727	False
3551	705	0.18181818181818182	True
3551	3644	0.09090909090909091	True
4058	2685	0.9090909090909091	False
4058	426	0.8181818181818182	True
4058	1844	0.7272727272727273	True
4058	3562	0.6363636363636364	False
4058	2120	0.5454545454545454	True
4058	5	0.45454545454545453	True
4058	659	0.36363636363636365	False
4058	2303	0.2727272727272727	False
4058	2375	0.18181818181818182	True
4058	2424	0.09090909090909091	True
2610	1846	0.9090909090909091	False
2610	3644	0.8181818181818182	True
2610	106	0.7272727272727273	False
2610	2127	0.6363636363636364	True
2610	426	0.5454545454545454	True
2610	2303	0.45454545454545453	False
2610	2685	0.36363636363636365	False
2610	3562	0.2727272727272727	False
2610	352	0.18181818181818182	True
2610	5	0.09090909090909091	True
1485	1844	0.9090909090909091	True
1485	2685	0.8181818181818182	False
1485	2375	0.7272727272727273	True
1485	1846	0.6363636363636364	False
1485	659	0.5454545454545454	False
1485	426	0.45454545454545453	True
1485	1069	0.36363636363636365	True
1485	3562	0.2727272727272727	False
1485	169	0.18181818181818182	True
1485	3644	0.09090909090909091	True
5407	659	0.9090909090909091	False
5407	3562	0.8181818181818182	False
5407	1846	0.7272727272727273	False
5407	3644	0.6363636363636364	True
5407	426	0.5454545454545454	True
5407	2303	0.45454545454545453	False
5407	106	0.36363636363636365	False
5407	2375	0.2727272727272727	True
5407	189	0.18181818181818182	True
5407	1844	0.09090909090909091	True
5566	5	0.9090909090909091	True
5566	3644	0.8181818181818182	True
5566	3562	0.7272727272727273	False
5566	3569	0.6363636363636364	True
5566	106	0.5454545454545454	False
5566	2375	0.45454545454545453	True
5566	2120	0.36363636363636365	True
5566	426	0.2727272727272727	True
5566	2059	0.18181818181818182	True
5566	1846	0.09090909090909091	False
5317	2685	0.9090909090909091	False
5317	659	0.8181818181818182	False
5317	426	0.7272727272727273	True
5317	106	0.6363636363636364	False
5317	2059	0.5454545454545454	True
5317	1846	0.45454545454545453	False
5317	2375	0.36363636363636365	True
5317	2127	0.2727272727272727	True
5317	3473	0.18181818181818182	True
5317	3569	0.09090909090909091	True
2218	3562	0.9090909090909091	False
2218	3569	0.8181818181818182	True
2218	659	0.7272727272727273	False
2218	2746	0.6363636363636364	True
2218	1846	0.5454545454545454	False
2218	2685	0.45454545454545453	False
2218	3644	0.36363636363636365	True
2218	2127	0.2727272727272727	True
2218	630	0.18181818181818182	True
2218	106	0.09090909090909091	False
4447	1846	0.9090909090909091	False
4447	1549	0.8181818181818182	True
4447	2120	0.7272727272727273	True
4447	106	0.6363636363636364	False
4447	659	0.5454545454545454	False
4447	3688	0.45454545454545453	True
4447	5	0.36363636363636365	True
4447	3562	0.2727272727272727	False
4447	352	0.18181818181818182	True
4447	2685	0.09090909090909091	False
2010	1846	0.9090909090909091	False
2010	2685	0.8181818181818182	False
2010	1069	0.7272727272727273	True
2010	2375	0.6363636363636364	True
2010	2303	0.5454545454545454	False
2010	2746	0.45454545454545453	True
2010	2424	0.36363636363636365	True
2010	1096	0.2727272727272727	True
2010	1447	0.18181818181818182	True
2010	3644	0.09090909090909091	True
738	426	0.9090909090909091	True
738	189	0.8181818181818182	True
738	106	0.7272727272727273	False
738	5	0.6363636363636364	True
738	2303	0.5454545454545454	False
738	2375	0.45454545454545453	True
738	3562	0.36363636363636365	False
738	218	0.2727272727272727	True
738	2424	0.18181818181818182	True
738	2127	0.09090909090909091	True
3087	2685	0.9090909090909091	False
3087	705	0.8181818181818182	True
3087	3569	0.7272727272727273	True
3087	2127	0.6363636363636364	True
3087	5	0.5454545454545454	True
3087	3562	0.45454545454545453	False
3087	1844	0.36363636363636365	True
3087	218	0.2727272727272727	True
3087	2424	0.18181818181818182	True
3087	659	0.09090909090909091	False
1400	189	0.9090909090909091	True
1400	5	0.8181818181818182	True
1400	106	0.7272727272727273	False
1400	2127	0.6363636363636364	True
1400	3562	0.5454545454545454	False
1400	628	0.45454545454545453	True
1400	2375	0.36363636363636365	True
1400	2303	0.2727272727272727	False
1400	3688	0.18181818181818182	True
1400	2120	0.09090909090909091	True
5975	1846	0.9090909090909091	False
5975	659	0.8181818181818182	False
5975	2685	0.7272727272727273	False
5975	1844	0.6363636363636364	True
5975	2059	0.5454545454545454	True
5975	189	0.45454545454545453	True
5975	106	0.36363636363636365	False
5975	630	0.2727272727272727	True
5975	961	0.18181818181818182	True
5975	3688	0.09090909090909091	True
1982	3562	0.9090909090909091	False
1982	2059	0.8181818181818182	True
1982	1027	0.7272727272727273	True
1982	1844	0.6363636363636364	True
1982	2685	0.5454545454545454	False
1982	648	0.45454545454545453	True
1982	1447	0.36363636363636365	True
1982	1549	0.2727272727272727	True
1982	169	0.18181818181818182	True
1982	5	0.09090909090909091	True
2778	5	0.9090909090909091	True
2778	1846	0.8181818181818182	False
2778	3562	0.7272727272727273	False
2778	2303	0.6363636363636364	False
2778	352	0.5454545454545454	True
2778	106	0.45454545454545453	False
2778	218	0.36363636363636365	True
2778	3871	0.2727272727272727	True
2778	2685	0.18181818181818182	False
2778	2424	0.09090909090909091	True
3616	2375	0.9090909090909091	True
3616	1846	0.8181818181818182	False
3616	3569	0.7272727272727273	True
3616	3644	0.6363636363636364	True
3616	106	0.5454545454545454	False
3616	2746	0.45454545454545453	True
3616	3562	0.36363636363636365	False
3616	5	0.2727272727272727	True
3616	1447	0.18181818181818182	True
3616	2303	0.09090909090909091	False
3834	2059	0.9090909090909091	True
3834	1846	0.8181818181818182	False
3834	1844	0.7272727272727273	True
3834	2685	0.6363636363636364	False
3834	426	0.5454545454545454	True
3834	2120	0.45454545454545453	True
3834	5	0.36363636363636365	True
3834	3644	0.2727272727272727	True
3834	3688	0.18181818181818182	True
3834	659	0.09090909090909091	False
1316	189	0.9090909090909091	True
1316	106	0.8181818181818182	False
1316	5	0.7272727272727273	True
1316	1846	0.6363636363636364	False
1316	2127	0.5454545454545454	True
1316	659	0.45454545454545453	False
1316	2303	0.36363636363636365	False
1316	2120	0.2727272727272727	True
1316	2375	0.18181818181818182	True
1316	628	0.09090909090909091	True
3443	3562	0.9090909090909091	False
3443	1844	0.8181818181818182	True
3443	2375	0.7272727272727273	True
3443	5	0.6363636363636364	True
3443	1846	0.5454545454545454	False
3443	2685	0.45454545454545453	False
3443	2059	0.36363636363636365	True
3443	630	0.2727272727272727	True
3443	2746	0.18181818181818182	True
3443	2303	0.09090909090909091	False
1950	169	0.9090909090909091	True
1950	1465	0.8181818181818182	True
1950	659	0.7272727272727273	False
1950	2303	0.6363636363636364	False
1950	2685	0.5454545454545454	False
1950	189	0.45454545454545453	True
1950	218	0.36363636363636365	True
1950	1447	0.2727272727272727	True
1950	2127	0.18181818181818182	True
1950	2746	0.09090909090909091	True
1956	3562	0.9090909090909091	False
1956	2120	0.8181818181818182	True
1956	659	0.7272727272727273	False
1956	3644	0.6363636363636364	True
1956	1846	0.5454545454545454	False
1956	1844	0.45454545454545453	True
1956	5	0.36363636363636365	True
1956	2685	0.2727272727272727	False
1956	106	0.18181818181818182	False
1956	2127	0.09090909090909091	True
2655	3562	0.9090909090909091	False
2655	2424	0.8181818181818182	True
2655	1846	0.7272727272727273	False
2655	2303	0.6363636363636364	False
2655	2685	0.5454545454545454	False
2655	2746	0.45454545454545453	True
2655	1027	0.36363636363636365	True
2655	106	0.2727272727272727	False
2655	2375	0.18181818181818182	True
2655	1447	0.09090909090909091	True
5854	659	0.9090909090909091	False
5854	1846	0.8181818181818182	False
5854	3688	0.7272727272727273	True
5854	705	0.6363636363636364	True
5854	2685	0.5454545454545454	False
5854	106	0.45454545454545453	False
5854	2127	0.36363636363636365	True
5854	189	0.2727272727272727	True
5854	3569	0.18181818181818182	True
5854	352	0.09090909090909091	True
5503	5	0.9090909090909091	True
5503	3562	0.8181818181818182	False
5503	2303	0.7272727272727273	False
5503	628	0.6363636363636364	True
5503	2120	0.5454545454545454	True
5503	106	0.45454545454545453	False
5503	2685	0.36363636363636365	False
5503	2424	0.2727272727272727	True
5503	2059	0.18181818181818182	True
5503	1027	0.09090909090909091	True
5891	2685	0.9090909090909091	False
5891	1846	0.8181818181818182	False
5891	3688	0.7272727272727273	True
5891	2059	0.6363636363636364	True
5891	1027	0.5454545454545454	True
5891	2303	0.45454545454545453	False
5891	659	0.36363636363636365	False
5891	2120	0.2727272727272727	True
5891	189	0.18181818181818182	True
5891	218	0.09090909090909091	True
3978	2685	0.9090909090909091	False
3978	106	0.8181818181818182	False
3978	1846	0.7272727272727273	False
3978	1069	0.6363636363636364	True
3978	2631	0.5454545454545454	True
3978	5	0.45454545454545453	True
3978	3688	0.36363636363636365	True
3978	189	0.2727272727272727	True
3978	2120	0.18181818181818182	True
3978	218	0.09090909090909091	True
1571	3562	0.9090909090909091	False
1571	1844	0.8181818181818182	True
1571	5	0.7272727272727273	True
1571	1846	0.6363636363636364	False
1571	3644	0.5454545454545454	True
1571	659	0.45454545454545453	False
1571	426	0.36363636363636365	True
1571	3473	0.2727272727272727	True
1571	2120	0.18181818181818182	True
1571	106	0.09090909090909091	False
938	2685	0.9090909090909091	False
938	2746	0.8181818181818182	True
938	1846	0.7272727272727273	False
938	3562	0.6363636363636364	False
938	169	0.5454545454545454	True
938	659	0.45454545454545453	False
938	3473	0.36363636363636365	True
938	1447	0.2727272727272727	True
938	218	0.18181818181818182	True
938	1069	0.09090909090909091	True
4020	659	0.9090909090909091	False
4020	3688	0.8181818181818182	True
4020	2059	0.7272727272727273	True
4020	3562	0.6363636363636364	False
4020	106	0.5454545454545454	False
4020	2120	0.45454545454545453	True
4020	1027	0.36363636363636365	True
4020	961	0.2727272727272727	True
4020	1846	0.18181818181818182	False
4020	5	0.09090909090909091	True
1168	2685	0.9090909090909091	False
1168	659	0.8181818181818182	False
1168	3688	0.7272727272727273	True
1168	1846	0.6363636363636364	False
1168	705	0.5454545454545454	True
1168	1069	0.45454545454545453	True
1168	2303	0.36363636363636365	False
1168	218	0.2727272727272727	True
1168	2375	0.18181818181818182	True
1168	3562	0.09090909090909091	False
2802	106	0.9090909090909091	False
2802	3562	0.8181818181818182	False
2802	2303	0.7272727272727273	False
2802	2685	0.6363636363636364	False
2802	2120	0.5454545454545454	True
2802	961	0.45454545454545453	True
2802	659	0.36363636363636365	False
2802	169	0.2727272727272727	True
2802	3569	0.18181818181818182	True
2802	2746	0.09090909090909091	True
1536	3562	0.9090909090909091	False
1536	2303	0.8181818181818182	False
1536	2685	0.7272727272727273	False
1536	1027	0.6363636363636364	True
1536	106	0.5454545454545454	False
1536	628	0.45454545454545453	True
1536	352	0.36363636363636365	True
1536	1447	0.2727272727272727	True
1536	2120	0.18181818181818182	True
1536	2424	0.09090909090909091	True
2335	2375	0.9090909090909091	True
2335	1846	0.8181818181818182	False
2335	189	0.7272727272727273	True
2335	218	0.6363636363636364	True
2335	2127	0.5454545454545454	True
2335	2303	0.45454545454545453	False
2335	2685	0.36363636363636365	False
2335	106	0.2727272727272727	False
2335	5	0.18181818181818182	True
2335	426	0.09090909090909091	True
3815	106	0.9090909090909091	False
3815	2685	0.8181818181818182	False
3815	659	0.7272727272727273	False
3815	628	0.6363636363636364	True
3815	2303	0.5454545454545454	False
3815	3562	0.45454545454545453	False
3815	1549	0.36363636363636365	True
3815	2127	0.2727272727272727	True
3815	3688	0.18181818181818182	True
3815	1846	0.09090909090909091	False
1154	1846	0.9090909090909091	False
1154	106	0.8181818181818182	False
1154	2685	0.7272727272727273	False
1154	2303	0.6363636363636364	False
1154	1447	0.5454545454545454	True
1154	705	0.45454545454545453	True
1154	2424	0.36363636363636365	True
1154	659	0.2727272727272727	False
1154	352	0.18181818181818182	True
1154	189	0.09090909090909091	True
1448	189	0.9090909090909091	True
1448	2375	0.8181818181818182	True
1448	1846	0.7272727272727273	False
1448	218	0.6363636363636364	True
1448	659	0.5454545454545454	False
1448	705	0.45454545454545453	True
1448	2303	0.36363636363636365	False
1448	2685	0.2727272727272727	False
1448	3688	0.18181818181818182	True
1448	1465	0.09090909090909091	True
4649	106	0.9090909090909091	False
4649	2685	0.8181818181818182	False
4649	426	0.7272727272727273	True
4649	3688	0.6363636363636364	True
4649	659	0.5454545454545454	False
4649	961	0.45454545454545453	True
4649	3569	0.36363636363636365	True
4649	2303	0.2727272727272727	False
4649	189	0.18181818181818182	True
4649	2120	0.09090909090909091	True
984	1846	0.9090909090909091	False
984	659	0.8181818181818182	False
984	1844	0.7272727272727273	True
984	2059	0.6363636363636364	True
984	3562	0.5454545454545454	False
984	426	0.45454545454545453	True
984	3688	0.36363636363636365	True
984	3644	0.2727272727272727	True
984	189	0.18181818181818182	True
984	2120	0.09090909090909091	True
4781	189	0.9090909090909091	True
4781	3644	0.8181818181818182	True
4781	2127	0.7272727272727273	True
4781	1846	0.6363636363636364	False
4781	2303	0.5454545454545454	False
4781	5	0.45454545454545453	True
4781	106	0.36363636363636365	False
4781	2375	0.2727272727272727	True
4781	3569	0.18181818181818182	True
4781	1447	0.09090909090909091	True
2618	1846	0.9090909090909091	False
2618	1844	0.8181818181818182	True
2618	2685	0.7272727272727273	False
2618	3688	0.6363636363636364	True
2618	3871	0.5454545454545454	True
2618	2375	0.45454545454545453	True
2618	218	0.36363636363636365	True
2618	3562	0.2727272727272727	False
2618	189	0.18181818181818182	True
2618	659	0.09090909090909091	False
3216	3569	0.9090909090909091	True
3216	3644	0.8181818181818182	True
3216	1846	0.7272727272727273	False
3216	106	0.6363636363636364	False
3216	2127	0.5454545454545454	True
3216	2303	0.45454545454545453	False
3216	659	0.36363636363636365	False
3216	426	0.2727272727272727	True
3216	2685	0.18181818181818182	False
3216	189	0.09090909090909091	True
4854	2303	0.9090909090909091	False
4854	106	0.8181818181818182	False
4854	189	0.7272727272727273	True
4854	2685	0.6363636363636364	False
4854	2127	0.5454545454545454	True
4854	2101	0.45454545454545453	True
4854	5	0.36363636363636365	True
4854	628	0.2727272727272727	True
4854	2120	0.18181818181818182	True
4854	1465	0.09090909090909091	True
4259	2685	0.9090909090909091	False
4259	218	0.8181818181818182	True
4259	2303	0.7272727272727273	False
4259	2375	0.6363636363636364	True
4259	169	0.5454545454545454	True
4259	1844	0.45454545454545453	True
4259	3871	0.36363636363636365	True
4259	659	0.2727272727272727	False
4259	106	0.18181818181818182	False
4259	586	0.09090909090909091	True
908	1846	0.9090909090909091	False
908	2685	0.8181818181818182	False
908	3644	0.7272727272727273	True
908	106	0.6363636363636364	False
908	3569	0.5454545454545454	True
908	426	0.45454545454545453	True
908	2127	0.36363636363636365	True
908	5	0.2727272727272727	True
908	2746	0.18181818181818182	True
908	705	0.09090909090909091	True
3617	1846	0.9090909090909091	False
3617	659	0.8181818181818182	False
3617	2059	0.7272727272727273	True
3617	3644	0.6363636363636364	True
3617	1844	0.5454545454545454	True
3617	630	0.45454545454545453	True
3617	3473	0.36363636363636365	True
3617	426	0.2727272727272727	True
3617	2375	0.18181818181818182	True
3617	3562	0.09090909090909091	False
2750	1846	0.9090909090909091	False
2750	2303	0.8181818181818182	False
2750	189	0.7272727272727273	True
2750	2685	0.6363636363636364	False
2750	2120	0.5454545454545454	True
2750	1447	0.45454545454545453	True
2750	3644	0.36363636363636365	True
2750	659	0.2727272727272727	False
2750	352	0.18181818181818182	True
2750	3562	0.09090909090909091	False
3639	3562	0.9090909090909091	False
3639	2303	0.8181818181818182	False
3639	352	0.7272727272727273	True
3639	1846	0.6363636363636364	False
3639	659	0.5454545454545454	False
3639	2685	0.45454545454545453	False
3639	3688	0.36363636363636365	True
3639	2746	0.2727272727272727	True
3639	218	0.18181818181818182	True
3639	1549	0.09090909090909091	True
1391	1846	0.9090909090909091	False
1391	106	0.8181818181818182	False
1391	5	0.7272727272727273	True
1391	3562	0.6363636363636364	False
1391	2685	0.5454545454545454	False
1391	2424	0.45454545454545453	True
1391	426	0.36363636363636365	True
1391	2120	0.2727272727272727	True
1391	628	0.18181818181818182	True
1391	2303	0.09090909090909091	False
5996	2685	0.9090909090909091	False
5996	1846	0.8181818181818182	False
5996	2303	0.7272727272727273	False
5996	3644	0.6363636363636364	True
5996	3562	0.5454545454545454	False
5996	2746	0.45454545454545453	True
5996	2127	0.36363636363636365	True
5996	2375	0.2727272727272727	True
5996	659	0.18181818181818182	False
5996	106	0.09090909090909091	False
413	2685	0.9090909090909091	False
413	1846	0.8181818181818182	False
413	3569	0.7272727272727273	True
413	2127	0.6363636363636364	True
413	2059	0.5454545454545454	True
413	3644	0.45454545454545453	True
413	3688	0.36363636363636365	True
413	3562	0.2727272727272727	False
413	705	0.18181818181818182	True
413	659	0.09090909090909091	False
3707	1846	0.9090909090909091	False
3707	2375	0.8181818181818182	True
3707	106	0.7272727272727273	False
3707	426	0.6363636363636364	True
3707	5	0.5454545454545454	True
3707	2685	0.45454545454545453	False
3707	189	0.36363636363636365	True
3707	659	0.2727272727272727	False
3707	2059	0.18181818181818182	True
3707	3688	0.09090909090909091	True
4889	2685	0.9090909090909091	False
4889	1846	0.8181818181818182	False
4889	1069	0.7272727272727273	True
4889	1096	0.6363636363636364	True
4889	2746	0.5454545454545454	True
4889	705	0.45454545454545453	True
4889	659	0.36363636363636365	False
4889	426	0.2727272727272727	True
4889	2375	0.18181818181818182	True
4889	2424	0.09090909090909091	True
2016	2375	0.9090909090909091	True
2016	1846	0.8181818181818182	False
2016	426	0.7272727272727273	True
2016	3562	0.6363636363636364	False
2016	106	0.5454545454545454	False
2016	3688	0.45454545454545453	True
2016	189	0.36363636363636365	True
2016	2424	0.2727272727272727	True
2016	2303	0.18181818181818182	False
2016	659	0.09090909090909091	False
1876	2685	0.9090909090909091	False
1876	1846	0.8181818181818182	False
1876	659	0.7272727272727273	False
1876	1844	0.6363636363636364	True
1876	3569	0.5454545454545454	True
1876	1096	0.45454545454545453	True
1876	3562	0.36363636363636365	False
1876	2127	0.2727272727272727	True
1876	106	0.18181818181818182	False
1876	705	0.09090909090909091	True
2550	2685	0.9090909090909091	False
2550	659	0.8181818181818182	False
2550	1846	0.7272727272727273	False
2550	2303	0.6363636363636364	False
2550	705	0.5454545454545454	True
2550	189	0.45454545454545453	True
2550	2127	0.36363636363636365	True
2550	106	0.2727272727272727	False
2550	426	0.18181818181818182	True
2550	2375	0.09090909090909091	True
4257	1846	0.9090909090909091	False
4257	189	0.8181818181818182	True
4257	2685	0.7272727272727273	False
4257	3688	0.6363636363636364	True
4257	106	0.5454545454545454	False
4257	2375	0.45454545454545453	True
4257	3569	0.36363636363636365	True
4257	2120	0.2727272727272727	True
4257	2127	0.18181818181818182	True
4257	3644	0.09090909090909091	True
1758	2685	0.9090909090909091	False
1758	961	0.8181818181818182	True
1758	3569	0.7272727272727273	True
1758	2303	0.6363636363636364	False
1758	3688	0.5454545454545454	True
1758	189	0.45454545454545453	True
1758	106	0.36363636363636365	False
1758	2127	0.2727272727272727	True
1758	3562	0.18181818181818182	False
1758	659	0.09090909090909091	False
5974	2685	0.9090909090909091	False
5974	1846	0.8181818181818182	False
5974	2746	0.7272727272727273	True
5974	3644	0.6363636363636364	True
5974	106	0.5454545454545454	False
5974	2303	0.45454545454545453	False
5974	2101	0.36363636363636365	True
5974	1447	0.2727272727272727	True
5974	1027	0.18181818181818182	True
5974	3254	0.09090909090909091	True
599	3644	0.9090909090909091	True
599	1447	0.8181818181818182	True
599	1846	0.7272727272727273	False
599	659	0.6363636363636364	False
599	3569	0.5454545454545454	True
599	3473	0.45454545454545453	True
599	628	0.36363636363636365	True
599	106	0.2727272727272727	False
599	3562	0.18181818181818182	False
599	2059	0.09090909090909091	True
591	659	0.9090909090909091	False
591	352	0.8181818181818182	True
591	1846	0.7272727272727273	False
591	2303	0.6363636363636364	False
591	2685	0.5454545454545454	False
591	705	0.45454545454545453	True
591	189	0.36363636363636365	True
591	2127	0.2727272727272727	True
591	3644	0.18181818181818182	True
591	218	0.09090909090909091	True
5779	106	0.9090909090909091	False
5779	628	0.8181818181818182	True
5779	2059	0.7272727272727273	True
5779	659	0.6363636363636364	False
5779	1846	0.5454545454545454	False
5779	2685	0.45454545454545453	False
5779	630	0.36363636363636365	True
5779	3473	0.2727272727272727	True
5779	1549	0.18181818181818182	True
5779	2120	0.09090909090909091	True
2737	2685	0.9090909090909091	False
2737	1846	0.8181818181818182	False
2737	106	0.7272727272727273	False
2737	659	0.6363636363636364	False
2737	2303	0.5454545454545454	False
2737	2127	0.45454545454545453	True
2737	426	0.36363636363636365	True
2737	2101	0.2727272727272727	True
2737	705	0.18181818181818182	True
2737	2424	0.09090909090909091	True
