3811	3651	0.9090909090909091	False
3811	463	0.8181818181818182	False
3811	1275	0.7272727272727273	False
3811	3871	0.6363636363636364	False
3811	2156	0.5454545454545454	True
3811	1175	0.45454545454545453	False
3811	3282	0.36363636363636365	True
3811	2686	0.2727272727272727	True
3811	437	0.18181818181818182	True
3811	840	0.09090909090909091	True
5301	3651	0.9090909090909091	False
5301	3871	0.8181818181818182	False
5301	463	0.7272727272727273	False
5301	840	0.6363636363636364	True
5301	1275	0.5454545454545454	False
5301	2686	0.45454545454545453	True
5301	2156	0.36363636363636365	True
5301	437	0.2727272727272727	True
5301	3282	0.18181818181818182	True
5301	1175	0.09090909090909091	False
2759	2156	0.9090909090909091	True
2759	3651	0.8181818181818182	False
2759	463	0.7272727272727273	False
2759	1275	0.6363636363636364	False
2759	437	0.5454545454545454	True
2759	3871	0.45454545454545453	False
2759	1175	0.36363636363636365	False
2759	2686	0.2727272727272727	True
2759	840	0.18181818181818182	True
2759	2555	0.09090909090909091	True
2465	463	0.9090909090909091	False
2465	3651	0.8181818181818182	False
2465	2156	0.7272727272727273	True
2465	3871	0.6363636363636364	False
2465	1275	0.5454545454545454	False
2465	437	0.45454545454545453	True
2465	840	0.36363636363636365	True
2465	103	0.2727272727272727	True
2465	3282	0.18181818181818182	True
2465	1175	0.09090909090909091	False
4122	1175	0.9090909090909091	False
4122	3651	0.8181818181818182	False
4122	3871	0.7272727272727273	False
4122	840	0.6363636363636364	True
4122	463	0.5454545454545454	False
4122	2899	0.45454545454545453	True
4122	2164	0.36363636363636365	True
4122	103	0.2727272727272727	True
4122	437	0.18181818181818182	True
4122	1275	0.09090909090909091	False
3570	3871	0.9090909090909091	False
3570	3651	0.8181818181818182	False
3570	463	0.7272727272727273	False
3570	840	0.6363636363636364	True
3570	1175	0.5454545454545454	False
3570	1275	0.45454545454545453	False
3570	2686	0.36363636363636365	True
3570	2164	0.2727272727272727	True
3570	2156	0.18181818181818182	True
3570	3282	0.09090909090909091	True
2826	3651	0.9090909090909091	False
2826	1175	0.8181818181818182	False
2826	463	0.7272727272727273	False
2826	3871	0.6363636363636364	False
2826	2686	0.5454545454545454	True
2826	840	0.45454545454545453	True
2826	1275	0.36363636363636365	False
2826	2156	0.2727272727272727	True
2826	2164	0.18181818181818182	True
2826	3282	0.09090909090909091	True
5090	2686	0.9090909090909091	True
5090	463	0.8181818181818182	False
5090	3651	0.7272727272727273	False
5090	3871	0.6363636363636364	False
5090	1175	0.5454545454545454	False
5090	437	0.45454545454545453	True
5090	1275	0.36363636363636365	False
5090	2156	0.2727272727272727	True
5090	3282	0.18181818181818182	True
5090	353	0.09090909090909091	True
2630	3651	0.9090909090909091	False
2630	1275	0.8181818181818182	False
2630	2686	0.7272727272727273	True
2630	3871	0.6363636363636364	False
2630	463	0.5454545454545454	False
2630	2156	0.45454545454545453	True
2630	1175	0.36363636363636365	False
2630	437	0.2727272727272727	True
2630	840	0.18181818181818182	True
2630	3282	0.09090909090909091	True
1367	1275	0.9090909090909091	False
1367	3871	0.8181818181818182	False
1367	3651	0.7272727272727273	False
1367	2156	0.6363636363636364	True
1367	463	0.5454545454545454	False
1367	3282	0.45454545454545453	True
1367	1175	0.36363636363636365	False
1367	2686	0.2727272727272727	True
1367	353	0.18181818181818182	True
1367	840	0.09090909090909091	True
70	3651	0.9090909090909091	False
70	463	0.8181818181818182	False
70	2686	0.7272727272727273	True
70	1175	0.6363636363636364	False
70	437	0.5454545454545454	True
70	3871	0.45454545454545453	False
70	1275	0.36363636363636365	False
70	3282	0.2727272727272727	True
70	2899	0.18181818181818182	True
70	840	0.09090909090909091	True
1351	463	0.9090909090909091	False
1351	3651	0.8181818181818182	False
1351	3871	0.7272727272727273	False
1351	1175	0.6363636363636364	False
1351	840	0.5454545454545454	True
1351	1275	0.45454545454545453	False
1351	2156	0.36363636363636365	True
1351	2686	0.2727272727272727	True
1351	437	0.18181818181818182	True
1351	2555	0.09090909090909091	True
2209	3651	0.9090909090909091	False
2209	2156	0.8181818181818182	True
2209	463	0.7272727272727273	False
2209	1175	0.6363636363636364	False
2209	840	0.5454545454545454	True
2209	437	0.45454545454545453	True
2209	3871	0.36363636363636365	False
2209	103	0.2727272727272727	True
2209	1120	0.18181818181818182	True
2209	1275	0.09090909090909091	False
4178	3871	0.9090909090909091	False
4178	1175	0.8181818181818182	False
4178	3651	0.7272727272727273	False
4178	2686	0.6363636363636364	True
4178	463	0.5454545454545454	False
4178	840	0.45454545454545453	True
4178	2156	0.36363636363636365	True
4178	3282	0.2727272727272727	True
4178	1275	0.18181818181818182	False
4178	2899	0.09090909090909091	True
2900	3871	0.9090909090909091	False
2900	463	0.8181818181818182	False
2900	1175	0.7272727272727273	False
2900	2686	0.6363636363636364	True
2900	3651	0.5454545454545454	False
2900	1275	0.45454545454545453	False
2900	437	0.36363636363636365	True
2900	3282	0.2727272727272727	True
2900	840	0.18181818181818182	True
2900	2156	0.09090909090909091	True
1727	3651	0.9090909090909091	False
1727	1175	0.8181818181818182	False
1727	463	0.7272727272727273	False
1727	3871	0.6363636363636364	False
1727	840	0.5454545454545454	True
1727	1275	0.45454545454545453	False
1727	2156	0.36363636363636365	True
1727	2164	0.2727272727272727	True
1727	3282	0.18181818181818182	True
1727	437	0.09090909090909091	True
5629	3871	0.9090909090909091	False
5629	3651	0.8181818181818182	False
5629	463	0.7272727272727273	False
5629	3282	0.6363636363636364	True
5629	1275	0.5454545454545454	False
5629	2899	0.45454545454545453	True
5629	2686	0.36363636363636365	True
5629	1175	0.2727272727272727	False
5629	2164	0.18181818181818182	True
5629	840	0.09090909090909091	True
3235	3871	0.9090909090909091	False
3235	463	0.8181818181818182	False
3235	2156	0.7272727272727273	True
3235	3651	0.6363636363636364	False
3235	2686	0.5454545454545454	True
3235	103	0.45454545454545453	True
3235	840	0.36363636363636365	True
3235	1275	0.2727272727272727	False
3235	1175	0.18181818181818182	False
3235	3282	0.09090909090909091	True
3044	463	0.9090909090909091	False
3044	3651	0.8181818181818182	False
3044	1175	0.7272727272727273	False
3044	3871	0.6363636363636364	False
3044	2156	0.5454545454545454	True
3044	2686	0.45454545454545453	True
3044	1275	0.36363636363636365	False
3044	3282	0.2727272727272727	True
3044	840	0.18181818181818182	True
3044	437	0.09090909090909091	True
5020	3651	0.9090909090909091	False
5020	463	0.8181818181818182	False
5020	3871	0.7272727272727273	False
5020	1175	0.6363636363636364	False
5020	2156	0.5454545454545454	True
5020	1275	0.45454545454545453	False
5020	2686	0.36363636363636365	True
5020	840	0.2727272727272727	True
5020	437	0.18181818181818182	True
5020	3282	0.09090909090909091	True
6039	463	0.9090909090909091	False
6039	2156	0.8181818181818182	True
6039	1175	0.7272727272727273	False
6039	3651	0.6363636363636364	False
6039	1275	0.5454545454545454	False
6039	437	0.45454545454545453	True
6039	2686	0.36363636363636365	True
6039	3871	0.2727272727272727	False
6039	3282	0.18181818181818182	True
6039	840	0.09090909090909091	True
1743	463	0.9090909090909091	False
1743	3871	0.8181818181818182	False
1743	3651	0.7272727272727273	False
1743	2686	0.6363636363636364	True
1743	840	0.5454545454545454	True
1743	1175	0.45454545454545453	False
1743	3282	0.36363636363636365	True
1743	2164	0.2727272727272727	True
1743	1275	0.18181818181818182	False
1743	437	0.09090909090909091	True
4312	3651	0.9090909090909091	False
4312	463	0.8181818181818182	False
4312	1175	0.7272727272727273	False
4312	3871	0.6363636363636364	False
4312	840	0.5454545454545454	True
4312	2156	0.45454545454545453	True
4312	437	0.36363636363636365	True
4312	2164	0.2727272727272727	True
4312	3282	0.18181818181818182	True
4312	1275	0.09090909090909091	False
3405	3651	0.9090909090909091	False
3405	463	0.8181818181818182	False
3405	1175	0.7272727272727273	False
3405	3871	0.6363636363636364	False
3405	1275	0.5454545454545454	False
3405	2156	0.45454545454545453	True
3405	3282	0.36363636363636365	True
3405	840	0.2727272727272727	True
3405	2686	0.18181818181818182	True
3405	437	0.09090909090909091	True
1438	3651	0.9090909090909091	False
1438	1175	0.8181818181818182	False
1438	3871	0.7272727272727273	False
1438	463	0.6363636363636364	False
1438	1275	0.5454545454545454	False
1438	2156	0.45454545454545453	True
1438	437	0.36363636363636365	True
1438	3282	0.2727272727272727	True
1438	2164	0.18181818181818182	True
1438	840	0.09090909090909091	True
643	3651	0.9090909090909091	False
643	463	0.8181818181818182	False
643	2156	0.7272727272727273	True
643	1275	0.6363636363636364	False
643	1175	0.5454545454545454	False
643	437	0.45454545454545453	True
643	2686	0.36363636363636365	True
643	3871	0.2727272727272727	False
643	3282	0.18181818181818182	True
643	840	0.09090909090909091	True
823	463	0.9090909090909091	False
823	3651	0.8181818181818182	False
823	2156	0.7272727272727273	True
823	103	0.6363636363636364	True
823	3871	0.5454545454545454	False
823	1275	0.45454545454545453	False
823	2686	0.36363636363636365	True
823	840	0.2727272727272727	True
823	3282	0.18181818181818182	True
823	2899	0.09090909090909091	True
398	3651	0.9090909090909091	False
398	463	0.8181818181818182	False
398	2686	0.7272727272727273	True
398	1175	0.6363636363636364	False
398	3871	0.5454545454545454	False
398	1275	0.45454545454545453	False
398	2156	0.36363636363636365	True
398	840	0.2727272727272727	True
398	2164	0.18181818181818182	True
398	3282	0.09090909090909091	True
5139	3651	0.9090909090909091	False
5139	463	0.8181818181818182	False
5139	1175	0.7272727272727273	False
5139	437	0.6363636363636364	True
5139	2156	0.5454545454545454	True
5139	1275	0.45454545454545453	False
5139	3282	0.36363636363636365	True
5139	2686	0.2727272727272727	True
5139	3871	0.18181818181818182	False
5139	840	0.09090909090909091	True
1379	3871	0.9090909090909091	False
1379	2156	0.8181818181818182	True
1379	463	0.7272727272727273	False
1379	1175	0.6363636363636364	False
1379	840	0.5454545454545454	True
1379	3651	0.45454545454545453	False
1379	1275	0.36363636363636365	False
1379	2686	0.2727272727272727	True
1379	3282	0.18181818181818182	True
1379	437	0.09090909090909091	True
3766	3651	0.9090909090909091	False
3766	463	0.8181818181818182	False
3766	1175	0.7272727272727273	False
3766	2156	0.6363636363636364	True
3766	437	0.5454545454545454	True
3766	840	0.45454545454545453	True
3766	3871	0.36363636363636365	False
3766	2686	0.2727272727272727	True
3766	3282	0.18181818181818182	True
3766	1275	0.09090909090909091	False
749	463	0.9090909090909091	False
749	3651	0.8181818181818182	False
749	3871	0.7272727272727273	False
749	1175	0.6363636363636364	False
749	2156	0.5454545454545454	True
749	1275	0.45454545454545453	False
749	437	0.36363636363636365	True
749	2686	0.2727272727272727	True
749	3282	0.18181818181818182	True
749	840	0.09090909090909091	True
4951	1175	0.9090909090909091	False
4951	3651	0.8181818181818182	False
4951	437	0.7272727272727273	True
4951	463	0.6363636363636364	False
4951	3871	0.5454545454545454	False
4951	840	0.45454545454545453	True
4951	2555	0.36363636363636365	True
4951	3282	0.2727272727272727	True
4951	2156	0.18181818181818182	True
4951	2899	0.09090909090909091	True
1495	1175	0.9090909090909091	False
1495	463	0.8181818181818182	False
1495	3651	0.7272727272727273	False
1495	2156	0.6363636363636364	True
1495	3871	0.5454545454545454	False
1495	1275	0.45454545454545453	False
1495	437	0.36363636363636365	True
1495	2686	0.2727272727272727	True
1495	840	0.18181818181818182	True
1495	3282	0.09090909090909091	True
1859	3651	0.9090909090909091	False
1859	437	0.8181818181818182	True
1859	463	0.7272727272727273	False
1859	1175	0.6363636363636364	False
1859	2686	0.5454545454545454	True
1859	3282	0.45454545454545453	True
1859	2156	0.36363636363636365	True
1859	3871	0.2727272727272727	False
1859	840	0.18181818181818182	True
1859	2555	0.09090909090909091	True
1825	3871	0.9090909090909091	False
1825	463	0.8181818181818182	False
1825	103	0.7272727272727273	True
1825	1175	0.6363636363636364	False
1825	1275	0.5454545454545454	False
1825	3282	0.45454545454545453	True
1825	3651	0.36363636363636365	False
1825	2899	0.2727272727272727	True
1825	2156	0.18181818181818182	True
1825	840	0.09090909090909091	True
5699	463	0.9090909090909091	False
5699	3651	0.8181818181818182	False
5699	2156	0.7272727272727273	True
5699	3871	0.6363636363636364	False
5699	1175	0.5454545454545454	False
5699	1275	0.45454545454545453	False
5699	2686	0.36363636363636365	True
5699	840	0.2727272727272727	True
5699	3282	0.18181818181818182	True
5699	353	0.09090909090909091	True
3643	463	0.9090909090909091	False
3643	3651	0.8181818181818182	False
3643	1175	0.7272727272727273	False
3643	3871	0.6363636363636364	False
3643	1275	0.5454545454545454	False
3643	2156	0.45454545454545453	True
3643	840	0.36363636363636365	True
3643	103	0.2727272727272727	True
3643	3282	0.18181818181818182	True
3643	2555	0.09090909090909091	True
739	3651	0.9090909090909091	False
739	3871	0.8181818181818182	False
739	437	0.7272727272727273	True
739	1175	0.6363636363636364	False
739	1275	0.5454545454545454	False
739	463	0.45454545454545453	False
739	840	0.36363636363636365	True
739	3282	0.2727272727272727	True
739	2156	0.18181818181818182	True
739	2555	0.09090909090909091	True
731	3651	0.9090909090909091	False
731	1175	0.8181818181818182	False
731	463	0.7272727272727273	False
731	2156	0.6363636363636364	True
731	3871	0.5454545454545454	False
731	1275	0.45454545454545453	False
731	2686	0.36363636363636365	True
731	840	0.2727272727272727	True
731	437	0.18181818181818182	True
731	3282	0.09090909090909091	True
4768	437	0.9090909090909091	True
4768	1175	0.8181818181818182	False
4768	3871	0.7272727272727273	False
4768	3651	0.6363636363636364	False
4768	463	0.5454545454545454	False
4768	3282	0.45454545454545453	True
4768	2156	0.36363636363636365	True
4768	2686	0.2727272727272727	True
4768	1275	0.18181818181818182	False
4768	840	0.09090909090909091	True
1623	3871	0.9090909090909091	False
1623	463	0.8181818181818182	False
1623	2686	0.7272727272727273	True
1623	1275	0.6363636363636364	False
1623	1175	0.5454545454545454	False
1623	3282	0.45454545454545453	True
1623	2156	0.36363636363636365	True
1623	3651	0.2727272727272727	False
1623	437	0.18181818181818182	True
1623	840	0.09090909090909091	True
2880	3651	0.9090909090909091	False
2880	463	0.8181818181818182	False
2880	1175	0.7272727272727273	False
2880	437	0.6363636363636364	True
2880	3871	0.5454545454545454	False
2880	2156	0.45454545454545453	True
2880	840	0.36363636363636365	True
2880	2686	0.2727272727272727	True
2880	1275	0.18181818181818182	False
2880	2164	0.09090909090909091	True
4680	463	0.9090909090909091	False
4680	3651	0.8181818181818182	False
4680	3871	0.7272727272727273	False
4680	1275	0.6363636363636364	False
4680	2156	0.5454545454545454	True
4680	1175	0.45454545454545453	False
4680	3282	0.36363636363636365	True
4680	840	0.2727272727272727	True
4680	103	0.18181818181818182	True
4680	437	0.09090909090909091	True
292	1175	0.9090909090909091	False
292	3651	0.8181818181818182	False
292	463	0.7272727272727273	False
292	2156	0.6363636363636364	True
292	437	0.5454545454545454	True
292	1275	0.45454545454545453	False
292	3871	0.36363636363636365	False
292	2686	0.2727272727272727	True
292	3282	0.18181818181818182	True
292	2164	0.09090909090909091	True
2556	3871	0.9090909090909091	False
2556	463	0.8181818181818182	False
2556	3651	0.7272727272727273	False
2556	1175	0.6363636363636364	False
2556	103	0.5454545454545454	True
2556	840	0.45454545454545453	True
2556	2686	0.36363636363636365	True
2556	3282	0.2727272727272727	True
2556	2899	0.18181818181818182	True
2556	1275	0.09090909090909091	False
559	3871	0.9090909090909091	False
559	463	0.8181818181818182	False
559	2686	0.7272727272727273	True
559	840	0.6363636363636364	True
559	1175	0.5454545454545454	False
559	3651	0.45454545454545453	False
559	2156	0.36363636363636365	True
559	437	0.2727272727272727	True
559	1275	0.18181818181818182	False
559	103	0.09090909090909091	True
5579	463	0.9090909090909091	False
5579	2156	0.8181818181818182	True
5579	3651	0.7272727272727273	False
5579	2686	0.6363636363636364	True
5579	3282	0.5454545454545454	True
5579	1275	0.45454545454545453	False
5579	1175	0.36363636363636365	False
5579	437	0.2727272727272727	True
5579	3871	0.18181818181818182	False
5579	2164	0.09090909090909091	True
2526	463	0.9090909090909091	False
2526	3651	0.8181818181818182	False
2526	103	0.7272727272727273	True
2526	3871	0.6363636363636364	False
2526	2156	0.5454545454545454	True
2526	1175	0.45454545454545453	False
2526	840	0.36363636363636365	True
2526	3282	0.2727272727272727	True
2526	1275	0.18181818181818182	False
2526	2899	0.09090909090909091	True
3230	3651	0.9090909090909091	False
3230	1175	0.8181818181818182	False
3230	3871	0.7272727272727273	False
3230	463	0.6363636363636364	False
3230	840	0.5454545454545454	True
3230	2156	0.45454545454545453	True
3230	1275	0.36363636363636365	False
3230	437	0.2727272727272727	True
3230	3282	0.18181818181818182	True
3230	2686	0.09090909090909091	True
5433	3871	0.9090909090909091	False
5433	1175	0.8181818181818182	False
5433	463	0.7272727272727273	False
5433	3651	0.6363636363636364	False
5433	2164	0.5454545454545454	True
5433	3282	0.45454545454545453	True
5433	1275	0.36363636363636365	False
5433	2686	0.2727272727272727	True
5433	840	0.18181818181818182	True
5433	437	0.09090909090909091	True
98	3651	0.9090909090909091	False
98	463	0.8181818181818182	False
98	2156	0.7272727272727273	True
98	1175	0.6363636363636364	False
98	3871	0.5454545454545454	False
98	2686	0.45454545454545453	True
98	1275	0.36363636363636365	False
98	840	0.2727272727272727	True
98	353	0.18181818181818182	True
98	3282	0.09090909090909091	True
2027	3651	0.9090909090909091	False
2027	463	0.8181818181818182	False
2027	1275	0.7272727272727273	False
2027	1175	0.6363636363636364	False
2027	3871	0.5454545454545454	False
2027	2156	0.45454545454545453	True
2027	2164	0.36363636363636365	True
2027	840	0.2727272727272727	True
2027	3282	0.18181818181818182	True
2027	2686	0.09090909090909091	True
3111	3651	0.9090909090909091	False
3111	463	0.8181818181818182	False
3111	3871	0.7272727272727273	False
3111	3282	0.6363636363636364	True
3111	1275	0.5454545454545454	False
3111	2156	0.45454545454545453	True
3111	2686	0.36363636363636365	True
3111	2164	0.2727272727272727	True
3111	353	0.18181818181818182	True
3111	437	0.09090909090909091	True
2474	3651	0.9090909090909091	False
2474	3871	0.8181818181818182	False
2474	463	0.7272727272727273	False
2474	1175	0.6363636363636364	False
2474	1275	0.5454545454545454	False
2474	2686	0.45454545454545453	True
2474	2156	0.36363636363636365	True
2474	840	0.2727272727272727	True
2474	2164	0.18181818181818182	True
2474	2555	0.09090909090909091	True
5798	463	0.9090909090909091	False
5798	3871	0.8181818181818182	False
5798	3651	0.7272727272727273	False
5798	1175	0.6363636363636364	False
5798	1275	0.5454545454545454	False
5798	2686	0.45454545454545453	True
5798	2156	0.36363636363636365	True
5798	3282	0.2727272727272727	True
5798	840	0.18181818181818182	True
5798	444	0.09090909090909091	True
5193	463	0.9090909090909091	False
5193	3651	0.8181818181818182	False
5193	437	0.7272727272727273	True
5193	1175	0.6363636363636364	False
5193	3871	0.5454545454545454	False
5193	2156	0.45454545454545453	True
5193	3282	0.36363636363636365	True
5193	1275	0.2727272727272727	False
5193	2164	0.18181818181818182	True
5193	840	0.09090909090909091	True
1916	463	0.9090909090909091	False
1916	3871	0.8181818181818182	False
1916	3651	0.7272727272727273	False
1916	1275	0.6363636363636364	False
1916	1175	0.5454545454545454	False
1916	840	0.45454545454545453	True
1916	2156	0.36363636363636365	True
1916	3282	0.2727272727272727	True
1916	2686	0.18181818181818182	True
1916	2899	0.09090909090909091	True
918	3651	0.9090909090909091	False
918	463	0.8181818181818182	False
918	3871	0.7272727272727273	False
918	840	0.6363636363636364	True
918	2156	0.5454545454545454	True
918	1175	0.45454545454545453	False
918	353	0.36363636363636365	True
918	103	0.2727272727272727	True
918	1275	0.18181818181818182	False
918	2164	0.09090909090909091	True
270	3651	0.9090909090909091	False
270	1175	0.8181818181818182	False
270	463	0.7272727272727273	False
270	840	0.6363636363636364	True
270	2156	0.5454545454545454	True
270	3282	0.45454545454545453	True
270	2686	0.36363636363636365	True
270	3871	0.2727272727272727	False
270	2164	0.18181818181818182	True
270	437	0.09090909090909091	True
2357	3651	0.9090909090909091	False
2357	463	0.8181818181818182	False
2357	3871	0.7272727272727273	False
2357	2686	0.6363636363636364	True
2357	103	0.5454545454545454	True
2357	1275	0.45454545454545453	False
2357	353	0.36363636363636365	True
2357	1175	0.2727272727272727	False
2357	3282	0.18181818181818182	True
2357	840	0.09090909090909091	True
5725	3651	0.9090909090909091	False
5725	3871	0.8181818181818182	False
5725	463	0.7272727272727273	False
5725	1175	0.6363636363636364	False
5725	2686	0.5454545454545454	True
5725	840	0.45454545454545453	True
5725	3282	0.36363636363636365	True
5725	2164	0.2727272727272727	True
5725	353	0.18181818181818182	True
5725	103	0.09090909090909091	True
1696	3651	0.9090909090909091	False
1696	463	0.8181818181818182	False
1696	3871	0.7272727272727273	False
1696	2686	0.6363636363636364	True
1696	2156	0.5454545454545454	True
1696	840	0.45454545454545453	True
1696	1275	0.36363636363636365	False
1696	1175	0.2727272727272727	False
1696	3282	0.18181818181818182	True
1696	437	0.09090909090909091	True
3994	3871	0.9090909090909091	False
3994	463	0.8181818181818182	False
3994	103	0.7272727272727273	True
3994	1275	0.6363636363636364	False
3994	3651	0.5454545454545454	False
3994	2686	0.45454545454545453	True
3994	3282	0.36363636363636365	True
3994	2156	0.2727272727272727	True
3994	840	0.18181818181818182	True
3994	353	0.09090909090909091	True
4606	3651	0.9090909090909091	False
4606	463	0.8181818181818182	False
4606	3871	0.7272727272727273	False
4606	437	0.6363636363636364	True
4606	1175	0.5454545454545454	False
4606	840	0.45454545454545453	True
4606	2156	0.36363636363636365	True
4606	3282	0.2727272727272727	True
4606	1275	0.18181818181818182	False
4606	2686	0.09090909090909091	True
3759	463	0.9090909090909091	False
3759	3871	0.8181818181818182	False
3759	1175	0.7272727272727273	False
3759	3651	0.6363636363636364	False
3759	2686	0.5454545454545454	True
3759	437	0.45454545454545453	True
3759	3282	0.36363636363636365	True
3759	2156	0.2727272727272727	True
3759	840	0.18181818181818182	True
3759	1275	0.09090909090909091	False
1023	3871	0.9090909090909091	False
1023	3651	0.8181818181818182	False
1023	1175	0.7272727272727273	False
1023	463	0.6363636363636364	False
1023	103	0.5454545454545454	True
1023	840	0.45454545454545453	True
1023	2686	0.36363636363636365	True
1023	3282	0.2727272727272727	True
1023	2156	0.18181818181818182	True
1023	2164	0.09090909090909091	True
2959	463	0.9090909090909091	False
2959	1175	0.8181818181818182	False
2959	3651	0.7272727272727273	False
2959	3871	0.6363636363636364	False
2959	3282	0.5454545454545454	True
2959	2686	0.45454545454545453	True
2959	2164	0.36363636363636365	True
2959	840	0.2727272727272727	True
2959	103	0.18181818181818182	True
2959	2899	0.09090909090909091	True
4264	463	0.9090909090909091	False
4264	3651	0.8181818181818182	False
4264	3871	0.7272727272727273	False
4264	3282	0.6363636363636364	True
4264	1175	0.5454545454545454	False
4264	2156	0.45454545454545453	True
4264	437	0.36363636363636365	True
4264	2686	0.2727272727272727	True
4264	103	0.18181818181818182	True
4264	1275	0.09090909090909091	False
978	1175	0.9090909090909091	False
978	463	0.8181818181818182	False
978	437	0.7272727272727273	True
978	2686	0.6363636363636364	True
978	3871	0.5454545454545454	False
978	2156	0.45454545454545453	True
978	1275	0.36363636363636365	False
978	3651	0.2727272727272727	False
978	3282	0.18181818181818182	True
978	840	0.09090909090909091	True
4494	463	0.9090909090909091	False
4494	3651	0.8181818181818182	False
4494	1175	0.7272727272727273	False
4494	3871	0.6363636363636364	False
4494	2164	0.5454545454545454	True
4494	3282	0.45454545454545453	True
4494	840	0.36363636363636365	True
4494	103	0.2727272727272727	True
4494	2156	0.18181818181818182	True
4494	1275	0.09090909090909091	False
4818	3871	0.9090909090909091	False
4818	1175	0.8181818181818182	False
4818	840	0.7272727272727273	True
4818	463	0.6363636363636364	False
4818	3282	0.5454545454545454	True
4818	3651	0.45454545454545453	False
4818	1275	0.36363636363636365	False
4818	2156	0.2727272727272727	True
4818	103	0.18181818181818182	True
4818	2686	0.09090909090909091	True
2802	463	0.9090909090909091	False
2802	3651	0.8181818181818182	False
2802	1175	0.7272727272727273	False
2802	437	0.6363636363636364	True
2802	2156	0.5454545454545454	True
2802	3871	0.45454545454545453	False
2802	1275	0.36363636363636365	False
2802	840	0.2727272727272727	True
2802	3282	0.18181818181818182	True
2802	2686	0.09090909090909091	True
1920	463	0.9090909090909091	False
1920	3651	0.8181818181818182	False
1920	3871	0.7272727272727273	False
1920	2156	0.6363636363636364	True
1920	1175	0.5454545454545454	False
1920	103	0.45454545454545453	True
1920	3282	0.36363636363636365	True
1920	840	0.2727272727272727	True
1920	437	0.18181818181818182	True
1920	2164	0.09090909090909091	True
4047	463	0.9090909090909091	False
4047	1175	0.8181818181818182	False
4047	3651	0.7272727272727273	False
4047	2156	0.6363636363636364	True
4047	2686	0.5454545454545454	True
4047	3871	0.45454545454545453	False
4047	1275	0.36363636363636365	False
4047	3282	0.2727272727272727	True
4047	2164	0.18181818181818182	True
4047	840	0.09090909090909091	True
2572	3651	0.9090909090909091	False
2572	463	0.8181818181818182	False
2572	1175	0.7272727272727273	False
2572	3871	0.6363636363636364	False
2572	437	0.5454545454545454	True
2572	2686	0.45454545454545453	True
2572	840	0.36363636363636365	True
2572	2156	0.2727272727272727	True
2572	3282	0.18181818181818182	True
2572	1275	0.09090909090909091	False
3382	463	0.9090909090909091	False
3382	3651	0.8181818181818182	False
3382	1175	0.7272727272727273	False
3382	3282	0.6363636363636364	True
3382	3871	0.5454545454545454	False
3382	1275	0.45454545454545453	False
3382	2164	0.36363636363636365	True
3382	353	0.2727272727272727	True
3382	2899	0.18181818181818182	True
3382	2156	0.09090909090909091	True
2313	463	0.9090909090909091	False
2313	2156	0.8181818181818182	True
2313	3651	0.7272727272727273	False
2313	3871	0.6363636363636364	False
2313	1275	0.5454545454545454	False
2313	1175	0.45454545454545453	False
2313	3282	0.36363636363636365	True
2313	437	0.2727272727272727	True
2313	2686	0.18181818181818182	True
2313	840	0.09090909090909091	True
863	3871	0.9090909090909091	False
863	3651	0.8181818181818182	False
863	2156	0.7272727272727273	True
863	1275	0.6363636363636364	False
863	840	0.5454545454545454	True
863	463	0.45454545454545453	False
863	437	0.36363636363636365	True
863	3282	0.2727272727272727	True
863	1175	0.18181818181818182	False
863	103	0.09090909090909091	True
1592	3651	0.9090909090909091	False
1592	463	0.8181818181818182	False
1592	1175	0.7272727272727273	False
1592	1275	0.6363636363636364	False
1592	840	0.5454545454545454	True
1592	3871	0.45454545454545453	False
1592	2156	0.36363636363636365	True
1592	2164	0.2727272727272727	True
1592	2686	0.18181818181818182	True
1592	3282	0.09090909090909091	True
2817	3651	0.9090909090909091	False
2817	463	0.8181818181818182	False
2817	1275	0.7272727272727273	False
2817	2156	0.6363636363636364	True
2817	1175	0.5454545454545454	False
2817	3871	0.45454545454545453	False
2817	2686	0.36363636363636365	True
2817	840	0.2727272727272727	True
2817	3282	0.18181818181818182	True
2817	437	0.09090909090909091	True
1544	3871	0.9090909090909091	False
1544	3651	0.8181818181818182	False
1544	103	0.7272727272727273	True
1544	463	0.6363636363636364	False
1544	840	0.5454545454545454	True
1544	2156	0.45454545454545453	True
1544	1175	0.36363636363636365	False
1544	1275	0.2727272727272727	False
1544	2686	0.18181818181818182	True
1544	3282	0.09090909090909091	True
1329	463	0.9090909090909091	False
1329	3871	0.8181818181818182	False
1329	1175	0.7272727272727273	False
1329	3651	0.6363636363636364	False
1329	1275	0.5454545454545454	False
1329	2686	0.45454545454545453	True
1329	3282	0.36363636363636365	True
1329	2156	0.2727272727272727	True
1329	840	0.18181818181818182	True
1329	437	0.09090909090909091	True
5201	463	0.9090909090909091	False
5201	3871	0.8181818181818182	False
5201	1175	0.7272727272727273	False
5201	3651	0.6363636363636364	False
5201	2686	0.5454545454545454	True
5201	1275	0.45454545454545453	False
5201	840	0.36363636363636365	True
5201	3282	0.2727272727272727	True
5201	2156	0.18181818181818182	True
5201	437	0.09090909090909091	True
5891	3651	0.9090909090909091	False
5891	463	0.8181818181818182	False
5891	3871	0.7272727272727273	False
5891	2156	0.6363636363636364	True
5891	1175	0.5454545454545454	False
5891	1275	0.45454545454545453	False
5891	840	0.36363636363636365	True
5891	3282	0.2727272727272727	True
5891	2686	0.18181818181818182	True
5891	103	0.09090909090909091	True
1182	3651	0.9090909090909091	False
1182	1275	0.8181818181818182	False
1182	1175	0.7272727272727273	False
1182	437	0.6363636363636364	True
1182	463	0.5454545454545454	False
1182	2156	0.45454545454545453	True
1182	3871	0.36363636363636365	False
1182	840	0.2727272727272727	True
1182	2686	0.18181818181818182	True
1182	3282	0.09090909090909091	True
3922	1175	0.9090909090909091	False
3922	3651	0.8181818181818182	False
3922	437	0.7272727272727273	True
3922	463	0.6363636363636364	False
3922	3871	0.5454545454545454	False
3922	2164	0.45454545454545453	True
3922	840	0.36363636363636365	True
3922	2686	0.2727272727272727	True
3922	3282	0.18181818181818182	True
3922	1275	0.09090909090909091	False
1569	3651	0.9090909090909091	False
1569	463	0.8181818181818182	False
1569	3871	0.7272727272727273	False
1569	840	0.6363636363636364	True
1569	2156	0.5454545454545454	True
1569	103	0.45454545454545453	True
1569	437	0.36363636363636365	True
1569	3282	0.2727272727272727	True
1569	1175	0.18181818181818182	False
1569	2164	0.09090909090909091	True
2536	463	0.9090909090909091	False
2536	3651	0.8181818181818182	False
2536	2156	0.7272727272727273	True
2536	1175	0.6363636363636364	False
2536	2686	0.5454545454545454	True
2536	1275	0.45454545454545453	False
2536	3871	0.36363636363636365	False
2536	437	0.2727272727272727	True
2536	840	0.18181818181818182	True
2536	3282	0.09090909090909091	True
1316	3871	0.9090909090909091	False
1316	3651	0.8181818181818182	False
1316	463	0.7272727272727273	False
1316	1275	0.6363636363636364	False
1316	840	0.5454545454545454	True
1316	1175	0.45454545454545453	False
1316	2156	0.36363636363636365	True
1316	2686	0.2727272727272727	True
1316	3282	0.18181818181818182	True
1316	103	0.09090909090909091	True
5315	3651	0.9090909090909091	False
5315	2156	0.8181818181818182	True
5315	463	0.7272727272727273	False
5315	3871	0.6363636363636364	False
5315	840	0.5454545454545454	True
5315	1275	0.45454545454545453	False
5315	2686	0.36363636363636365	True
5315	1175	0.2727272727272727	False
5315	103	0.18181818181818182	True
5315	437	0.09090909090909091	True
3552	3651	0.9090909090909091	False
3552	463	0.8181818181818182	False
3552	1275	0.7272727272727273	False
3552	1175	0.6363636363636364	False
3552	3871	0.5454545454545454	False
3552	2686	0.45454545454545453	True
3552	3282	0.36363636363636365	True
3552	437	0.2727272727272727	True
3552	2156	0.18181818181818182	True
3552	2555	0.09090909090909091	True
3638	3651	0.9090909090909091	False
3638	463	0.8181818181818182	False
3638	2686	0.7272727272727273	True
3638	2156	0.6363636363636364	True
3638	3871	0.5454545454545454	False
3638	1175	0.45454545454545453	False
3638	1275	0.36363636363636365	False
3638	840	0.2727272727272727	True
3638	3282	0.18181818181818182	True
3638	437	0.09090909090909091	True
2917	2156	0.9090909090909091	True
2917	463	0.8181818181818182	False
2917	1175	0.7272727272727273	False
2917	3651	0.6363636363636364	False
2917	437	0.5454545454545454	True
2917	3871	0.45454545454545453	False
2917	840	0.36363636363636365	True
2917	1275	0.2727272727272727	False
2917	3282	0.18181818181818182	True
2917	2686	0.09090909090909091	True
2130	3651	0.9090909090909091	False
2130	1175	0.8181818181818182	False
2130	463	0.7272727272727273	False
2130	3871	0.6363636363636364	False
2130	2156	0.5454545454545454	True
2130	1275	0.45454545454545453	False
2130	840	0.36363636363636365	True
2130	437	0.2727272727272727	True
2130	3282	0.18181818181818182	True
2130	2686	0.09090909090909091	True
2316	3651	0.9090909090909091	False
2316	3871	0.8181818181818182	False
2316	463	0.7272727272727273	False
2316	840	0.6363636363636364	True
2316	2156	0.5454545454545454	True
2316	1175	0.45454545454545453	False
2316	103	0.36363636363636365	True
2316	1275	0.2727272727272727	False
2316	1120	0.18181818181818182	True
2316	2686	0.09090909090909091	True
5723	840	0.9090909090909091	True
5723	463	0.8181818181818182	False
5723	3871	0.7272727272727273	False
5723	3651	0.6363636363636364	False
5723	2156	0.5454545454545454	True
5723	1275	0.45454545454545453	False
5723	103	0.36363636363636365	True
5723	1175	0.2727272727272727	False
5723	2164	0.18181818181818182	True
5723	3282	0.09090909090909091	True
2076	2156	0.9090909090909091	True
2076	1275	0.8181818181818182	False
2076	463	0.7272727272727273	False
2076	3651	0.6363636363636364	False
2076	3871	0.5454545454545454	False
2076	3282	0.45454545454545453	True
2076	437	0.36363636363636365	True
2076	2686	0.2727272727272727	True
2076	1175	0.18181818181818182	False
2076	103	0.09090909090909091	True
4960	3651	0.9090909090909091	False
4960	2156	0.8181818181818182	True
4960	463	0.7272727272727273	False
4960	1275	0.6363636363636364	False
4960	1175	0.5454545454545454	False
4960	3871	0.45454545454545453	False
4960	353	0.36363636363636365	True
4960	840	0.2727272727272727	True
4960	3282	0.18181818181818182	True
4960	2555	0.09090909090909091	True
3772	1175	0.9090909090909091	False
3772	463	0.8181818181818182	False
3772	3651	0.7272727272727273	False
3772	840	0.6363636363636364	True
3772	3871	0.5454545454545454	False
3772	2164	0.45454545454545453	True
3772	3282	0.36363636363636365	True
3772	2899	0.2727272727272727	True
3772	2156	0.18181818181818182	True
3772	2686	0.09090909090909091	True
