3220	1900	0.9090909090909091	False
3220	3397	0.8181818181818182	False
3220	338	0.7272727272727273	True
3220	3056	0.6363636363636364	False
3220	3557	0.5454545454545454	False
3220	3578	0.45454545454545453	False
3220	136	0.36363636363636365	True
3220	419	0.2727272727272727	True
3220	1068	0.18181818181818182	True
3220	361	0.09090909090909091	True
4003	1900	0.9090909090909091	False
4003	2956	0.8181818181818182	True
4003	927	0.7272727272727273	True
4003	3397	0.6363636363636364	False
4003	3557	0.5454545454545454	False
4003	889	0.45454545454545453	True
4003	2417	0.36363636363636365	False
4003	361	0.2727272727272727	True
4003	3578	0.18181818181818182	False
4003	2617	0.09090909090909091	True
1368	1900	0.9090909090909091	False
1368	2417	0.8181818181818182	False
1368	3578	0.7272727272727273	False
1368	3397	0.6363636363636364	False
1368	1068	0.5454545454545454	True
1368	3056	0.45454545454545453	False
1368	3557	0.36363636363636365	False
1368	358	0.2727272727272727	True
1368	419	0.18181818181818182	True
1368	136	0.09090909090909091	True
2955	1900	0.9090909090909091	False
2955	3557	0.8181818181818182	False
2955	2417	0.7272727272727273	False
2955	419	0.6363636363636364	True
2955	889	0.5454545454545454	True
2955	3397	0.45454545454545453	False
2955	2617	0.36363636363636365	True
2955	278	0.2727272727272727	True
2955	2626	0.18181818181818182	True
2955	136	0.09090909090909091	True
1937	1900	0.9090909090909091	False
1937	3056	0.8181818181818182	False
1937	2956	0.7272727272727273	True
1937	3397	0.6363636363636364	False
1937	1669	0.5454545454545454	True
1937	2626	0.45454545454545453	True
1937	3578	0.36363636363636365	False
1937	2864	0.2727272727272727	True
1937	3557	0.18181818181818182	False
1937	867	0.09090909090909091	True
5678	1900	0.9090909090909091	False
5678	2626	0.8181818181818182	True
5678	2956	0.7272727272727273	True
5678	2417	0.6363636363636364	False
5678	3056	0.5454545454545454	False
5678	3557	0.45454545454545453	False
5678	419	0.36363636363636365	True
5678	358	0.2727272727272727	True
5678	3578	0.18181818181818182	False
5678	1669	0.09090909090909091	True
4678	1900	0.9090909090909091	False
4678	3578	0.8181818181818182	False
4678	3397	0.7272727272727273	False
4678	361	0.6363636363636364	True
4678	2124	0.5454545454545454	True
4678	3056	0.45454545454545453	False
4678	2417	0.36363636363636365	False
4678	1669	0.2727272727272727	True
4678	1620	0.18181818181818182	True
4678	1619	0.09090909090909091	True
4348	1900	0.9090909090909091	False
4348	2626	0.8181818181818182	True
4348	3056	0.7272727272727273	False
4348	358	0.6363636363636364	True
4348	2124	0.5454545454545454	True
4348	2417	0.45454545454545453	False
4348	3062	0.36363636363636365	True
4348	361	0.2727272727272727	True
4348	1669	0.18181818181818182	True
4348	3397	0.09090909090909091	False
4044	1900	0.9090909090909091	False
4044	3397	0.8181818181818182	False
4044	2124	0.7272727272727273	True
4044	3578	0.6363636363636364	False
4044	321	0.5454545454545454	True
4044	2381	0.45454545454545453	True
4044	338	0.36363636363636365	True
4044	2417	0.2727272727272727	False
4044	2626	0.18181818181818182	True
4044	1620	0.09090909090909091	True
475	1900	0.9090909090909091	False
475	3578	0.8181818181818182	False
475	3056	0.7272727272727273	False
475	3557	0.6363636363636364	False
475	2626	0.5454545454545454	True
475	3397	0.45454545454545453	False
475	419	0.36363636363636365	True
475	358	0.2727272727272727	True
475	2956	0.18181818181818182	True
475	2124	0.09090909090909091	True
3691	1900	0.9090909090909091	False
3691	3578	0.8181818181818182	False
3691	136	0.7272727272727273	True
3691	3557	0.6363636363636364	False
3691	2918	0.5454545454545454	True
3691	419	0.45454545454545453	True
3691	1619	0.36363636363636365	True
3691	2626	0.2727272727272727	True
3691	3056	0.18181818181818182	False
3691	2617	0.09090909090909091	True
3102	1900	0.9090909090909091	False
3102	3557	0.8181818181818182	False
3102	3008	0.7272727272727273	True
3102	2626	0.6363636363636364	True
3102	1620	0.5454545454545454	True
3102	358	0.45454545454545453	True
3102	3056	0.36363636363636365	False
3102	2956	0.2727272727272727	True
3102	2864	0.18181818181818182	True
3102	3397	0.09090909090909091	False
5819	1900	0.9090909090909091	False
5819	2626	0.8181818181818182	True
5819	2124	0.7272727272727273	True
5819	3056	0.6363636363636364	False
5819	358	0.5454545454545454	True
5819	3062	0.45454545454545453	True
5819	3397	0.36363636363636365	False
5819	412	0.2727272727272727	True
5819	2381	0.18181818181818182	True
5819	1669	0.09090909090909091	True
4327	1900	0.9090909090909091	False
4327	2417	0.8181818181818182	False
4327	3056	0.7272727272727273	False
4327	2626	0.6363636363636364	True
4327	358	0.5454545454545454	True
4327	3578	0.45454545454545453	False
4327	3557	0.36363636363636365	False
4327	1669	0.2727272727272727	True
4327	2381	0.18181818181818182	True
4327	2918	0.09090909090909091	True
5309	1900	0.9090909090909091	False
5309	2417	0.8181818181818182	False
5309	419	0.7272727272727273	True
5309	3557	0.6363636363636364	False
5309	1669	0.5454545454545454	True
5309	2617	0.45454545454545453	True
5309	889	0.36363636363636365	True
5309	3397	0.2727272727272727	False
5309	3056	0.18181818181818182	False
5309	867	0.09090909090909091	True
260	1900	0.9090909090909091	False
260	2417	0.8181818181818182	False
260	3557	0.7272727272727273	False
260	2626	0.6363636363636364	True
260	889	0.5454545454545454	True
260	1669	0.45454545454545453	True
260	3056	0.36363636363636365	False
260	2617	0.2727272727272727	True
260	358	0.18181818181818182	True
260	136	0.09090909090909091	True
168	1900	0.9090909090909091	False
168	2626	0.8181818181818182	True
168	3397	0.7272727272727273	False
168	3557	0.6363636363636364	False
168	358	0.5454545454545454	True
168	3056	0.45454545454545453	False
168	2124	0.36363636363636365	True
168	412	0.2727272727272727	True
168	3578	0.18181818181818182	False
168	2381	0.09090909090909091	True
4782	1900	0.9090909090909091	False
4782	2124	0.8181818181818182	True
4782	1669	0.7272727272727273	True
4782	2626	0.6363636363636364	True
4782	358	0.5454545454545454	True
4782	2381	0.45454545454545453	True
4782	3557	0.36363636363636365	False
4782	2617	0.2727272727272727	True
4782	889	0.18181818181818182	True
4782	3578	0.09090909090909091	False
2087	2956	0.9090909090909091	True
2087	1900	0.8181818181818182	False
2087	3578	0.7272727272727273	False
2087	3056	0.6363636363636364	False
2087	3397	0.5454545454545454	False
2087	1620	0.45454545454545453	True
2087	2417	0.36363636363636365	False
2087	3557	0.2727272727272727	False
2087	2626	0.18181818181818182	True
2087	2124	0.09090909090909091	True
5113	1900	0.9090909090909091	False
5113	3397	0.8181818181818182	False
5113	2864	0.7272727272727273	True
5113	3578	0.6363636363636364	False
5113	1620	0.5454545454545454	True
5113	2626	0.45454545454545453	True
5113	2381	0.36363636363636365	True
5113	1619	0.2727272727272727	True
5113	2417	0.18181818181818182	False
5113	3557	0.09090909090909091	False
5331	1900	0.9090909090909091	False
5331	2417	0.8181818181818182	False
5331	358	0.7272727272727273	True
5331	2381	0.6363636363636364	True
5331	1068	0.5454545454545454	True
5331	2626	0.45454545454545453	True
5331	1858	0.36363636363636365	True
5331	3557	0.2727272727272727	False
5331	338	0.18181818181818182	True
5331	3397	0.09090909090909091	False
830	1900	0.9090909090909091	False
830	2417	0.8181818181818182	False
830	2626	0.7272727272727273	True
830	361	0.6363636363636364	True
830	1068	0.5454545454545454	True
830	2864	0.45454545454545453	True
830	1620	0.36363636363636365	True
830	3397	0.2727272727272727	False
830	2617	0.18181818181818182	True
830	3557	0.09090909090909091	False
1318	1900	0.9090909090909091	False
1318	3397	0.8181818181818182	False
1318	3557	0.7272727272727273	False
1318	3578	0.6363636363636364	False
1318	361	0.5454545454545454	True
1318	2124	0.45454545454545453	True
1318	1619	0.36363636363636365	True
1318	2417	0.2727272727272727	False
1318	889	0.18181818181818182	True
1318	2617	0.09090909090909091	True
3708	1900	0.9090909090909091	False
3708	2417	0.8181818181818182	False
3708	1669	0.7272727272727273	True
3708	3557	0.6363636363636364	False
3708	3135	0.5454545454545454	True
3708	412	0.45454545454545453	True
3708	1068	0.36363636363636365	True
3708	2956	0.2727272727272727	True
3708	419	0.18181818181818182	True
3708	1619	0.09090909090909091	True
469	1900	0.9090909090909091	False
469	2124	0.8181818181818182	True
469	3397	0.7272727272727273	False
469	1619	0.6363636363636364	True
469	3557	0.5454545454545454	False
469	2381	0.45454545454545453	True
469	3578	0.36363636363636365	False
469	358	0.2727272727272727	True
469	1669	0.18181818181818182	True
469	2918	0.09090909090909091	True
4320	1900	0.9090909090909091	False
4320	3397	0.8181818181818182	False
4320	889	0.7272727272727273	True
4320	2124	0.6363636363636364	True
4320	3557	0.5454545454545454	False
4320	3056	0.45454545454545453	False
4320	3578	0.36363636363636365	False
4320	2417	0.2727272727272727	False
4320	419	0.18181818181818182	True
4320	361	0.09090909090909091	True
1093	1900	0.9090909090909091	False
1093	3056	0.8181818181818182	False
1093	3557	0.7272727272727273	False
1093	3578	0.6363636363636364	False
1093	361	0.5454545454545454	True
1093	358	0.45454545454545453	True
1093	2626	0.36363636363636365	True
1093	2124	0.2727272727272727	True
1093	3397	0.18181818181818182	False
1093	136	0.09090909090909091	True
5556	1900	0.9090909090909091	False
5556	2417	0.8181818181818182	False
5556	3557	0.7272727272727273	False
5556	419	0.6363636363636364	True
5556	3578	0.5454545454545454	False
5556	358	0.45454545454545453	True
5556	3056	0.36363636363636365	False
5556	889	0.2727272727272727	True
5556	361	0.18181818181818182	True
5556	2381	0.09090909090909091	True
5959	1900	0.9090909090909091	False
5959	3578	0.8181818181818182	False
5959	3397	0.7272727272727273	False
5959	3557	0.6363636363636364	False
5959	2956	0.5454545454545454	True
5959	338	0.45454545454545453	True
5959	3056	0.36363636363636365	False
5959	2864	0.2727272727272727	True
5959	2381	0.18181818181818182	True
5959	2918	0.09090909090909091	True
1310	1900	0.9090909090909091	False
1310	3056	0.8181818181818182	False
1310	2626	0.7272727272727273	True
1310	3578	0.6363636363636364	False
1310	1858	0.5454545454545454	True
1310	3397	0.45454545454545453	False
1310	1620	0.36363636363636365	True
1310	1669	0.2727272727272727	True
1310	3557	0.18181818181818182	False
1310	338	0.09090909090909091	True
2525	1900	0.9090909090909091	False
2525	2417	0.8181818181818182	False
2525	889	0.7272727272727273	True
2525	3056	0.6363636363636364	False
2525	1068	0.5454545454545454	True
2525	136	0.45454545454545453	True
2525	3397	0.36363636363636365	False
2525	2617	0.2727272727272727	True
2525	3557	0.18181818181818182	False
2525	419	0.09090909090909091	True
1567	1900	0.9090909090909091	False
1567	3056	0.8181818181818182	False
1567	2956	0.7272727272727273	True
1567	2417	0.6363636363636364	False
1567	3578	0.5454545454545454	False
1567	419	0.45454545454545453	True
1567	867	0.36363636363636365	True
1567	2626	0.2727272727272727	True
1567	927	0.18181818181818182	True
1567	361	0.09090909090909091	True
2663	1900	0.9090909090909091	False
2663	1619	0.8181818181818182	True
2663	3557	0.7272727272727273	False
2663	321	0.6363636363636364	True
2663	2864	0.5454545454545454	True
2663	3397	0.45454545454545453	False
2663	2417	0.36363636363636365	False
2663	3135	0.2727272727272727	True
2663	358	0.18181818181818182	True
2663	338	0.09090909090909091	True
3497	1900	0.9090909090909091	False
3497	419	0.8181818181818182	True
3497	3557	0.7272727272727273	False
3497	136	0.6363636363636364	True
3497	338	0.5454545454545454	True
3497	1669	0.45454545454545453	True
3497	2956	0.36363636363636365	True
3497	2417	0.2727272727272727	False
3497	3578	0.18181818181818182	False
3497	3135	0.09090909090909091	True
4755	1900	0.9090909090909091	False
4755	1669	0.8181818181818182	True
4755	3056	0.7272727272727273	False
4755	2626	0.6363636363636364	True
4755	3557	0.5454545454545454	False
4755	2864	0.45454545454545453	True
4755	3578	0.36363636363636365	False
4755	3397	0.2727272727272727	False
4755	361	0.18181818181818182	True
4755	3008	0.09090909090909091	True
923	1900	0.9090909090909091	False
923	2417	0.8181818181818182	False
923	358	0.7272727272727273	True
923	1669	0.6363636363636364	True
923	3578	0.5454545454545454	False
923	2626	0.45454545454545453	True
923	3056	0.36363636363636365	False
923	1068	0.2727272727272727	True
923	3557	0.18181818181818182	False
923	3008	0.09090909090909091	True
4401	1900	0.9090909090909091	False
4401	3056	0.8181818181818182	False
4401	3397	0.7272727272727273	False
4401	867	0.6363636363636364	True
4401	1669	0.5454545454545454	True
4401	3557	0.45454545454545453	False
4401	419	0.36363636363636365	True
4401	3578	0.2727272727272727	False
4401	2864	0.18181818181818182	True
4401	2626	0.09090909090909091	True
87	1900	0.9090909090909091	False
87	3578	0.8181818181818182	False
87	3557	0.7272727272727273	False
87	338	0.6363636363636364	True
87	2417	0.5454545454545454	False
87	2956	0.45454545454545453	True
87	358	0.36363636363636365	True
87	419	0.2727272727272727	True
87	3397	0.18181818181818182	False
87	2626	0.09090909090909091	True
4800	2417	0.9090909090909091	False
4800	1900	0.8181818181818182	False
4800	1669	0.7272727272727273	True
4800	3557	0.6363636363636364	False
4800	3578	0.5454545454545454	False
4800	2956	0.45454545454545453	True
4800	3397	0.36363636363636365	False
4800	889	0.2727272727272727	True
4800	2626	0.18181818181818182	True
4800	2617	0.09090909090909091	True
534	1900	0.9090909090909091	False
534	3557	0.8181818181818182	False
534	2956	0.7272727272727273	True
534	419	0.6363636363636364	True
534	3056	0.5454545454545454	False
534	3397	0.45454545454545453	False
534	2417	0.36363636363636365	False
534	3578	0.2727272727272727	False
534	867	0.18181818181818182	True
534	3135	0.09090909090909091	True
1566	1900	0.9090909090909091	False
1566	2626	0.8181818181818182	True
1566	3397	0.7272727272727273	False
1566	889	0.6363636363636364	True
1566	2381	0.5454545454545454	True
1566	2956	0.45454545454545453	True
1566	3557	0.36363636363636365	False
1566	338	0.2727272727272727	True
1566	2864	0.18181818181818182	True
1566	1260	0.09090909090909091	True
4763	1900	0.9090909090909091	False
4763	2626	0.8181818181818182	True
4763	3056	0.7272727272727273	False
4763	889	0.6363636363636364	True
4763	361	0.5454545454545454	True
4763	927	0.45454545454545453	True
4763	419	0.36363636363636365	True
4763	3578	0.2727272727272727	False
4763	2417	0.18181818181818182	False
4763	3557	0.09090909090909091	False
1226	1900	0.9090909090909091	False
1226	3056	0.8181818181818182	False
1226	3578	0.7272727272727273	False
1226	2417	0.6363636363636364	False
1226	3397	0.5454545454545454	False
1226	2626	0.45454545454545453	True
1226	889	0.36363636363636365	True
1226	3557	0.2727272727272727	False
1226	1068	0.18181818181818182	True
1226	358	0.09090909090909091	True
3919	1900	0.9090909090909091	False
3919	2417	0.8181818181818182	False
3919	361	0.7272727272727273	True
3919	419	0.6363636363636364	True
3919	3056	0.5454545454545454	False
3919	1669	0.45454545454545453	True
3919	358	0.36363636363636365	True
3919	1619	0.2727272727272727	True
3919	3557	0.18181818181818182	False
3919	3135	0.09090909090909091	True
5169	1900	0.9090909090909091	False
5169	3135	0.8181818181818182	True
5169	1669	0.7272727272727273	True
5169	3056	0.6363636363636364	False
5169	3557	0.5454545454545454	False
5169	3397	0.45454545454545453	False
5169	1858	0.36363636363636365	True
5169	358	0.2727272727272727	True
5169	2864	0.18181818181818182	True
5169	338	0.09090909090909091	True
1077	1900	0.9090909090909091	False
1077	3056	0.8181818181818182	False
1077	2417	0.7272727272727273	False
1077	2956	0.6363636363636364	True
1077	3578	0.5454545454545454	False
1077	1669	0.45454545454545453	True
1077	3557	0.36363636363636365	False
1077	3135	0.2727272727272727	True
1077	2626	0.18181818181818182	True
1077	2864	0.09090909090909091	True
1795	1900	0.9090909090909091	False
1795	3397	0.8181818181818182	False
1795	1619	0.7272727272727273	True
1795	136	0.6363636363636364	True
1795	2626	0.5454545454545454	True
1795	361	0.45454545454545453	True
1795	2417	0.36363636363636365	False
1795	3056	0.2727272727272727	False
1795	3557	0.18181818181818182	False
1795	1669	0.09090909090909091	True
1322	1900	0.9090909090909091	False
1322	2417	0.8181818181818182	False
1322	136	0.7272727272727273	True
1322	3056	0.6363636363636364	False
1322	358	0.5454545454545454	True
1322	1669	0.45454545454545453	True
1322	1068	0.36363636363636365	True
1322	3578	0.2727272727272727	False
1322	2626	0.18181818181818182	True
1322	2918	0.09090909090909091	True
1545	1900	0.9090909090909091	False
1545	2417	0.8181818181818182	False
1545	1068	0.7272727272727273	True
1545	2956	0.6363636363636364	True
1545	3557	0.5454545454545454	False
1545	3578	0.45454545454545453	False
1545	2381	0.36363636363636365	True
1545	889	0.2727272727272727	True
1545	3397	0.18181818181818182	False
1545	419	0.09090909090909091	True
5290	1900	0.9090909090909091	False
5290	3578	0.8181818181818182	False
5290	3557	0.7272727272727273	False
5290	3056	0.6363636363636364	False
5290	136	0.5454545454545454	True
5290	2417	0.45454545454545453	False
5290	2617	0.36363636363636365	True
5290	2956	0.2727272727272727	True
5290	3397	0.18181818181818182	False
5290	2626	0.09090909090909091	True
2984	1900	0.9090909090909091	False
2984	419	0.8181818181818182	True
2984	3397	0.7272727272727273	False
2984	2417	0.6363636363636364	False
2984	1619	0.5454545454545454	True
2984	3557	0.45454545454545453	False
2984	361	0.36363636363636365	True
2984	358	0.2727272727272727	True
2984	2864	0.18181818181818182	True
2984	2124	0.09090909090909091	True
117	1900	0.9090909090909091	False
117	136	0.8181818181818182	True
117	2417	0.7272727272727273	False
117	1669	0.6363636363636364	True
117	1619	0.5454545454545454	True
117	3008	0.45454545454545453	True
117	1620	0.36363636363636365	True
117	1260	0.2727272727272727	True
117	3397	0.18181818181818182	False
117	2918	0.09090909090909091	True
4455	1900	0.9090909090909091	False
4455	3397	0.8181818181818182	False
4455	2124	0.7272727272727273	True
4455	2417	0.6363636363636364	False
4455	2956	0.5454545454545454	True
4455	2617	0.45454545454545453	True
4455	1068	0.36363636363636365	True
4455	3578	0.2727272727272727	False
4455	3557	0.18181818181818182	False
4455	1620	0.09090909090909091	True
3269	1900	0.9090909090909091	False
3269	2381	0.8181818181818182	True
3269	3557	0.7272727272727273	False
3269	3578	0.6363636363636364	False
3269	136	0.5454545454545454	True
3269	2918	0.45454545454545453	True
3269	2626	0.36363636363636365	True
3269	2417	0.2727272727272727	False
3269	358	0.18181818181818182	True
3269	3397	0.09090909090909091	False
5882	1900	0.9090909090909091	False
5882	419	0.8181818181818182	True
5882	3557	0.7272727272727273	False
5882	3056	0.6363636363636364	False
5882	3397	0.5454545454545454	False
5882	2124	0.45454545454545453	True
5882	358	0.36363636363636365	True
5882	2956	0.2727272727272727	True
5882	889	0.18181818181818182	True
5882	3578	0.09090909090909091	False
2815	1900	0.9090909090909091	False
2815	2417	0.8181818181818182	False
2815	358	0.7272727272727273	True
2815	3557	0.6363636363636364	False
2815	1669	0.5454545454545454	True
2815	3056	0.45454545454545453	False
2815	1858	0.36363636363636365	True
2815	338	0.2727272727272727	True
2815	3578	0.18181818181818182	False
2815	2626	0.09090909090909091	True
3910	1900	0.9090909090909091	False
3910	2626	0.8181818181818182	True
3910	3062	0.7272727272727273	True
3910	2124	0.6363636363636364	True
3910	3397	0.5454545454545454	False
3910	2864	0.45454545454545453	True
3910	3056	0.36363636363636365	False
3910	3557	0.2727272727272727	False
3910	361	0.18181818181818182	True
3910	1669	0.09090909090909091	True
5030	1900	0.9090909090909091	False
5030	2417	0.8181818181818182	False
5030	2626	0.7272727272727273	True
5030	889	0.6363636363636364	True
5030	1620	0.5454545454545454	True
5030	3056	0.45454545454545453	False
5030	3578	0.36363636363636365	False
5030	358	0.2727272727272727	True
5030	2617	0.18181818181818182	True
5030	278	0.09090909090909091	True
2996	1900	0.9090909090909091	False
2996	419	0.8181818181818182	True
2996	3056	0.7272727272727273	False
2996	361	0.6363636363636364	True
2996	3578	0.5454545454545454	False
2996	3557	0.45454545454545453	False
2996	3397	0.36363636363636365	False
2996	2626	0.2727272727272727	True
2996	927	0.18181818181818182	True
2996	2864	0.09090909090909091	True
3445	1900	0.9090909090909091	False
3445	1669	0.8181818181818182	True
3445	3056	0.7272727272727273	False
3445	2626	0.6363636363636364	True
3445	3397	0.5454545454545454	False
3445	3557	0.45454545454545453	False
3445	3578	0.36363636363636365	False
3445	412	0.2727272727272727	True
3445	136	0.18181818181818182	True
3445	889	0.09090909090909091	True
5913	1900	0.9090909090909091	False
5913	2417	0.8181818181818182	False
5913	1669	0.7272727272727273	True
5913	136	0.6363636363636364	True
5913	2626	0.5454545454545454	True
5913	3008	0.45454545454545453	True
5913	3578	0.36363636363636365	False
5913	3397	0.2727272727272727	False
5913	3056	0.18181818181818182	False
5913	3557	0.09090909090909091	False
2539	1900	0.9090909090909091	False
2539	361	0.8181818181818182	True
2539	3397	0.7272727272727273	False
2539	3578	0.6363636363636364	False
2539	3056	0.5454545454545454	False
2539	3557	0.45454545454545453	False
2539	419	0.36363636363636365	True
2539	2124	0.2727272727272727	True
2539	1619	0.18181818181818182	True
2539	1669	0.09090909090909091	True
733	1900	0.9090909090909091	False
733	3557	0.8181818181818182	False
733	2417	0.7272727272727273	False
733	2617	0.6363636363636364	True
733	3397	0.5454545454545454	False
733	419	0.45454545454545453	True
733	361	0.36363636363636365	True
733	889	0.2727272727272727	True
733	927	0.18181818181818182	True
733	2124	0.09090909090909091	True
5803	1900	0.9090909090909091	False
5803	1619	0.8181818181818182	True
5803	3397	0.7272727272727273	False
5803	2124	0.6363636363636364	True
5803	889	0.5454545454545454	True
5803	3557	0.45454545454545453	False
5803	2057	0.36363636363636365	True
5803	2417	0.2727272727272727	False
5803	419	0.18181818181818182	True
5803	2585	0.09090909090909091	True
3945	1900	0.9090909090909091	False
3945	3578	0.8181818181818182	False
3945	3397	0.7272727272727273	False
3945	2626	0.6363636363636364	True
3945	3056	0.5454545454545454	False
3945	2124	0.45454545454545453	True
3945	1669	0.36363636363636365	True
3945	412	0.2727272727272727	True
3945	1068	0.18181818181818182	True
3945	361	0.09090909090909091	True
2654	1900	0.9090909090909091	False
2654	3557	0.8181818181818182	False
2654	2417	0.7272727272727273	False
2654	3578	0.6363636363636364	False
2654	1669	0.5454545454545454	True
2654	358	0.45454545454545453	True
2654	889	0.36363636363636365	True
2654	3056	0.2727272727272727	False
2654	3397	0.18181818181818182	False
2654	412	0.09090909090909091	True
3953	1900	0.9090909090909091	False
3953	2417	0.8181818181818182	False
3953	3397	0.7272727272727273	False
3953	889	0.6363636363636364	True
3953	136	0.5454545454545454	True
3953	3578	0.45454545454545453	False
3953	1620	0.36363636363636365	True
3953	2617	0.2727272727272727	True
3953	278	0.18181818181818182	True
3953	361	0.09090909090909091	True
523	1900	0.9090909090909091	False
523	1858	0.8181818181818182	True
523	3056	0.7272727272727273	False
523	358	0.6363636363636364	True
523	3062	0.5454545454545454	True
523	2417	0.45454545454545453	False
523	1669	0.36363636363636365	True
523	2626	0.2727272727272727	True
523	3557	0.18181818181818182	False
523	338	0.09090909090909091	True
5518	1900	0.9090909090909091	False
5518	3397	0.8181818181818182	False
5518	2417	0.7272727272727273	False
5518	3578	0.6363636363636364	False
5518	3557	0.5454545454545454	False
5518	2617	0.45454545454545453	True
5518	889	0.36363636363636365	True
5518	3056	0.2727272727272727	False
5518	361	0.18181818181818182	True
5518	2124	0.09090909090909091	True
5374	1900	0.9090909090909091	False
5374	2956	0.8181818181818182	True
5374	1619	0.7272727272727273	True
5374	2417	0.6363636363636364	False
5374	1669	0.5454545454545454	True
5374	2381	0.45454545454545453	True
5374	889	0.36363636363636365	True
5374	2626	0.2727272727272727	True
5374	3578	0.18181818181818182	False
5374	3557	0.09090909090909091	False
5289	1900	0.9090909090909091	False
5289	3397	0.8181818181818182	False
5289	2417	0.7272727272727273	False
5289	2124	0.6363636363636364	True
5289	3578	0.5454545454545454	False
5289	1669	0.45454545454545453	True
5289	3056	0.36363636363636365	False
5289	3557	0.2727272727272727	False
5289	889	0.18181818181818182	True
5289	1068	0.09090909090909091	True
510	1900	0.9090909090909091	False
510	361	0.8181818181818182	True
510	1669	0.7272727272727273	True
510	3056	0.6363636363636364	False
510	3578	0.5454545454545454	False
510	3557	0.45454545454545453	False
510	3135	0.36363636363636365	True
510	2417	0.2727272727272727	False
510	2626	0.18181818181818182	True
510	2617	0.09090909090909091	True
4933	1900	0.9090909090909091	False
4933	2626	0.8181818181818182	True
4933	3397	0.7272727272727273	False
4933	3056	0.6363636363636364	False
4933	3557	0.5454545454545454	False
4933	2124	0.45454545454545453	True
4933	2417	0.36363636363636365	False
4933	889	0.2727272727272727	True
4933	361	0.18181818181818182	True
4933	358	0.09090909090909091	True
5883	1900	0.9090909090909091	False
5883	3557	0.8181818181818182	False
5883	358	0.7272727272727273	True
5883	2417	0.6363636363636364	False
5883	3397	0.5454545454545454	False
5883	1669	0.45454545454545453	True
5883	2124	0.36363636363636365	True
5883	3578	0.2727272727272727	False
5883	419	0.18181818181818182	True
5883	2626	0.09090909090909091	True
2343	1900	0.9090909090909091	False
2343	1068	0.8181818181818182	True
2343	3578	0.7272727272727273	False
2343	3397	0.6363636363636364	False
2343	1260	0.5454545454545454	True
2343	2381	0.45454545454545453	True
2343	338	0.36363636363636365	True
2343	2956	0.2727272727272727	True
2343	136	0.18181818181818182	True
2343	2417	0.09090909090909091	False
210	1900	0.9090909090909091	False
210	2417	0.8181818181818182	False
210	338	0.7272727272727273	True
210	3397	0.6363636363636364	False
210	419	0.5454545454545454	True
210	2956	0.45454545454545453	True
210	2124	0.36363636363636365	True
210	3557	0.2727272727272727	False
210	412	0.18181818181818182	True
210	1669	0.09090909090909091	True
4126	1900	0.9090909090909091	False
4126	2124	0.8181818181818182	True
4126	3397	0.7272727272727273	False
4126	2381	0.6363636363636364	True
4126	3056	0.5454545454545454	False
4126	2626	0.45454545454545453	True
4126	2956	0.36363636363636365	True
4126	2918	0.2727272727272727	True
4126	321	0.18181818181818182	True
4126	3062	0.09090909090909091	True
865	1900	0.9090909090909091	False
865	3056	0.8181818181818182	False
865	3578	0.7272727272727273	False
865	3557	0.6363636363636364	False
865	1669	0.5454545454545454	True
865	3397	0.45454545454545453	False
865	136	0.36363636363636365	True
865	419	0.2727272727272727	True
865	361	0.18181818181818182	True
865	358	0.09090909090909091	True
331	1900	0.9090909090909091	False
331	3056	0.8181818181818182	False
331	3578	0.7272727272727273	False
331	3557	0.6363636363636364	False
331	136	0.5454545454545454	True
331	2417	0.45454545454545453	False
331	2626	0.36363636363636365	True
331	1669	0.2727272727272727	True
331	2918	0.18181818181818182	True
331	419	0.09090909090909091	True
5764	1900	0.9090909090909091	False
5764	3578	0.8181818181818182	False
5764	2381	0.7272727272727273	True
5764	2124	0.6363636363636364	True
5764	358	0.5454545454545454	True
5764	3557	0.45454545454545453	False
5764	2918	0.36363636363636365	True
5764	2626	0.2727272727272727	True
5764	2417	0.18181818181818182	False
5764	889	0.09090909090909091	True
5987	1900	0.9090909090909091	False
5987	419	0.8181818181818182	True
5987	2417	0.7272727272727273	False
5987	3578	0.6363636363636364	False
5987	927	0.5454545454545454	True
5987	3557	0.45454545454545453	False
5987	867	0.36363636363636365	True
5987	3397	0.2727272727272727	False
5987	3056	0.18181818181818182	False
5987	2626	0.09090909090909091	True
1248	1900	0.9090909090909091	False
1248	2417	0.8181818181818182	False
1248	3397	0.7272727272727273	False
1248	1669	0.6363636363636364	True
1248	136	0.5454545454545454	True
1248	3578	0.45454545454545453	False
1248	1068	0.36363636363636365	True
1248	358	0.2727272727272727	True
1248	419	0.18181818181818182	True
1248	889	0.09090909090909091	True
2300	1900	0.9090909090909091	False
2300	358	0.8181818181818182	True
2300	3056	0.7272727272727273	False
2300	3557	0.6363636363636364	False
2300	1669	0.5454545454545454	True
2300	3135	0.45454545454545453	True
2300	889	0.36363636363636365	True
2300	2626	0.2727272727272727	True
2300	419	0.18181818181818182	True
2300	2381	0.09090909090909091	True
5654	1900	0.9090909090909091	False
5654	3397	0.8181818181818182	False
5654	1619	0.7272727272727273	True
5654	3557	0.6363636363636364	False
5654	2864	0.5454545454545454	True
5654	2381	0.45454545454545453	True
5654	3062	0.36363636363636365	True
5654	2617	0.2727272727272727	True
5654	2417	0.18181818181818182	False
5654	1620	0.09090909090909091	True
5357	2417	0.9090909090909091	False
5357	1900	0.8181818181818182	False
5357	1669	0.7272727272727273	True
5357	3578	0.6363636363636364	False
5357	889	0.5454545454545454	True
5357	3397	0.45454545454545453	False
5357	3056	0.36363636363636365	False
5357	419	0.2727272727272727	True
5357	136	0.18181818181818182	True
5357	2956	0.09090909090909091	True
80	1900	0.9090909090909091	False
80	2626	0.8181818181818182	True
80	2417	0.7272727272727273	False
80	2956	0.6363636363636364	True
80	3056	0.5454545454545454	False
80	321	0.45454545454545453	True
80	3557	0.36363636363636365	False
80	3578	0.2727272727272727	False
80	361	0.18181818181818182	True
80	419	0.09090909090909091	True
2907	1900	0.9090909090909091	False
2907	2417	0.8181818181818182	False
2907	3557	0.7272727272727273	False
2907	1619	0.6363636363636364	True
2907	889	0.5454545454545454	True
2907	3578	0.45454545454545453	False
2907	2617	0.36363636363636365	True
2907	1260	0.2727272727272727	True
2907	136	0.18181818181818182	True
2907	1669	0.09090909090909091	True
1287	1900	0.9090909090909091	False
1287	3557	0.8181818181818182	False
1287	358	0.7272727272727273	True
1287	2381	0.6363636363636364	True
1287	3578	0.5454545454545454	False
1287	2918	0.45454545454545453	True
1287	2124	0.36363636363636365	True
1287	2057	0.2727272727272727	True
1287	3056	0.18181818181818182	False
1287	2417	0.09090909090909091	False
1224	1900	0.9090909090909091	False
1224	2626	0.8181818181818182	True
1224	2417	0.7272727272727273	False
1224	3557	0.6363636363636364	False
1224	358	0.5454545454545454	True
1224	3062	0.45454545454545453	True
1224	3056	0.36363636363636365	False
1224	889	0.2727272727272727	True
1224	361	0.18181818181818182	True
1224	3578	0.09090909090909091	False
3616	1900	0.9090909090909091	False
3616	3397	0.8181818181818182	False
3616	889	0.7272727272727273	True
3616	2417	0.6363636363636364	False
3616	2626	0.5454545454545454	True
3616	2124	0.45454545454545453	True
3616	3056	0.36363636363636365	False
3616	1619	0.2727272727272727	True
3616	1669	0.18181818181818182	True
3616	412	0.09090909090909091	True
2940	1900	0.9090909090909091	False
2940	3056	0.8181818181818182	False
2940	3557	0.7272727272727273	False
2940	1669	0.6363636363636364	True
2940	358	0.5454545454545454	True
2940	1858	0.45454545454545453	True
2940	338	0.36363636363636365	True
2940	3397	0.2727272727272727	False
2940	3008	0.18181818181818182	True
2940	3135	0.09090909090909091	True
4990	1900	0.9090909090909091	False
4990	3557	0.8181818181818182	False
4990	361	0.7272727272727273	True
4990	3578	0.6363636363636364	False
4990	2417	0.5454545454545454	False
4990	419	0.45454545454545453	True
4990	2956	0.36363636363636365	True
4990	3056	0.2727272727272727	False
4990	358	0.18181818181818182	True
4990	1669	0.09090909090909091	True
1339	1900	0.9090909090909091	False
1339	2417	0.8181818181818182	False
1339	3557	0.7272727272727273	False
1339	419	0.6363636363636364	True
1339	1669	0.5454545454545454	True
1339	3135	0.45454545454545453	True
1339	2956	0.36363636363636365	True
1339	889	0.2727272727272727	True
1339	3056	0.18181818181818182	False
1339	3578	0.09090909090909091	False
1311	1900	0.9090909090909091	False
1311	2417	0.8181818181818182	False
1311	2626	0.7272727272727273	True
1311	3557	0.6363636363636364	False
1311	136	0.5454545454545454	True
1311	1669	0.45454545454545453	True
1311	3578	0.36363636363636365	False
1311	3397	0.2727272727272727	False
1311	2381	0.18181818181818182	True
1311	358	0.09090909090909091	True
268	1900	0.9090909090909091	False
268	2626	0.8181818181818182	True
268	3056	0.7272727272727273	False
268	2417	0.6363636363636364	False
268	1620	0.5454545454545454	True
268	361	0.45454545454545453	True
268	3557	0.36363636363636365	False
268	2864	0.2727272727272727	True
268	3397	0.18181818181818182	False
268	2617	0.09090909090909091	True
5955	1900	0.9090909090909091	False
5955	3056	0.8181818181818182	False
5955	358	0.7272727272727273	True
5955	3557	0.6363636363636364	False
5955	1858	0.5454545454545454	True
5955	2626	0.45454545454545453	True
5955	1669	0.36363636363636365	True
5955	419	0.2727272727272727	True
5955	3135	0.18181818181818182	True
5955	2417	0.09090909090909091	False
458	1900	0.9090909090909091	False
458	3397	0.8181818181818182	False
458	889	0.7272727272727273	True
458	2417	0.6363636363636364	False
458	2124	0.5454545454545454	True
458	3578	0.45454545454545453	False
458	3557	0.36363636363636365	False
458	2617	0.2727272727272727	True
458	3056	0.18181818181818182	False
458	2626	0.09090909090909091	True
4584	1900	0.9090909090909091	False
4584	2417	0.8181818181818182	False
4584	136	0.7272727272727273	True
4584	3557	0.6363636363636364	False
4584	889	0.5454545454545454	True
4584	2617	0.45454545454545453	True
4584	358	0.36363636363636365	True
4584	3578	0.2727272727272727	False
4584	2918	0.18181818181818182	True
4584	1619	0.09090909090909091	True
2199	1900	0.9090909090909091	False
2199	2956	0.8181818181818182	True
2199	3056	0.7272727272727273	False
2199	3557	0.6363636363636364	False
2199	1669	0.5454545454545454	True
2199	3397	0.45454545454545453	False
2199	2417	0.36363636363636365	False
2199	2124	0.2727272727272727	True
2199	2626	0.18181818181818182	True
2199	361	0.09090909090909091	True
