1954	759	0.9090909090909091	False
1954	2929	0.8181818181818182	True
1954	362	0.7272727272727273	False
1954	121	0.6363636363636364	False
1954	2263	0.5454545454545454	True
1954	2704	0.45454545454545453	True
1954	356	0.36363636363636365	True
1954	902	0.2727272727272727	True
1954	2826	0.18181818181818182	True
1954	2778	0.09090909090909091	True
3258	759	0.9090909090909091	False
3258	121	0.8181818181818182	False
3258	3781	0.7272727272727273	True
3258	362	0.6363636363636364	False
3258	3271	0.5454545454545454	False
3258	2778	0.45454545454545453	True
3258	244	0.36363636363636365	False
3258	902	0.2727272727272727	True
3258	2929	0.18181818181818182	True
3258	2692	0.09090909090909091	True
2007	759	0.9090909090909091	False
2007	121	0.8181818181818182	False
2007	2929	0.7272727272727273	True
2007	3781	0.6363636363636364	True
2007	362	0.5454545454545454	False
2007	244	0.45454545454545453	False
2007	3271	0.36363636363636365	False
2007	3161	0.2727272727272727	True
2007	902	0.18181818181818182	True
2007	2778	0.09090909090909091	True
921	759	0.9090909090909091	False
921	121	0.8181818181818182	False
921	3781	0.7272727272727273	True
921	2778	0.6363636363636364	True
921	2263	0.5454545454545454	True
921	902	0.45454545454545453	True
921	362	0.36363636363636365	False
921	3271	0.2727272727272727	False
921	998	0.18181818181818182	True
921	2929	0.09090909090909091	True
5037	759	0.9090909090909091	False
5037	121	0.8181818181818182	False
5037	362	0.7272727272727273	False
5037	2929	0.6363636363636364	True
5037	3781	0.5454545454545454	True
5037	2778	0.45454545454545453	True
5037	244	0.36363636363636365	False
5037	2526	0.2727272727272727	True
5037	3271	0.18181818181818182	False
5037	356	0.09090909090909091	True
2317	759	0.9090909090909091	False
2317	121	0.8181818181818182	False
2317	902	0.7272727272727273	True
2317	3271	0.6363636363636364	False
2317	362	0.5454545454545454	False
2317	244	0.45454545454545453	False
2317	2692	0.36363636363636365	True
2317	2929	0.2727272727272727	True
2317	998	0.18181818181818182	True
2317	3161	0.09090909090909091	True
3629	759	0.9090909090909091	False
3629	121	0.8181818181818182	False
3629	3781	0.7272727272727273	True
3629	244	0.6363636363636364	False
3629	3271	0.5454545454545454	False
3629	362	0.45454545454545453	False
3629	2778	0.36363636363636365	True
3629	2929	0.2727272727272727	True
3629	356	0.18181818181818182	True
3629	3161	0.09090909090909091	True
5494	759	0.9090909090909091	False
5494	3271	0.8181818181818182	False
5494	244	0.7272727272727273	False
5494	362	0.6363636363636364	False
5494	121	0.5454545454545454	False
5494	2263	0.45454545454545453	True
5494	2526	0.36363636363636365	True
5494	902	0.2727272727272727	True
5494	3161	0.18181818181818182	True
5494	2826	0.09090909090909091	True
4661	759	0.9090909090909091	False
4661	121	0.8181818181818182	False
4661	902	0.7272727272727273	True
4661	244	0.6363636363636364	False
4661	3271	0.5454545454545454	False
4661	3781	0.45454545454545453	True
4661	362	0.36363636363636365	False
4661	2929	0.2727272727272727	True
4661	3691	0.18181818181818182	True
4661	2778	0.09090909090909091	True
3758	759	0.9090909090909091	False
3758	121	0.8181818181818182	False
3758	3271	0.7272727272727273	False
3758	902	0.6363636363636364	True
3758	362	0.5454545454545454	False
3758	3781	0.45454545454545453	True
3758	998	0.36363636363636365	True
3758	2929	0.2727272727272727	True
3758	2526	0.18181818181818182	True
3758	2263	0.09090909090909091	True
2708	759	0.9090909090909091	False
2708	121	0.8181818181818182	False
2708	3271	0.7272727272727273	False
2708	998	0.6363636363636364	True
2708	2263	0.5454545454545454	True
2708	362	0.45454545454545453	False
2708	3781	0.36363636363636365	True
2708	1039	0.2727272727272727	True
2708	3161	0.18181818181818182	True
2708	356	0.09090909090909091	True
5976	759	0.9090909090909091	False
5976	3271	0.8181818181818182	False
5976	121	0.7272727272727273	False
5976	244	0.6363636363636364	False
5976	2929	0.5454545454545454	True
5976	3781	0.45454545454545453	True
5976	2526	0.36363636363636365	True
5976	2263	0.2727272727272727	True
5976	362	0.18181818181818182	False
5976	1039	0.09090909090909091	True
1181	759	0.9090909090909091	False
1181	121	0.8181818181818182	False
1181	3271	0.7272727272727273	False
1181	2263	0.6363636363636364	True
1181	2526	0.5454545454545454	True
1181	244	0.45454545454545453	False
1181	902	0.36363636363636365	True
1181	3781	0.2727272727272727	True
1181	2929	0.18181818181818182	True
1181	362	0.09090909090909091	False
3382	759	0.9090909090909091	False
3382	121	0.8181818181818182	False
3382	902	0.7272727272727273	True
3382	3271	0.6363636363636364	False
3382	362	0.5454545454545454	False
3382	244	0.45454545454545453	False
3382	3691	0.36363636363636365	True
3382	3161	0.2727272727272727	True
3382	2692	0.18181818181818182	True
3382	356	0.09090909090909091	True
504	759	0.9090909090909091	False
504	2929	0.8181818181818182	True
504	3781	0.7272727272727273	True
504	244	0.6363636363636364	False
504	121	0.5454545454545454	False
504	362	0.45454545454545453	False
504	2778	0.36363636363636365	True
504	2826	0.2727272727272727	True
504	356	0.18181818181818182	True
504	2263	0.09090909090909091	True
2108	759	0.9090909090909091	False
2108	121	0.8181818181818182	False
2108	362	0.7272727272727273	False
2108	3271	0.6363636363636364	False
2108	2263	0.5454545454545454	True
2108	244	0.45454545454545453	False
2108	3691	0.36363636363636365	True
2108	902	0.2727272727272727	True
2108	998	0.18181818181818182	True
2108	2526	0.09090909090909091	True
4714	759	0.9090909090909091	False
4714	3271	0.8181818181818182	False
4714	362	0.7272727272727273	False
4714	2526	0.6363636363636364	True
4714	2929	0.5454545454545454	True
4714	356	0.45454545454545453	True
4714	902	0.36363636363636365	True
4714	2263	0.2727272727272727	True
4714	244	0.18181818181818182	False
4714	3781	0.09090909090909091	True
6036	759	0.9090909090909091	False
6036	121	0.8181818181818182	False
6036	3271	0.7272727272727273	False
6036	2526	0.6363636363636364	True
6036	2929	0.5454545454545454	True
6036	3781	0.45454545454545453	True
6036	362	0.36363636363636365	False
6036	244	0.2727272727272727	False
6036	2778	0.18181818181818182	True
6036	356	0.09090909090909091	True
2355	759	0.9090909090909091	False
2355	902	0.8181818181818182	True
2355	121	0.7272727272727273	False
2355	244	0.6363636363636364	False
2355	3271	0.5454545454545454	False
2355	3781	0.45454545454545453	True
2355	362	0.36363636363636365	False
2355	2826	0.2727272727272727	True
2355	356	0.18181818181818182	True
2355	2692	0.09090909090909091	True
3664	759	0.9090909090909091	False
3664	121	0.8181818181818182	False
3664	362	0.7272727272727273	False
3664	3271	0.6363636363636364	False
3664	3781	0.5454545454545454	True
3664	244	0.45454545454545453	False
3664	2263	0.36363636363636365	True
3664	2778	0.2727272727272727	True
3664	2929	0.18181818181818182	True
3664	902	0.09090909090909091	True
3031	759	0.9090909090909091	False
3031	244	0.8181818181818182	False
3031	3271	0.7272727272727273	False
3031	3781	0.6363636363636364	True
3031	121	0.5454545454545454	False
3031	2929	0.45454545454545453	True
3031	362	0.36363636363636365	False
3031	3161	0.2727272727272727	True
3031	2263	0.18181818181818182	True
3031	2778	0.09090909090909091	True
929	759	0.9090909090909091	False
929	2692	0.8181818181818182	True
929	902	0.7272727272727273	True
929	3271	0.6363636363636364	False
929	244	0.5454545454545454	False
929	362	0.45454545454545453	False
929	121	0.36363636363636365	False
929	2526	0.2727272727272727	True
929	2929	0.18181818181818182	True
929	2826	0.09090909090909091	True
1270	759	0.9090909090909091	False
1270	121	0.8181818181818182	False
1270	3271	0.7272727272727273	False
1270	3691	0.6363636363636364	True
1270	902	0.5454545454545454	True
1270	2526	0.45454545454545453	True
1270	244	0.36363636363636365	False
1270	2263	0.2727272727272727	True
1270	3161	0.18181818181818182	True
1270	356	0.09090909090909091	True
3137	759	0.9090909090909091	False
3137	244	0.8181818181818182	False
3137	3271	0.7272727272727273	False
3137	2778	0.6363636363636364	True
3137	362	0.5454545454545454	False
3137	480	0.45454545454545453	True
3137	121	0.36363636363636365	False
3137	3161	0.2727272727272727	True
3137	902	0.18181818181818182	True
3137	3017	0.09090909090909091	True
5168	759	0.9090909090909091	False
5168	121	0.8181818181818182	False
5168	902	0.7272727272727273	True
5168	3271	0.6363636363636364	False
5168	3781	0.5454545454545454	True
5168	362	0.45454545454545453	False
5168	244	0.36363636363636365	False
5168	2929	0.2727272727272727	True
5168	2778	0.18181818181818182	True
5168	998	0.09090909090909091	True
4492	759	0.9090909090909091	False
4492	121	0.8181818181818182	False
4492	362	0.7272727272727273	False
4492	3781	0.6363636363636364	True
4492	2263	0.5454545454545454	True
4492	244	0.45454545454545453	False
4492	2826	0.36363636363636365	True
4492	2778	0.2727272727272727	True
4492	902	0.18181818181818182	True
4492	2929	0.09090909090909091	True
928	759	0.9090909090909091	False
928	121	0.8181818181818182	False
928	3271	0.7272727272727273	False
928	2692	0.6363636363636364	True
928	902	0.5454545454545454	True
928	3781	0.45454545454545453	True
928	362	0.36363636363636365	False
928	2263	0.2727272727272727	True
928	2826	0.18181818181818182	True
928	3691	0.09090909090909091	True
1401	759	0.9090909090909091	False
1401	121	0.8181818181818182	False
1401	902	0.7272727272727273	True
1401	362	0.6363636363636364	False
1401	2929	0.5454545454545454	True
1401	2778	0.45454545454545453	True
1401	3271	0.36363636363636365	False
1401	2692	0.2727272727272727	True
1401	3781	0.18181818181818182	True
1401	244	0.09090909090909091	False
1812	759	0.9090909090909091	False
1812	121	0.8181818181818182	False
1812	902	0.7272727272727273	True
1812	2929	0.6363636363636364	True
1812	2692	0.5454545454545454	True
1812	3271	0.45454545454545453	False
1812	2526	0.36363636363636365	True
1812	362	0.2727272727272727	False
1812	3161	0.18181818181818182	True
1812	356	0.09090909090909091	True
4984	759	0.9090909090909091	False
4984	121	0.8181818181818182	False
4984	2263	0.7272727272727273	True
4984	902	0.6363636363636364	True
4984	362	0.5454545454545454	False
4984	3781	0.45454545454545453	True
4984	3271	0.36363636363636365	False
4984	2929	0.2727272727272727	True
4984	244	0.18181818181818182	False
4984	2692	0.09090909090909091	True
3966	759	0.9090909090909091	False
3966	3271	0.8181818181818182	False
3966	121	0.7272727272727273	False
3966	2526	0.6363636363636364	True
3966	3781	0.5454545454545454	True
3966	362	0.45454545454545453	False
3966	902	0.36363636363636365	True
3966	244	0.2727272727272727	False
3966	2778	0.18181818181818182	True
3966	2929	0.09090909090909091	True
2066	759	0.9090909090909091	False
2066	3271	0.8181818181818182	False
2066	2929	0.7272727272727273	True
2066	2526	0.6363636363636364	True
2066	244	0.5454545454545454	False
2066	3781	0.45454545454545453	True
2066	362	0.36363636363636365	False
2066	2826	0.2727272727272727	True
2066	121	0.18181818181818182	False
2066	356	0.09090909090909091	True
4957	759	0.9090909090909091	False
4957	3271	0.8181818181818182	False
4957	362	0.7272727272727273	False
4957	121	0.6363636363636364	False
4957	902	0.5454545454545454	True
4957	244	0.45454545454545453	False
4957	2526	0.36363636363636365	True
4957	2929	0.2727272727272727	True
4957	3691	0.18181818181818182	True
4957	2263	0.09090909090909091	True
2000	759	0.9090909090909091	False
2000	3271	0.8181818181818182	False
2000	244	0.7272727272727273	False
2000	2929	0.6363636363636364	True
2000	3781	0.5454545454545454	True
2000	902	0.45454545454545453	True
2000	2526	0.36363636363636365	True
2000	121	0.2727272727272727	False
2000	2692	0.18181818181818182	True
2000	3161	0.09090909090909091	True
442	759	0.9090909090909091	False
442	121	0.8181818181818182	False
442	3271	0.7272727272727273	False
442	2526	0.6363636363636364	True
442	902	0.5454545454545454	True
442	3781	0.45454545454545453	True
442	2929	0.36363636363636365	True
442	356	0.2727272727272727	True
442	3691	0.18181818181818182	True
442	362	0.09090909090909091	False
670	759	0.9090909090909091	False
670	121	0.8181818181818182	False
670	2929	0.7272727272727273	True
670	3271	0.6363636363636364	False
670	3781	0.5454545454545454	True
670	362	0.45454545454545453	False
670	244	0.36363636363636365	False
670	902	0.2727272727272727	True
670	2526	0.18181818181818182	True
670	2692	0.09090909090909091	True
5858	759	0.9090909090909091	False
5858	2526	0.8181818181818182	True
5858	3271	0.7272727272727273	False
5858	121	0.6363636363636364	False
5858	244	0.5454545454545454	False
5858	3691	0.45454545454545453	True
5858	362	0.36363636363636365	False
5858	902	0.2727272727272727	True
5858	998	0.18181818181818182	True
5858	3161	0.09090909090909091	True
2927	759	0.9090909090909091	False
2927	121	0.8181818181818182	False
2927	2263	0.7272727272727273	True
2927	3271	0.6363636363636364	False
2927	362	0.5454545454545454	False
2927	244	0.45454545454545453	False
2927	3691	0.36363636363636365	True
2927	2526	0.2727272727272727	True
2927	998	0.18181818181818182	True
2927	902	0.09090909090909091	True
4784	759	0.9090909090909091	False
4784	362	0.8181818181818182	False
4784	3781	0.7272727272727273	True
4784	2929	0.6363636363636364	True
4784	2778	0.5454545454545454	True
4784	2826	0.45454545454545453	True
4784	121	0.36363636363636365	False
4784	244	0.2727272727272727	False
4784	3271	0.18181818181818182	False
4784	2526	0.09090909090909091	True
5745	759	0.9090909090909091	False
5745	3271	0.8181818181818182	False
5745	121	0.7272727272727273	False
5745	902	0.6363636363636364	True
5745	244	0.5454545454545454	False
5745	2692	0.45454545454545453	True
5745	3161	0.36363636363636365	True
5745	2929	0.2727272727272727	True
5745	3781	0.18181818181818182	True
5745	2826	0.09090909090909091	True
2208	759	0.9090909090909091	False
2208	3271	0.8181818181818182	False
2208	3781	0.7272727272727273	True
2208	121	0.6363636363636364	False
2208	2526	0.5454545454545454	True
2208	2778	0.45454545454545453	True
2208	362	0.36363636363636365	False
2208	244	0.2727272727272727	False
2208	3161	0.18181818181818182	True
2208	2929	0.09090909090909091	True
4873	759	0.9090909090909091	False
4873	2929	0.8181818181818182	True
4873	2526	0.7272727272727273	True
4873	121	0.6363636363636364	False
4873	362	0.5454545454545454	False
4873	244	0.45454545454545453	False
4873	3271	0.36363636363636365	False
4873	2826	0.2727272727272727	True
4873	356	0.18181818181818182	True
4873	2692	0.09090909090909091	True
5016	759	0.9090909090909091	False
5016	3781	0.8181818181818182	True
5016	2778	0.7272727272727273	True
5016	362	0.6363636363636364	False
5016	121	0.5454545454545454	False
5016	2263	0.45454545454545453	True
5016	2929	0.36363636363636365	True
5016	3271	0.2727272727272727	False
5016	244	0.18181818181818182	False
5016	2826	0.09090909090909091	True
5394	759	0.9090909090909091	False
5394	902	0.8181818181818182	True
5394	121	0.7272727272727273	False
5394	3271	0.6363636363636364	False
5394	362	0.5454545454545454	False
5394	3781	0.45454545454545453	True
5394	2778	0.36363636363636365	True
5394	356	0.2727272727272727	True
5394	2263	0.18181818181818182	True
5394	2929	0.09090909090909091	True
5098	759	0.9090909090909091	False
5098	3271	0.8181818181818182	False
5098	902	0.7272727272727273	True
5098	121	0.6363636363636364	False
5098	244	0.5454545454545454	False
5098	362	0.45454545454545453	False
5098	2526	0.36363636363636365	True
5098	2826	0.2727272727272727	True
5098	3781	0.18181818181818182	True
5098	2692	0.09090909090909091	True
1247	759	0.9090909090909091	False
1247	121	0.8181818181818182	False
1247	244	0.7272727272727273	False
1247	3781	0.6363636363636364	True
1247	3271	0.5454545454545454	False
1247	998	0.45454545454545453	True
1247	2263	0.36363636363636365	True
1247	362	0.2727272727272727	False
1247	2778	0.18181818181818182	True
1247	2929	0.09090909090909091	True
728	759	0.9090909090909091	False
728	121	0.8181818181818182	False
728	362	0.7272727272727273	False
728	998	0.6363636363636364	True
728	902	0.5454545454545454	True
728	3271	0.45454545454545453	False
728	2778	0.36363636363636365	True
728	3161	0.2727272727272727	True
728	2263	0.18181818181818182	True
728	2929	0.09090909090909091	True
1686	759	0.9090909090909091	False
1686	121	0.8181818181818182	False
1686	244	0.7272727272727273	False
1686	2263	0.6363636363636364	True
1686	3781	0.5454545454545454	True
1686	2929	0.45454545454545453	True
1686	3271	0.36363636363636365	False
1686	362	0.2727272727272727	False
1686	2826	0.18181818181818182	True
1686	3691	0.09090909090909091	True
1636	759	0.9090909090909091	False
1636	3271	0.8181818181818182	False
1636	121	0.7272727272727273	False
1636	902	0.6363636363636364	True
1636	2692	0.5454545454545454	True
1636	244	0.45454545454545453	False
1636	362	0.36363636363636365	False
1636	3161	0.2727272727272727	True
1636	2929	0.18181818181818182	True
1636	2263	0.09090909090909091	True
1942	759	0.9090909090909091	False
1942	121	0.8181818181818182	False
1942	362	0.7272727272727273	False
1942	2929	0.6363636363636364	True
1942	902	0.5454545454545454	True
1942	998	0.45454545454545453	True
1942	2778	0.36363636363636365	True
1942	2826	0.2727272727272727	True
1942	244	0.18181818181818182	False
1942	2263	0.09090909090909091	True
5180	759	0.9090909090909091	False
5180	121	0.8181818181818182	False
5180	902	0.7272727272727273	True
5180	3271	0.6363636363636364	False
5180	362	0.5454545454545454	False
5180	998	0.45454545454545453	True
5180	2929	0.36363636363636365	True
5180	244	0.2727272727272727	False
5180	356	0.18181818181818182	True
5180	3781	0.09090909090909091	True
5549	759	0.9090909090909091	False
5549	362	0.8181818181818182	False
5549	121	0.7272727272727273	False
5549	902	0.6363636363636364	True
5549	3271	0.5454545454545454	False
5549	2263	0.45454545454545453	True
5549	244	0.36363636363636365	False
5549	2526	0.2727272727272727	True
5549	2778	0.18181818181818182	True
5549	2929	0.09090909090909091	True
3907	759	0.9090909090909091	False
3907	3271	0.8181818181818182	False
3907	244	0.7272727272727273	False
3907	121	0.6363636363636364	False
3907	2526	0.5454545454545454	True
3907	3781	0.45454545454545453	True
3907	2263	0.36363636363636365	True
3907	2929	0.2727272727272727	True
3907	3691	0.18181818181818182	True
3907	362	0.09090909090909091	False
5167	759	0.9090909090909091	False
5167	121	0.8181818181818182	False
5167	902	0.7272727272727273	True
5167	3271	0.6363636363636364	False
5167	244	0.5454545454545454	False
5167	362	0.45454545454545453	False
5167	2263	0.36363636363636365	True
5167	998	0.2727272727272727	True
5167	2826	0.18181818181818182	True
5167	2526	0.09090909090909091	True
706	759	0.9090909090909091	False
706	121	0.8181818181818182	False
706	362	0.7272727272727273	False
706	902	0.6363636363636364	True
706	3691	0.5454545454545454	True
706	244	0.45454545454545453	False
706	3271	0.36363636363636365	False
706	2263	0.2727272727272727	True
706	2526	0.18181818181818182	True
706	2929	0.09090909090909091	True
4926	759	0.9090909090909091	False
4926	3271	0.8181818181818182	False
4926	244	0.7272727272727273	False
4926	2929	0.6363636363636364	True
4926	2526	0.5454545454545454	True
4926	121	0.45454545454545453	False
4926	2692	0.36363636363636365	True
4926	3161	0.2727272727272727	True
4926	3781	0.18181818181818182	True
4926	2826	0.09090909090909091	True
3877	759	0.9090909090909091	False
3877	121	0.8181818181818182	False
3877	244	0.7272727272727273	False
3877	362	0.6363636363636364	False
3877	2526	0.5454545454545454	True
3877	2929	0.45454545454545453	True
3877	3271	0.36363636363636365	False
3877	3781	0.2727272727272727	True
3877	2263	0.18181818181818182	True
3877	3691	0.09090909090909091	True
5466	759	0.9090909090909091	False
5466	121	0.8181818181818182	False
5466	902	0.7272727272727273	True
5466	362	0.6363636363636364	False
5466	998	0.5454545454545454	True
5466	3781	0.45454545454545453	True
5466	3271	0.36363636363636365	False
5466	2778	0.2727272727272727	True
5466	3161	0.18181818181818182	True
5466	2826	0.09090909090909091	True
5146	759	0.9090909090909091	False
5146	3271	0.8181818181818182	False
5146	362	0.7272727272727273	False
5146	2929	0.6363636363636364	True
5146	121	0.5454545454545454	False
5146	902	0.45454545454545453	True
5146	3781	0.36363636363636365	True
5146	356	0.2727272727272727	True
5146	244	0.18181818181818182	False
5146	2778	0.09090909090909091	True
3515	759	0.9090909090909091	False
3515	121	0.8181818181818182	False
3515	3271	0.7272727272727273	False
3515	244	0.6363636363636364	False
3515	902	0.5454545454545454	True
3515	362	0.45454545454545453	False
3515	2929	0.36363636363636365	True
3515	2526	0.2727272727272727	True
3515	2263	0.18181818181818182	True
3515	356	0.09090909090909091	True
2875	759	0.9090909090909091	False
2875	3271	0.8181818181818182	False
2875	244	0.7272727272727273	False
2875	121	0.6363636363636364	False
2875	3781	0.5454545454545454	True
2875	362	0.45454545454545453	False
2875	2929	0.36363636363636365	True
2875	2526	0.2727272727272727	True
2875	3161	0.18181818181818182	True
2875	3691	0.09090909090909091	True
5483	759	0.9090909090909091	False
5483	121	0.8181818181818182	False
5483	2526	0.7272727272727273	True
5483	3781	0.6363636363636364	True
5483	2929	0.5454545454545454	True
5483	362	0.45454545454545453	False
5483	2263	0.36363636363636365	True
5483	998	0.2727272727272727	True
5483	3271	0.18181818181818182	False
5483	3691	0.09090909090909091	True
1553	759	0.9090909090909091	False
1553	121	0.8181818181818182	False
1553	362	0.7272727272727273	False
1553	2929	0.6363636363636364	True
1553	244	0.5454545454545454	False
1553	902	0.45454545454545453	True
1553	2692	0.36363636363636365	True
1553	3161	0.2727272727272727	True
1553	2263	0.18181818181818182	True
1553	3271	0.09090909090909091	False
1147	759	0.9090909090909091	False
1147	121	0.8181818181818182	False
1147	362	0.7272727272727273	False
1147	2929	0.6363636363636364	True
1147	3781	0.5454545454545454	True
1147	2778	0.45454545454545453	True
1147	356	0.36363636363636365	True
1147	2526	0.2727272727272727	True
1147	2263	0.18181818181818182	True
1147	902	0.09090909090909091	True
3647	759	0.9090909090909091	False
3647	3271	0.8181818181818182	False
3647	121	0.7272727272727273	False
3647	362	0.6363636363636364	False
3647	244	0.5454545454545454	False
3647	902	0.45454545454545453	True
3647	2263	0.36363636363636365	True
3647	3691	0.2727272727272727	True
3647	3781	0.18181818181818182	True
3647	2826	0.09090909090909091	True
4709	759	0.9090909090909091	False
4709	121	0.8181818181818182	False
4709	3271	0.7272727272727273	False
4709	2692	0.6363636363636364	True
4709	2826	0.5454545454545454	True
4709	244	0.45454545454545453	False
4709	902	0.36363636363636365	True
4709	362	0.2727272727272727	False
4709	3781	0.18181818181818182	True
4709	2955	0.09090909090909091	True
5519	759	0.9090909090909091	False
5519	362	0.8181818181818182	False
5519	3271	0.7272727272727273	False
5519	902	0.6363636363636364	True
5519	244	0.5454545454545454	False
5519	2526	0.45454545454545453	True
5519	121	0.36363636363636365	False
5519	998	0.2727272727272727	True
5519	2826	0.18181818181818182	True
5519	2778	0.09090909090909091	True
5004	759	0.9090909090909091	False
5004	244	0.8181818181818182	False
5004	3271	0.7272727272727273	False
5004	362	0.6363636363636364	False
5004	121	0.5454545454545454	False
5004	2929	0.45454545454545453	True
5004	2778	0.36363636363636365	True
5004	902	0.2727272727272727	True
5004	2826	0.18181818181818182	True
5004	2263	0.09090909090909091	True
5075	759	0.9090909090909091	False
5075	362	0.8181818181818182	False
5075	121	0.7272727272727273	False
5075	3271	0.6363636363636364	False
5075	244	0.5454545454545454	False
5075	902	0.45454545454545453	True
5075	2778	0.36363636363636365	True
5075	356	0.2727272727272727	True
5075	998	0.18181818181818182	True
5075	2929	0.09090909090909091	True
2367	759	0.9090909090909091	False
2367	2929	0.8181818181818182	True
2367	121	0.7272727272727273	False
2367	3781	0.6363636363636364	True
2367	2526	0.5454545454545454	True
2367	3271	0.45454545454545453	False
2367	2263	0.36363636363636365	True
2367	3161	0.2727272727272727	True
2367	356	0.18181818181818182	True
2367	244	0.09090909090909091	False
2200	759	0.9090909090909091	False
2200	121	0.8181818181818182	False
2200	362	0.7272727272727273	False
2200	2263	0.6363636363636364	True
2200	244	0.5454545454545454	False
2200	3271	0.45454545454545453	False
2200	2692	0.36363636363636365	True
2200	2778	0.2727272727272727	True
2200	2826	0.18181818181818182	True
2200	3161	0.09090909090909091	True
4869	759	0.9090909090909091	False
4869	121	0.8181818181818182	False
4869	3271	0.7272727272727273	False
4869	902	0.6363636363636364	True
4869	2263	0.5454545454545454	True
4869	244	0.45454545454545453	False
4869	2692	0.36363636363636365	True
4869	3161	0.2727272727272727	True
4869	356	0.18181818181818182	True
4869	2526	0.09090909090909091	True
1807	759	0.9090909090909091	False
1807	121	0.8181818181818182	False
1807	3271	0.7272727272727273	False
1807	362	0.6363636363636364	False
1807	244	0.5454545454545454	False
1807	998	0.45454545454545453	True
1807	2263	0.36363636363636365	True
1807	3781	0.2727272727272727	True
1807	3691	0.18181818181818182	True
1807	924	0.09090909090909091	True
2296	759	0.9090909090909091	False
2296	121	0.8181818181818182	False
2296	2778	0.7272727272727273	True
2296	902	0.6363636363636364	True
2296	244	0.5454545454545454	False
2296	3271	0.45454545454545453	False
2296	2526	0.36363636363636365	True
2296	362	0.2727272727272727	False
2296	2929	0.18181818181818182	True
2296	3691	0.09090909090909091	True
4722	759	0.9090909090909091	False
4722	121	0.8181818181818182	False
4722	2263	0.7272727272727273	True
4722	244	0.6363636363636364	False
4722	902	0.5454545454545454	True
4722	2778	0.45454545454545453	True
4722	3271	0.36363636363636365	False
4722	998	0.2727272727272727	True
4722	2704	0.18181818181818182	True
4722	362	0.09090909090909091	False
5461	759	0.9090909090909091	False
5461	121	0.8181818181818182	False
5461	362	0.7272727272727273	False
5461	902	0.6363636363636364	True
5461	2263	0.5454545454545454	True
5461	2929	0.45454545454545453	True
5461	3271	0.36363636363636365	False
5461	3691	0.2727272727272727	True
5461	2778	0.18181818181818182	True
5461	244	0.09090909090909091	False
1322	759	0.9090909090909091	False
1322	121	0.8181818181818182	False
1322	362	0.7272727272727273	False
1322	3781	0.6363636363636364	True
1322	244	0.5454545454545454	False
1322	3271	0.45454545454545453	False
1322	998	0.36363636363636365	True
1322	2778	0.2727272727272727	True
1322	902	0.18181818181818182	True
1322	2929	0.09090909090909091	True
2273	759	0.9090909090909091	False
2273	121	0.8181818181818182	False
2273	902	0.7272727272727273	True
2273	3271	0.6363636363636364	False
2273	2526	0.5454545454545454	True
2273	362	0.45454545454545453	False
2273	2929	0.36363636363636365	True
2273	3781	0.2727272727272727	True
2273	2263	0.18181818181818182	True
2273	2778	0.09090909090909091	True
63	759	0.9090909090909091	False
63	121	0.8181818181818182	False
63	902	0.7272727272727273	True
63	362	0.6363636363636364	False
63	3781	0.5454545454545454	True
63	2263	0.45454545454545453	True
63	998	0.36363636363636365	True
63	3271	0.2727272727272727	False
63	2778	0.18181818181818182	True
63	244	0.09090909090909091	False
398	759	0.9090909090909091	False
398	902	0.8181818181818182	True
398	121	0.7272727272727273	False
398	2263	0.6363636363636364	True
398	3271	0.5454545454545454	False
398	2692	0.45454545454545453	True
398	362	0.36363636363636365	False
398	998	0.2727272727272727	True
398	2526	0.18181818181818182	True
398	3161	0.09090909090909091	True
5707	759	0.9090909090909091	False
5707	244	0.8181818181818182	False
5707	362	0.7272727272727273	False
5707	902	0.6363636363636364	True
5707	121	0.5454545454545454	False
5707	2526	0.45454545454545453	True
5707	3271	0.36363636363636365	False
5707	2826	0.2727272727272727	True
5707	998	0.18181818181818182	True
5707	2929	0.09090909090909091	True
600	759	0.9090909090909091	False
600	121	0.8181818181818182	False
600	3271	0.7272727272727273	False
600	3781	0.6363636363636364	True
600	902	0.5454545454545454	True
600	2692	0.45454545454545453	True
600	2526	0.36363636363636365	True
600	3161	0.2727272727272727	True
600	2929	0.18181818181818182	True
600	2955	0.09090909090909091	True
1971	759	0.9090909090909091	False
1971	121	0.8181818181818182	False
1971	244	0.7272727272727273	False
1971	3271	0.6363636363636364	False
1971	902	0.5454545454545454	True
1971	3691	0.45454545454545453	True
1971	362	0.36363636363636365	False
1971	2692	0.2727272727272727	True
1971	2929	0.18181818181818182	True
1971	3161	0.09090909090909091	True
201	759	0.9090909090909091	False
201	121	0.8181818181818182	False
201	3271	0.7272727272727273	False
201	3781	0.6363636363636364	True
201	3161	0.5454545454545454	True
201	362	0.45454545454545453	False
201	244	0.36363636363636365	False
201	2929	0.2727272727272727	True
201	902	0.18181818181818182	True
201	2778	0.09090909090909091	True
4298	759	0.9090909090909091	False
4298	121	0.8181818181818182	False
4298	902	0.7272727272727273	True
4298	3271	0.6363636363636364	False
4298	362	0.5454545454545454	False
4298	356	0.45454545454545453	True
4298	998	0.36363636363636365	True
4298	3781	0.2727272727272727	True
4298	2263	0.18181818181818182	True
4298	3691	0.09090909090909091	True
3526	759	0.9090909090909091	False
3526	121	0.8181818181818182	False
3526	362	0.7272727272727273	False
3526	244	0.6363636363636364	False
3526	2929	0.5454545454545454	True
3526	2526	0.45454545454545453	True
3526	998	0.36363636363636365	True
3526	3161	0.2727272727272727	True
3526	2263	0.18181818181818182	True
3526	3781	0.09090909090909091	True
5031	759	0.9090909090909091	False
5031	902	0.8181818181818182	True
5031	121	0.7272727272727273	False
5031	2929	0.6363636363636364	True
5031	3271	0.5454545454545454	False
5031	2526	0.45454545454545453	True
5031	3781	0.36363636363636365	True
5031	2263	0.2727272727272727	True
5031	244	0.18181818181818182	False
5031	362	0.09090909090909091	False
2673	759	0.9090909090909091	False
2673	121	0.8181818181818182	False
2673	244	0.7272727272727273	False
2673	362	0.6363636363636364	False
2673	3271	0.5454545454545454	False
2673	2526	0.45454545454545453	True
2673	902	0.36363636363636365	True
2673	3781	0.2727272727272727	True
2673	3691	0.18181818181818182	True
2673	2929	0.09090909090909091	True
1910	759	0.9090909090909091	False
1910	902	0.8181818181818182	True
1910	3271	0.7272727272727273	False
1910	362	0.6363636363636364	False
1910	2826	0.5454545454545454	True
1910	244	0.45454545454545453	False
1910	3781	0.36363636363636365	True
1910	121	0.2727272727272727	False
1910	2778	0.18181818181818182	True
1910	2526	0.09090909090909091	True
1709	759	0.9090909090909091	False
1709	121	0.8181818181818182	False
1709	2263	0.7272727272727273	True
1709	3271	0.6363636363636364	False
1709	244	0.5454545454545454	False
1709	2929	0.45454545454545453	True
1709	362	0.36363636363636365	False
1709	356	0.2727272727272727	True
1709	1039	0.18181818181818182	True
1709	2526	0.09090909090909091	True
3567	759	0.9090909090909091	False
3567	362	0.8181818181818182	False
3567	244	0.7272727272727273	False
3567	3271	0.6363636363636364	False
3567	2929	0.5454545454545454	True
3567	121	0.45454545454545453	False
3567	3781	0.36363636363636365	True
3567	238	0.2727272727272727	True
3567	2778	0.18181818181818182	True
3567	2826	0.09090909090909091	True
916	759	0.9090909090909091	False
916	3271	0.8181818181818182	False
916	121	0.7272727272727273	False
916	244	0.6363636363636364	False
916	998	0.5454545454545454	True
916	2526	0.45454545454545453	True
916	3161	0.36363636363636365	True
916	2263	0.2727272727272727	True
916	362	0.18181818181818182	False
916	2929	0.09090909090909091	True
614	759	0.9090909090909091	False
614	121	0.8181818181818182	False
614	902	0.7272727272727273	True
614	998	0.6363636363636364	True
614	362	0.5454545454545454	False
614	2929	0.45454545454545453	True
614	244	0.36363636363636365	False
614	3161	0.2727272727272727	True
614	3271	0.18181818181818182	False
614	2263	0.09090909090909091	True
2443	759	0.9090909090909091	False
2443	244	0.8181818181818182	False
2443	121	0.7272727272727273	False
2443	3271	0.6363636363636364	False
2443	2263	0.5454545454545454	True
2443	362	0.45454545454545453	False
2443	3781	0.36363636363636365	True
2443	2929	0.2727272727272727	True
2443	3161	0.18181818181818182	True
2443	2526	0.09090909090909091	True
4128	759	0.9090909090909091	False
4128	121	0.8181818181818182	False
4128	3781	0.7272727272727273	True
4128	3691	0.6363636363636364	True
4128	2263	0.5454545454545454	True
4128	902	0.45454545454545453	True
4128	2526	0.36363636363636365	True
4128	3271	0.2727272727272727	False
4128	3161	0.18181818181818182	True
4128	2692	0.09090909090909091	True
1593	759	0.9090909090909091	False
1593	3271	0.8181818181818182	False
1593	244	0.7272727272727273	False
1593	362	0.6363636363636364	False
1593	902	0.5454545454545454	True
1593	121	0.45454545454545453	False
1593	2826	0.36363636363636365	True
1593	2526	0.2727272727272727	True
1593	998	0.18181818181818182	True
1593	3781	0.09090909090909091	True
3951	759	0.9090909090909091	False
3951	121	0.8181818181818182	False
3951	2929	0.7272727272727273	True
3951	3161	0.6363636363636364	True
3951	244	0.5454545454545454	False
3951	3781	0.45454545454545453	True
3951	356	0.36363636363636365	True
3951	2263	0.2727272727272727	True
3951	362	0.18181818181818182	False
3951	3271	0.09090909090909091	False
280	759	0.9090909090909091	False
280	3271	0.8181818181818182	False
280	121	0.7272727272727273	False
280	244	0.6363636363636364	False
280	362	0.5454545454545454	False
280	3781	0.45454545454545453	True
280	902	0.36363636363636365	True
280	2263	0.2727272727272727	True
280	2929	0.18181818181818182	True
280	2526	0.09090909090909091	True
5010	759	0.9090909090909091	False
5010	121	0.8181818181818182	False
5010	998	0.7272727272727273	True
5010	362	0.6363636363636364	False
5010	902	0.5454545454545454	True
5010	2778	0.45454545454545453	True
5010	3781	0.36363636363636365	True
5010	3271	0.2727272727272727	False
5010	2526	0.18181818181818182	True
5010	2263	0.09090909090909091	True
2130	759	0.9090909090909091	False
2130	362	0.8181818181818182	False
2130	121	0.7272727272727273	False
2130	2929	0.6363636363636364	True
2130	3781	0.5454545454545454	True
2130	2526	0.45454545454545453	True
2130	2263	0.36363636363636365	True
2130	356	0.2727272727272727	True
2130	2826	0.18181818181818182	True
2130	902	0.09090909090909091	True
