5409	321	0.9090909090909091	False
5409	3092	0.8181818181818182	False
5409	2131	0.7272727272727273	False
5409	2083	0.6363636363636364	False
5409	2311	0.5454545454545454	False
5409	2871	0.45454545454545453	True
5409	2617	0.36363636363636365	True
5409	1501	0.2727272727272727	True
5409	687	0.18181818181818182	True
5409	2905	0.09090909090909091	True
3520	2083	0.9090909090909091	False
3520	321	0.8181818181818182	False
3520	3092	0.7272727272727273	False
3520	687	0.6363636363636364	True
3520	118	0.5454545454545454	True
3520	2131	0.45454545454545453	False
3520	2617	0.36363636363636365	True
3520	3452	0.2727272727272727	True
3520	1545	0.18181818181818182	True
3520	2311	0.09090909090909091	False
3205	118	0.9090909090909091	True
3205	2083	0.8181818181818182	False
3205	687	0.7272727272727273	True
3205	321	0.6363636363636364	False
3205	3092	0.5454545454545454	False
3205	2617	0.45454545454545453	True
3205	2131	0.36363636363636365	False
3205	1545	0.2727272727272727	True
3205	2311	0.18181818181818182	False
3205	3452	0.09090909090909091	True
2959	3092	0.9090909090909091	False
2959	2083	0.8181818181818182	False
2959	321	0.7272727272727273	False
2959	2131	0.6363636363636364	False
2959	2311	0.5454545454545454	False
2959	3452	0.45454545454545453	True
2959	2617	0.36363636363636365	True
2959	2905	0.2727272727272727	True
2959	1545	0.18181818181818182	True
2959	687	0.09090909090909091	True
3740	321	0.9090909090909091	False
3740	2083	0.8181818181818182	False
3740	3092	0.7272727272727273	False
3740	2311	0.6363636363636364	False
3740	118	0.5454545454545454	True
3740	2131	0.45454545454545453	False
3740	3452	0.36363636363636365	True
3740	1545	0.2727272727272727	True
3740	2905	0.18181818181818182	True
3740	2617	0.09090909090909091	True
3944	687	0.9090909090909091	True
3944	3092	0.8181818181818182	False
3944	321	0.7272727272727273	False
3944	2131	0.6363636363636364	False
3944	2083	0.5454545454545454	False
3944	2617	0.45454545454545453	True
3944	2311	0.36363636363636365	False
3944	118	0.2727272727272727	True
3944	2905	0.18181818181818182	True
3944	3452	0.09090909090909091	True
2590	2083	0.9090909090909091	False
2590	321	0.8181818181818182	False
2590	2131	0.7272727272727273	False
2590	2311	0.6363636363636364	False
2590	3092	0.5454545454545454	False
2590	3452	0.45454545454545453	True
2590	118	0.36363636363636365	True
2590	2905	0.2727272727272727	True
2590	2617	0.18181818181818182	True
2590	687	0.09090909090909091	True
5518	321	0.9090909090909091	False
5518	3092	0.8181818181818182	False
5518	2083	0.7272727272727273	False
5518	3452	0.6363636363636364	True
5518	687	0.5454545454545454	True
5518	2131	0.45454545454545453	False
5518	118	0.36363636363636365	True
5518	1542	0.2727272727272727	True
5518	2617	0.18181818181818182	True
5518	2311	0.09090909090909091	False
4519	321	0.9090909090909091	False
4519	2083	0.8181818181818182	False
4519	2131	0.7272727272727273	False
4519	118	0.6363636363636364	True
4519	3092	0.5454545454545454	False
4519	1545	0.45454545454545453	True
4519	2617	0.36363636363636365	True
4519	2311	0.2727272727272727	False
4519	3452	0.18181818181818182	True
4519	687	0.09090909090909091	True
1203	2083	0.9090909090909091	False
1203	321	0.8181818181818182	False
1203	3092	0.7272727272727273	False
1203	118	0.6363636363636364	True
1203	2311	0.5454545454545454	False
1203	2131	0.45454545454545453	False
1203	2905	0.36363636363636365	True
1203	687	0.2727272727272727	True
1203	2617	0.18181818181818182	True
1203	3452	0.09090909090909091	True
2992	2083	0.9090909090909091	False
2992	321	0.8181818181818182	False
2992	3092	0.7272727272727273	False
2992	2131	0.6363636363636364	False
2992	2617	0.5454545454545454	True
2992	687	0.45454545454545453	True
2992	118	0.36363636363636365	True
2992	2311	0.2727272727272727	False
2992	3452	0.18181818181818182	True
2992	1545	0.09090909090909091	True
2848	321	0.9090909090909091	False
2848	2083	0.8181818181818182	False
2848	3092	0.7272727272727273	False
2848	118	0.6363636363636364	True
2848	2131	0.5454545454545454	False
2848	2617	0.45454545454545453	True
2848	687	0.36363636363636365	True
2848	2311	0.2727272727272727	False
2848	3452	0.18181818181818182	True
2848	1545	0.09090909090909091	True
3778	321	0.9090909090909091	False
3778	3092	0.8181818181818182	False
3778	2083	0.7272727272727273	False
3778	2131	0.6363636363636364	False
3778	3452	0.5454545454545454	True
3778	687	0.45454545454545453	True
3778	2311	0.36363636363636365	False
3778	2617	0.2727272727272727	True
3778	118	0.18181818181818182	True
3778	1542	0.09090909090909091	True
2828	321	0.9090909090909091	False
2828	3092	0.8181818181818182	False
2828	2083	0.7272727272727273	False
2828	2905	0.6363636363636364	True
2828	2131	0.5454545454545454	False
2828	2311	0.45454545454545453	False
2828	2617	0.36363636363636365	True
2828	687	0.2727272727272727	True
2828	118	0.18181818181818182	True
2828	3452	0.09090909090909091	True
1457	3092	0.9090909090909091	False
1457	321	0.8181818181818182	False
1457	687	0.7272727272727273	True
1457	2131	0.6363636363636364	False
1457	118	0.5454545454545454	True
1457	2083	0.45454545454545453	False
1457	3452	0.36363636363636365	True
1457	2311	0.2727272727272727	False
1457	2617	0.18181818181818182	True
1457	1545	0.09090909090909091	True
2169	321	0.9090909090909091	False
2169	118	0.8181818181818182	True
2169	2131	0.7272727272727273	False
2169	2083	0.6363636363636364	False
2169	2617	0.5454545454545454	True
2169	2311	0.45454545454545453	False
2169	3092	0.36363636363636365	False
2169	687	0.2727272727272727	True
2169	3367	0.18181818181818182	True
2169	1545	0.09090909090909091	True
121	321	0.9090909090909091	False
121	2083	0.8181818181818182	False
121	3092	0.7272727272727273	False
121	2311	0.6363636363636364	False
121	3452	0.5454545454545454	True
121	1542	0.45454545454545453	True
121	118	0.36363636363636365	True
121	2131	0.2727272727272727	False
121	2617	0.18181818181818182	True
121	1545	0.09090909090909091	True
5835	3092	0.9090909090909091	False
5835	321	0.8181818181818182	False
5835	687	0.7272727272727273	True
5835	2131	0.6363636363636364	False
5835	2083	0.5454545454545454	False
5835	2311	0.45454545454545453	False
5835	118	0.36363636363636365	True
5835	2617	0.2727272727272727	True
5835	2905	0.18181818181818182	True
5835	3452	0.09090909090909091	True
2060	2083	0.9090909090909091	False
2060	321	0.8181818181818182	False
2060	3092	0.7272727272727273	False
2060	118	0.6363636363636364	True
2060	2131	0.5454545454545454	False
2060	2617	0.45454545454545453	True
2060	2311	0.36363636363636365	False
2060	1542	0.2727272727272727	True
2060	687	0.18181818181818182	True
2060	2905	0.09090909090909091	True
2661	321	0.9090909090909091	False
2661	2083	0.8181818181818182	False
2661	3092	0.7272727272727273	False
2661	2131	0.6363636363636364	False
2661	2311	0.5454545454545454	False
2661	118	0.45454545454545453	True
2661	687	0.36363636363636365	True
2661	2617	0.2727272727272727	True
2661	2871	0.18181818181818182	True
2661	3452	0.09090909090909091	True
3772	321	0.9090909090909091	False
3772	2083	0.8181818181818182	False
3772	2617	0.7272727272727273	True
3772	2131	0.6363636363636364	False
3772	3092	0.5454545454545454	False
3772	118	0.45454545454545453	True
3772	1545	0.36363636363636365	True
3772	3452	0.2727272727272727	True
3772	2311	0.18181818181818182	False
3772	687	0.09090909090909091	True
6011	2083	0.9090909090909091	False
6011	3092	0.8181818181818182	False
6011	321	0.7272727272727273	False
6011	2131	0.6363636363636364	False
6011	2617	0.5454545454545454	True
6011	3452	0.45454545454545453	True
6011	1545	0.36363636363636365	True
6011	2905	0.2727272727272727	True
6011	2311	0.18181818181818182	False
6011	1542	0.09090909090909091	True
5649	2083	0.9090909090909091	False
5649	321	0.8181818181818182	False
5649	3092	0.7272727272727273	False
5649	687	0.6363636363636364	True
5649	2617	0.5454545454545454	True
5649	2131	0.45454545454545453	False
5649	118	0.36363636363636365	True
5649	3452	0.2727272727272727	True
5649	2905	0.18181818181818182	True
5649	2311	0.09090909090909091	False
1209	321	0.9090909090909091	False
1209	2131	0.8181818181818182	False
1209	2083	0.7272727272727273	False
1209	3092	0.6363636363636364	False
1209	118	0.5454545454545454	True
1209	2617	0.45454545454545453	True
1209	2311	0.36363636363636365	False
1209	687	0.2727272727272727	True
1209	2871	0.18181818181818182	True
1209	1545	0.09090909090909091	True
2823	3092	0.9090909090909091	False
2823	2131	0.8181818181818182	False
2823	321	0.7272727272727273	False
2823	2083	0.6363636363636364	False
2823	2311	0.5454545454545454	False
2823	2905	0.45454545454545453	True
2823	3452	0.36363636363636365	True
2823	687	0.2727272727272727	True
2823	2617	0.18181818181818182	True
2823	1545	0.09090909090909091	True
316	2083	0.9090909090909091	False
316	687	0.8181818181818182	True
316	321	0.7272727272727273	False
316	3092	0.6363636363636364	False
316	118	0.5454545454545454	True
316	3452	0.45454545454545453	True
316	2311	0.36363636363636365	False
316	2905	0.2727272727272727	True
316	2131	0.18181818181818182	False
316	1545	0.09090909090909091	True
4913	321	0.9090909090909091	False
4913	3092	0.8181818181818182	False
4913	2083	0.7272727272727273	False
4913	687	0.6363636363636364	True
4913	2311	0.5454545454545454	False
4913	1545	0.45454545454545453	True
4913	3452	0.36363636363636365	True
4913	2131	0.2727272727272727	False
4913	118	0.18181818181818182	True
4913	2905	0.09090909090909091	True
713	3092	0.9090909090909091	False
713	2131	0.8181818181818182	False
713	321	0.7272727272727273	False
713	2311	0.6363636363636364	False
713	2083	0.5454545454545454	False
713	687	0.45454545454545453	True
713	118	0.36363636363636365	True
713	2617	0.2727272727272727	True
713	3452	0.18181818181818182	True
713	2871	0.09090909090909091	True
3601	3092	0.9090909090909091	False
3601	321	0.8181818181818182	False
3601	2131	0.7272727272727273	False
3601	2083	0.6363636363636364	False
3601	687	0.5454545454545454	True
3601	2311	0.45454545454545453	False
3601	3452	0.36363636363636365	True
3601	118	0.2727272727272727	True
3601	2617	0.18181818181818182	True
3601	3367	0.09090909090909091	True
5401	321	0.9090909090909091	False
5401	2083	0.8181818181818182	False
5401	2131	0.7272727272727273	False
5401	3092	0.6363636363636364	False
5401	118	0.5454545454545454	True
5401	2617	0.45454545454545453	True
5401	2311	0.36363636363636365	False
5401	687	0.2727272727272727	True
5401	1545	0.18181818181818182	True
5401	2905	0.09090909090909091	True
2290	3092	0.9090909090909091	False
2290	321	0.8181818181818182	False
2290	2083	0.7272727272727273	False
2290	687	0.6363636363636364	True
2290	1542	0.5454545454545454	True
2290	3452	0.45454545454545453	True
2290	2131	0.36363636363636365	False
2290	2311	0.2727272727272727	False
2290	118	0.18181818181818182	True
2290	2905	0.09090909090909091	True
5828	2083	0.9090909090909091	False
5828	321	0.8181818181818182	False
5828	2617	0.7272727272727273	True
5828	3452	0.6363636363636364	True
5828	687	0.5454545454545454	True
5828	3092	0.45454545454545453	False
5828	2131	0.36363636363636365	False
5828	2311	0.2727272727272727	False
5828	1542	0.18181818181818182	True
5828	1501	0.09090909090909091	True
19	2083	0.9090909090909091	False
19	321	0.8181818181818182	False
19	3092	0.7272727272727273	False
19	2617	0.6363636363636364	True
19	2311	0.5454545454545454	False
19	687	0.45454545454545453	True
19	3452	0.36363636363636365	True
19	2131	0.2727272727272727	False
19	118	0.18181818181818182	True
19	1545	0.09090909090909091	True
5531	321	0.9090909090909091	False
5531	3092	0.8181818181818182	False
5531	2617	0.7272727272727273	True
5531	2083	0.6363636363636364	False
5531	2131	0.5454545454545454	False
5531	118	0.45454545454545453	True
5531	687	0.36363636363636365	True
5531	2311	0.2727272727272727	False
5531	2905	0.18181818181818182	True
5531	1545	0.09090909090909091	True
637	3092	0.9090909090909091	False
637	321	0.8181818181818182	False
637	2083	0.7272727272727273	False
637	1545	0.6363636363636364	True
637	118	0.5454545454545454	True
637	687	0.45454545454545453	True
637	2311	0.36363636363636365	False
637	2131	0.2727272727272727	False
637	2617	0.18181818181818182	True
637	2905	0.09090909090909091	True
4856	321	0.9090909090909091	False
4856	2083	0.8181818181818182	False
4856	2311	0.7272727272727273	False
4856	3092	0.6363636363636364	False
4856	2131	0.5454545454545454	False
4856	1542	0.45454545454545453	True
4856	118	0.36363636363636365	True
4856	2617	0.2727272727272727	True
4856	2905	0.18181818181818182	True
4856	3452	0.09090909090909091	True
816	2083	0.9090909090909091	False
816	321	0.8181818181818182	False
816	3092	0.7272727272727273	False
816	687	0.6363636363636364	True
816	2131	0.5454545454545454	False
816	2617	0.45454545454545453	True
816	2311	0.36363636363636365	False
816	118	0.2727272727272727	True
816	3452	0.18181818181818182	True
816	1545	0.09090909090909091	True
4273	2131	0.9090909090909091	False
4273	3092	0.8181818181818182	False
4273	2083	0.7272727272727273	False
4273	321	0.6363636363636364	False
4273	2311	0.5454545454545454	False
4273	2905	0.45454545454545453	True
4273	118	0.36363636363636365	True
4273	1545	0.2727272727272727	True
4273	3452	0.18181818181818182	True
4273	687	0.09090909090909091	True
2664	2083	0.9090909090909091	False
2664	687	0.8181818181818182	True
2664	321	0.7272727272727273	False
2664	2131	0.6363636363636364	False
2664	3092	0.5454545454545454	False
2664	3452	0.45454545454545453	True
2664	118	0.36363636363636365	True
2664	2617	0.2727272727272727	True
2664	2311	0.18181818181818182	False
2664	2579	0.09090909090909091	True
4935	3092	0.9090909090909091	False
4935	2083	0.8181818181818182	False
4935	321	0.7272727272727273	False
4935	687	0.6363636363636364	True
4935	2905	0.5454545454545454	True
4935	2131	0.45454545454545453	False
4935	2311	0.36363636363636365	False
4935	118	0.2727272727272727	True
4935	2617	0.18181818181818182	True
4935	1545	0.09090909090909091	True
143	321	0.9090909090909091	False
143	3092	0.8181818181818182	False
143	3452	0.7272727272727273	True
143	2131	0.6363636363636364	False
143	2083	0.5454545454545454	False
143	687	0.45454545454545453	True
143	118	0.36363636363636365	True
143	2617	0.2727272727272727	True
143	2311	0.18181818181818182	False
143	1545	0.09090909090909091	True
4632	2083	0.9090909090909091	False
4632	321	0.8181818181818182	False
4632	2617	0.7272727272727273	True
4632	118	0.6363636363636364	True
4632	687	0.5454545454545454	True
4632	3092	0.45454545454545453	False
4632	2131	0.36363636363636365	False
4632	3452	0.2727272727272727	True
4632	1545	0.18181818181818182	True
4632	2579	0.09090909090909091	True
818	2083	0.9090909090909091	False
818	321	0.8181818181818182	False
818	2617	0.7272727272727273	True
818	3092	0.6363636363636364	False
818	2131	0.5454545454545454	False
818	687	0.45454545454545453	True
818	118	0.36363636363636365	True
818	2311	0.2727272727272727	False
818	1501	0.18181818181818182	True
818	1545	0.09090909090909091	True
44	3092	0.9090909090909091	False
44	321	0.8181818181818182	False
44	2131	0.7272727272727273	False
44	2617	0.6363636363636364	True
44	687	0.5454545454545454	True
44	118	0.45454545454545453	True
44	2905	0.36363636363636365	True
44	2083	0.2727272727272727	False
44	3452	0.18181818181818182	True
44	2311	0.09090909090909091	False
6021	3092	0.9090909090909091	False
6021	687	0.8181818181818182	True
6021	2131	0.7272727272727273	False
6021	2617	0.6363636363636364	True
6021	2083	0.5454545454545454	False
6021	321	0.45454545454545453	False
6021	2905	0.36363636363636365	True
6021	118	0.2727272727272727	True
6021	1545	0.18181818181818182	True
6021	2311	0.09090909090909091	False
3164	321	0.9090909090909091	False
3164	118	0.8181818181818182	True
3164	3092	0.7272727272727273	False
3164	2083	0.6363636363636364	False
3164	2311	0.5454545454545454	False
3164	2131	0.45454545454545453	False
3164	2617	0.36363636363636365	True
3164	687	0.2727272727272727	True
3164	3452	0.18181818181818182	True
3164	1545	0.09090909090909091	True
2475	321	0.9090909090909091	False
2475	2083	0.8181818181818182	False
2475	2311	0.7272727272727273	False
2475	3092	0.6363636363636364	False
2475	2131	0.5454545454545454	False
2475	687	0.45454545454545453	True
2475	118	0.36363636363636365	True
2475	2617	0.2727272727272727	True
2475	2871	0.18181818181818182	True
2475	2905	0.09090909090909091	True
5860	3092	0.9090909090909091	False
5860	321	0.8181818181818182	False
5860	2131	0.7272727272727273	False
5860	2083	0.6363636363636364	False
5860	3452	0.5454545454545454	True
5860	118	0.45454545454545453	True
5860	2905	0.36363636363636365	True
5860	2617	0.2727272727272727	True
5860	2311	0.18181818181818182	False
5860	1545	0.09090909090909091	True
2519	321	0.9090909090909091	False
2519	2083	0.8181818181818182	False
2519	118	0.7272727272727273	True
2519	3092	0.6363636363636364	False
2519	1545	0.5454545454545454	True
2519	3452	0.45454545454545453	True
2519	2311	0.36363636363636365	False
2519	2617	0.2727272727272727	True
2519	2131	0.18181818181818182	False
2519	687	0.09090909090909091	True
4291	321	0.9090909090909091	False
4291	118	0.8181818181818182	True
4291	2083	0.7272727272727273	False
4291	3092	0.6363636363636364	False
4291	2131	0.5454545454545454	False
4291	2617	0.45454545454545453	True
4291	687	0.36363636363636365	True
4291	2311	0.2727272727272727	False
4291	1545	0.18181818181818182	True
4291	1542	0.09090909090909091	True
5732	3092	0.9090909090909091	False
5732	687	0.8181818181818182	True
5732	321	0.7272727272727273	False
5732	2083	0.6363636363636364	False
5732	118	0.5454545454545454	True
5732	2131	0.45454545454545453	False
5732	2311	0.36363636363636365	False
5732	2905	0.2727272727272727	True
5732	2579	0.18181818181818182	True
5732	1545	0.09090909090909091	True
5880	321	0.9090909090909091	False
5880	3092	0.8181818181818182	False
5880	2083	0.7272727272727273	False
5880	2131	0.6363636363636364	False
5880	2311	0.5454545454545454	False
5880	118	0.45454545454545453	True
5880	1545	0.36363636363636365	True
5880	2617	0.2727272727272727	True
5880	687	0.18181818181818182	True
5880	3452	0.09090909090909091	True
1569	3092	0.9090909090909091	False
1569	2131	0.8181818181818182	False
1569	321	0.7272727272727273	False
1569	687	0.6363636363636364	True
1569	2083	0.5454545454545454	False
1569	2311	0.45454545454545453	False
1569	3452	0.36363636363636365	True
1569	2617	0.2727272727272727	True
1569	2871	0.18181818181818182	True
1569	118	0.09090909090909091	True
3503	3092	0.9090909090909091	False
3503	2131	0.8181818181818182	False
3503	321	0.7272727272727273	False
3503	2083	0.6363636363636364	False
3503	687	0.5454545454545454	True
3503	118	0.45454545454545453	True
3503	2617	0.36363636363636365	True
3503	3452	0.2727272727272727	True
3503	1545	0.18181818181818182	True
3503	2311	0.09090909090909091	False
5536	321	0.9090909090909091	False
5536	2083	0.8181818181818182	False
5536	3092	0.7272727272727273	False
5536	118	0.6363636363636364	True
5536	2617	0.5454545454545454	True
5536	2131	0.45454545454545453	False
5536	3452	0.36363636363636365	True
5536	2311	0.2727272727272727	False
5536	1545	0.18181818181818182	True
5536	1542	0.09090909090909091	True
5050	2083	0.9090909090909091	False
5050	3092	0.8181818181818182	False
5050	321	0.7272727272727273	False
5050	687	0.6363636363636364	True
5050	2131	0.5454545454545454	False
5050	2311	0.45454545454545453	False
5050	3452	0.36363636363636365	True
5050	2871	0.2727272727272727	True
5050	118	0.18181818181818182	True
5050	2617	0.09090909090909091	True
5221	321	0.9090909090909091	False
5221	2311	0.8181818181818182	False
5221	118	0.7272727272727273	True
5221	2131	0.6363636363636364	False
5221	2083	0.5454545454545454	False
5221	3092	0.45454545454545453	False
5221	2617	0.36363636363636365	True
5221	687	0.2727272727272727	True
5221	2871	0.18181818181818182	True
5221	3452	0.09090909090909091	True
4610	687	0.9090909090909091	True
4610	3092	0.8181818181818182	False
4610	321	0.7272727272727273	False
4610	2131	0.6363636363636364	False
4610	2617	0.5454545454545454	True
4610	2083	0.45454545454545453	False
4610	3452	0.36363636363636365	True
4610	118	0.2727272727272727	True
4610	2311	0.18181818181818182	False
4610	2905	0.09090909090909091	True
2202	3092	0.9090909090909091	False
2202	2131	0.8181818181818182	False
2202	321	0.7272727272727273	False
2202	2083	0.6363636363636364	False
2202	687	0.5454545454545454	True
2202	2617	0.45454545454545453	True
2202	2905	0.36363636363636365	True
2202	2311	0.2727272727272727	False
2202	1545	0.18181818181818182	True
2202	2871	0.09090909090909091	True
1863	2083	0.9090909090909091	False
1863	321	0.8181818181818182	False
1863	3092	0.7272727272727273	False
1863	687	0.6363636363636364	True
1863	2311	0.5454545454545454	False
1863	3452	0.45454545454545453	True
1863	2131	0.36363636363636365	False
1863	2905	0.2727272727272727	True
1863	2617	0.18181818181818182	True
1863	118	0.09090909090909091	True
2906	3092	0.9090909090909091	False
2906	321	0.8181818181818182	False
2906	2131	0.7272727272727273	False
2906	118	0.6363636363636364	True
2906	2617	0.5454545454545454	True
2906	687	0.45454545454545453	True
2906	2311	0.36363636363636365	False
2906	2083	0.2727272727272727	False
2906	1501	0.18181818181818182	True
2906	2905	0.09090909090909091	True
1814	321	0.9090909090909091	False
1814	2083	0.8181818181818182	False
1814	2617	0.7272727272727273	True
1814	3092	0.6363636363636364	False
1814	3452	0.5454545454545454	True
1814	2131	0.45454545454545453	False
1814	118	0.36363636363636365	True
1814	2311	0.2727272727272727	False
1814	687	0.18181818181818182	True
1814	1542	0.09090909090909091	True
3683	321	0.9090909090909091	False
3683	2083	0.8181818181818182	False
3683	118	0.7272727272727273	True
3683	2131	0.6363636363636364	False
3683	2617	0.5454545454545454	True
3683	3092	0.45454545454545453	False
3683	2311	0.36363636363636365	False
3683	360	0.2727272727272727	True
3683	1545	0.18181818181818182	True
3683	687	0.09090909090909091	True
741	321	0.9090909090909091	False
741	2617	0.8181818181818182	True
741	2083	0.7272727272727273	False
741	3092	0.6363636363636364	False
741	118	0.5454545454545454	True
741	2131	0.45454545454545453	False
741	687	0.36363636363636365	True
741	3452	0.2727272727272727	True
741	2871	0.18181818181818182	True
741	1545	0.09090909090909091	True
1841	2083	0.9090909090909091	False
1841	321	0.8181818181818182	False
1841	2311	0.7272727272727273	False
1841	3092	0.6363636363636364	False
1841	687	0.5454545454545454	True
1841	2617	0.45454545454545453	True
1841	2131	0.36363636363636365	False
1841	118	0.2727272727272727	True
1841	3452	0.18181818181818182	True
1841	2871	0.09090909090909091	True
118	2083	0.9090909090909091	False
118	321	0.8181818181818182	False
118	3092	0.7272727272727273	False
118	2131	0.6363636363636364	False
118	118	0.5454545454545454	True
118	2905	0.45454545454545453	True
118	2617	0.36363636363636365	True
118	687	0.2727272727272727	True
118	1501	0.18181818181818182	True
118	1545	0.09090909090909091	True
3408	2083	0.9090909090909091	False
3408	3092	0.8181818181818182	False
3408	321	0.7272727272727273	False
3408	2311	0.6363636363636364	False
3408	1545	0.5454545454545454	True
3408	2131	0.45454545454545453	False
3408	2905	0.36363636363636365	True
3408	118	0.2727272727272727	True
3408	3452	0.18181818181818182	True
3408	687	0.09090909090909091	True
1970	3092	0.9090909090909091	False
1970	321	0.8181818181818182	False
1970	2131	0.7272727272727273	False
1970	687	0.6363636363636364	True
1970	118	0.5454545454545454	True
1970	2311	0.45454545454545453	False
1970	2617	0.36363636363636365	True
1970	2083	0.2727272727272727	False
1970	2871	0.18181818181818182	True
1970	3452	0.09090909090909091	True
5095	687	0.9090909090909091	True
5095	2083	0.8181818181818182	False
5095	321	0.7272727272727273	False
5095	3092	0.6363636363636364	False
5095	118	0.5454545454545454	True
5095	2131	0.45454545454545453	False
5095	2579	0.36363636363636365	True
5095	2617	0.2727272727272727	True
5095	2311	0.18181818181818182	False
5095	1545	0.09090909090909091	True
1464	321	0.9090909090909091	False
1464	3092	0.8181818181818182	False
1464	687	0.7272727272727273	True
1464	2311	0.6363636363636364	False
1464	2131	0.5454545454545454	False
1464	2617	0.45454545454545453	True
1464	3452	0.36363636363636365	True
1464	118	0.2727272727272727	True
1464	2905	0.18181818181818182	True
1464	2871	0.09090909090909091	True
5184	321	0.9090909090909091	False
5184	3092	0.8181818181818182	False
5184	2131	0.7272727272727273	False
5184	2083	0.6363636363636364	False
5184	2311	0.5454545454545454	False
5184	687	0.45454545454545453	True
5184	118	0.36363636363636365	True
5184	2871	0.2727272727272727	True
5184	2617	0.18181818181818182	True
5184	2905	0.09090909090909091	True
3415	321	0.9090909090909091	False
3415	2083	0.8181818181818182	False
3415	118	0.7272727272727273	True
3415	3092	0.6363636363636364	False
3415	2311	0.5454545454545454	False
3415	2131	0.45454545454545453	False
3415	2617	0.36363636363636365	True
3415	1545	0.2727272727272727	True
3415	687	0.18181818181818182	True
3415	3452	0.09090909090909091	True
5411	321	0.9090909090909091	False
5411	2083	0.8181818181818182	False
5411	3092	0.7272727272727273	False
5411	2131	0.6363636363636364	False
5411	2311	0.5454545454545454	False
5411	687	0.45454545454545453	True
5411	2617	0.36363636363636365	True
5411	3452	0.2727272727272727	True
5411	118	0.18181818181818182	True
5411	1545	0.09090909090909091	True
4679	321	0.9090909090909091	False
4679	3092	0.8181818181818182	False
4679	2311	0.7272727272727273	False
4679	2083	0.6363636363636364	False
4679	2131	0.5454545454545454	False
4679	118	0.45454545454545453	True
4679	2617	0.36363636363636365	True
4679	687	0.2727272727272727	True
4679	2905	0.18181818181818182	True
4679	1545	0.09090909090909091	True
2149	3092	0.9090909090909091	False
2149	321	0.8181818181818182	False
2149	687	0.7272727272727273	True
2149	2131	0.6363636363636364	False
2149	2083	0.5454545454545454	False
2149	2311	0.45454545454545453	False
2149	118	0.36363636363636365	True
2149	2617	0.2727272727272727	True
2149	2871	0.18181818181818182	True
2149	2905	0.09090909090909091	True
3035	321	0.9090909090909091	False
3035	2083	0.8181818181818182	False
3035	3092	0.7272727272727273	False
3035	2311	0.6363636363636364	False
3035	687	0.5454545454545454	True
3035	2905	0.45454545454545453	True
3035	118	0.36363636363636365	True
3035	2131	0.2727272727272727	False
3035	1545	0.18181818181818182	True
3035	3452	0.09090909090909091	True
3647	3092	0.9090909090909091	False
3647	321	0.8181818181818182	False
3647	2131	0.7272727272727273	False
3647	2311	0.6363636363636364	False
3647	687	0.5454545454545454	True
3647	2083	0.45454545454545453	False
3647	118	0.36363636363636365	True
3647	1545	0.2727272727272727	True
3647	2617	0.18181818181818182	True
3647	2905	0.09090909090909091	True
1685	2083	0.9090909090909091	False
1685	321	0.8181818181818182	False
1685	118	0.7272727272727273	True
1685	2131	0.6363636363636364	False
1685	3092	0.5454545454545454	False
1685	2311	0.45454545454545453	False
1685	687	0.36363636363636365	True
1685	3367	0.2727272727272727	True
1685	1545	0.18181818181818182	True
1685	2617	0.09090909090909091	True
4226	321	0.9090909090909091	False
4226	3092	0.8181818181818182	False
4226	2311	0.7272727272727273	False
4226	2083	0.6363636363636364	False
4226	687	0.5454545454545454	True
4226	2131	0.45454545454545453	False
4226	118	0.36363636363636365	True
4226	1542	0.2727272727272727	True
4226	2617	0.18181818181818182	True
4226	1501	0.09090909090909091	True
2185	2083	0.9090909090909091	False
2185	321	0.8181818181818182	False
2185	2311	0.7272727272727273	False
2185	3452	0.6363636363636364	True
2185	3092	0.5454545454545454	False
2185	2131	0.45454545454545453	False
2185	2617	0.36363636363636365	True
2185	1545	0.2727272727272727	True
2185	687	0.18181818181818182	True
2185	118	0.09090909090909091	True
5109	3092	0.9090909090909091	False
5109	321	0.8181818181818182	False
5109	2083	0.7272727272727273	False
5109	2311	0.6363636363636364	False
5109	687	0.5454545454545454	True
5109	2131	0.45454545454545453	False
5109	2905	0.36363636363636365	True
5109	2617	0.2727272727272727	True
5109	3452	0.18181818181818182	True
5109	1545	0.09090909090909091	True
1832	2083	0.9090909090909091	False
1832	321	0.8181818181818182	False
1832	2131	0.7272727272727273	False
1832	2617	0.6363636363636364	True
1832	3092	0.5454545454545454	False
1832	118	0.45454545454545453	True
1832	2311	0.36363636363636365	False
1832	1501	0.2727272727272727	True
1832	1542	0.18181818181818182	True
1832	3452	0.09090909090909091	True
4198	321	0.9090909090909091	False
4198	2617	0.8181818181818182	True
4198	2131	0.7272727272727273	False
4198	2083	0.6363636363636364	False
4198	687	0.5454545454545454	True
4198	3092	0.45454545454545453	False
4198	118	0.36363636363636365	True
4198	2311	0.2727272727272727	False
4198	2871	0.18181818181818182	True
4198	2905	0.09090909090909091	True
1225	321	0.9090909090909091	False
1225	2083	0.8181818181818182	False
1225	3092	0.7272727272727273	False
1225	2617	0.6363636363636364	True
1225	118	0.5454545454545454	True
1225	2131	0.45454545454545453	False
1225	687	0.36363636363636365	True
1225	3452	0.2727272727272727	True
1225	2311	0.18181818181818182	False
1225	2871	0.09090909090909091	True
116	3092	0.9090909090909091	False
116	321	0.8181818181818182	False
116	687	0.7272727272727273	True
116	2131	0.6363636363636364	False
116	2083	0.5454545454545454	False
116	2617	0.45454545454545453	True
116	2311	0.36363636363636365	False
116	118	0.2727272727272727	True
116	1545	0.18181818181818182	True
116	1501	0.09090909090909091	True
1810	2083	0.9090909090909091	False
1810	321	0.8181818181818182	False
1810	3092	0.7272727272727273	False
1810	1545	0.6363636363636364	True
1810	2311	0.5454545454545454	False
1810	2131	0.45454545454545453	False
1810	687	0.36363636363636365	True
1810	118	0.2727272727272727	True
1810	2617	0.18181818181818182	True
1810	3452	0.09090909090909091	True
5720	2131	0.9090909090909091	False
5720	321	0.8181818181818182	False
5720	2083	0.7272727272727273	False
5720	3092	0.6363636363636364	False
5720	687	0.5454545454545454	True
5720	2617	0.45454545454545453	True
5720	2311	0.36363636363636365	False
5720	118	0.2727272727272727	True
5720	1542	0.18181818181818182	True
5720	1545	0.09090909090909091	True
5166	3092	0.9090909090909091	False
5166	321	0.8181818181818182	False
5166	2083	0.7272727272727273	False
5166	118	0.6363636363636364	True
5166	2311	0.5454545454545454	False
5166	687	0.45454545454545453	True
5166	2131	0.36363636363636365	False
5166	1545	0.2727272727272727	True
5166	2905	0.18181818181818182	True
5166	3367	0.09090909090909091	True
4577	2083	0.9090909090909091	False
4577	3092	0.8181818181818182	False
4577	321	0.7272727272727273	False
4577	2131	0.6363636363636364	False
4577	687	0.5454545454545454	True
4577	2905	0.45454545454545453	True
4577	2617	0.36363636363636365	True
4577	2311	0.2727272727272727	False
4577	118	0.18181818181818182	True
4577	3452	0.09090909090909091	True
4838	3092	0.9090909090909091	False
4838	321	0.8181818181818182	False
4838	2131	0.7272727272727273	False
4838	118	0.6363636363636364	True
4838	2617	0.5454545454545454	True
4838	687	0.45454545454545453	True
4838	2083	0.36363636363636365	False
4838	3452	0.2727272727272727	True
4838	2905	0.18181818181818182	True
4838	2311	0.09090909090909091	False
3413	3092	0.9090909090909091	False
3413	2131	0.8181818181818182	False
3413	321	0.7272727272727273	False
3413	687	0.6363636363636364	True
3413	2617	0.5454545454545454	True
3413	2083	0.45454545454545453	False
3413	118	0.36363636363636365	True
3413	2905	0.2727272727272727	True
3413	3452	0.18181818181818182	True
3413	2311	0.09090909090909091	False
5191	321	0.9090909090909091	False
5191	3092	0.8181818181818182	False
5191	2131	0.7272727272727273	False
5191	2083	0.6363636363636364	False
5191	2617	0.5454545454545454	True
5191	2905	0.45454545454545453	True
5191	2311	0.36363636363636365	False
5191	687	0.2727272727272727	True
5191	3452	0.18181818181818182	True
5191	2871	0.09090909090909091	True
2241	3092	0.9090909090909091	False
2241	321	0.8181818181818182	False
2241	2083	0.7272727272727273	False
2241	2131	0.6363636363636364	False
2241	2311	0.5454545454545454	False
2241	2905	0.45454545454545453	True
2241	687	0.36363636363636365	True
2241	118	0.2727272727272727	True
2241	1545	0.18181818181818182	True
2241	1542	0.09090909090909091	True
1595	321	0.9090909090909091	False
1595	2083	0.8181818181818182	False
1595	118	0.7272727272727273	True
1595	687	0.6363636363636364	True
1595	2131	0.5454545454545454	False
1595	3092	0.45454545454545453	False
1595	2617	0.36363636363636365	True
1595	2311	0.2727272727272727	False
1595	3367	0.18181818181818182	True
1595	3452	0.09090909090909091	True
5850	2083	0.9090909090909091	False
5850	321	0.8181818181818182	False
5850	118	0.7272727272727273	True
5850	3092	0.6363636363636364	False
5850	687	0.5454545454545454	True
5850	2311	0.45454545454545453	False
5850	2131	0.36363636363636365	False
5850	2617	0.2727272727272727	True
5850	3452	0.18181818181818182	True
5850	1545	0.09090909090909091	True
544	321	0.9090909090909091	False
544	687	0.8181818181818182	True
544	2083	0.7272727272727273	False
544	2617	0.6363636363636364	True
544	118	0.5454545454545454	True
544	3092	0.45454545454545453	False
544	2131	0.36363636363636365	False
544	2311	0.2727272727272727	False
544	3452	0.18181818181818182	True
544	1545	0.09090909090909091	True
264	2083	0.9090909090909091	False
264	3092	0.8181818181818182	False
264	687	0.7272727272727273	True
264	321	0.6363636363636364	False
264	2311	0.5454545454545454	False
264	2905	0.45454545454545453	True
264	2131	0.36363636363636365	False
264	118	0.2727272727272727	True
264	2617	0.18181818181818182	True
264	1545	0.09090909090909091	True
4042	3092	0.9090909090909091	False
4042	321	0.8181818181818182	False
4042	2083	0.7272727272727273	False
4042	2905	0.6363636363636364	True
4042	2131	0.5454545454545454	False
4042	2311	0.45454545454545453	False
4042	687	0.36363636363636365	True
4042	3452	0.2727272727272727	True
4042	2617	0.18181818181818182	True
4042	118	0.09090909090909091	True
864	2131	0.9090909090909091	False
864	2083	0.8181818181818182	False
864	3092	0.7272727272727273	False
864	321	0.6363636363636364	False
864	687	0.5454545454545454	True
864	2617	0.45454545454545453	True
864	118	0.36363636363636365	True
864	3452	0.2727272727272727	True
864	2311	0.18181818181818182	False
864	1545	0.09090909090909091	True
516	321	0.9090909090909091	False
516	2311	0.8181818181818182	False
516	3092	0.7272727272727273	False
516	2131	0.6363636363636364	False
516	118	0.5454545454545454	True
516	2083	0.45454545454545453	False
516	687	0.36363636363636365	True
516	2617	0.2727272727272727	True
516	1545	0.18181818181818182	True
516	2871	0.09090909090909091	True
