224	2801	0.9090909090909091	False
224	1857	0.8181818181818182	False
224	101	0.7272727272727273	False
224	1811	0.6363636363636364	True
224	3885	0.5454545454545454	False
224	1649	0.45454545454545453	True
224	453	0.36363636363636365	False
224	2281	0.2727272727272727	True
224	929	0.18181818181818182	True
224	3531	0.09090909090909091	True
2616	2801	0.9090909090909091	False
2616	1857	0.8181818181818182	False
2616	101	0.7272727272727273	False
2616	453	0.6363636363636364	False
2616	3885	0.5454545454545454	False
2616	2460	0.45454545454545453	True
2616	2281	0.36363636363636365	True
2616	1649	0.2727272727272727	True
2616	1399	0.18181818181818182	True
2616	1811	0.09090909090909091	True
729	2801	0.9090909090909091	False
729	101	0.8181818181818182	False
729	3885	0.7272727272727273	False
729	2460	0.6363636363636364	True
729	1857	0.5454545454545454	False
729	1399	0.45454545454545453	True
729	3531	0.36363636363636365	True
729	1811	0.2727272727272727	True
729	2281	0.18181818181818182	True
729	453	0.09090909090909091	False
4911	2801	0.9090909090909091	False
4911	1857	0.8181818181818182	False
4911	1811	0.7272727272727273	True
4911	3885	0.6363636363636364	False
4911	1399	0.5454545454545454	True
4911	3531	0.45454545454545453	True
4911	101	0.36363636363636365	False
4911	453	0.2727272727272727	False
4911	2460	0.18181818181818182	True
4911	910	0.09090909090909091	True
2058	2801	0.9090909090909091	False
2058	1857	0.8181818181818182	False
2058	1811	0.7272727272727273	True
2058	2281	0.6363636363636364	True
2058	101	0.5454545454545454	False
2058	453	0.45454545454545453	False
2058	3885	0.36363636363636365	False
2058	2460	0.2727272727272727	True
2058	2310	0.18181818181818182	True
2058	3531	0.09090909090909091	True
1666	2801	0.9090909090909091	False
1666	1857	0.8181818181818182	False
1666	910	0.7272727272727273	True
1666	2874	0.6363636363636364	True
1666	929	0.5454545454545454	True
1666	453	0.45454545454545453	False
1666	101	0.36363636363636365	False
1666	1649	0.2727272727272727	True
1666	3130	0.18181818181818182	True
1666	3885	0.09090909090909091	False
4886	2801	0.9090909090909091	False
4886	1857	0.8181818181818182	False
4886	3885	0.7272727272727273	False
4886	1811	0.6363636363636364	True
4886	453	0.5454545454545454	False
4886	2460	0.45454545454545453	True
4886	101	0.36363636363636365	False
4886	2310	0.2727272727272727	True
4886	1399	0.18181818181818182	True
4886	2281	0.09090909090909091	True
5453	2801	0.9090909090909091	False
5453	3885	0.8181818181818182	False
5453	2281	0.7272727272727273	True
5453	1857	0.6363636363636364	False
5453	1811	0.5454545454545454	True
5453	1399	0.45454545454545453	True
5453	101	0.36363636363636365	False
5453	453	0.2727272727272727	False
5453	3531	0.18181818181818182	True
5453	2874	0.09090909090909091	True
3420	2801	0.9090909090909091	False
3420	1857	0.8181818181818182	False
3420	101	0.7272727272727273	False
3420	2281	0.6363636363636364	True
3420	453	0.5454545454545454	False
3420	2874	0.45454545454545453	True
3420	929	0.36363636363636365	True
3420	2460	0.2727272727272727	True
3420	1811	0.18181818181818182	True
3420	1649	0.09090909090909091	True
4757	2801	0.9090909090909091	False
4757	1399	0.8181818181818182	True
4757	3531	0.7272727272727273	True
4757	101	0.6363636363636364	False
4757	910	0.5454545454545454	True
4757	2281	0.45454545454545453	True
4757	1811	0.36363636363636365	True
4757	1649	0.2727272727272727	True
4757	1857	0.18181818181818182	False
4757	3130	0.09090909090909091	True
5122	2801	0.9090909090909091	False
5122	1857	0.8181818181818182	False
5122	453	0.7272727272727273	False
5122	1399	0.6363636363636364	True
5122	3885	0.5454545454545454	False
5122	1649	0.45454545454545453	True
5122	910	0.36363636363636365	True
5122	2460	0.2727272727272727	True
5122	101	0.18181818181818182	False
5122	3130	0.09090909090909091	True
1275	2801	0.9090909090909091	False
1275	3531	0.8181818181818182	True
1275	101	0.7272727272727273	False
1275	2281	0.6363636363636364	True
1275	1857	0.5454545454545454	False
1275	3885	0.45454545454545453	False
1275	1811	0.36363636363636365	True
1275	1399	0.2727272727272727	True
1275	929	0.18181818181818182	True
1275	453	0.09090909090909091	False
2486	2801	0.9090909090909091	False
2486	3885	0.8181818181818182	False
2486	1857	0.7272727272727273	False
2486	1811	0.6363636363636364	True
2486	101	0.5454545454545454	False
2486	2281	0.45454545454545453	True
2486	453	0.36363636363636365	False
2486	1399	0.2727272727272727	True
2486	3531	0.18181818181818182	True
2486	2460	0.09090909090909091	True
3055	2801	0.9090909090909091	False
3055	3531	0.8181818181818182	True
3055	101	0.7272727272727273	False
3055	1399	0.6363636363636364	True
3055	2460	0.5454545454545454	True
3055	1857	0.45454545454545453	False
3055	1811	0.36363636363636365	True
3055	453	0.2727272727272727	False
3055	3885	0.18181818181818182	False
3055	2281	0.09090909090909091	True
102	2801	0.9090909090909091	False
102	1857	0.8181818181818182	False
102	2460	0.7272727272727273	True
102	101	0.6363636363636364	False
102	1811	0.5454545454545454	True
102	453	0.45454545454545453	False
102	2874	0.36363636363636365	True
102	3531	0.2727272727272727	True
102	910	0.18181818181818182	True
102	929	0.09090909090909091	True
1794	2801	0.9090909090909091	False
1794	1857	0.8181818181818182	False
1794	453	0.7272727272727273	False
1794	1811	0.6363636363636364	True
1794	2281	0.5454545454545454	True
1794	2874	0.45454545454545453	True
1794	101	0.36363636363636365	False
1794	1399	0.2727272727272727	True
1794	2460	0.18181818181818182	True
1794	3531	0.09090909090909091	True
810	2801	0.9090909090909091	False
810	3531	0.8181818181818182	True
810	101	0.7272727272727273	False
810	453	0.6363636363636364	False
810	1857	0.5454545454545454	False
810	3885	0.45454545454545453	False
810	2874	0.36363636363636365	True
810	2281	0.2727272727272727	True
810	1399	0.18181818181818182	True
810	2460	0.09090909090909091	True
3325	2801	0.9090909090909091	False
3325	1857	0.8181818181818182	False
3325	1811	0.7272727272727273	True
3325	101	0.6363636363636364	False
3325	453	0.5454545454545454	False
3325	3885	0.45454545454545453	False
3325	929	0.36363636363636365	True
3325	3531	0.2727272727272727	True
3325	2281	0.18181818181818182	True
3325	2310	0.09090909090909091	True
2745	2801	0.9090909090909091	False
2745	3885	0.8181818181818182	False
2745	1857	0.7272727272727273	False
2745	453	0.6363636363636364	False
2745	101	0.5454545454545454	False
2745	1811	0.45454545454545453	True
2745	1649	0.36363636363636365	True
2745	2281	0.2727272727272727	True
2745	3531	0.18181818181818182	True
2745	910	0.09090909090909091	True
1557	2801	0.9090909090909091	False
1557	1857	0.8181818181818182	False
1557	101	0.7272727272727273	False
1557	3885	0.6363636363636364	False
1557	1811	0.5454545454545454	True
1557	453	0.45454545454545453	False
1557	2281	0.36363636363636365	True
1557	3531	0.2727272727272727	True
1557	1399	0.18181818181818182	True
1557	2460	0.09090909090909091	True
3796	2801	0.9090909090909091	False
3796	3885	0.8181818181818182	False
3796	1399	0.7272727272727273	True
3796	2281	0.6363636363636364	True
3796	3130	0.5454545454545454	True
3796	1857	0.45454545454545453	False
3796	910	0.36363636363636365	True
3796	1811	0.2727272727272727	True
3796	2460	0.18181818181818182	True
3796	453	0.09090909090909091	False
1634	2801	0.9090909090909091	False
1634	3885	0.8181818181818182	False
1634	1857	0.7272727272727273	False
1634	101	0.6363636363636364	False
1634	3531	0.5454545454545454	True
1634	2460	0.45454545454545453	True
1634	1399	0.36363636363636365	True
1634	2281	0.2727272727272727	True
1634	453	0.18181818181818182	False
1634	2874	0.09090909090909091	True
714	2801	0.9090909090909091	False
714	3885	0.8181818181818182	False
714	101	0.7272727272727273	False
714	1811	0.6363636363636364	True
714	3531	0.5454545454545454	True
714	1857	0.45454545454545453	False
714	2281	0.36363636363636365	True
714	929	0.2727272727272727	True
714	453	0.18181818181818182	False
714	910	0.09090909090909091	True
5374	2801	0.9090909090909091	False
5374	1857	0.8181818181818182	False
5374	453	0.7272727272727273	False
5374	3531	0.6363636363636364	True
5374	1399	0.5454545454545454	True
5374	2281	0.45454545454545453	True
5374	101	0.36363636363636365	False
5374	910	0.2727272727272727	True
5374	3885	0.18181818181818182	False
5374	1811	0.09090909090909091	True
3372	2801	0.9090909090909091	False
3372	3885	0.8181818181818182	False
3372	3531	0.7272727272727273	True
3372	1857	0.6363636363636364	False
3372	1399	0.5454545454545454	True
3372	453	0.45454545454545453	False
3372	101	0.36363636363636365	False
3372	2874	0.2727272727272727	True
3372	2281	0.18181818181818182	True
3372	910	0.09090909090909091	True
1604	2801	0.9090909090909091	False
1604	1857	0.8181818181818182	False
1604	2460	0.7272727272727273	True
1604	3885	0.6363636363636364	False
1604	453	0.5454545454545454	False
1604	1399	0.45454545454545453	True
1604	910	0.36363636363636365	True
1604	101	0.2727272727272727	False
1604	2874	0.18181818181818182	True
1604	2281	0.09090909090909091	True
3906	2801	0.9090909090909091	False
3906	2281	0.8181818181818182	True
3906	1857	0.7272727272727273	False
3906	453	0.6363636363636364	False
3906	101	0.5454545454545454	False
3906	1811	0.45454545454545453	True
3906	3885	0.36363636363636365	False
3906	3531	0.2727272727272727	True
3906	2310	0.18181818181818182	True
3906	2874	0.09090909090909091	True
429	2801	0.9090909090909091	False
429	1857	0.8181818181818182	False
429	101	0.7272727272727273	False
429	910	0.6363636363636364	True
429	3531	0.5454545454545454	True
429	3885	0.45454545454545453	False
429	1399	0.36363636363636365	True
429	1649	0.2727272727272727	True
429	453	0.18181818181818182	False
429	1811	0.09090909090909091	True
2143	2801	0.9090909090909091	False
2143	2281	0.8181818181818182	True
2143	1857	0.7272727272727273	False
2143	3531	0.6363636363636364	True
2143	101	0.5454545454545454	False
2143	453	0.45454545454545453	False
2143	3885	0.36363636363636365	False
2143	1811	0.2727272727272727	True
2143	2874	0.18181818181818182	True
2143	1399	0.09090909090909091	True
4308	2801	0.9090909090909091	False
4308	1857	0.8181818181818182	False
4308	101	0.7272727272727273	False
4308	1811	0.6363636363636364	True
4308	453	0.5454545454545454	False
4308	3885	0.45454545454545453	False
4308	2281	0.36363636363636365	True
4308	2460	0.2727272727272727	True
4308	929	0.18181818181818182	True
4308	2874	0.09090909090909091	True
2549	2801	0.9090909090909091	False
2549	1811	0.8181818181818182	True
2549	2281	0.7272727272727273	True
2549	3885	0.6363636363636364	False
2549	1857	0.5454545454545454	False
2549	1399	0.45454545454545453	True
2549	2460	0.36363636363636365	True
2549	2874	0.2727272727272727	True
2549	101	0.18181818181818182	False
2549	3625	0.09090909090909091	True
2749	2801	0.9090909090909091	False
2749	101	0.8181818181818182	False
2749	3531	0.7272727272727273	True
2749	1811	0.6363636363636364	True
2749	2874	0.5454545454545454	True
2749	2281	0.45454545454545453	True
2749	1399	0.36363636363636365	True
2749	1857	0.2727272727272727	False
2749	2460	0.18181818181818182	True
2749	3885	0.09090909090909091	False
2106	2801	0.9090909090909091	False
2106	1857	0.8181818181818182	False
2106	101	0.7272727272727273	False
2106	3885	0.6363636363636364	False
2106	1811	0.5454545454545454	True
2106	453	0.45454545454545453	False
2106	2281	0.36363636363636365	True
2106	1649	0.2727272727272727	True
2106	929	0.18181818181818182	True
2106	3531	0.09090909090909091	True
5874	2801	0.9090909090909091	False
5874	3885	0.8181818181818182	False
5874	2281	0.7272727272727273	True
5874	101	0.6363636363636364	False
5874	1399	0.5454545454545454	True
5874	1857	0.45454545454545453	False
5874	2460	0.36363636363636365	True
5874	3531	0.2727272727272727	True
5874	1811	0.18181818181818182	True
5874	2874	0.09090909090909091	True
684	2801	0.9090909090909091	False
684	1857	0.8181818181818182	False
684	453	0.7272727272727273	False
684	101	0.6363636363636364	False
684	2281	0.5454545454545454	True
684	2460	0.45454545454545453	True
684	3531	0.36363636363636365	True
684	910	0.2727272727272727	True
684	2874	0.18181818181818182	True
684	3885	0.09090909090909091	False
1571	2801	0.9090909090909091	False
1571	1857	0.8181818181818182	False
1571	101	0.7272727272727273	False
1571	3885	0.6363636363636364	False
1571	453	0.5454545454545454	False
1571	2460	0.45454545454545453	True
1571	1811	0.36363636363636365	True
1571	3531	0.2727272727272727	True
1571	910	0.18181818181818182	True
1571	929	0.09090909090909091	True
5809	2801	0.9090909090909091	False
5809	3531	0.8181818181818182	True
5809	3885	0.7272727272727273	False
5809	101	0.6363636363636364	False
5809	2281	0.5454545454545454	True
5809	453	0.45454545454545453	False
5809	1857	0.36363636363636365	False
5809	2460	0.2727272727272727	True
5809	1399	0.18181818181818182	True
5809	1811	0.09090909090909091	True
3806	2801	0.9090909090909091	False
3806	1857	0.8181818181818182	False
3806	1811	0.7272727272727273	True
3806	101	0.6363636363636364	False
3806	3531	0.5454545454545454	True
3806	2281	0.45454545454545453	True
3806	453	0.36363636363636365	False
3806	1399	0.2727272727272727	True
3806	2310	0.18181818181818182	True
3806	2460	0.09090909090909091	True
1198	2801	0.9090909090909091	False
1198	1857	0.8181818181818182	False
1198	101	0.7272727272727273	False
1198	2460	0.6363636363636364	True
1198	2874	0.5454545454545454	True
1198	453	0.45454545454545453	False
1198	1811	0.36363636363636365	True
1198	929	0.2727272727272727	True
1198	910	0.18181818181818182	True
1198	353	0.09090909090909091	True
154	2801	0.9090909090909091	False
154	1857	0.8181818181818182	False
154	101	0.7272727272727273	False
154	3885	0.6363636363636364	False
154	1811	0.5454545454545454	True
154	3531	0.45454545454545453	True
154	453	0.36363636363636365	False
154	2281	0.2727272727272727	True
154	929	0.18181818181818182	True
154	2460	0.09090909090909091	True
291	2801	0.9090909090909091	False
291	2281	0.8181818181818182	True
291	1857	0.7272727272727273	False
291	3531	0.6363636363636364	True
291	453	0.5454545454545454	False
291	1399	0.45454545454545453	True
291	3885	0.36363636363636365	False
291	101	0.2727272727272727	False
291	2460	0.18181818181818182	True
291	1811	0.09090909090909091	True
2291	2801	0.9090909090909091	False
2291	1857	0.8181818181818182	False
2291	3885	0.7272727272727273	False
2291	1811	0.6363636363636364	True
2291	453	0.5454545454545454	False
2291	101	0.45454545454545453	False
2291	2281	0.36363636363636365	True
2291	2460	0.2727272727272727	True
2291	2874	0.18181818181818182	True
2291	929	0.09090909090909091	True
2213	2801	0.9090909090909091	False
2213	910	0.8181818181818182	True
2213	3531	0.7272727272727273	True
2213	101	0.6363636363636364	False
2213	1399	0.5454545454545454	True
2213	3885	0.45454545454545453	False
2213	2874	0.36363636363636365	True
2213	1649	0.2727272727272727	True
2213	1857	0.18181818181818182	False
2213	929	0.09090909090909091	True
5108	2801	0.9090909090909091	False
5108	1857	0.8181818181818182	False
5108	2281	0.7272727272727273	True
5108	2460	0.6363636363636364	True
5108	101	0.5454545454545454	False
5108	453	0.45454545454545453	False
5108	3885	0.36363636363636365	False
5108	2874	0.2727272727272727	True
5108	1649	0.18181818181818182	True
5108	1399	0.09090909090909091	True
2641	2801	0.9090909090909091	False
2641	1857	0.8181818181818182	False
2641	453	0.7272727272727273	False
2641	101	0.6363636363636364	False
2641	3885	0.5454545454545454	False
2641	2281	0.45454545454545453	True
2641	1811	0.36363636363636365	True
2641	929	0.2727272727272727	True
2641	2460	0.18181818181818182	True
2641	2874	0.09090909090909091	True
996	101	0.9090909090909091	False
996	2801	0.8181818181818182	False
996	1811	0.7272727272727273	True
996	2281	0.6363636363636364	True
996	2874	0.5454545454545454	True
996	929	0.45454545454545453	True
996	3885	0.36363636363636365	False
996	1399	0.2727272727272727	True
996	453	0.18181818181818182	False
996	353	0.09090909090909091	True
1780	2801	0.9090909090909091	False
1780	1857	0.8181818181818182	False
1780	453	0.7272727272727273	False
1780	3531	0.6363636363636364	True
1780	3885	0.5454545454545454	False
1780	2460	0.45454545454545453	True
1780	101	0.36363636363636365	False
1780	1811	0.2727272727272727	True
1780	910	0.18181818181818182	True
1780	1399	0.09090909090909091	True
508	2801	0.9090909090909091	False
508	3885	0.8181818181818182	False
508	101	0.7272727272727273	False
508	2460	0.6363636363636364	True
508	2281	0.5454545454545454	True
508	1857	0.45454545454545453	False
508	453	0.36363636363636365	False
508	1811	0.2727272727272727	True
508	3531	0.18181818181818182	True
508	1399	0.09090909090909091	True
4741	2801	0.9090909090909091	False
4741	3885	0.8181818181818182	False
4741	3531	0.7272727272727273	True
4741	453	0.6363636363636364	False
4741	1857	0.5454545454545454	False
4741	1811	0.45454545454545453	True
4741	2874	0.36363636363636365	True
4741	101	0.2727272727272727	False
4741	2281	0.18181818181818182	True
4741	2460	0.09090909090909091	True
3112	2801	0.9090909090909091	False
3112	101	0.8181818181818182	False
3112	3531	0.7272727272727273	True
3112	2874	0.6363636363636364	True
3112	2460	0.5454545454545454	True
3112	3885	0.45454545454545453	False
3112	1857	0.36363636363636365	False
3112	453	0.2727272727272727	False
3112	2281	0.18181818181818182	True
3112	1399	0.09090909090909091	True
3189	2801	0.9090909090909091	False
3189	3885	0.8181818181818182	False
3189	3531	0.7272727272727273	True
3189	101	0.6363636363636364	False
3189	1811	0.5454545454545454	True
3189	1857	0.45454545454545453	False
3189	2281	0.36363636363636365	True
3189	453	0.2727272727272727	False
3189	2874	0.18181818181818182	True
3189	929	0.09090909090909091	True
2390	2801	0.9090909090909091	False
2390	2281	0.8181818181818182	True
2390	3531	0.7272727272727273	True
2390	1811	0.6363636363636364	True
2390	453	0.5454545454545454	False
2390	3885	0.45454545454545453	False
2390	101	0.36363636363636365	False
2390	2310	0.2727272727272727	True
2390	929	0.18181818181818182	True
2390	1857	0.09090909090909091	False
4491	2801	0.9090909090909091	False
4491	101	0.8181818181818182	False
4491	1857	0.7272727272727273	False
4491	3885	0.6363636363636364	False
4491	1811	0.5454545454545454	True
4491	453	0.45454545454545453	False
4491	2281	0.36363636363636365	True
4491	929	0.2727272727272727	True
4491	1399	0.18181818181818182	True
4491	2874	0.09090909090909091	True
1081	2801	0.9090909090909091	False
1081	3531	0.8181818181818182	True
1081	3885	0.7272727272727273	False
1081	101	0.6363636363636364	False
1081	1399	0.5454545454545454	True
1081	453	0.45454545454545453	False
1081	1857	0.36363636363636365	False
1081	1811	0.2727272727272727	True
1081	2281	0.18181818181818182	True
1081	910	0.09090909090909091	True
1526	2801	0.9090909090909091	False
1526	3885	0.8181818181818182	False
1526	3531	0.7272727272727273	True
1526	2874	0.6363636363636364	True
1526	453	0.5454545454545454	False
1526	101	0.45454545454545453	False
1526	1857	0.36363636363636365	False
1526	2310	0.2727272727272727	True
1526	1399	0.18181818181818182	True
1526	910	0.09090909090909091	True
2150	2801	0.9090909090909091	False
2150	1857	0.8181818181818182	False
2150	1811	0.7272727272727273	True
2150	453	0.6363636363636364	False
2150	101	0.5454545454545454	False
2150	2460	0.45454545454545453	True
2150	2281	0.36363636363636365	True
2150	1399	0.2727272727272727	True
2150	2310	0.18181818181818182	True
2150	1649	0.09090909090909091	True
420	2801	0.9090909090909091	False
420	101	0.8181818181818182	False
420	3885	0.7272727272727273	False
420	453	0.6363636363636364	False
420	1857	0.5454545454545454	False
420	2281	0.45454545454545453	True
420	2874	0.36363636363636365	True
420	3531	0.2727272727272727	True
420	1649	0.18181818181818182	True
420	1399	0.09090909090909091	True
268	2801	0.9090909090909091	False
268	3885	0.8181818181818182	False
268	3531	0.7272727272727273	True
268	101	0.6363636363636364	False
268	2281	0.5454545454545454	True
268	453	0.45454545454545453	False
268	1811	0.36363636363636365	True
268	1857	0.2727272727272727	False
268	1399	0.18181818181818182	True
268	929	0.09090909090909091	True
2619	2801	0.9090909090909091	False
2619	3531	0.8181818181818182	True
2619	101	0.7272727272727273	False
2619	1399	0.6363636363636364	True
2619	1811	0.5454545454545454	True
2619	1857	0.45454545454545453	False
2619	2460	0.36363636363636365	True
2619	3885	0.2727272727272727	False
2619	2874	0.18181818181818182	True
2619	910	0.09090909090909091	True
5542	2801	0.9090909090909091	False
5542	1857	0.8181818181818182	False
5542	101	0.7272727272727273	False
5542	3885	0.6363636363636364	False
5542	3531	0.5454545454545454	True
5542	2281	0.45454545454545453	True
5542	1811	0.36363636363636365	True
5542	453	0.2727272727272727	False
5542	929	0.18181818181818182	True
5542	2460	0.09090909090909091	True
4181	2801	0.9090909090909091	False
4181	2281	0.8181818181818182	True
4181	3885	0.7272727272727273	False
4181	3531	0.6363636363636364	True
4181	101	0.5454545454545454	False
4181	453	0.45454545454545453	False
4181	1811	0.36363636363636365	True
4181	2874	0.2727272727272727	True
4181	1857	0.18181818181818182	False
4181	929	0.09090909090909091	True
1262	2801	0.9090909090909091	False
1262	1857	0.8181818181818182	False
1262	101	0.7272727272727273	False
1262	3885	0.6363636363636364	False
1262	2460	0.5454545454545454	True
1262	1811	0.45454545454545453	True
1262	453	0.36363636363636365	False
1262	2874	0.2727272727272727	True
1262	353	0.18181818181818182	True
1262	929	0.09090909090909091	True
5794	2801	0.9090909090909091	False
5794	3885	0.8181818181818182	False
5794	1811	0.7272727272727273	True
5794	453	0.6363636363636364	False
5794	101	0.5454545454545454	False
5794	2310	0.45454545454545453	True
5794	2874	0.36363636363636365	True
5794	2460	0.2727272727272727	True
5794	1857	0.18181818181818182	False
5794	3531	0.09090909090909091	True
2870	2801	0.9090909090909091	False
2870	1399	0.8181818181818182	True
2870	1857	0.7272727272727273	False
2870	3885	0.6363636363636364	False
2870	2460	0.5454545454545454	True
2870	101	0.45454545454545453	False
2870	3531	0.36363636363636365	True
2870	1811	0.2727272727272727	True
2870	453	0.18181818181818182	False
2870	2281	0.09090909090909091	True
4120	2460	0.9090909090909091	True
4120	2801	0.8181818181818182	False
4120	101	0.7272727272727273	False
4120	3885	0.6363636363636364	False
4120	1399	0.5454545454545454	True
4120	1857	0.45454545454545453	False
4120	453	0.36363636363636365	False
4120	3625	0.2727272727272727	True
4120	2281	0.18181818181818182	True
4120	1811	0.09090909090909091	True
4351	1857	0.9090909090909091	False
4351	2801	0.8181818181818182	False
4351	2460	0.7272727272727273	True
4351	101	0.6363636363636364	False
4351	1811	0.5454545454545454	True
4351	3885	0.45454545454545453	False
4351	453	0.36363636363636365	False
4351	2874	0.2727272727272727	True
4351	1399	0.18181818181818182	True
4351	3531	0.09090909090909091	True
3414	2801	0.9090909090909091	False
3414	3531	0.8181818181818182	True
3414	101	0.7272727272727273	False
3414	1811	0.6363636363636364	True
3414	2281	0.5454545454545454	True
3414	3885	0.45454545454545453	False
3414	453	0.36363636363636365	False
3414	1857	0.2727272727272727	False
3414	2874	0.18181818181818182	True
3414	1399	0.09090909090909091	True
4092	2801	0.9090909090909091	False
4092	3531	0.8181818181818182	True
4092	1399	0.7272727272727273	True
4092	1857	0.6363636363636364	False
4092	2460	0.5454545454545454	True
4092	101	0.45454545454545453	False
4092	3885	0.36363636363636365	False
4092	453	0.2727272727272727	False
4092	929	0.18181818181818182	True
4092	1811	0.09090909090909091	True
341	2801	0.9090909090909091	False
341	3885	0.8181818181818182	False
341	1857	0.7272727272727273	False
341	1399	0.6363636363636364	True
341	3130	0.5454545454545454	True
341	910	0.45454545454545453	True
341	101	0.36363636363636365	False
341	453	0.2727272727272727	False
341	1649	0.18181818181818182	True
341	2460	0.09090909090909091	True
679	2801	0.9090909090909091	False
679	101	0.8181818181818182	False
679	2281	0.7272727272727273	True
679	3885	0.6363636363636364	False
679	1857	0.5454545454545454	False
679	1811	0.45454545454545453	True
679	929	0.36363636363636365	True
679	2874	0.2727272727272727	True
679	1399	0.18181818181818182	True
679	453	0.09090909090909091	False
5897	2801	0.9090909090909091	False
5897	101	0.8181818181818182	False
5897	3885	0.7272727272727273	False
5897	1811	0.6363636363636364	True
5897	2281	0.5454545454545454	True
5897	1857	0.45454545454545453	False
5897	2874	0.36363636363636365	True
5897	929	0.2727272727272727	True
5897	453	0.18181818181818182	False
5897	3625	0.09090909090909091	True
3732	2801	0.9090909090909091	False
3732	453	0.8181818181818182	False
3732	2460	0.7272727272727273	True
3732	3885	0.6363636363636364	False
3732	2874	0.5454545454545454	True
3732	2281	0.45454545454545453	True
3732	101	0.36363636363636365	False
3732	1857	0.2727272727272727	False
3732	929	0.18181818181818182	True
3732	1399	0.09090909090909091	True
1336	1857	0.9090909090909091	False
1336	2801	0.8181818181818182	False
1336	1811	0.7272727272727273	True
1336	1649	0.6363636363636364	True
1336	3885	0.5454545454545454	False
1336	453	0.45454545454545453	False
1336	101	0.36363636363636365	False
1336	1399	0.2727272727272727	True
1336	910	0.18181818181818182	True
1336	3531	0.09090909090909091	True
3681	2801	0.9090909090909091	False
3681	3885	0.8181818181818182	False
3681	101	0.7272727272727273	False
3681	3531	0.6363636363636364	True
3681	2281	0.5454545454545454	True
3681	1811	0.45454545454545453	True
3681	2874	0.36363636363636365	True
3681	3738	0.2727272727272727	True
3681	453	0.18181818181818182	False
3681	349	0.09090909090909091	True
5178	2801	0.9090909090909091	False
5178	1857	0.8181818181818182	False
5178	101	0.7272727272727273	False
5178	453	0.6363636363636364	False
5178	2281	0.5454545454545454	True
5178	3885	0.45454545454545453	False
5178	929	0.36363636363636365	True
5178	2874	0.2727272727272727	True
5178	2460	0.18181818181818182	True
5178	1811	0.09090909090909091	True
1028	2801	0.9090909090909091	False
1028	3885	0.8181818181818182	False
1028	2281	0.7272727272727273	True
1028	2874	0.6363636363636364	True
1028	453	0.5454545454545454	False
1028	101	0.45454545454545453	False
1028	2460	0.36363636363636365	True
1028	1857	0.2727272727272727	False
1028	3531	0.18181818181818182	True
1028	1811	0.09090909090909091	True
3096	2801	0.9090909090909091	False
3096	3531	0.8181818181818182	True
3096	2281	0.7272727272727273	True
3096	1857	0.6363636363636364	False
3096	1811	0.5454545454545454	True
3096	1399	0.45454545454545453	True
3096	2310	0.36363636363636365	True
3096	101	0.2727272727272727	False
3096	2460	0.18181818181818182	True
3096	453	0.09090909090909091	False
2477	2801	0.9090909090909091	False
2477	1857	0.8181818181818182	False
2477	2281	0.7272727272727273	True
2477	453	0.6363636363636364	False
2477	3531	0.5454545454545454	True
2477	1399	0.45454545454545453	True
2477	2874	0.36363636363636365	True
2477	1811	0.2727272727272727	True
2477	101	0.18181818181818182	False
2477	2310	0.09090909090909091	True
2969	2801	0.9090909090909091	False
2969	3531	0.8181818181818182	True
2969	3885	0.7272727272727273	False
2969	1857	0.6363636363636364	False
2969	910	0.5454545454545454	True
2969	1399	0.45454545454545453	True
2969	1811	0.36363636363636365	True
2969	101	0.2727272727272727	False
2969	2281	0.18181818181818182	True
2969	453	0.09090909090909091	False
5400	2801	0.9090909090909091	False
5400	3885	0.8181818181818182	False
5400	1857	0.7272727272727273	False
5400	1811	0.6363636363636364	True
5400	101	0.5454545454545454	False
5400	453	0.45454545454545453	False
5400	1399	0.36363636363636365	True
5400	2281	0.2727272727272727	True
5400	1649	0.18181818181818182	True
5400	2460	0.09090909090909091	True
2985	2801	0.9090909090909091	False
2985	1857	0.8181818181818182	False
2985	101	0.7272727272727273	False
2985	2460	0.6363636363636364	True
2985	453	0.5454545454545454	False
2985	3885	0.45454545454545453	False
2985	1811	0.36363636363636365	True
2985	2281	0.2727272727272727	True
2985	910	0.18181818181818182	True
2985	1399	0.09090909090909091	True
4970	2801	0.9090909090909091	False
4970	3885	0.8181818181818182	False
4970	1811	0.7272727272727273	True
4970	1857	0.6363636363636364	False
4970	101	0.5454545454545454	False
4970	1649	0.45454545454545453	True
4970	453	0.36363636363636365	False
4970	929	0.2727272727272727	True
4970	2281	0.18181818181818182	True
4970	3531	0.09090909090909091	True
5414	2801	0.9090909090909091	False
5414	101	0.8181818181818182	False
5414	1811	0.7272727272727273	True
5414	2281	0.6363636363636364	True
5414	2874	0.5454545454545454	True
5414	3531	0.45454545454545453	True
5414	453	0.36363636363636365	False
5414	1857	0.2727272727272727	False
5414	2460	0.18181818181818182	True
5414	929	0.09090909090909091	True
2267	2801	0.9090909090909091	False
2267	3531	0.8181818181818182	True
2267	3885	0.7272727272727273	False
2267	101	0.6363636363636364	False
2267	1811	0.5454545454545454	True
2267	1399	0.45454545454545453	True
2267	453	0.36363636363636365	False
2267	2281	0.2727272727272727	True
2267	2460	0.18181818181818182	True
2267	2874	0.09090909090909091	True
776	2801	0.9090909090909091	False
776	3885	0.8181818181818182	False
776	1811	0.7272727272727273	True
776	1399	0.6363636363636364	True
776	1857	0.5454545454545454	False
776	101	0.45454545454545453	False
776	2281	0.36363636363636365	True
776	2460	0.2727272727272727	True
776	1649	0.18181818181818182	True
776	453	0.09090909090909091	False
2457	2801	0.9090909090909091	False
2457	3885	0.8181818181818182	False
2457	453	0.7272727272727273	False
2457	1857	0.6363636363636364	False
2457	101	0.5454545454545454	False
2457	1811	0.45454545454545453	True
2457	2460	0.36363636363636365	True
2457	3531	0.2727272727272727	True
2457	1399	0.18181818181818182	True
2457	1649	0.09090909090909091	True
3604	2801	0.9090909090909091	False
3604	101	0.8181818181818182	False
3604	3885	0.7272727272727273	False
3604	1811	0.6363636363636364	True
3604	1857	0.5454545454545454	False
3604	2281	0.45454545454545453	True
3604	453	0.36363636363636365	False
3604	1399	0.2727272727272727	True
3604	2460	0.18181818181818182	True
3604	1649	0.09090909090909091	True
1633	2801	0.9090909090909091	False
1633	101	0.8181818181818182	False
1633	3531	0.7272727272727273	True
1633	1811	0.6363636363636364	True
1633	1857	0.5454545454545454	False
1633	453	0.45454545454545453	False
1633	2310	0.36363636363636365	True
1633	929	0.2727272727272727	True
1633	1399	0.18181818181818182	True
1633	2281	0.09090909090909091	True
5245	2801	0.9090909090909091	False
5245	101	0.8181818181818182	False
5245	1811	0.7272727272727273	True
5245	2460	0.6363636363636364	True
5245	3885	0.5454545454545454	False
5245	1857	0.45454545454545453	False
5245	1399	0.36363636363636365	True
5245	3531	0.2727272727272727	True
5245	2281	0.18181818181818182	True
5245	453	0.09090909090909091	False
5839	2801	0.9090909090909091	False
5839	3885	0.8181818181818182	False
5839	101	0.7272727272727273	False
5839	1811	0.6363636363636364	True
5839	1649	0.5454545454545454	True
5839	2874	0.45454545454545453	True
5839	1857	0.36363636363636365	False
5839	910	0.2727272727272727	True
5839	3531	0.18181818181818182	True
5839	2460	0.09090909090909091	True
25	2801	0.9090909090909091	False
25	3885	0.8181818181818182	False
25	453	0.7272727272727273	False
25	1857	0.6363636363636364	False
25	1811	0.5454545454545454	True
25	101	0.45454545454545453	False
25	1649	0.36363636363636365	True
25	3531	0.2727272727272727	True
25	2281	0.18181818181818182	True
25	2874	0.09090909090909091	True
3331	2801	0.9090909090909091	False
3331	3885	0.8181818181818182	False
3331	2460	0.7272727272727273	True
3331	1399	0.6363636363636364	True
3331	1857	0.5454545454545454	False
3331	2310	0.45454545454545453	True
3331	1811	0.36363636363636365	True
3331	2874	0.2727272727272727	True
3331	3531	0.18181818181818182	True
3331	101	0.09090909090909091	False
1517	2801	0.9090909090909091	False
1517	101	0.8181818181818182	False
1517	2460	0.7272727272727273	True
1517	1857	0.6363636363636364	False
1517	2874	0.5454545454545454	True
1517	2281	0.45454545454545453	True
1517	453	0.36363636363636365	False
1517	1811	0.2727272727272727	True
1517	3531	0.18181818181818182	True
1517	1399	0.09090909090909091	True
2444	2801	0.9090909090909091	False
2444	3885	0.8181818181818182	False
2444	2874	0.7272727272727273	True
2444	453	0.6363636363636364	False
2444	1857	0.5454545454545454	False
2444	1399	0.45454545454545453	True
2444	2281	0.36363636363636365	True
2444	910	0.2727272727272727	True
2444	2460	0.18181818181818182	True
2444	101	0.09090909090909091	False
5430	2801	0.9090909090909091	False
5430	1811	0.8181818181818182	True
5430	3885	0.7272727272727273	False
5430	2281	0.6363636363636364	True
5430	101	0.5454545454545454	False
5430	1857	0.45454545454545453	False
5430	453	0.36363636363636365	False
5430	1649	0.2727272727272727	True
5430	3531	0.18181818181818182	True
5430	929	0.09090909090909091	True
631	1811	0.9090909090909091	True
631	101	0.8181818181818182	False
631	2801	0.7272727272727273	False
631	3885	0.6363636363636364	False
631	3531	0.5454545454545454	True
631	2281	0.45454545454545453	True
631	2874	0.36363636363636365	True
631	453	0.2727272727272727	False
631	1399	0.18181818181818182	True
631	929	0.09090909090909091	True
2953	2801	0.9090909090909091	False
2953	1857	0.8181818181818182	False
2953	101	0.7272727272727273	False
2953	2281	0.6363636363636364	True
2953	2874	0.5454545454545454	True
2953	453	0.45454545454545453	False
2953	2460	0.36363636363636365	True
2953	1811	0.2727272727272727	True
2953	2310	0.18181818181818182	True
2953	929	0.09090909090909091	True
967	2801	0.9090909090909091	False
967	101	0.8181818181818182	False
967	1857	0.7272727272727273	False
967	1399	0.6363636363636364	True
967	1811	0.5454545454545454	True
967	3531	0.45454545454545453	True
967	2460	0.36363636363636365	True
967	2281	0.2727272727272727	True
967	2874	0.18181818181818182	True
967	3885	0.09090909090909091	False
2440	2801	0.9090909090909091	False
2440	3885	0.8181818181818182	False
2440	1399	0.7272727272727273	True
2440	2281	0.6363636363636364	True
2440	101	0.5454545454545454	False
2440	453	0.45454545454545453	False
2440	1857	0.36363636363636365	False
2440	3531	0.2727272727272727	True
2440	2310	0.18181818181818182	True
2440	1811	0.09090909090909091	True
