3977	2826	0.9090909090909091	False
3977	340	0.8181818181818182	False
3977	2231	0.7272727272727273	False
3977	3768	0.6363636363636364	True
3977	2273	0.5454545454545454	True
3977	2448	0.45454545454545453	False
3977	2256	0.36363636363636365	True
3977	1977	0.2727272727272727	True
3977	888	0.18181818181818182	True
3977	1665	0.09090909090909091	False
3909	3768	0.9090909090909091	True
3909	340	0.8181818181818182	False
3909	1665	0.7272727272727273	False
3909	2741	0.6363636363636364	True
3909	2448	0.5454545454545454	False
3909	161	0.45454545454545453	True
3909	3909	0.36363636363636365	True
3909	3448	0.2727272727272727	True
3909	2273	0.18181818181818182	True
3909	2231	0.09090909090909091	False
3521	888	0.9090909090909091	True
3521	1977	0.8181818181818182	True
3521	2826	0.7272727272727273	False
3521	2448	0.6363636363636364	False
3521	558	0.5454545454545454	True
3521	3768	0.45454545454545453	True
3521	3909	0.36363636363636365	True
3521	2273	0.2727272727272727	True
3521	340	0.18181818181818182	False
3521	956	0.09090909090909091	True
1634	2448	0.9090909090909091	False
1634	340	0.8181818181818182	False
1634	1665	0.7272727272727273	False
1634	3448	0.6363636363636364	True
1634	888	0.5454545454545454	True
1634	3768	0.45454545454545453	True
1634	2273	0.36363636363636365	True
1634	445	0.2727272727272727	True
1634	1436	0.18181818181818182	True
1634	3909	0.09090909090909091	True
3785	2448	0.9090909090909091	False
3785	2826	0.8181818181818182	False
3785	888	0.7272727272727273	True
3785	445	0.6363636363636364	True
3785	956	0.5454545454545454	True
3785	2231	0.45454545454545453	False
3785	574	0.36363636363636365	True
3785	20	0.2727272727272727	True
3785	1620	0.18181818181818182	True
3785	1665	0.09090909090909091	False
5440	340	0.9090909090909091	False
5440	2826	0.8181818181818182	False
5440	2231	0.7272727272727273	False
5440	888	0.6363636363636364	True
5440	3909	0.5454545454545454	True
5440	2273	0.45454545454545453	True
5440	1675	0.36363636363636365	True
5440	3768	0.2727272727272727	True
5440	2448	0.18181818181818182	False
5440	2256	0.09090909090909091	True
1751	445	0.9090909090909091	True
1751	2448	0.8181818181818182	False
1751	2231	0.7272727272727273	False
1751	3448	0.6363636363636364	True
1751	340	0.5454545454545454	False
1751	888	0.45454545454545453	True
1751	528	0.36363636363636365	True
1751	3768	0.2727272727272727	True
1751	3909	0.18181818181818182	True
1751	2273	0.09090909090909091	True
3163	2448	0.9090909090909091	False
3163	2231	0.8181818181818182	False
3163	3768	0.7272727272727273	True
3163	340	0.6363636363636364	False
3163	3448	0.5454545454545454	True
3163	445	0.45454545454545453	True
3163	1436	0.36363636363636365	True
3163	3909	0.2727272727272727	True
3163	1665	0.18181818181818182	False
3163	888	0.09090909090909091	True
1188	2448	0.9090909090909091	False
1188	888	0.8181818181818182	True
1188	3909	0.7272727272727273	True
1188	2231	0.6363636363636364	False
1188	3448	0.5454545454545454	True
1188	2826	0.45454545454545453	False
1188	3768	0.36363636363636365	True
1188	956	0.2727272727272727	True
1188	340	0.18181818181818182	False
1188	1054	0.09090909090909091	True
182	2231	0.9090909090909091	False
182	2448	0.8181818181818182	False
182	1665	0.7272727272727273	False
182	2826	0.6363636363636364	False
182	340	0.5454545454545454	False
182	3768	0.45454545454545453	True
182	1436	0.36363636363636365	True
182	445	0.2727272727272727	True
182	2417	0.18181818181818182	True
182	3909	0.09090909090909091	True
4126	2231	0.9090909090909091	False
4126	3909	0.8181818181818182	True
4126	2826	0.7272727272727273	False
4126	2448	0.6363636363636364	False
4126	3448	0.5454545454545454	True
4126	1388	0.45454545454545453	True
4126	340	0.36363636363636365	False
4126	1665	0.2727272727272727	False
4126	445	0.18181818181818182	True
4126	888	0.09090909090909091	True
2922	2826	0.9090909090909091	False
2922	1665	0.8181818181818182	False
2922	2448	0.7272727272727273	False
2922	2231	0.6363636363636364	False
2922	3909	0.5454545454545454	True
2922	1977	0.45454545454545453	True
2922	956	0.36363636363636365	True
2922	340	0.2727272727272727	False
2922	888	0.18181818181818182	True
2922	1126	0.09090909090909091	True
1200	2231	0.9090909090909091	False
1200	1665	0.8181818181818182	False
1200	2448	0.7272727272727273	False
1200	340	0.6363636363636364	False
1200	3448	0.5454545454545454	True
1200	3909	0.45454545454545453	True
1200	2741	0.36363636363636365	True
1200	164	0.2727272727272727	True
1200	3260	0.18181818181818182	True
1200	161	0.09090909090909091	True
3123	1665	0.9090909090909091	False
3123	3768	0.8181818181818182	True
3123	2448	0.7272727272727273	False
3123	3448	0.6363636363636364	True
3123	938	0.5454545454545454	True
3123	2231	0.45454545454545453	False
3123	340	0.36363636363636365	False
3123	649	0.2727272727272727	True
3123	1436	0.18181818181818182	True
3123	3909	0.09090909090909091	True
3835	3909	0.9090909090909091	True
3835	3768	0.8181818181818182	True
3835	558	0.7272727272727273	True
3835	2448	0.6363636363636364	False
3835	938	0.5454545454545454	True
3835	3448	0.45454545454545453	True
3835	1665	0.36363636363636365	False
3835	2273	0.2727272727272727	True
3835	2417	0.18181818181818182	True
3835	1977	0.09090909090909091	True
1015	3768	0.9090909090909091	True
1015	340	0.8181818181818182	False
1015	2231	0.7272727272727273	False
1015	2826	0.6363636363636364	False
1015	2448	0.5454545454545454	False
1015	164	0.45454545454545453	True
1015	1665	0.36363636363636365	False
1015	547	0.2727272727272727	True
1015	161	0.18181818181818182	True
1015	2256	0.09090909090909091	True
5325	2231	0.9090909090909091	False
5325	340	0.8181818181818182	False
5325	1665	0.7272727272727273	False
5325	2448	0.6363636363636364	False
5325	3768	0.5454545454545454	True
5325	528	0.45454545454545453	True
5325	2826	0.36363636363636365	False
5325	445	0.2727272727272727	True
5325	2417	0.18181818181818182	True
5325	161	0.09090909090909091	True
1624	3448	0.9090909090909091	True
1624	2448	0.8181818181818182	False
1624	1665	0.7272727272727273	False
1624	340	0.6363636363636364	False
1624	3909	0.5454545454545454	True
1624	445	0.45454545454545453	True
1624	2231	0.36363636363636365	False
1624	528	0.2727272727272727	True
1624	161	0.18181818181818182	True
1624	1436	0.09090909090909091	True
3435	3768	0.9090909090909091	True
3435	2448	0.8181818181818182	False
3435	2231	0.7272727272727273	False
3435	1665	0.6363636363636364	False
3435	340	0.5454545454545454	False
3435	2273	0.45454545454545453	True
3435	2826	0.36363636363636365	False
3435	3448	0.2727272727272727	True
3435	445	0.18181818181818182	True
3435	3909	0.09090909090909091	True
4238	2231	0.9090909090909091	False
4238	2448	0.8181818181818182	False
4238	1665	0.7272727272727273	False
4238	3768	0.6363636363636364	True
4238	164	0.5454545454545454	True
4238	340	0.45454545454545453	False
4238	649	0.36363636363636365	True
4238	547	0.2727272727272727	True
4238	2826	0.18181818181818182	False
4238	1054	0.09090909090909091	True
978	2448	0.9090909090909091	False
978	2231	0.8181818181818182	False
978	3768	0.7272727272727273	True
978	3909	0.6363636363636364	True
978	2826	0.5454545454545454	False
978	164	0.45454545454545453	True
978	1977	0.36363636363636365	True
978	1665	0.2727272727272727	False
978	445	0.18181818181818182	True
978	888	0.09090909090909091	True
5911	2231	0.9090909090909091	False
5911	2448	0.8181818181818182	False
5911	445	0.7272727272727273	True
5911	2826	0.6363636363636364	False
5911	340	0.5454545454545454	False
5911	547	0.45454545454545453	True
5911	164	0.36363636363636365	True
5911	3768	0.2727272727272727	True
5911	1665	0.18181818181818182	False
5911	2256	0.09090909090909091	True
3412	2231	0.9090909090909091	False
3412	2448	0.8181818181818182	False
3412	3768	0.7272727272727273	True
3412	3909	0.6363636363636364	True
3412	2826	0.5454545454545454	False
3412	1665	0.45454545454545453	False
3412	445	0.36363636363636365	True
3412	3448	0.2727272727272727	True
3412	938	0.18181818181818182	True
3412	888	0.09090909090909091	True
5959	2448	0.9090909090909091	False
5959	2231	0.8181818181818182	False
5959	1665	0.7272727272727273	False
5959	956	0.6363636363636364	True
5959	3768	0.5454545454545454	True
5959	2826	0.45454545454545453	False
5959	164	0.36363636363636365	True
5959	1054	0.2727272727272727	True
5959	1977	0.18181818181818182	True
5959	2273	0.09090909090909091	True
1165	3448	0.9090909090909091	True
1165	2448	0.8181818181818182	False
1165	1665	0.7272727272727273	False
1165	2826	0.6363636363636364	False
1165	2273	0.5454545454545454	True
1165	888	0.45454545454545453	True
1165	340	0.36363636363636365	False
1165	3768	0.2727272727272727	True
1165	1054	0.18181818181818182	True
1165	1436	0.09090909090909091	True
1967	2448	0.9090909090909091	False
1967	2231	0.8181818181818182	False
1967	1977	0.7272727272727273	True
1967	956	0.6363636363636364	True
1967	2826	0.5454545454545454	False
1967	3768	0.45454545454545453	True
1967	2273	0.36363636363636365	True
1967	2256	0.2727272727272727	True
1967	340	0.18181818181818182	False
1967	1054	0.09090909090909091	True
1713	2826	0.9090909090909091	False
1713	340	0.8181818181818182	False
1713	1665	0.7272727272727273	False
1713	2448	0.6363636363636364	False
1713	2231	0.5454545454545454	False
1713	1977	0.45454545454545453	True
1713	547	0.36363636363636365	True
1713	3909	0.2727272727272727	True
1713	3768	0.18181818181818182	True
1713	938	0.09090909090909091	True
4490	2448	0.9090909090909091	False
4490	1665	0.8181818181818182	False
4490	161	0.7272727272727273	True
4490	340	0.6363636363636364	False
4490	3909	0.5454545454545454	True
4490	164	0.45454545454545453	True
4490	1054	0.36363636363636365	True
4490	956	0.2727272727272727	True
4490	2741	0.18181818181818182	True
4490	888	0.09090909090909091	True
5121	2826	0.9090909090909091	False
5121	2448	0.8181818181818182	False
5121	340	0.7272727272727273	False
5121	888	0.6363636363636364	True
5121	3909	0.5454545454545454	True
5121	1665	0.45454545454545453	False
5121	1436	0.36363636363636365	True
5121	3448	0.2727272727272727	True
5121	2231	0.18181818181818182	False
5121	445	0.09090909090909091	True
4246	1665	0.9090909090909091	False
4246	2231	0.8181818181818182	False
4246	2448	0.7272727272727273	False
4246	2826	0.6363636363636364	False
4246	888	0.5454545454545454	True
4246	340	0.45454545454545453	False
4246	445	0.36363636363636365	True
4246	161	0.2727272727272727	True
4246	1977	0.18181818181818182	True
4246	3909	0.09090909090909091	True
1016	1436	0.9090909090909091	True
1016	340	0.8181818181818182	False
1016	1665	0.7272727272727273	False
1016	2448	0.6363636363636364	False
1016	161	0.5454545454545454	True
1016	888	0.45454545454545453	True
1016	3448	0.36363636363636365	True
1016	3909	0.2727272727272727	True
1016	2826	0.18181818181818182	False
1016	528	0.09090909090909091	True
4905	161	0.9090909090909091	True
4905	1665	0.8181818181818182	False
4905	1620	0.7272727272727273	True
4905	574	0.6363636363636364	True
4905	2826	0.5454545454545454	False
4905	2273	0.45454545454545453	True
4905	888	0.36363636363636365	True
4905	164	0.2727272727272727	True
4905	340	0.18181818181818182	False
4905	2448	0.09090909090909091	False
3834	2231	0.9090909090909091	False
3834	3768	0.8181818181818182	True
3834	2448	0.7272727272727273	False
3834	1665	0.6363636363636364	False
3834	445	0.5454545454545454	True
3834	1620	0.45454545454545453	True
3834	2826	0.36363636363636365	False
3834	3909	0.2727272727272727	True
3834	956	0.18181818181818182	True
3834	161	0.09090909090909091	True
2979	2448	0.9090909090909091	False
2979	3448	0.8181818181818182	True
2979	888	0.7272727272727273	True
2979	2273	0.6363636363636364	True
2979	3909	0.5454545454545454	True
2979	340	0.45454545454545453	False
2979	2826	0.36363636363636365	False
2979	1436	0.2727272727272727	True
2979	1665	0.18181818181818182	False
2979	2231	0.09090909090909091	False
4952	1665	0.9090909090909091	False
4952	3768	0.8181818181818182	True
4952	340	0.7272727272727273	False
4952	1436	0.6363636363636364	True
4952	2231	0.5454545454545454	False
4952	161	0.45454545454545453	True
4952	1126	0.36363636363636365	True
4952	888	0.2727272727272727	True
4952	574	0.18181818181818182	True
4952	2448	0.09090909090909091	False
4576	888	0.9090909090909091	True
4576	3448	0.8181818181818182	True
4576	2826	0.7272727272727273	False
4576	2448	0.6363636363636364	False
4576	2231	0.5454545454545454	False
4576	1436	0.45454545454545453	True
4576	3768	0.36363636363636365	True
4576	1665	0.2727272727272727	False
4576	525	0.18181818181818182	True
4576	3909	0.09090909090909091	True
5450	2448	0.9090909090909091	False
5450	2231	0.8181818181818182	False
5450	1054	0.7272727272727273	True
5450	2826	0.6363636363636364	False
5450	888	0.5454545454545454	True
5450	3909	0.45454545454545453	True
5450	340	0.36363636363636365	False
5450	3448	0.2727272727272727	True
5450	3768	0.18181818181818182	True
5450	164	0.09090909090909091	True
2784	2448	0.9090909090909091	False
2784	3768	0.8181818181818182	True
2784	3448	0.7272727272727273	True
2784	2231	0.6363636363636364	False
2784	2826	0.5454545454545454	False
2784	1665	0.45454545454545453	False
2784	2273	0.36363636363636365	True
2784	1054	0.2727272727272727	True
2784	888	0.18181818181818182	True
2784	3909	0.09090909090909091	True
938	340	0.9090909090909091	False
938	161	0.8181818181818182	True
938	1665	0.7272727272727273	False
938	938	0.6363636363636364	True
938	2448	0.5454545454545454	False
938	3909	0.45454545454545453	True
938	164	0.36363636363636365	True
938	2826	0.2727272727272727	False
938	547	0.18181818181818182	True
938	558	0.09090909090909091	True
5456	2448	0.9090909090909091	False
5456	3768	0.8181818181818182	True
5456	956	0.7272727272727273	True
5456	1665	0.6363636363636364	False
5456	558	0.5454545454545454	True
5456	445	0.45454545454545453	True
5456	161	0.36363636363636365	True
5456	2826	0.2727272727272727	False
5456	164	0.18181818181818182	True
5456	1620	0.09090909090909091	True
5958	2448	0.9090909090909091	False
5958	3448	0.8181818181818182	True
5958	1665	0.7272727272727273	False
5958	2231	0.6363636363636364	False
5958	3909	0.5454545454545454	True
5958	1388	0.45454545454545453	True
5958	445	0.36363636363636365	True
5958	164	0.2727272727272727	True
5958	3768	0.18181818181818182	True
5958	649	0.09090909090909091	True
1466	2826	0.9090909090909091	False
1466	2448	0.8181818181818182	False
1466	2231	0.7272727272727273	False
1466	3768	0.6363636363636364	True
1466	888	0.5454545454545454	True
1466	445	0.45454545454545453	True
1466	1665	0.36363636363636365	False
1466	2417	0.2727272727272727	True
1466	340	0.18181818181818182	False
1466	956	0.09090909090909091	True
36	340	0.9090909090909091	False
36	161	0.8181818181818182	True
36	2231	0.7272727272727273	False
36	2448	0.6363636363636364	False
36	1054	0.5454545454545454	True
36	164	0.45454545454545453	True
36	1675	0.36363636363636365	True
36	3909	0.2727272727272727	True
36	2273	0.18181818181818182	True
36	2364	0.09090909090909091	True
4096	2826	0.9090909090909091	False
4096	340	0.8181818181818182	False
4096	2448	0.7272727272727273	False
4096	2273	0.6363636363636364	True
4096	888	0.5454545454545454	True
4096	3768	0.45454545454545453	True
4096	164	0.36363636363636365	True
4096	161	0.2727272727272727	True
4096	1054	0.18181818181818182	True
4096	2256	0.09090909090909091	True
795	2448	0.9090909090909091	False
795	2826	0.8181818181818182	False
795	340	0.7272727272727273	False
795	2231	0.6363636363636364	False
795	1665	0.5454545454545454	False
795	1436	0.45454545454545453	True
795	161	0.36363636363636365	True
795	3909	0.2727272727272727	True
795	3768	0.18181818181818182	True
795	164	0.09090909090909091	True
4106	340	0.9090909090909091	False
4106	2231	0.8181818181818182	False
4106	1665	0.7272727272727273	False
4106	2826	0.6363636363636364	False
4106	547	0.5454545454545454	True
4106	888	0.45454545454545453	True
4106	3768	0.36363636363636365	True
4106	2273	0.2727272727272727	True
4106	161	0.18181818181818182	True
4106	2364	0.09090909090909091	True
3556	2448	0.9090909090909091	False
3556	3768	0.8181818181818182	True
3556	1977	0.7272727272727273	True
3556	3909	0.6363636363636364	True
3556	164	0.5454545454545454	True
3556	1665	0.45454545454545453	False
3556	445	0.36363636363636365	True
3556	3448	0.2727272727272727	True
3556	2231	0.18181818181818182	False
3556	2826	0.09090909090909091	False
1332	161	0.9090909090909091	True
1332	340	0.8181818181818182	False
1332	1665	0.7272727272727273	False
1332	2448	0.6363636363636364	False
1332	3768	0.5454545454545454	True
1332	2273	0.45454545454545453	True
1332	3909	0.36363636363636365	True
1332	938	0.2727272727272727	True
1332	3448	0.18181818181818182	True
1332	2231	0.09090909090909091	False
2613	2231	0.9090909090909091	False
2613	2448	0.8181818181818182	False
2613	1665	0.7272727272727273	False
2613	2826	0.6363636363636364	False
2613	3909	0.5454545454545454	True
2613	2417	0.45454545454545453	True
2613	3768	0.36363636363636365	True
2613	340	0.2727272727272727	False
2613	888	0.18181818181818182	True
2613	1436	0.09090909090909091	True
2746	3768	0.9090909090909091	True
2746	340	0.8181818181818182	False
2746	2231	0.7272727272727273	False
2746	2826	0.6363636363636364	False
2746	2256	0.5454545454545454	True
2746	956	0.45454545454545453	True
2746	2448	0.36363636363636365	False
2746	2417	0.2727272727272727	True
2746	888	0.18181818181818182	True
2746	1977	0.09090909090909091	True
890	2448	0.9090909090909091	False
890	2231	0.8181818181818182	False
890	1054	0.7272727272727273	True
890	445	0.6363636363636364	True
890	558	0.5454545454545454	True
890	2273	0.45454545454545453	True
890	3768	0.36363636363636365	True
890	1620	0.2727272727272727	True
890	3909	0.18181818181818182	True
890	888	0.09090909090909091	True
535	2448	0.9090909090909091	False
535	3768	0.8181818181818182	True
535	340	0.7272727272727273	False
535	2273	0.6363636363636364	True
535	2256	0.5454545454545454	True
535	161	0.45454545454545453	True
535	1665	0.36363636363636365	False
535	1054	0.2727272727272727	True
535	956	0.18181818181818182	True
535	2231	0.09090909090909091	False
5224	340	0.9090909090909091	False
5224	161	0.8181818181818182	True
5224	3909	0.7272727272727273	True
5224	2448	0.6363636363636364	False
5224	1665	0.5454545454545454	False
5224	164	0.45454545454545453	True
5224	20	0.36363636363636365	True
5224	3448	0.2727272727272727	True
5224	2231	0.18181818181818182	False
5224	2741	0.09090909090909091	True
4398	2448	0.9090909090909091	False
4398	1665	0.8181818181818182	False
4398	2826	0.7272727272727273	False
4398	3768	0.6363636363636364	True
4398	2231	0.5454545454545454	False
4398	888	0.45454545454545453	True
4398	1436	0.36363636363636365	True
4398	445	0.2727272727272727	True
4398	3909	0.18181818181818182	True
4398	340	0.09090909090909091	False
4211	3768	0.9090909090909091	True
4211	2448	0.8181818181818182	False
4211	340	0.7272727272727273	False
4211	2231	0.6363636363636364	False
4211	1665	0.5454545454545454	False
4211	445	0.45454545454545453	True
4211	2256	0.36363636363636365	True
4211	161	0.2727272727272727	True
4211	3448	0.18181818181818182	True
4211	2273	0.09090909090909091	True
126	888	0.9090909090909091	True
126	2448	0.8181818181818182	False
126	3448	0.7272727272727273	True
126	1665	0.6363636363636364	False
126	2826	0.5454545454545454	False
126	445	0.45454545454545453	True
126	2273	0.36363636363636365	True
126	1054	0.2727272727272727	True
126	161	0.18181818181818182	True
126	3909	0.09090909090909091	True
999	2448	0.9090909090909091	False
999	1620	0.8181818181818182	True
999	3909	0.7272727272727273	True
999	2231	0.6363636363636364	False
999	161	0.5454545454545454	True
999	558	0.45454545454545453	True
999	888	0.36363636363636365	True
999	1054	0.2727272727272727	True
999	2273	0.18181818181818182	True
999	164	0.09090909090909091	True
3759	2826	0.9090909090909091	False
3759	2448	0.8181818181818182	False
3759	888	0.7272727272727273	True
3759	2231	0.6363636363636364	False
3759	164	0.5454545454545454	True
3759	1665	0.45454545454545453	False
3759	340	0.36363636363636365	False
3759	1977	0.2727272727272727	True
3759	3909	0.18181818181818182	True
3759	445	0.09090909090909091	True
4386	3768	0.9090909090909091	True
4386	888	0.8181818181818182	True
4386	2448	0.7272727272727273	False
4386	445	0.6363636363636364	True
4386	558	0.5454545454545454	True
4386	3909	0.45454545454545453	True
4386	3448	0.36363636363636365	True
4386	2231	0.2727272727272727	False
4386	1436	0.18181818181818182	True
4386	956	0.09090909090909091	True
1166	2231	0.9090909090909091	False
1166	888	0.8181818181818182	True
1166	340	0.7272727272727273	False
1166	2156	0.6363636363636364	True
1166	3768	0.5454545454545454	True
1166	445	0.45454545454545453	True
1166	1436	0.36363636363636365	True
1166	3909	0.2727272727272727	True
1166	938	0.18181818181818182	True
1166	2826	0.09090909090909091	False
936	3448	0.9090909090909091	True
936	3768	0.8181818181818182	True
936	2448	0.7272727272727273	False
936	3909	0.6363636363636364	True
936	2231	0.5454545454545454	False
936	938	0.45454545454545453	True
936	888	0.36363636363636365	True
936	340	0.2727272727272727	False
936	445	0.18181818181818182	True
936	2156	0.09090909090909091	True
5996	1665	0.9090909090909091	False
5996	340	0.8181818181818182	False
5996	2826	0.7272727272727273	False
5996	161	0.6363636363636364	True
5996	2448	0.5454545454545454	False
5996	2231	0.45454545454545453	False
5996	445	0.36363636363636365	True
5996	528	0.2727272727272727	True
5996	547	0.18181818181818182	True
5996	2256	0.09090909090909091	True
1532	3768	0.9090909090909091	True
1532	1665	0.8181818181818182	False
1532	340	0.7272727272727273	False
1532	2273	0.6363636363636364	True
1532	1436	0.5454545454545454	True
1532	3909	0.45454545454545453	True
1532	161	0.36363636363636365	True
1532	2231	0.2727272727272727	False
1532	2826	0.18181818181818182	False
1532	2448	0.09090909090909091	False
3605	340	0.9090909090909091	False
3605	3448	0.8181818181818182	True
3605	2448	0.7272727272727273	False
3605	2273	0.6363636363636364	True
3605	1665	0.5454545454545454	False
3605	161	0.45454545454545453	True
3605	3768	0.36363636363636365	True
3605	937	0.2727272727272727	True
3605	888	0.18181818181818182	True
3605	3909	0.09090909090909091	True
2158	2448	0.9090909090909091	False
2158	2231	0.8181818181818182	False
2158	888	0.7272727272727273	True
2158	3448	0.6363636363636364	True
2158	1665	0.5454545454545454	False
2158	340	0.45454545454545453	False
2158	1675	0.36363636363636365	True
2158	528	0.2727272727272727	True
2158	3909	0.18181818181818182	True
2158	2826	0.09090909090909091	False
5633	888	0.9090909090909091	True
5633	2826	0.8181818181818182	False
5633	3448	0.7272727272727273	True
5633	445	0.6363636363636364	True
5633	340	0.5454545454545454	False
5633	2448	0.45454545454545453	False
5633	3909	0.36363636363636365	True
5633	2231	0.2727272727272727	False
5633	2273	0.18181818181818182	True
5633	1054	0.09090909090909091	True
1776	3768	0.9090909090909091	True
1776	1665	0.8181818181818182	False
1776	340	0.7272727272727273	False
1776	2273	0.6363636363636364	True
1776	2231	0.5454545454545454	False
1776	2448	0.45454545454545453	False
1776	938	0.36363636363636365	True
1776	3909	0.2727272727272727	True
1776	3301	0.18181818181818182	True
1776	1436	0.09090909090909091	True
1902	2826	0.9090909090909091	False
1902	1977	0.8181818181818182	True
1902	3909	0.7272727272727273	True
1902	3768	0.6363636363636364	True
1902	340	0.5454545454545454	False
1902	2448	0.45454545454545453	False
1902	888	0.36363636363636365	True
1902	2231	0.2727272727272727	False
1902	2417	0.18181818181818182	True
1902	164	0.09090909090909091	True
4407	2231	0.9090909090909091	False
4407	2826	0.8181818181818182	False
4407	340	0.7272727272727273	False
4407	3768	0.6363636363636364	True
4407	1665	0.5454545454545454	False
4407	528	0.45454545454545453	True
4407	445	0.36363636363636365	True
4407	2448	0.2727272727272727	False
4407	161	0.18181818181818182	True
4407	20	0.09090909090909091	True
5916	2448	0.9090909090909091	False
5916	1054	0.8181818181818182	True
5916	2826	0.7272727272727273	False
5916	445	0.6363636363636364	True
5916	1665	0.5454545454545454	False
5916	888	0.45454545454545453	True
5916	2273	0.36363636363636365	True
5916	547	0.2727272727272727	True
5916	956	0.18181818181818182	True
5916	2231	0.09090909090909091	False
3952	888	0.9090909090909091	True
3952	2448	0.8181818181818182	False
3952	2826	0.7272727272727273	False
3952	445	0.6363636363636364	True
3952	340	0.5454545454545454	False
3952	2231	0.45454545454545453	False
3952	1436	0.36363636363636365	True
3952	1665	0.2727272727272727	False
3952	3909	0.18181818181818182	True
3952	1054	0.09090909090909091	True
5289	340	0.9090909090909091	False
5289	3768	0.8181818181818182	True
5289	3909	0.7272727272727273	True
5289	1977	0.6363636363636364	True
5289	2231	0.5454545454545454	False
5289	2826	0.45454545454545453	False
5289	2448	0.36363636363636365	False
5289	164	0.2727272727272727	True
5289	1675	0.18181818181818182	True
5289	888	0.09090909090909091	True
2558	2417	0.9090909090909091	True
2558	2826	0.8181818181818182	False
2558	20	0.7272727272727273	True
2558	2231	0.6363636363636364	False
2558	3768	0.5454545454545454	True
2558	2256	0.45454545454545453	True
2558	445	0.36363636363636365	True
2558	340	0.2727272727272727	False
2558	1665	0.18181818181818182	False
2558	1977	0.09090909090909091	True
4976	2448	0.9090909090909091	False
4976	3768	0.8181818181818182	True
4976	2231	0.7272727272727273	False
4976	3448	0.6363636363636364	True
4976	1665	0.5454545454545454	False
4976	340	0.45454545454545453	False
4976	956	0.36363636363636365	True
4976	2741	0.2727272727272727	True
4976	3260	0.18181818181818182	True
4976	888	0.09090909090909091	True
6031	888	0.9090909090909091	True
6031	2448	0.8181818181818182	False
6031	2156	0.7272727272727273	True
6031	161	0.6363636363636364	True
6031	445	0.5454545454545454	True
6031	340	0.45454545454545453	False
6031	164	0.36363636363636365	True
6031	1665	0.2727272727272727	False
6031	3448	0.18181818181818182	True
6031	2826	0.09090909090909091	False
4164	2826	0.9090909090909091	False
4164	3909	0.8181818181818182	True
4164	1977	0.7272727272727273	True
4164	2231	0.6363636363636364	False
4164	1436	0.5454545454545454	True
4164	340	0.45454545454545453	False
4164	2417	0.36363636363636365	True
4164	2448	0.2727272727272727	False
4164	888	0.18181818181818182	True
4164	1665	0.09090909090909091	False
2632	3768	0.9090909090909091	True
2632	2448	0.8181818181818182	False
2632	2231	0.7272727272727273	False
2632	445	0.6363636363636364	True
2632	1665	0.5454545454545454	False
2632	340	0.45454545454545453	False
2632	2826	0.36363636363636365	False
2632	547	0.2727272727272727	True
2632	161	0.18181818181818182	True
2632	3301	0.09090909090909091	True
997	2231	0.9090909090909091	False
997	3768	0.8181818181818182	True
997	2826	0.7272727272727273	False
997	2448	0.6363636363636364	False
997	1665	0.5454545454545454	False
997	3909	0.45454545454545453	True
997	340	0.36363636363636365	False
997	1436	0.2727272727272727	True
997	3448	0.18181818181818182	True
997	2273	0.09090909090909091	True
1379	2231	0.9090909090909091	False
1379	1675	0.8181818181818182	True
1379	340	0.7272727272727273	False
1379	2826	0.6363636363636364	False
1379	2448	0.5454545454545454	False
1379	1665	0.45454545454545453	False
1379	528	0.36363636363636365	True
1379	445	0.2727272727272727	True
1379	888	0.18181818181818182	True
1379	3909	0.09090909090909091	True
2411	340	0.9090909090909091	False
2411	2231	0.8181818181818182	False
2411	164	0.7272727272727273	True
2411	161	0.6363636363636364	True
2411	2448	0.5454545454545454	False
2411	2256	0.45454545454545453	True
2411	1054	0.36363636363636365	True
2411	2826	0.2727272727272727	False
2411	3768	0.18181818181818182	True
2411	1977	0.09090909090909091	True
2803	2826	0.9090909090909091	False
2803	888	0.8181818181818182	True
2803	1665	0.7272727272727273	False
2803	3448	0.6363636363636364	True
2803	340	0.5454545454545454	False
2803	2364	0.45454545454545453	True
2803	1977	0.36363636363636365	True
2803	3909	0.2727272727272727	True
2803	2231	0.18181818181818182	False
2803	2448	0.09090909090909091	False
4452	2448	0.9090909090909091	False
4452	340	0.8181818181818182	False
4452	2231	0.7272727272727273	False
4452	2273	0.6363636363636364	True
4452	1054	0.5454545454545454	True
4452	2826	0.45454545454545453	False
4452	3448	0.36363636363636365	True
4452	161	0.2727272727272727	True
4452	1665	0.18181818181818182	False
4452	3909	0.09090909090909091	True
2247	1665	0.9090909090909091	False
2247	340	0.8181818181818182	False
2247	2826	0.7272727272727273	False
2247	528	0.6363636363636364	True
2247	2448	0.5454545454545454	False
2247	2231	0.45454545454545453	False
2247	888	0.36363636363636365	True
2247	1436	0.2727272727272727	True
2247	161	0.18181818181818182	True
2247	445	0.09090909090909091	True
2770	2448	0.9090909090909091	False
2770	3448	0.8181818181818182	True
2770	2231	0.7272727272727273	False
2770	1665	0.6363636363636364	False
2770	2826	0.5454545454545454	False
2770	340	0.45454545454545453	False
2770	3909	0.36363636363636365	True
2770	2741	0.2727272727272727	True
2770	1675	0.18181818181818182	True
2770	888	0.09090909090909091	True
3713	3768	0.9090909090909091	True
3713	2448	0.8181818181818182	False
3713	2231	0.7272727272727273	False
3713	2273	0.6363636363636364	True
3713	340	0.5454545454545454	False
3713	3448	0.45454545454545453	True
3713	3260	0.36363636363636365	True
3713	1054	0.2727272727272727	True
3713	1665	0.18181818181818182	False
3713	3909	0.09090909090909091	True
2855	2231	0.9090909090909091	False
2855	2826	0.8181818181818182	False
2855	2448	0.7272727272727273	False
2855	340	0.6363636363636364	False
2855	1665	0.5454545454545454	False
2855	1675	0.45454545454545453	True
2855	3909	0.36363636363636365	True
2855	1388	0.2727272727272727	True
2855	164	0.18181818181818182	True
2855	528	0.09090909090909091	True
4699	2826	0.9090909090909091	False
4699	3768	0.8181818181818182	True
4699	1665	0.7272727272727273	False
4699	2448	0.6363636363636364	False
4699	340	0.5454545454545454	False
4699	1113	0.45454545454545453	True
4699	2273	0.36363636363636365	True
4699	2231	0.2727272727272727	False
4699	3909	0.18181818181818182	True
4699	161	0.09090909090909091	True
5797	340	0.9090909090909091	False
5797	2256	0.8181818181818182	True
5797	3768	0.7272727272727273	True
5797	161	0.6363636363636364	True
5797	2826	0.5454545454545454	False
5797	1665	0.45454545454545453	False
5797	2231	0.36363636363636365	False
5797	2448	0.2727272727272727	False
5797	2273	0.18181818181818182	True
5797	445	0.09090909090909091	True
2477	888	0.9090909090909091	True
2477	2448	0.8181818181818182	False
2477	3448	0.7272727272727273	True
2477	1665	0.6363636363636364	False
2477	3909	0.5454545454545454	True
2477	2826	0.45454545454545453	False
2477	956	0.36363636363636365	True
2477	340	0.2727272727272727	False
2477	1054	0.18181818181818182	True
2477	1436	0.09090909090909091	True
5123	2231	0.9090909090909091	False
5123	340	0.8181818181818182	False
5123	888	0.7272727272727273	True
5123	2826	0.6363636363636364	False
5123	3768	0.5454545454545454	True
5123	445	0.45454545454545453	True
5123	2716	0.36363636363636365	True
5123	2273	0.2727272727272727	True
5123	1665	0.18181818181818182	False
5123	2156	0.09090909090909091	True
2787	888	0.9090909090909091	True
2787	1665	0.8181818181818182	False
2787	2826	0.7272727272727273	False
2787	2448	0.6363636363636364	False
2787	340	0.5454545454545454	False
2787	161	0.45454545454545453	True
2787	3448	0.36363636363636365	True
2787	2231	0.2727272727272727	False
2787	2156	0.18181818181818182	True
2787	528	0.09090909090909091	True
3817	1665	0.9090909090909091	False
3817	3448	0.8181818181818182	True
3817	340	0.7272727272727273	False
3817	2273	0.6363636363636364	True
3817	2448	0.5454545454545454	False
3817	1675	0.45454545454545453	True
3817	161	0.36363636363636365	True
3817	1054	0.2727272727272727	True
3817	888	0.18181818181818182	True
3817	2741	0.09090909090909091	True
2049	2231	0.9090909090909091	False
2049	1665	0.8181818181818182	False
2049	164	0.7272727272727273	True
2049	161	0.6363636363636364	True
2049	2448	0.5454545454545454	False
2049	2826	0.45454545454545453	False
2049	1620	0.36363636363636365	True
2049	445	0.2727272727272727	True
2049	340	0.18181818181818182	False
2049	1388	0.09090909090909091	True
870	2231	0.9090909090909091	False
870	3768	0.8181818181818182	True
870	445	0.7272727272727273	True
870	2256	0.6363636363636364	True
870	340	0.5454545454545454	False
870	2448	0.45454545454545453	False
870	3909	0.36363636363636365	True
870	164	0.2727272727272727	True
870	1977	0.18181818181818182	True
870	2826	0.09090909090909091	False
251	2448	0.9090909090909091	False
251	2231	0.8181818181818182	False
251	1665	0.7272727272727273	False
251	340	0.6363636363636364	False
251	3448	0.5454545454545454	True
251	2273	0.45454545454545453	True
251	2826	0.36363636363636365	False
251	1054	0.2727272727272727	True
251	161	0.18181818181818182	True
251	528	0.09090909090909091	True
722	2448	0.9090909090909091	False
722	956	0.8181818181818182	True
722	2231	0.7272727272727273	False
722	888	0.6363636363636364	True
722	1977	0.5454545454545454	True
722	2826	0.45454545454545453	False
722	164	0.36363636363636365	True
722	1665	0.2727272727272727	False
722	1054	0.18181818181818182	True
722	3909	0.09090909090909091	True
5190	445	0.9090909090909091	True
5190	2231	0.8181818181818182	False
5190	1665	0.7272727272727273	False
5190	2448	0.6363636363636364	False
5190	2826	0.5454545454545454	False
5190	3448	0.45454545454545453	True
5190	888	0.36363636363636365	True
5190	3909	0.2727272727272727	True
5190	938	0.18181818181818182	True
5190	547	0.09090909090909091	True
4393	2231	0.9090909090909091	False
4393	340	0.8181818181818182	False
4393	3909	0.7272727272727273	True
4393	2448	0.6363636363636364	False
4393	1977	0.5454545454545454	True
4393	164	0.45454545454545453	True
4393	2826	0.36363636363636365	False
4393	2364	0.2727272727272727	True
4393	1665	0.18181818181818182	False
4393	938	0.09090909090909091	True
5406	2273	0.9090909090909091	True
5406	3448	0.8181818181818182	True
5406	340	0.7272727272727273	False
5406	888	0.6363636363636364	True
5406	1054	0.5454545454545454	True
5406	161	0.45454545454545453	True
5406	2448	0.36363636363636365	False
5406	1620	0.2727272727272727	True
5406	558	0.18181818181818182	True
5406	1665	0.09090909090909091	False
