885	3421	0.9090909090909091	False
885	1185	0.8181818181818182	False
885	1039	0.7272727272727273	False
885	1620	0.6363636363636364	True
885	1192	0.5454545454545454	False
885	1715	0.45454545454545453	True
885	1997	0.36363636363636365	True
885	505	0.2727272727272727	True
885	531	0.18181818181818182	False
885	614	0.09090909090909091	True
3171	1039	0.9090909090909091	False
3171	1620	0.8181818181818182	True
3171	3421	0.7272727272727273	False
3171	1185	0.6363636363636364	False
3171	614	0.5454545454545454	True
3171	531	0.45454545454545453	False
3171	926	0.36363636363636365	True
3171	2861	0.2727272727272727	True
3171	1997	0.18181818181818182	True
3171	3316	0.09090909090909091	True
4378	1039	0.9090909090909091	False
4378	531	0.8181818181818182	False
4378	3316	0.7272727272727273	True
4378	3421	0.6363636363636364	False
4378	1997	0.5454545454545454	True
4378	1185	0.45454545454545453	False
4378	1192	0.36363636363636365	False
4378	2861	0.2727272727272727	True
4378	1672	0.18181818181818182	True
4378	614	0.09090909090909091	True
2576	3421	0.9090909090909091	False
2576	1039	0.8181818181818182	False
2576	1715	0.7272727272727273	True
2576	1185	0.6363636363636364	False
2576	1620	0.5454545454545454	True
2576	1997	0.45454545454545453	True
2576	1217	0.36363636363636365	True
2576	1192	0.2727272727272727	False
2576	1672	0.18181818181818182	True
2576	3055	0.09090909090909091	True
5971	1192	0.9090909090909091	False
5971	1039	0.8181818181818182	False
5971	1185	0.7272727272727273	False
5971	3421	0.6363636363636364	False
5971	614	0.5454545454545454	True
5971	1620	0.45454545454545453	True
5971	2861	0.36363636363636365	True
5971	505	0.2727272727272727	True
5971	1217	0.18181818181818182	True
5971	1715	0.09090909090909091	True
3439	1039	0.9090909090909091	False
3439	1997	0.8181818181818182	True
3439	1185	0.7272727272727273	False
3439	1672	0.6363636363636364	True
3439	926	0.5454545454545454	True
3439	1620	0.45454545454545453	True
3439	531	0.36363636363636365	False
3439	1192	0.2727272727272727	False
3439	614	0.18181818181818182	True
3439	2861	0.09090909090909091	True
2276	1039	0.9090909090909091	False
2276	1192	0.8181818181818182	False
2276	1185	0.7272727272727273	False
2276	3421	0.6363636363636364	False
2276	1620	0.5454545454545454	True
2276	3316	0.45454545454545453	True
2276	1997	0.36363636363636365	True
2276	2242	0.2727272727272727	True
2276	531	0.18181818181818182	False
2276	614	0.09090909090909091	True
2876	1039	0.9090909090909091	False
2876	1192	0.8181818181818182	False
2876	1997	0.7272727272727273	True
2876	1185	0.6363636363636364	False
2876	614	0.5454545454545454	True
2876	531	0.45454545454545453	False
2876	2861	0.36363636363636365	True
2876	1217	0.2727272727272727	True
2876	3316	0.18181818181818182	True
2876	926	0.09090909090909091	True
5862	1039	0.9090909090909091	False
5862	1620	0.8181818181818182	True
5862	926	0.7272727272727273	True
5862	1185	0.6363636363636364	False
5862	531	0.5454545454545454	False
5862	3421	0.45454545454545453	False
5862	1997	0.36363636363636365	True
5862	614	0.2727272727272727	True
5862	1192	0.18181818181818182	False
5862	3316	0.09090909090909091	True
2349	1185	0.9090909090909091	False
2349	1997	0.8181818181818182	True
2349	1039	0.7272727272727273	False
2349	1192	0.6363636363636364	False
2349	1715	0.5454545454545454	True
2349	614	0.45454545454545453	True
2349	1620	0.36363636363636365	True
2349	2861	0.2727272727272727	True
2349	531	0.18181818181818182	False
2349	1672	0.09090909090909091	True
197	1039	0.9090909090909091	False
197	1185	0.8181818181818182	False
197	1217	0.7272727272727273	True
197	531	0.6363636363636364	False
197	1192	0.5454545454545454	False
197	3421	0.45454545454545453	False
197	614	0.36363636363636365	True
197	1672	0.2727272727272727	True
197	926	0.18181818181818182	True
197	1997	0.09090909090909091	True
1820	1039	0.9090909090909091	False
1820	1192	0.8181818181818182	False
1820	1185	0.7272727272727273	False
1820	3421	0.6363636363636364	False
1820	1620	0.5454545454545454	True
1820	1997	0.45454545454545453	True
1820	2861	0.36363636363636365	True
1820	614	0.2727272727272727	True
1820	531	0.18181818181818182	False
1820	1217	0.09090909090909091	True
2154	1185	0.9090909090909091	False
2154	1039	0.8181818181818182	False
2154	531	0.7272727272727273	False
2154	1620	0.6363636363636364	True
2154	926	0.5454545454545454	True
2154	1192	0.45454545454545453	False
2154	1997	0.36363636363636365	True
2154	614	0.2727272727272727	True
2154	3304	0.18181818181818182	True
2154	3421	0.09090909090909091	False
363	1039	0.9090909090909091	False
363	1185	0.8181818181818182	False
363	1192	0.7272727272727273	False
363	1672	0.6363636363636364	True
363	3316	0.5454545454545454	True
363	3421	0.45454545454545453	False
363	926	0.36363636363636365	True
363	2861	0.2727272727272727	True
363	1620	0.18181818181818182	True
363	531	0.09090909090909091	False
4598	1039	0.9090909090909091	False
4598	1192	0.8181818181818182	False
4598	614	0.7272727272727273	True
4598	3316	0.6363636363636364	True
4598	1185	0.5454545454545454	False
4598	531	0.45454545454545453	False
4598	1620	0.36363636363636365	True
4598	1672	0.2727272727272727	True
4598	1217	0.18181818181818182	True
4598	1997	0.09090909090909091	True
4618	1039	0.9090909090909091	False
4618	1192	0.8181818181818182	False
4618	3421	0.7272727272727273	False
4618	614	0.6363636363636364	True
4618	1997	0.5454545454545454	True
4618	1217	0.45454545454545453	True
4618	531	0.36363636363636365	False
4618	1185	0.2727272727272727	False
4618	1620	0.18181818181818182	True
4618	2861	0.09090909090909091	True
239	1185	0.9090909090909091	False
239	1039	0.8181818181818182	False
239	1997	0.7272727272727273	True
239	1620	0.6363636363636364	True
239	1192	0.5454545454545454	False
239	614	0.45454545454545453	True
239	1672	0.36363636363636365	True
239	531	0.2727272727272727	False
239	1217	0.18181818181818182	True
239	3316	0.09090909090909091	True
1797	1039	0.9090909090909091	False
1797	1192	0.8181818181818182	False
1797	1185	0.7272727272727273	False
1797	3316	0.6363636363636364	True
1797	531	0.5454545454545454	False
1797	3421	0.45454545454545453	False
1797	2861	0.36363636363636365	True
1797	1997	0.2727272727272727	True
1797	614	0.18181818181818182	True
1797	1620	0.09090909090909091	True
5957	1192	0.9090909090909091	False
5957	3421	0.8181818181818182	False
5957	1039	0.7272727272727273	False
5957	1185	0.6363636363636364	False
5957	1217	0.5454545454545454	True
5957	2861	0.45454545454545453	True
5957	1715	0.36363636363636365	True
5957	531	0.2727272727272727	False
5957	505	0.18181818181818182	True
5957	614	0.09090909090909091	True
4617	1185	0.9090909090909091	False
4617	1192	0.8181818181818182	False
4617	1039	0.7272727272727273	False
4617	3421	0.6363636363636364	False
4617	1715	0.5454545454545454	True
4617	1997	0.45454545454545453	True
4617	531	0.36363636363636365	False
4617	1620	0.2727272727272727	True
4617	614	0.18181818181818182	True
4617	1217	0.09090909090909091	True
2678	1039	0.9090909090909091	False
2678	531	0.8181818181818182	False
2678	1192	0.7272727272727273	False
2678	1185	0.6363636363636364	False
2678	1620	0.5454545454545454	True
2678	614	0.45454545454545453	True
2678	3316	0.36363636363636365	True
2678	1217	0.2727272727272727	True
2678	1672	0.18181818181818182	True
2678	3421	0.09090909090909091	False
2115	1039	0.9090909090909091	False
2115	1192	0.8181818181818182	False
2115	1185	0.7272727272727273	False
2115	3421	0.6363636363636364	False
2115	614	0.5454545454545454	True
2115	505	0.45454545454545453	True
2115	1997	0.36363636363636365	True
2115	1620	0.2727272727272727	True
2115	531	0.18181818181818182	False
2115	2861	0.09090909090909091	True
1468	1039	0.9090909090909091	False
1468	1192	0.8181818181818182	False
1468	1620	0.7272727272727273	True
1468	614	0.6363636363636364	True
1468	1185	0.5454545454545454	False
1468	1997	0.45454545454545453	True
1468	3421	0.36363636363636365	False
1468	1715	0.2727272727272727	True
1468	926	0.18181818181818182	True
1468	1672	0.09090909090909091	True
762	1039	0.9090909090909091	False
762	1620	0.8181818181818182	True
762	614	0.7272727272727273	True
762	1192	0.6363636363636364	False
762	3421	0.5454545454545454	False
762	505	0.45454545454545453	True
762	1185	0.36363636363636365	False
762	531	0.2727272727272727	False
762	1997	0.18181818181818182	True
762	3316	0.09090909090909091	True
4202	3421	0.9090909090909091	False
4202	1039	0.8181818181818182	False
4202	531	0.7272727272727273	False
4202	1185	0.6363636363636364	False
4202	2861	0.5454545454545454	True
4202	1997	0.45454545454545453	True
4202	1672	0.36363636363636365	True
4202	3316	0.2727272727272727	True
4202	1620	0.18181818181818182	True
4202	1192	0.09090909090909091	False
4374	1039	0.9090909090909091	False
4374	1620	0.8181818181818182	True
4374	614	0.7272727272727273	True
4374	531	0.6363636363636364	False
4374	1192	0.5454545454545454	False
4374	2861	0.45454545454545453	True
4374	1997	0.36363636363636365	True
4374	3316	0.2727272727272727	True
4374	926	0.18181818181818182	True
4374	3421	0.09090909090909091	False
5684	3421	0.9090909090909091	False
5684	1039	0.8181818181818182	False
5684	1192	0.7272727272727273	False
5684	2861	0.6363636363636364	True
5684	3316	0.5454545454545454	True
5684	1217	0.45454545454545453	True
5684	531	0.36363636363636365	False
5684	1185	0.2727272727272727	False
5684	1672	0.18181818181818182	True
5684	926	0.09090909090909091	True
3102	1039	0.9090909090909091	False
3102	1192	0.8181818181818182	False
3102	1185	0.7272727272727273	False
3102	2861	0.6363636363636364	True
3102	614	0.5454545454545454	True
3102	3421	0.45454545454545453	False
3102	1672	0.36363636363636365	True
3102	505	0.2727272727272727	True
3102	1620	0.18181818181818182	True
3102	531	0.09090909090909091	False
5081	1185	0.9090909090909091	False
5081	531	0.8181818181818182	False
5081	3421	0.7272727272727273	False
5081	1997	0.6363636363636364	True
5081	1039	0.5454545454545454	False
5081	1620	0.45454545454545453	True
5081	3316	0.36363636363636365	True
5081	614	0.2727272727272727	True
5081	1217	0.18181818181818182	True
5081	1192	0.09090909090909091	False
1438	1185	0.9090909090909091	False
1438	3421	0.8181818181818182	False
1438	1192	0.7272727272727273	False
1438	1039	0.6363636363636364	False
1438	1620	0.5454545454545454	True
1438	1715	0.45454545454545453	True
1438	926	0.36363636363636365	True
1438	1672	0.2727272727272727	True
1438	531	0.18181818181818182	False
1438	614	0.09090909090909091	True
5209	1039	0.9090909090909091	False
5209	1185	0.8181818181818182	False
5209	614	0.7272727272727273	True
5209	1620	0.6363636363636364	True
5209	531	0.5454545454545454	False
5209	3316	0.45454545454545453	True
5209	2861	0.36363636363636365	True
5209	1997	0.2727272727272727	True
5209	3421	0.18181818181818182	False
5209	1672	0.09090909090909091	True
1525	1039	0.9090909090909091	False
1525	1185	0.8181818181818182	False
1525	531	0.7272727272727273	False
1525	1192	0.6363636363636364	False
1525	3421	0.5454545454545454	False
1525	614	0.45454545454545453	True
1525	1715	0.36363636363636365	True
1525	1620	0.2727272727272727	True
1525	1217	0.18181818181818182	True
1525	2242	0.09090909090909091	True
4668	1192	0.9090909090909091	False
4668	1185	0.8181818181818182	False
4668	1039	0.7272727272727273	False
4668	1672	0.6363636363636364	True
4668	3421	0.5454545454545454	False
4668	1715	0.45454545454545453	True
4668	1997	0.36363636363636365	True
4668	1217	0.2727272727272727	True
4668	1620	0.18181818181818182	True
4668	2861	0.09090909090909091	True
1627	1039	0.9090909090909091	False
1627	1185	0.8181818181818182	False
1627	1192	0.7272727272727273	False
1627	3421	0.6363636363636364	False
1627	531	0.5454545454545454	False
1627	3316	0.45454545454545453	True
1627	2861	0.36363636363636365	True
1627	505	0.2727272727272727	True
1627	1620	0.18181818181818182	True
1627	1672	0.09090909090909091	True
726	1039	0.9090909090909091	False
726	3421	0.8181818181818182	False
726	1715	0.7272727272727273	True
726	1620	0.6363636363636364	True
726	1185	0.5454545454545454	False
726	1192	0.45454545454545453	False
726	1997	0.36363636363636365	True
726	614	0.2727272727272727	True
726	2861	0.18181818181818182	True
726	926	0.09090909090909091	True
1362	1039	0.9090909090909091	False
1362	1192	0.8181818181818182	False
1362	614	0.7272727272727273	True
1362	1217	0.6363636363636364	True
1362	1997	0.5454545454545454	True
1362	2861	0.45454545454545453	True
1362	3421	0.36363636363636365	False
1362	926	0.2727272727272727	True
1362	1715	0.18181818181818182	True
1362	1620	0.09090909090909091	True
3777	1039	0.9090909090909091	False
3777	1192	0.8181818181818182	False
3777	3421	0.7272727272727273	False
3777	1620	0.6363636363636364	True
3777	1185	0.5454545454545454	False
3777	1997	0.45454545454545453	True
3777	614	0.36363636363636365	True
3777	505	0.2727272727272727	True
3777	531	0.18181818181818182	False
3777	2861	0.09090909090909091	True
1146	3421	0.9090909090909091	False
1146	1039	0.8181818181818182	False
1146	1185	0.7272727272727273	False
1146	1997	0.6363636363636364	True
1146	1192	0.5454545454545454	False
1146	531	0.45454545454545453	False
1146	1620	0.36363636363636365	True
1146	3316	0.2727272727272727	True
1146	614	0.18181818181818182	True
1146	2861	0.09090909090909091	True
2490	1185	0.9090909090909091	False
2490	1192	0.8181818181818182	False
2490	3421	0.7272727272727273	False
2490	1039	0.6363636363636364	False
2490	1672	0.5454545454545454	True
2490	1620	0.45454545454545453	True
2490	1715	0.36363636363636365	True
2490	3304	0.2727272727272727	True
2490	505	0.18181818181818182	True
2490	3316	0.09090909090909091	True
5080	1039	0.9090909090909091	False
5080	1185	0.8181818181818182	False
5080	1620	0.7272727272727273	True
5080	1192	0.6363636363636364	False
5080	3421	0.5454545454545454	False
5080	614	0.45454545454545453	True
5080	531	0.36363636363636365	False
5080	1672	0.2727272727272727	True
5080	1997	0.18181818181818182	True
5080	3316	0.09090909090909091	True
2241	1185	0.9090909090909091	False
2241	1672	0.8181818181818182	True
2241	1192	0.7272727272727273	False
2241	1039	0.6363636363636364	False
2241	1997	0.5454545454545454	True
2241	614	0.45454545454545453	True
2241	1620	0.36363636363636365	True
2241	3316	0.2727272727272727	True
2241	1715	0.18181818181818182	True
2241	2861	0.09090909090909091	True
5108	1039	0.9090909090909091	False
5108	1192	0.8181818181818182	False
5108	1997	0.7272727272727273	True
5108	614	0.6363636363636364	True
5108	2861	0.5454545454545454	True
5108	3421	0.45454545454545453	False
5108	1185	0.36363636363636365	False
5108	1217	0.2727272727272727	True
5108	531	0.18181818181818182	False
5108	1620	0.09090909090909091	True
5190	1039	0.9090909090909091	False
5190	1192	0.8181818181818182	False
5190	1185	0.7272727272727273	False
5190	3316	0.6363636363636364	True
5190	2861	0.5454545454545454	True
5190	1997	0.45454545454545453	True
5190	531	0.36363636363636365	False
5190	1672	0.2727272727272727	True
5190	3421	0.18181818181818182	False
5190	1217	0.09090909090909091	True
2080	1039	0.9090909090909091	False
2080	531	0.8181818181818182	False
2080	1672	0.7272727272727273	True
2080	1620	0.6363636363636364	True
2080	3316	0.5454545454545454	True
2080	1192	0.45454545454545453	False
2080	614	0.36363636363636365	True
2080	1185	0.2727272727272727	False
2080	3421	0.18181818181818182	False
2080	926	0.09090909090909091	True
2237	1039	0.9090909090909091	False
2237	1620	0.8181818181818182	True
2237	614	0.7272727272727273	True
2237	1185	0.6363636363636364	False
2237	1192	0.5454545454545454	False
2237	531	0.45454545454545453	False
2237	1997	0.36363636363636365	True
2237	926	0.2727272727272727	True
2237	3316	0.18181818181818182	True
2237	3421	0.09090909090909091	False
4341	1039	0.9090909090909091	False
4341	1997	0.8181818181818182	True
4341	1192	0.7272727272727273	False
4341	3421	0.6363636363636364	False
4341	531	0.5454545454545454	False
4341	1672	0.45454545454545453	True
4341	1185	0.36363636363636365	False
4341	1217	0.2727272727272727	True
4341	1715	0.18181818181818182	True
4341	614	0.09090909090909091	True
5467	1039	0.9090909090909091	False
5467	1192	0.8181818181818182	False
5467	1185	0.7272727272727273	False
5467	1997	0.6363636363636364	True
5467	3421	0.5454545454545454	False
5467	1620	0.45454545454545453	True
5467	1217	0.36363636363636365	True
5467	531	0.2727272727272727	False
5467	614	0.18181818181818182	True
5467	3316	0.09090909090909091	True
947	1039	0.9090909090909091	False
947	3421	0.8181818181818182	False
947	531	0.7272727272727273	False
947	1672	0.6363636363636364	True
947	1192	0.5454545454545454	False
947	1997	0.45454545454545453	True
947	1185	0.36363636363636365	False
947	3316	0.2727272727272727	True
947	1620	0.18181818181818182	True
947	926	0.09090909090909091	True
477	1039	0.9090909090909091	False
477	531	0.8181818181818182	False
477	1997	0.7272727272727273	True
477	1672	0.6363636363636364	True
477	1185	0.5454545454545454	False
477	3421	0.45454545454545453	False
477	926	0.36363636363636365	True
477	1192	0.2727272727272727	False
477	614	0.18181818181818182	True
477	1217	0.09090909090909091	True
5606	1039	0.9090909090909091	False
5606	1620	0.8181818181818182	True
5606	614	0.7272727272727273	True
5606	1185	0.6363636363636364	False
5606	1192	0.5454545454545454	False
5606	1217	0.45454545454545453	True
5606	2861	0.36363636363636365	True
5606	1997	0.2727272727272727	True
5606	531	0.18181818181818182	False
5606	3316	0.09090909090909091	True
3493	1039	0.9090909090909091	False
3493	1997	0.8181818181818182	True
3493	1620	0.7272727272727273	True
3493	614	0.6363636363636364	True
3493	1192	0.5454545454545454	False
3493	1185	0.45454545454545453	False
3493	1715	0.36363636363636365	True
3493	1672	0.2727272727272727	True
3493	531	0.18181818181818182	False
3493	3421	0.09090909090909091	False
292	1192	0.9090909090909091	False
292	3421	0.8181818181818182	False
292	1185	0.7272727272727273	False
292	1620	0.6363636363636364	True
292	926	0.5454545454545454	True
292	1039	0.45454545454545453	False
292	3316	0.36363636363636365	True
292	3304	0.2727272727272727	True
292	614	0.18181818181818182	True
292	2861	0.09090909090909091	True
784	1039	0.9090909090909091	False
784	3421	0.8181818181818182	False
784	1997	0.7272727272727273	True
784	1192	0.6363636363636364	False
784	1185	0.5454545454545454	False
784	531	0.45454545454545453	False
784	614	0.36363636363636365	True
784	2861	0.2727272727272727	True
784	1620	0.18181818181818182	True
784	3316	0.09090909090909091	True
5600	1039	0.9090909090909091	False
5600	1185	0.8181818181818182	False
5600	1192	0.7272727272727273	False
5600	531	0.6363636363636364	False
5600	1997	0.5454545454545454	True
5600	3316	0.45454545454545453	True
5600	3421	0.36363636363636365	False
5600	1620	0.2727272727272727	True
5600	1217	0.18181818181818182	True
5600	1715	0.09090909090909091	True
5210	1185	0.9090909090909091	False
5210	1039	0.8181818181818182	False
5210	1192	0.7272727272727273	False
5210	505	0.6363636363636364	True
5210	531	0.5454545454545454	False
5210	3421	0.45454545454545453	False
5210	1997	0.36363636363636365	True
5210	1620	0.2727272727272727	True
5210	1715	0.18181818181818182	True
5210	614	0.09090909090909091	True
2778	1192	0.9090909090909091	False
2778	1039	0.8181818181818182	False
2778	1997	0.7272727272727273	True
2778	1185	0.6363636363636364	False
2778	3421	0.5454545454545454	False
2778	1217	0.45454545454545453	True
2778	3316	0.36363636363636365	True
2778	2861	0.2727272727272727	True
2778	531	0.18181818181818182	False
2778	614	0.09090909090909091	True
4091	1039	0.9090909090909091	False
4091	1192	0.8181818181818182	False
4091	3421	0.7272727272727273	False
4091	1185	0.6363636363636364	False
4091	531	0.5454545454545454	False
4091	1715	0.45454545454545453	True
4091	1997	0.36363636363636365	True
4091	1620	0.2727272727272727	True
4091	1217	0.18181818181818182	True
4091	2861	0.09090909090909091	True
988	1192	0.9090909090909091	False
988	1039	0.8181818181818182	False
988	1672	0.7272727272727273	True
988	1185	0.6363636363636364	False
988	2861	0.5454545454545454	True
988	3421	0.45454545454545453	False
988	1997	0.36363636363636365	True
988	531	0.2727272727272727	False
988	1217	0.18181818181818182	True
988	614	0.09090909090909091	True
2770	531	0.9090909090909091	False
2770	1039	0.8181818181818182	False
2770	1185	0.7272727272727273	False
2770	3316	0.6363636363636364	True
2770	1997	0.5454545454545454	True
2770	3421	0.45454545454545453	False
2770	1192	0.36363636363636365	False
2770	1217	0.2727272727272727	True
2770	2861	0.18181818181818182	True
2770	1620	0.09090909090909091	True
5953	1039	0.9090909090909091	False
5953	1192	0.8181818181818182	False
5953	1620	0.7272727272727273	True
5953	1185	0.6363636363636364	False
5953	926	0.5454545454545454	True
5953	614	0.45454545454545453	True
5953	1672	0.36363636363636365	True
5953	3316	0.2727272727272727	True
5953	3421	0.18181818181818182	False
5953	2861	0.09090909090909091	True
1559	1039	0.9090909090909091	False
1559	1185	0.8181818181818182	False
1559	1620	0.7272727272727273	True
1559	614	0.6363636363636364	True
1559	3421	0.5454545454545454	False
1559	1672	0.45454545454545453	True
1559	1192	0.36363636363636365	False
1559	926	0.2727272727272727	True
1559	1997	0.18181818181818182	True
1559	531	0.09090909090909091	False
3298	1039	0.9090909090909091	False
3298	1620	0.8181818181818182	True
3298	1192	0.7272727272727273	False
3298	3421	0.6363636363636364	False
3298	1997	0.5454545454545454	True
3298	3316	0.45454545454545453	True
3298	1185	0.36363636363636365	False
3298	926	0.2727272727272727	True
3298	1715	0.18181818181818182	True
3298	505	0.09090909090909091	True
2774	1039	0.9090909090909091	False
2774	1192	0.8181818181818182	False
2774	1997	0.7272727272727273	True
2774	614	0.6363636363636364	True
2774	1620	0.5454545454545454	True
2774	3421	0.45454545454545453	False
2774	1217	0.36363636363636365	True
2774	1185	0.2727272727272727	False
2774	1715	0.18181818181818182	True
2774	531	0.09090909090909091	False
2207	1039	0.9090909090909091	False
2207	614	0.8181818181818182	True
2207	1620	0.7272727272727273	True
2207	1185	0.6363636363636364	False
2207	1997	0.5454545454545454	True
2207	1192	0.45454545454545453	False
2207	1672	0.36363636363636365	True
2207	1217	0.2727272727272727	True
2207	531	0.18181818181818182	False
2207	3316	0.09090909090909091	True
2528	1039	0.9090909090909091	False
2528	531	0.8181818181818182	False
2528	1997	0.7272727272727273	True
2528	1672	0.6363636363636364	True
2528	3316	0.5454545454545454	True
2528	1192	0.45454545454545453	False
2528	926	0.36363636363636365	True
2528	614	0.2727272727272727	True
2528	3421	0.18181818181818182	False
2528	3304	0.09090909090909091	True
3304	1039	0.9090909090909091	False
3304	614	0.8181818181818182	True
3304	1672	0.7272727272727273	True
3304	1620	0.6363636363636364	True
3304	1192	0.5454545454545454	False
3304	1997	0.45454545454545453	True
3304	2861	0.36363636363636365	True
3304	926	0.2727272727272727	True
3304	531	0.18181818181818182	False
3304	1185	0.09090909090909091	False
5395	1039	0.9090909090909091	False
5395	3421	0.8181818181818182	False
5395	1192	0.7272727272727273	False
5395	2861	0.6363636363636364	True
5395	1217	0.5454545454545454	True
5395	3316	0.45454545454545453	True
5395	614	0.36363636363636365	True
5395	505	0.2727272727272727	True
5395	531	0.18181818181818182	False
5395	1620	0.09090909090909091	True
2190	1039	0.9090909090909091	False
2190	1997	0.8181818181818182	True
2190	1715	0.7272727272727273	True
2190	1217	0.6363636363636364	True
2190	3421	0.5454545454545454	False
2190	1192	0.45454545454545453	False
2190	531	0.36363636363636365	False
2190	614	0.2727272727272727	True
2190	1185	0.18181818181818182	False
2190	1620	0.09090909090909091	True
5687	1039	0.9090909090909091	False
5687	3421	0.8181818181818182	False
5687	1620	0.7272727272727273	True
5687	1185	0.6363636363636364	False
5687	1997	0.5454545454545454	True
5687	614	0.45454545454545453	True
5687	1715	0.36363636363636365	True
5687	531	0.2727272727272727	False
5687	2861	0.18181818181818182	True
5687	505	0.09090909090909091	True
5394	1039	0.9090909090909091	False
5394	1192	0.8181818181818182	False
5394	2861	0.7272727272727273	True
5394	1672	0.6363636363636364	True
5394	1185	0.5454545454545454	False
5394	926	0.45454545454545453	True
5394	1997	0.36363636363636365	True
5394	3421	0.2727272727272727	False
5394	1715	0.18181818181818182	True
5394	614	0.09090909090909091	True
943	1997	0.9090909090909091	True
943	1185	0.8181818181818182	False
943	531	0.7272727272727273	False
943	614	0.6363636363636364	True
943	1039	0.5454545454545454	False
943	3316	0.45454545454545453	True
943	1192	0.36363636363636365	False
943	2861	0.2727272727272727	True
943	1217	0.18181818181818182	True
943	3421	0.09090909090909091	False
3953	1039	0.9090909090909091	False
3953	1192	0.8181818181818182	False
3953	1217	0.7272727272727273	True
3953	3421	0.6363636363636364	False
3953	1715	0.5454545454545454	True
3953	505	0.45454545454545453	True
3953	531	0.36363636363636365	False
3953	614	0.2727272727272727	True
3953	1620	0.18181818181818182	True
3953	1997	0.09090909090909091	True
3866	1185	0.9090909090909091	False
3866	1997	0.8181818181818182	True
3866	1192	0.7272727272727273	False
3866	2861	0.6363636363636364	True
3866	1039	0.5454545454545454	False
3866	1217	0.45454545454545453	True
3866	1715	0.36363636363636365	True
3866	1672	0.2727272727272727	True
3866	531	0.18181818181818182	False
3866	3421	0.09090909090909091	False
1693	3421	0.9090909090909091	False
1693	1185	0.8181818181818182	False
1693	531	0.7272727272727273	False
1693	1039	0.6363636363636364	False
1693	2861	0.5454545454545454	True
1693	1192	0.45454545454545453	False
1693	1997	0.36363636363636365	True
1693	614	0.2727272727272727	True
1693	3316	0.18181818181818182	True
1693	505	0.09090909090909091	True
2403	1192	0.9090909090909091	False
2403	1039	0.8181818181818182	False
2403	1185	0.7272727272727273	False
2403	3421	0.6363636363636364	False
2403	3316	0.5454545454545454	True
2403	1217	0.45454545454545453	True
2403	531	0.36363636363636365	False
2403	2861	0.2727272727272727	True
2403	1997	0.18181818181818182	True
2403	1672	0.09090909090909091	True
232	1185	0.9090909090909091	False
232	1039	0.8181818181818182	False
232	1192	0.7272727272727273	False
232	1620	0.6363636363636364	True
232	3421	0.5454545454545454	False
232	3316	0.45454545454545453	True
232	1672	0.36363636363636365	True
232	926	0.2727272727272727	True
232	531	0.18181818181818182	False
232	3304	0.09090909090909091	True
1944	1039	0.9090909090909091	False
1944	531	0.8181818181818182	False
1944	1192	0.7272727272727273	False
1944	3316	0.6363636363636364	True
1944	1185	0.5454545454545454	False
1944	1997	0.45454545454545453	True
1944	1620	0.36363636363636365	True
1944	614	0.2727272727272727	True
1944	2861	0.18181818181818182	True
1944	3421	0.09090909090909091	False
2984	1039	0.9090909090909091	False
2984	1185	0.8181818181818182	False
2984	1192	0.7272727272727273	False
2984	531	0.6363636363636364	False
2984	1997	0.5454545454545454	True
2984	3421	0.45454545454545453	False
2984	1217	0.36363636363636365	True
2984	3316	0.2727272727272727	True
2984	2861	0.18181818181818182	True
2984	614	0.09090909090909091	True
103	1039	0.9090909090909091	False
103	1192	0.8181818181818182	False
103	1997	0.7272727272727273	True
103	1185	0.6363636363636364	False
103	3421	0.5454545454545454	False
103	1620	0.45454545454545453	True
103	614	0.36363636363636365	True
103	1715	0.2727272727272727	True
103	531	0.18181818181818182	False
103	1217	0.09090909090909091	True
4270	1192	0.9090909090909091	False
4270	1039	0.8181818181818182	False
4270	1185	0.7272727272727273	False
4270	3421	0.6363636363636364	False
4270	3316	0.5454545454545454	True
4270	1217	0.45454545454545453	True
4270	1620	0.36363636363636365	True
4270	1997	0.2727272727272727	True
4270	1672	0.18181818181818182	True
4270	1715	0.09090909090909091	True
3808	1039	0.9090909090909091	False
3808	3421	0.8181818181818182	False
3808	1620	0.7272727272727273	True
3808	1185	0.6363636363636364	False
3808	1192	0.5454545454545454	False
3808	1997	0.45454545454545453	True
3808	531	0.36363636363636365	False
3808	614	0.2727272727272727	True
3808	1715	0.18181818181818182	True
3808	1672	0.09090909090909091	True
920	1192	0.9090909090909091	False
920	1039	0.8181818181818182	False
920	3316	0.7272727272727273	True
920	1185	0.6363636363636364	False
920	1997	0.5454545454545454	True
920	1672	0.45454545454545453	True
920	614	0.36363636363636365	True
920	1217	0.2727272727272727	True
920	3421	0.18181818181818182	False
920	2861	0.09090909090909091	True
3610	1039	0.9090909090909091	False
3610	1185	0.8181818181818182	False
3610	1192	0.7272727272727273	False
3610	614	0.6363636363636364	True
3610	1620	0.5454545454545454	True
3610	926	0.45454545454545453	True
3610	505	0.36363636363636365	True
3610	1715	0.2727272727272727	True
3610	1217	0.18181818181818182	True
3610	3421	0.09090909090909091	False
3069	1039	0.9090909090909091	False
3069	1620	0.8181818181818182	True
3069	1192	0.7272727272727273	False
3069	3421	0.6363636363636364	False
3069	505	0.5454545454545454	True
3069	926	0.45454545454545453	True
3069	614	0.36363636363636365	True
3069	1185	0.2727272727272727	False
3069	3304	0.18181818181818182	True
3069	1715	0.09090909090909091	True
3514	1039	0.9090909090909091	False
3514	614	0.8181818181818182	True
3514	1217	0.7272727272727273	True
3514	1192	0.6363636363636364	False
3514	3421	0.5454545454545454	False
3514	1997	0.45454545454545453	True
3514	531	0.36363636363636365	False
3514	1620	0.2727272727272727	True
3514	3316	0.18181818181818182	True
3514	505	0.09090909090909091	True
3931	1039	0.9090909090909091	False
3931	1192	0.8181818181818182	False
3931	531	0.7272727272727273	False
3931	614	0.6363636363636364	True
3931	1217	0.5454545454545454	True
3931	1620	0.45454545454545453	True
3931	1185	0.36363636363636365	False
3931	1672	0.2727272727272727	True
3931	3316	0.18181818181818182	True
3931	1997	0.09090909090909091	True
739	1039	0.9090909090909091	False
739	1192	0.8181818181818182	False
739	614	0.7272727272727273	True
739	1620	0.6363636363636364	True
739	1997	0.5454545454545454	True
739	1185	0.45454545454545453	False
739	3421	0.36363636363636365	False
739	1217	0.2727272727272727	True
739	1715	0.18181818181818182	True
739	531	0.09090909090909091	False
2611	1192	0.9090909090909091	False
2611	3421	0.8181818181818182	False
2611	1039	0.7272727272727273	False
2611	1217	0.6363636363636364	True
2611	1185	0.5454545454545454	False
2611	1715	0.45454545454545453	True
2611	1672	0.36363636363636365	True
2611	2861	0.2727272727272727	True
2611	926	0.18181818181818182	True
2611	3316	0.09090909090909091	True
808	1039	0.9090909090909091	False
808	3421	0.8181818181818182	False
808	1185	0.7272727272727273	False
808	3316	0.6363636363636364	True
808	2861	0.5454545454545454	True
808	531	0.45454545454545453	False
808	1997	0.36363636363636365	True
808	926	0.2727272727272727	True
808	1620	0.18181818181818182	True
808	614	0.09090909090909091	True
311	3421	0.9090909090909091	False
311	1185	0.8181818181818182	False
311	1039	0.7272727272727273	False
311	1192	0.6363636363636364	False
311	2861	0.5454545454545454	True
311	926	0.45454545454545453	True
311	1997	0.36363636363636365	True
311	614	0.2727272727272727	True
311	1620	0.18181818181818182	True
311	531	0.09090909090909091	False
1960	3421	0.9090909090909091	False
1960	1039	0.8181818181818182	False
1960	531	0.7272727272727273	False
1960	1185	0.6363636363636364	False
1960	3316	0.5454545454545454	True
1960	2242	0.45454545454545453	True
1960	1620	0.36363636363636365	True
1960	1192	0.2727272727272727	False
1960	1672	0.18181818181818182	True
1960	926	0.09090909090909091	True
3924	1039	0.9090909090909091	False
3924	1192	0.8181818181818182	False
3924	1672	0.7272727272727273	True
3924	2861	0.6363636363636364	True
3924	614	0.5454545454545454	True
3924	3316	0.45454545454545453	True
3924	531	0.36363636363636365	False
3924	1620	0.2727272727272727	True
3924	1217	0.18181818181818182	True
3924	1185	0.09090909090909091	False
1375	1039	0.9090909090909091	False
1375	1620	0.8181818181818182	True
1375	1192	0.7272727272727273	False
1375	1997	0.6363636363636364	True
1375	614	0.5454545454545454	True
1375	3421	0.45454545454545453	False
1375	926	0.36363636363636365	True
1375	531	0.2727272727272727	False
1375	1185	0.18181818181818182	False
1375	2861	0.09090909090909091	True
2286	1192	0.9090909090909091	False
2286	1997	0.8181818181818182	True
2286	614	0.7272727272727273	True
2286	1039	0.6363636363636364	False
2286	1185	0.5454545454545454	False
2286	1217	0.45454545454545453	True
2286	1672	0.36363636363636365	True
2286	2861	0.2727272727272727	True
2286	1620	0.18181818181818182	True
2286	531	0.09090909090909091	False
1417	1039	0.9090909090909091	False
1417	614	0.8181818181818182	True
1417	1192	0.7272727272727273	False
1417	531	0.6363636363636364	False
1417	1217	0.5454545454545454	True
1417	1185	0.45454545454545453	False
1417	1672	0.36363636363636365	True
1417	2861	0.2727272727272727	True
1417	1997	0.18181818181818182	True
1417	3316	0.09090909090909091	True
3054	1192	0.9090909090909091	False
3054	1039	0.8181818181818182	False
3054	1185	0.7272727272727273	False
3054	3421	0.6363636363636364	False
3054	614	0.5454545454545454	True
3054	1997	0.45454545454545453	True
3054	1620	0.36363636363636365	True
3054	531	0.2727272727272727	False
3054	1217	0.18181818181818182	True
3054	505	0.09090909090909091	True
5220	1185	0.9090909090909091	False
5220	3421	0.8181818181818182	False
5220	1039	0.7272727272727273	False
5220	1192	0.6363636363636364	False
5220	531	0.5454545454545454	False
5220	1997	0.45454545454545453	True
5220	1715	0.36363636363636365	True
5220	3316	0.2727272727272727	True
5220	2861	0.18181818181818182	True
5220	505	0.09090909090909091	True
5805	3421	0.9090909090909091	False
5805	1039	0.8181818181818182	False
5805	3316	0.7272727272727273	True
5805	531	0.6363636363636364	False
5805	1620	0.5454545454545454	True
5805	1192	0.45454545454545453	False
5805	1185	0.36363636363636365	False
5805	2861	0.2727272727272727	True
5805	614	0.18181818181818182	True
5805	926	0.09090909090909091	True
