1996	3441	0.9090909090909091	False
1996	2497	0.8181818181818182	False
1996	2450	0.7272727272727273	False
1996	3516	0.6363636363636364	True
1996	2939	0.5454545454545454	False
1996	2899	0.45454545454545453	False
1996	441	0.36363636363636365	True
1996	2291	0.2727272727272727	True
1996	870	0.18181818181818182	True
1996	2479	0.09090909090909091	True
685	3441	0.9090909090909091	False
685	3516	0.8181818181818182	True
685	2939	0.7272727272727273	False
685	2899	0.6363636363636364	False
685	2497	0.5454545454545454	False
685	603	0.45454545454545453	True
685	2479	0.36363636363636365	True
685	2450	0.2727272727272727	False
685	3854	0.18181818181818182	True
685	441	0.09090909090909091	True
4566	3441	0.9090909090909091	False
4566	2450	0.8181818181818182	False
4566	2939	0.7272727272727273	False
4566	2497	0.6363636363636364	False
4566	2479	0.5454545454545454	True
4566	2899	0.45454545454545453	False
4566	3690	0.36363636363636365	True
4566	441	0.2727272727272727	True
4566	603	0.18181818181818182	True
4566	3854	0.09090909090909091	True
1472	3441	0.9090909090909091	False
1472	2899	0.8181818181818182	False
1472	3342	0.7272727272727273	True
1472	3516	0.6363636363636364	True
1472	603	0.5454545454545454	True
1472	3854	0.45454545454545453	True
1472	920	0.36363636363636365	True
1472	2479	0.2727272727272727	True
1472	2450	0.18181818181818182	False
1472	2497	0.09090909090909091	False
161	3441	0.9090909090909091	False
161	2450	0.8181818181818182	False
161	2479	0.7272727272727273	True
161	2939	0.6363636363636364	False
161	2899	0.5454545454545454	False
161	3690	0.45454545454545453	True
161	2497	0.36363636363636365	False
161	3516	0.2727272727272727	True
161	603	0.18181818181818182	True
161	441	0.09090909090909091	True
825	3441	0.9090909090909091	False
825	2899	0.8181818181818182	False
825	2497	0.7272727272727273	False
825	2939	0.6363636363636364	False
825	2450	0.5454545454545454	False
825	3854	0.45454545454545453	True
825	603	0.36363636363636365	True
825	2479	0.2727272727272727	True
825	920	0.18181818181818182	True
825	2291	0.09090909090909091	True
752	3441	0.9090909090909091	False
752	2899	0.8181818181818182	False
752	2450	0.7272727272727273	False
752	3854	0.6363636363636364	True
752	2939	0.5454545454545454	False
752	3516	0.45454545454545453	True
752	2479	0.36363636363636365	True
752	603	0.2727272727272727	True
752	3462	0.18181818181818182	True
752	2497	0.09090909090909091	False
3843	3441	0.9090909090909091	False
3843	2899	0.8181818181818182	False
3843	2939	0.7272727272727273	False
3843	2497	0.6363636363636364	False
3843	2450	0.5454545454545454	False
3843	870	0.45454545454545453	True
3843	3516	0.36363636363636365	True
3843	474	0.2727272727272727	True
3843	2479	0.18181818181818182	True
3843	603	0.09090909090909091	True
5956	3441	0.9090909090909091	False
5956	2450	0.8181818181818182	False
5956	3690	0.7272727272727273	True
5956	2939	0.6363636363636364	False
5956	2497	0.5454545454545454	False
5956	2899	0.45454545454545453	False
5956	3342	0.36363636363636365	True
5956	3516	0.2727272727272727	True
5956	2479	0.18181818181818182	True
5956	603	0.09090909090909091	True
1282	3441	0.9090909090909091	False
1282	2899	0.8181818181818182	False
1282	3516	0.7272727272727273	True
1282	603	0.6363636363636364	True
1282	2479	0.5454545454545454	True
1282	2450	0.45454545454545453	False
1282	2497	0.36363636363636365	False
1282	3462	0.2727272727272727	True
1282	2939	0.18181818181818182	False
1282	352	0.09090909090909091	True
1440	3441	0.9090909090909091	False
1440	3854	0.8181818181818182	True
1440	2479	0.7272727272727273	True
1440	603	0.6363636363636364	True
1440	2899	0.5454545454545454	False
1440	920	0.45454545454545453	True
1440	2497	0.36363636363636365	False
1440	2939	0.2727272727272727	False
1440	3516	0.18181818181818182	True
1440	2450	0.09090909090909091	False
3487	3441	0.9090909090909091	False
3487	3516	0.8181818181818182	True
3487	2450	0.7272727272727273	False
3487	3854	0.6363636363636364	True
3487	2479	0.5454545454545454	True
3487	2899	0.45454545454545453	False
3487	2939	0.36363636363636365	False
3487	603	0.2727272727272727	True
3487	2497	0.18181818181818182	False
3487	441	0.09090909090909091	True
5735	3441	0.9090909090909091	False
5735	2450	0.8181818181818182	False
5735	2497	0.7272727272727273	False
5735	2899	0.6363636363636364	False
5735	2939	0.5454545454545454	False
5735	3342	0.45454545454545453	True
5735	441	0.36363636363636365	True
5735	3690	0.2727272727272727	True
5735	2479	0.18181818181818182	True
5735	3516	0.09090909090909091	True
1319	3441	0.9090909090909091	False
1319	2450	0.8181818181818182	False
1319	2497	0.7272727272727273	False
1319	2939	0.6363636363636364	False
1319	3854	0.5454545454545454	True
1319	2899	0.45454545454545453	False
1319	441	0.36363636363636365	True
1319	3516	0.2727272727272727	True
1319	3462	0.18181818181818182	True
1319	2479	0.09090909090909091	True
3793	3441	0.9090909090909091	False
3793	3854	0.8181818181818182	True
3793	2497	0.7272727272727273	False
3793	2450	0.6363636363636364	False
3793	2939	0.5454545454545454	False
3793	603	0.45454545454545453	True
3793	2899	0.36363636363636365	False
3793	3516	0.2727272727272727	True
3793	3342	0.18181818181818182	True
3793	2291	0.09090909090909091	True
2591	3441	0.9090909090909091	False
2591	2899	0.8181818181818182	False
2591	3516	0.7272727272727273	True
2591	2450	0.6363636363636364	False
2591	2497	0.5454545454545454	False
2591	2939	0.45454545454545453	False
2591	3854	0.36363636363636365	True
2591	2291	0.2727272727272727	True
2591	920	0.18181818181818182	True
2591	441	0.09090909090909091	True
2494	3441	0.9090909090909091	False
2494	2450	0.8181818181818182	False
2494	2899	0.7272727272727273	False
2494	3516	0.6363636363636364	True
2494	2497	0.5454545454545454	False
2494	2939	0.45454545454545453	False
2494	2479	0.36363636363636365	True
2494	603	0.2727272727272727	True
2494	441	0.18181818181818182	True
2494	870	0.09090909090909091	True
822	3441	0.9090909090909091	False
822	2939	0.8181818181818182	False
822	2497	0.7272727272727273	False
822	2899	0.6363636363636364	False
822	2450	0.5454545454545454	False
822	870	0.45454545454545453	True
822	2479	0.36363636363636365	True
822	603	0.2727272727272727	True
822	3342	0.18181818181818182	True
822	920	0.09090909090909091	True
3982	3441	0.9090909090909091	False
3982	2450	0.8181818181818182	False
3982	2939	0.7272727272727273	False
3982	352	0.6363636363636364	True
3982	3462	0.5454545454545454	True
3982	2899	0.45454545454545453	False
3982	2497	0.36363636363636365	False
3982	441	0.2727272727272727	True
3982	3516	0.18181818181818182	True
3982	3854	0.09090909090909091	True
5410	3441	0.9090909090909091	False
5410	2939	0.8181818181818182	False
5410	2497	0.7272727272727273	False
5410	2899	0.6363636363636364	False
5410	3516	0.5454545454545454	True
5410	2450	0.45454545454545453	False
5410	2479	0.36363636363636365	True
5410	1257	0.2727272727272727	True
5410	920	0.18181818181818182	True
5410	3854	0.09090909090909091	True
145	3441	0.9090909090909091	False
145	2497	0.8181818181818182	False
145	2899	0.7272727272727273	False
145	2939	0.6363636363636364	False
145	3516	0.5454545454545454	True
145	2450	0.45454545454545453	False
145	870	0.36363636363636365	True
145	920	0.2727272727272727	True
145	2479	0.18181818181818182	True
145	441	0.09090909090909091	True
2754	3441	0.9090909090909091	False
2754	3854	0.8181818181818182	True
2754	2939	0.7272727272727273	False
2754	603	0.6363636363636364	True
2754	3516	0.5454545454545454	True
2754	2497	0.45454545454545453	False
2754	2450	0.36363636363636365	False
2754	2899	0.2727272727272727	False
2754	2479	0.18181818181818182	True
2754	3669	0.09090909090909091	True
3456	3441	0.9090909090909091	False
3456	2497	0.8181818181818182	False
3456	2899	0.7272727272727273	False
3456	2450	0.6363636363636364	False
3456	3516	0.5454545454545454	True
3456	2291	0.45454545454545453	True
3456	2939	0.36363636363636365	False
3456	603	0.2727272727272727	True
3456	920	0.18181818181818182	True
3456	2479	0.09090909090909091	True
2755	3441	0.9090909090909091	False
2755	2497	0.8181818181818182	False
2755	2450	0.7272727272727273	False
2755	2899	0.6363636363636364	False
2755	441	0.5454545454545454	True
2755	2939	0.45454545454545453	False
2755	870	0.36363636363636365	True
2755	3516	0.2727272727272727	True
2755	1887	0.18181818181818182	True
2755	2479	0.09090909090909091	True
3678	3441	0.9090909090909091	False
3678	2899	0.8181818181818182	False
3678	2479	0.7272727272727273	True
3678	2497	0.6363636363636364	False
3678	2450	0.5454545454545454	False
3678	3462	0.45454545454545453	True
3678	2939	0.36363636363636365	False
3678	3516	0.2727272727272727	True
3678	603	0.18181818181818182	True
3678	2582	0.09090909090909091	True
4076	3441	0.9090909090909091	False
4076	2450	0.8181818181818182	False
4076	2939	0.7272727272727273	False
4076	2899	0.6363636363636364	False
4076	2497	0.5454545454545454	False
4076	3516	0.45454545454545453	True
4076	2479	0.36363636363636365	True
4076	870	0.2727272727272727	True
4076	3342	0.18181818181818182	True
4076	3462	0.09090909090909091	True
2901	3441	0.9090909090909091	False
2901	2450	0.8181818181818182	False
2901	2497	0.7272727272727273	False
2901	441	0.6363636363636364	True
2901	2479	0.5454545454545454	True
2901	3516	0.45454545454545453	True
2901	2939	0.36363636363636365	False
2901	2899	0.2727272727272727	False
2901	3854	0.18181818181818182	True
2901	3690	0.09090909090909091	True
3100	3441	0.9090909090909091	False
3100	2899	0.8181818181818182	False
3100	2497	0.7272727272727273	False
3100	2479	0.6363636363636364	True
3100	2939	0.5454545454545454	False
3100	2450	0.45454545454545453	False
3100	603	0.36363636363636365	True
3100	3342	0.2727272727272727	True
3100	3854	0.18181818181818182	True
3100	920	0.09090909090909091	True
925	3441	0.9090909090909091	False
925	2899	0.8181818181818182	False
925	870	0.7272727272727273	True
925	2450	0.6363636363636364	False
925	2939	0.5454545454545454	False
925	2479	0.45454545454545453	True
925	2497	0.36363636363636365	False
925	3516	0.2727272727272727	True
925	3342	0.18181818181818182	True
925	920	0.09090909090909091	True
747	3441	0.9090909090909091	False
747	2450	0.8181818181818182	False
747	2899	0.7272727272727273	False
747	2939	0.6363636363636364	False
747	3516	0.5454545454545454	True
747	3690	0.45454545454545453	True
747	2497	0.36363636363636365	False
747	2479	0.2727272727272727	True
747	3854	0.18181818181818182	True
747	441	0.09090909090909091	True
5419	3441	0.9090909090909091	False
5419	2450	0.8181818181818182	False
5419	2497	0.7272727272727273	False
5419	2939	0.6363636363636364	False
5419	3854	0.5454545454545454	True
5419	2479	0.45454545454545453	True
5419	2899	0.36363636363636365	False
5419	3690	0.2727272727272727	True
5419	603	0.18181818181818182	True
5419	3342	0.09090909090909091	True
5163	3441	0.9090909090909091	False
5163	3516	0.8181818181818182	True
5163	2450	0.7272727272727273	False
5163	2497	0.6363636363636364	False
5163	2939	0.5454545454545454	False
5163	3854	0.45454545454545453	True
5163	2582	0.36363636363636365	True
5163	2448	0.2727272727272727	True
5163	3342	0.18181818181818182	True
5163	2479	0.09090909090909091	True
500	3441	0.9090909090909091	False
500	2450	0.8181818181818182	False
500	2939	0.7272727272727273	False
500	3854	0.6363636363636364	True
500	2497	0.5454545454545454	False
500	3690	0.45454545454545453	True
500	2899	0.36363636363636365	False
500	603	0.2727272727272727	True
500	2291	0.18181818181818182	True
500	3516	0.09090909090909091	True
4161	3441	0.9090909090909091	False
4161	2899	0.8181818181818182	False
4161	2939	0.7272727272727273	False
4161	2497	0.6363636363636364	False
4161	2479	0.5454545454545454	True
4161	603	0.45454545454545453	True
4161	3516	0.36363636363636365	True
4161	2450	0.2727272727272727	False
4161	870	0.18181818181818182	True
4161	1054	0.09090909090909091	True
4490	3441	0.9090909090909091	False
4490	2497	0.8181818181818182	False
4490	2899	0.7272727272727273	False
4490	2939	0.6363636363636364	False
4490	2450	0.5454545454545454	False
4490	2479	0.45454545454545453	True
4490	603	0.36363636363636365	True
4490	3516	0.2727272727272727	True
4490	3690	0.18181818181818182	True
4490	1257	0.09090909090909091	True
1555	3441	0.9090909090909091	False
1555	2450	0.8181818181818182	False
1555	2899	0.7272727272727273	False
1555	2497	0.6363636363636364	False
1555	2479	0.5454545454545454	True
1555	441	0.45454545454545453	True
1555	920	0.36363636363636365	True
1555	2939	0.2727272727272727	False
1555	603	0.18181818181818182	True
1555	3516	0.09090909090909091	True
608	3441	0.9090909090909091	False
608	2497	0.8181818181818182	False
608	2939	0.7272727272727273	False
608	2899	0.6363636363636364	False
608	2291	0.5454545454545454	True
608	2450	0.45454545454545453	False
608	920	0.36363636363636365	True
608	3516	0.2727272727272727	True
608	3854	0.18181818181818182	True
608	603	0.09090909090909091	True
962	3441	0.9090909090909091	False
962	2899	0.8181818181818182	False
962	2497	0.7272727272727273	False
962	2450	0.6363636363636364	False
962	2939	0.5454545454545454	False
962	3342	0.45454545454545453	True
962	3690	0.36363636363636365	True
962	603	0.2727272727272727	True
962	3854	0.18181818181818182	True
962	3516	0.09090909090909091	True
5265	3441	0.9090909090909091	False
5265	2450	0.8181818181818182	False
5265	2497	0.7272727272727273	False
5265	3342	0.6363636363636364	True
5265	3690	0.5454545454545454	True
5265	2939	0.45454545454545453	False
5265	2899	0.36363636363636365	False
5265	3516	0.2727272727272727	True
5265	3854	0.18181818181818182	True
5265	441	0.09090909090909091	True
2850	3441	0.9090909090909091	False
2850	2497	0.8181818181818182	False
2850	2899	0.7272727272727273	False
2850	2450	0.6363636363636364	False
2850	3690	0.5454545454545454	True
2850	2939	0.45454545454545453	False
2850	2479	0.36363636363636365	True
2850	603	0.2727272727272727	True
2850	3854	0.18181818181818182	True
2850	441	0.09090909090909091	True
2518	3441	0.9090909090909091	False
2518	2939	0.8181818181818182	False
2518	2497	0.7272727272727273	False
2518	3516	0.6363636363636364	True
2518	2450	0.5454545454545454	False
2518	2899	0.45454545454545453	False
2518	3854	0.36363636363636365	True
2518	3342	0.2727272727272727	True
2518	2479	0.18181818181818182	True
2518	603	0.09090909090909091	True
1502	3441	0.9090909090909091	False
1502	2450	0.8181818181818182	False
1502	2497	0.7272727272727273	False
1502	2939	0.6363636363636364	False
1502	2899	0.5454545454545454	False
1502	3690	0.45454545454545453	True
1502	441	0.36363636363636365	True
1502	603	0.2727272727272727	True
1502	2479	0.18181818181818182	True
1502	3342	0.09090909090909091	True
2803	3441	0.9090909090909091	False
2803	2939	0.8181818181818182	False
2803	2497	0.7272727272727273	False
2803	3342	0.6363636363636364	True
2803	3854	0.5454545454545454	True
2803	2450	0.45454545454545453	False
2803	603	0.36363636363636365	True
2803	2899	0.2727272727272727	False
2803	3516	0.18181818181818182	True
2803	3669	0.09090909090909091	True
1593	3441	0.9090909090909091	False
1593	2450	0.8181818181818182	False
1593	2899	0.7272727272727273	False
1593	2939	0.6363636363636364	False
1593	2497	0.5454545454545454	False
1593	3342	0.45454545454545453	True
1593	2479	0.36363636363636365	True
1593	352	0.2727272727272727	True
1593	3516	0.18181818181818182	True
1593	441	0.09090909090909091	True
2042	3441	0.9090909090909091	False
2042	2939	0.8181818181818182	False
2042	2450	0.7272727272727273	False
2042	2497	0.6363636363636364	False
2042	3516	0.5454545454545454	True
2042	2899	0.45454545454545453	False
2042	2479	0.36363636363636365	True
2042	3854	0.2727272727272727	True
2042	3690	0.18181818181818182	True
2042	3342	0.09090909090909091	True
828	3441	0.9090909090909091	False
828	2450	0.8181818181818182	False
828	2899	0.7272727272727273	False
828	3516	0.6363636363636364	True
828	2939	0.5454545454545454	False
828	3854	0.45454545454545453	True
828	2497	0.36363636363636365	False
828	603	0.2727272727272727	True
828	2291	0.18181818181818182	True
828	2479	0.09090909090909091	True
1261	3441	0.9090909090909091	False
1261	2497	0.8181818181818182	False
1261	2450	0.7272727272727273	False
1261	2939	0.6363636363636364	False
1261	2479	0.5454545454545454	True
1261	2899	0.45454545454545453	False
1261	3342	0.36363636363636365	True
1261	603	0.2727272727272727	True
1261	3690	0.18181818181818182	True
1261	920	0.09090909090909091	True
2572	3441	0.9090909090909091	False
2572	2497	0.8181818181818182	False
2572	2939	0.7272727272727273	False
2572	2899	0.6363636363636364	False
2572	2450	0.5454545454545454	False
2572	3854	0.45454545454545453	True
2572	3516	0.36363636363636365	True
2572	920	0.2727272727272727	True
2572	2479	0.18181818181818182	True
2572	603	0.09090909090909091	True
5067	3441	0.9090909090909091	False
5067	2899	0.8181818181818182	False
5067	2939	0.7272727272727273	False
5067	2497	0.6363636363636364	False
5067	3516	0.5454545454545454	True
5067	2450	0.45454545454545453	False
5067	352	0.36363636363636365	True
5067	2479	0.2727272727272727	True
5067	3854	0.18181818181818182	True
5067	870	0.09090909090909091	True
2683	3441	0.9090909090909091	False
2683	2497	0.8181818181818182	False
2683	2450	0.7272727272727273	False
2683	2899	0.6363636363636364	False
2683	2291	0.5454545454545454	True
2683	2939	0.45454545454545453	False
2683	603	0.36363636363636365	True
2683	3778	0.2727272727272727	True
2683	3516	0.18181818181818182	True
2683	920	0.09090909090909091	True
4751	3441	0.9090909090909091	False
4751	2450	0.8181818181818182	False
4751	2497	0.7272727272727273	False
4751	3342	0.6363636363636364	True
4751	2939	0.5454545454545454	False
4751	2899	0.45454545454545453	False
4751	603	0.36363636363636365	True
4751	2479	0.2727272727272727	True
4751	3690	0.18181818181818182	True
4751	2582	0.09090909090909091	True
323	3441	0.9090909090909091	False
323	2939	0.8181818181818182	False
323	3516	0.7272727272727273	True
323	2899	0.6363636363636364	False
323	2450	0.5454545454545454	False
323	2497	0.45454545454545453	False
323	2291	0.36363636363636365	True
323	3854	0.2727272727272727	True
323	1257	0.18181818181818182	True
323	920	0.09090909090909091	True
4242	3441	0.9090909090909091	False
4242	3854	0.8181818181818182	True
4242	2939	0.7272727272727273	False
4242	2450	0.6363636363636364	False
4242	2497	0.5454545454545454	False
4242	3462	0.45454545454545453	True
4242	3516	0.36363636363636365	True
4242	603	0.2727272727272727	True
4242	2479	0.18181818181818182	True
4242	3669	0.09090909090909091	True
4806	3441	0.9090909090909091	False
4806	2450	0.8181818181818182	False
4806	2899	0.7272727272727273	False
4806	2497	0.6363636363636364	False
4806	2939	0.5454545454545454	False
4806	3342	0.45454545454545453	True
4806	3516	0.36363636363636365	True
4806	870	0.2727272727272727	True
4806	441	0.18181818181818182	True
4806	2479	0.09090909090909091	True
1028	3441	0.9090909090909091	False
1028	2497	0.8181818181818182	False
1028	2450	0.7272727272727273	False
1028	2939	0.6363636363636364	False
1028	2899	0.5454545454545454	False
1028	3854	0.45454545454545453	True
1028	441	0.36363636363636365	True
1028	603	0.2727272727272727	True
1028	3690	0.18181818181818182	True
1028	3516	0.09090909090909091	True
1519	3441	0.9090909090909091	False
1519	2450	0.8181818181818182	False
1519	2939	0.7272727272727273	False
1519	2479	0.6363636363636364	True
1519	441	0.5454545454545454	True
1519	2497	0.45454545454545453	False
1519	3516	0.36363636363636365	True
1519	603	0.2727272727272727	True
1519	2899	0.18181818181818182	False
1519	3690	0.09090909090909091	True
2854	3441	0.9090909090909091	False
2854	2497	0.8181818181818182	False
2854	2450	0.7272727272727273	False
2854	2899	0.6363636363636364	False
2854	2939	0.5454545454545454	False
2854	3342	0.45454545454545453	True
2854	2291	0.36363636363636365	True
2854	3516	0.2727272727272727	True
2854	870	0.18181818181818182	True
2854	920	0.09090909090909091	True
98	3441	0.9090909090909091	False
98	2939	0.8181818181818182	False
98	2450	0.7272727272727273	False
98	3854	0.6363636363636364	True
98	2479	0.5454545454545454	True
98	2899	0.45454545454545453	False
98	2497	0.36363636363636365	False
98	603	0.2727272727272727	True
98	3516	0.18181818181818182	True
98	3462	0.09090909090909091	True
3518	3441	0.9090909090909091	False
3518	3516	0.8181818181818182	True
3518	2939	0.7272727272727273	False
3518	2450	0.6363636363636364	False
3518	2497	0.5454545454545454	False
3518	2479	0.45454545454545453	True
3518	3854	0.36363636363636365	True
3518	2899	0.2727272727272727	False
3518	441	0.18181818181818182	True
3518	870	0.09090909090909091	True
5818	3441	0.9090909090909091	False
5818	2899	0.8181818181818182	False
5818	2450	0.7272727272727273	False
5818	2497	0.6363636363636364	False
5818	441	0.5454545454545454	True
5818	3854	0.45454545454545453	True
5818	2479	0.36363636363636365	True
5818	3516	0.2727272727272727	True
5818	2939	0.18181818181818182	False
5818	603	0.09090909090909091	True
3276	3441	0.9090909090909091	False
3276	2450	0.8181818181818182	False
3276	2899	0.7272727272727273	False
3276	3516	0.6363636363636364	True
3276	3854	0.5454545454545454	True
3276	3342	0.45454545454545453	True
3276	603	0.36363636363636365	True
3276	3462	0.2727272727272727	True
3276	352	0.18181818181818182	True
3276	3690	0.09090909090909091	True
2904	3441	0.9090909090909091	False
2904	2450	0.8181818181818182	False
2904	2899	0.7272727272727273	False
2904	2497	0.6363636363636364	False
2904	2939	0.5454545454545454	False
2904	2479	0.45454545454545453	True
2904	603	0.36363636363636365	True
2904	3690	0.2727272727272727	True
2904	352	0.18181818181818182	True
2904	920	0.09090909090909091	True
1752	3441	0.9090909090909091	False
1752	2450	0.8181818181818182	False
1752	2479	0.7272727272727273	True
1752	2497	0.6363636363636364	False
1752	3690	0.5454545454545454	True
1752	2899	0.45454545454545453	False
1752	3516	0.36363636363636365	True
1752	2939	0.2727272727272727	False
1752	441	0.18181818181818182	True
1752	3854	0.09090909090909091	True
1168	3441	0.9090909090909091	False
1168	2450	0.8181818181818182	False
1168	2939	0.7272727272727273	False
1168	2899	0.6363636363636364	False
1168	2497	0.5454545454545454	False
1168	3516	0.45454545454545453	True
1168	3854	0.36363636363636365	True
1168	2479	0.2727272727272727	True
1168	441	0.18181818181818182	True
1168	2291	0.09090909090909091	True
5517	3441	0.9090909090909091	False
5517	2450	0.8181818181818182	False
5517	3516	0.7272727272727273	True
5517	3854	0.6363636363636364	True
5517	2939	0.5454545454545454	False
5517	2291	0.45454545454545453	True
5517	2497	0.36363636363636365	False
5517	3342	0.2727272727272727	True
5517	2899	0.18181818181818182	False
5517	2479	0.09090909090909091	True
5447	3441	0.9090909090909091	False
5447	2450	0.8181818181818182	False
5447	3516	0.7272727272727273	True
5447	2939	0.6363636363636364	False
5447	2899	0.5454545454545454	False
5447	2497	0.45454545454545453	False
5447	2479	0.36363636363636365	True
5447	3462	0.2727272727272727	True
5447	603	0.18181818181818182	True
5447	3854	0.09090909090909091	True
3146	3441	0.9090909090909091	False
3146	2497	0.8181818181818182	False
3146	2479	0.7272727272727273	True
3146	2899	0.6363636363636364	False
3146	2939	0.5454545454545454	False
3146	603	0.45454545454545453	True
3146	2450	0.36363636363636365	False
3146	920	0.2727272727272727	True
3146	2582	0.18181818181818182	True
3146	1054	0.09090909090909091	True
1000	3441	0.9090909090909091	False
1000	2939	0.8181818181818182	False
1000	2497	0.7272727272727273	False
1000	2450	0.6363636363636364	False
1000	2899	0.5454545454545454	False
1000	3854	0.45454545454545453	True
1000	2479	0.36363636363636365	True
1000	3516	0.2727272727272727	True
1000	603	0.18181818181818182	True
1000	441	0.09090909090909091	True
5618	3441	0.9090909090909091	False
5618	2497	0.8181818181818182	False
5618	2939	0.7272727272727273	False
5618	2450	0.6363636363636364	False
5618	2899	0.5454545454545454	False
5618	2479	0.45454545454545453	True
5618	603	0.36363636363636365	True
5618	2291	0.2727272727272727	True
5618	3516	0.18181818181818182	True
5618	3342	0.09090909090909091	True
2430	3441	0.9090909090909091	False
2430	2939	0.8181818181818182	False
2430	2450	0.7272727272727273	False
2430	2497	0.6363636363636364	False
2430	2899	0.5454545454545454	False
2430	3690	0.45454545454545453	True
2430	1257	0.36363636363636365	True
2430	441	0.2727272727272727	True
2430	2479	0.18181818181818182	True
2430	920	0.09090909090909091	True
3143	3441	0.9090909090909091	False
3143	2497	0.8181818181818182	False
3143	2939	0.7272727272727273	False
3143	2450	0.6363636363636364	False
3143	3854	0.5454545454545454	True
3143	2899	0.45454545454545453	False
3143	2479	0.36363636363636365	True
3143	3516	0.2727272727272727	True
3143	920	0.18181818181818182	True
3143	2291	0.09090909090909091	True
4139	3441	0.9090909090909091	False
4139	3516	0.8181818181818182	True
4139	2899	0.7272727272727273	False
4139	2450	0.6363636363636364	False
4139	2939	0.5454545454545454	False
4139	2497	0.45454545454545453	False
4139	3854	0.36363636363636365	True
4139	603	0.2727272727272727	True
4139	3342	0.18181818181818182	True
4139	2479	0.09090909090909091	True
39	3441	0.9090909090909091	False
39	3854	0.8181818181818182	True
39	2899	0.7272727272727273	False
39	603	0.6363636363636364	True
39	3516	0.5454545454545454	True
39	2497	0.45454545454545453	False
39	3462	0.36363636363636365	True
39	2939	0.2727272727272727	False
39	2450	0.18181818181818182	False
39	2479	0.09090909090909091	True
4595	3441	0.9090909090909091	False
4595	2939	0.8181818181818182	False
4595	2450	0.7272727272727273	False
4595	2497	0.6363636363636364	False
4595	3516	0.5454545454545454	True
4595	2899	0.45454545454545453	False
4595	2291	0.36363636363636365	True
4595	441	0.2727272727272727	True
4595	603	0.18181818181818182	True
4595	2479	0.09090909090909091	True
3354	3441	0.9090909090909091	False
3354	2939	0.8181818181818182	False
3354	2497	0.7272727272727273	False
3354	2479	0.6363636363636364	True
3354	2899	0.5454545454545454	False
3354	2450	0.45454545454545453	False
3354	603	0.36363636363636365	True
3354	3854	0.2727272727272727	True
3354	3516	0.18181818181818182	True
3354	3669	0.09090909090909091	True
3006	3441	0.9090909090909091	False
3006	2939	0.8181818181818182	False
3006	2497	0.7272727272727273	False
3006	2899	0.6363636363636364	False
3006	2450	0.5454545454545454	False
3006	3854	0.45454545454545453	True
3006	3690	0.36363636363636365	True
3006	2479	0.2727272727272727	True
3006	3342	0.18181818181818182	True
3006	603	0.09090909090909091	True
4427	3441	0.9090909090909091	False
4427	3516	0.8181818181818182	True
4427	2899	0.7272727272727273	False
4427	3342	0.6363636363636364	True
4427	2450	0.5454545454545454	False
4427	2939	0.45454545454545453	False
4427	3854	0.36363636363636365	True
4427	2497	0.2727272727272727	False
4427	2479	0.18181818181818182	True
4427	2582	0.09090909090909091	True
1552	3441	0.9090909090909091	False
1552	2497	0.8181818181818182	False
1552	2450	0.7272727272727273	False
1552	2939	0.6363636363636364	False
1552	3690	0.5454545454545454	True
1552	441	0.45454545454545453	True
1552	2899	0.36363636363636365	False
1552	2291	0.2727272727272727	True
1552	2479	0.18181818181818182	True
1552	3854	0.09090909090909091	True
5670	3441	0.9090909090909091	False
5670	2497	0.8181818181818182	False
5670	2939	0.7272727272727273	False
5670	2450	0.6363636363636364	False
5670	2899	0.5454545454545454	False
5670	603	0.45454545454545453	True
5670	3342	0.36363636363636365	True
5670	920	0.2727272727272727	True
5670	2479	0.18181818181818182	True
5670	441	0.09090909090909091	True
3515	3441	0.9090909090909091	False
3515	2497	0.8181818181818182	False
3515	2450	0.7272727272727273	False
3515	2899	0.6363636363636364	False
3515	441	0.5454545454545454	True
3515	3854	0.45454545454545453	True
3515	2939	0.36363636363636365	False
3515	2291	0.2727272727272727	True
3515	3690	0.18181818181818182	True
3515	2479	0.09090909090909091	True
823	3441	0.9090909090909091	False
823	2450	0.8181818181818182	False
823	3516	0.7272727272727273	True
823	2939	0.6363636363636364	False
823	2899	0.5454545454545454	False
823	1257	0.45454545454545453	True
823	2291	0.36363636363636365	True
823	603	0.2727272727272727	True
823	3342	0.18181818181818182	True
823	2497	0.09090909090909091	False
2203	3441	0.9090909090909091	False
2203	2899	0.8181818181818182	False
2203	2497	0.7272727272727273	False
2203	920	0.6363636363636364	True
2203	2939	0.5454545454545454	False
2203	2450	0.45454545454545453	False
2203	3342	0.36363636363636365	True
2203	3854	0.2727272727272727	True
2203	2291	0.18181818181818182	True
2203	3690	0.09090909090909091	True
3287	3441	0.9090909090909091	False
3287	3854	0.8181818181818182	True
3287	2939	0.7272727272727273	False
3287	2450	0.6363636363636364	False
3287	3516	0.5454545454545454	True
3287	2479	0.45454545454545453	True
3287	2899	0.36363636363636365	False
3287	441	0.2727272727272727	True
3287	2497	0.18181818181818182	False
3287	2582	0.09090909090909091	True
5642	3441	0.9090909090909091	False
5642	3516	0.8181818181818182	True
5642	3854	0.7272727272727273	True
5642	2939	0.6363636363636364	False
5642	2450	0.5454545454545454	False
5642	2582	0.45454545454545453	True
5642	2479	0.36363636363636365	True
5642	2497	0.2727272727272727	False
5642	2899	0.18181818181818182	False
5642	3342	0.09090909090909091	True
3745	3441	0.9090909090909091	False
3745	2939	0.8181818181818182	False
3745	2497	0.7272727272727273	False
3745	2450	0.6363636363636364	False
3745	3854	0.5454545454545454	True
3745	3516	0.45454545454545453	True
3745	2479	0.36363636363636365	True
3745	2899	0.2727272727272727	False
3745	3342	0.18181818181818182	True
3745	3690	0.09090909090909091	True
3357	3441	0.9090909090909091	False
3357	2479	0.8181818181818182	True
3357	2450	0.7272727272727273	False
3357	2899	0.6363636363636364	False
3357	2497	0.5454545454545454	False
3357	3516	0.45454545454545453	True
3357	3462	0.36363636363636365	True
3357	2939	0.2727272727272727	False
3357	603	0.18181818181818182	True
3357	3854	0.09090909090909091	True
4821	3441	0.9090909090909091	False
4821	2450	0.8181818181818182	False
4821	3690	0.7272727272727273	True
4821	2939	0.6363636363636364	False
4821	3854	0.5454545454545454	True
4821	2497	0.45454545454545453	False
4821	352	0.36363636363636365	True
4821	3462	0.2727272727272727	True
4821	2899	0.18181818181818182	False
4821	2479	0.09090909090909091	True
3751	3441	0.9090909090909091	False
3751	2450	0.8181818181818182	False
3751	2939	0.7272727272727273	False
3751	2497	0.6363636363636364	False
3751	2899	0.5454545454545454	False
3751	2291	0.45454545454545453	True
3751	441	0.36363636363636365	True
3751	3342	0.2727272727272727	True
3751	2479	0.18181818181818182	True
3751	3516	0.09090909090909091	True
3109	3441	0.9090909090909091	False
3109	2450	0.8181818181818182	False
3109	3516	0.7272727272727273	True
3109	2899	0.6363636363636364	False
3109	3690	0.5454545454545454	True
3109	3342	0.45454545454545453	True
3109	3462	0.36363636363636365	True
3109	2479	0.2727272727272727	True
3109	3854	0.18181818181818182	True
3109	2291	0.09090909090909091	True
3640	3441	0.9090909090909091	False
3640	2497	0.8181818181818182	False
3640	2939	0.7272727272727273	False
3640	2899	0.6363636363636364	False
3640	3854	0.5454545454545454	True
3640	2450	0.45454545454545453	False
3640	3342	0.36363636363636365	True
3640	3516	0.2727272727272727	True
3640	2291	0.18181818181818182	True
3640	1054	0.09090909090909091	True
2072	3441	0.9090909090909091	False
2072	2899	0.8181818181818182	False
2072	2497	0.7272727272727273	False
2072	2450	0.6363636363636364	False
2072	3342	0.5454545454545454	True
2072	3516	0.45454545454545453	True
2072	1257	0.36363636363636365	True
2072	2939	0.2727272727272727	False
2072	3854	0.18181818181818182	True
2072	2479	0.09090909090909091	True
5394	3441	0.9090909090909091	False
5394	2450	0.8181818181818182	False
5394	2497	0.7272727272727273	False
5394	2939	0.6363636363636364	False
5394	3854	0.5454545454545454	True
5394	2899	0.45454545454545453	False
5394	3516	0.36363636363636365	True
5394	441	0.2727272727272727	True
5394	3342	0.18181818181818182	True
5394	2479	0.09090909090909091	True
1123	3441	0.9090909090909091	False
1123	2450	0.8181818181818182	False
1123	3516	0.7272727272727273	True
1123	3854	0.6363636363636364	True
1123	2939	0.5454545454545454	False
1123	2497	0.45454545454545453	False
1123	603	0.36363636363636365	True
1123	2291	0.2727272727272727	True
1123	2479	0.18181818181818182	True
1123	2899	0.09090909090909091	False
2023	3441	0.9090909090909091	False
2023	603	0.8181818181818182	True
2023	2497	0.7272727272727273	False
2023	2899	0.6363636363636364	False
2023	2450	0.5454545454545454	False
2023	2479	0.45454545454545453	True
2023	3854	0.36363636363636365	True
2023	3462	0.2727272727272727	True
2023	474	0.18181818181818182	True
2023	2939	0.09090909090909091	False
2756	3441	0.9090909090909091	False
2756	2497	0.8181818181818182	False
2756	2450	0.7272727272727273	False
2756	2899	0.6363636363636364	False
2756	2939	0.5454545454545454	False
2756	2479	0.45454545454545453	True
2756	441	0.36363636363636365	True
2756	3516	0.2727272727272727	True
2756	603	0.18181818181818182	True
2756	2291	0.09090909090909091	True
1395	3441	0.9090909090909091	False
1395	2450	0.8181818181818182	False
1395	2939	0.7272727272727273	False
1395	2899	0.6363636363636364	False
1395	2497	0.5454545454545454	False
1395	2479	0.45454545454545453	True
1395	3516	0.36363636363636365	True
1395	870	0.2727272727272727	True
1395	441	0.18181818181818182	True
1395	2291	0.09090909090909091	True
2753	3441	0.9090909090909091	False
2753	2450	0.8181818181818182	False
2753	2497	0.7272727272727273	False
2753	2479	0.6363636363636364	True
2753	2939	0.5454545454545454	False
2753	2899	0.45454545454545453	False
2753	3516	0.36363636363636365	True
2753	3690	0.2727272727272727	True
2753	441	0.18181818181818182	True
2753	870	0.09090909090909091	True
4442	3441	0.9090909090909091	False
4442	2450	0.8181818181818182	False
4442	2497	0.7272727272727273	False
4442	2939	0.6363636363636364	False
4442	3462	0.5454545454545454	True
4442	3690	0.45454545454545453	True
4442	2479	0.36363636363636365	True
4442	3854	0.2727272727272727	True
4442	441	0.18181818181818182	True
4442	2899	0.09090909090909091	False
1155	3441	0.9090909090909091	False
1155	2939	0.8181818181818182	False
1155	2450	0.7272727272727273	False
1155	2497	0.6363636363636364	False
1155	2899	0.5454545454545454	False
1155	2479	0.45454545454545453	True
1155	441	0.36363636363636365	True
1155	2448	0.2727272727272727	True
1155	3516	0.18181818181818182	True
1155	870	0.09090909090909091	True
