1328	3167	0.9090909090909091	False
1328	3386	0.8181818181818182	False
1328	1393	0.7272727272727273	False
1328	2107	0.6363636363636364	True
1328	1087	0.5454545454545454	True
1328	2419	0.45454545454545453	True
1328	2387	0.36363636363636365	True
1328	3200	0.2727272727272727	False
1328	60	0.18181818181818182	False
1328	2946	0.09090909090909091	True
3485	3167	0.9090909090909091	False
3485	3386	0.8181818181818182	False
3485	2267	0.7272727272727273	True
3485	2946	0.6363636363636364	True
3485	1087	0.5454545454545454	True
3485	60	0.45454545454545453	False
3485	3024	0.36363636363636365	True
3485	3453	0.2727272727272727	True
3485	1007	0.18181818181818182	True
3485	1393	0.09090909090909091	False
4258	3167	0.9090909090909091	False
4258	3386	0.8181818181818182	False
4258	1393	0.7272727272727273	False
4258	3200	0.6363636363636364	False
4258	786	0.5454545454545454	True
4258	1904	0.45454545454545453	True
4258	60	0.36363636363636365	False
4258	2267	0.2727272727272727	True
4258	915	0.18181818181818182	True
4258	1087	0.09090909090909091	True
5132	3386	0.9090909090909091	False
5132	3167	0.8181818181818182	False
5132	1393	0.7272727272727273	False
5132	1178	0.6363636363636364	True
5132	60	0.5454545454545454	False
5132	3909	0.45454545454545453	True
5132	2392	0.36363636363636365	True
5132	2278	0.2727272727272727	True
5132	2419	0.18181818181818182	True
5132	2107	0.09090909090909091	True
1973	3167	0.9090909090909091	False
1973	3386	0.8181818181818182	False
1973	1393	0.7272727272727273	False
1973	3200	0.6363636363636364	False
1973	2267	0.5454545454545454	True
1973	2911	0.45454545454545453	True
1973	2387	0.36363636363636365	True
1973	2946	0.2727272727272727	True
1973	3453	0.18181818181818182	True
1973	786	0.09090909090909091	True
1194	3386	0.9090909090909091	False
1194	3167	0.8181818181818182	False
1194	2387	0.7272727272727273	True
1194	187	0.6363636363636364	True
1194	3024	0.5454545454545454	True
1194	1393	0.45454545454545453	False
1194	2267	0.36363636363636365	True
1194	60	0.2727272727272727	False
1194	3143	0.18181818181818182	True
1194	1087	0.09090909090909091	True
2928	3386	0.9090909090909091	False
2928	3167	0.8181818181818182	False
2928	915	0.7272727272727273	True
2928	1393	0.6363636363636364	False
2928	2267	0.5454545454545454	True
2928	3200	0.45454545454545453	False
2928	60	0.36363636363636365	False
2928	2518	0.2727272727272727	True
2928	1916	0.18181818181818182	True
2928	1904	0.09090909090909091	True
4272	3167	0.9090909090909091	False
4272	3386	0.8181818181818182	False
4272	3200	0.7272727272727273	False
4272	60	0.6363636363636364	False
4272	1393	0.5454545454545454	False
4272	1178	0.45454545454545453	True
4272	2267	0.36363636363636365	True
4272	1113	0.2727272727272727	True
4272	3174	0.18181818181818182	True
4272	66	0.09090909090909091	True
5405	3386	0.9090909090909091	False
5405	3167	0.8181818181818182	False
5405	3174	0.7272727272727273	True
5405	3008	0.6363636363636364	True
5405	1393	0.5454545454545454	False
5405	1178	0.45454545454545453	True
5405	2419	0.36363636363636365	True
5405	786	0.2727272727272727	True
5405	2911	0.18181818181818182	True
5405	3024	0.09090909090909091	True
1741	3386	0.9090909090909091	False
1741	3167	0.8181818181818182	False
1741	1393	0.7272727272727273	False
1741	915	0.6363636363636364	True
1741	1904	0.5454545454545454	True
1741	786	0.45454545454545453	True
1741	3200	0.36363636363636365	False
1741	2387	0.2727272727272727	True
1741	2911	0.18181818181818182	True
1741	187	0.09090909090909091	True
4299	3167	0.9090909090909091	False
4299	3386	0.8181818181818182	False
4299	3008	0.7272727272727273	True
4299	3024	0.6363636363636364	True
4299	3453	0.5454545454545454	True
4299	2419	0.45454545454545453	True
4299	2975	0.36363636363636365	True
4299	915	0.2727272727272727	True
4299	1178	0.18181818181818182	True
4299	1087	0.09090909090909091	True
3965	3167	0.9090909090909091	False
3965	3386	0.8181818181818182	False
3965	3200	0.7272727272727273	False
3965	2946	0.6363636363636364	True
3965	60	0.5454545454545454	False
3965	2107	0.45454545454545453	True
3965	1393	0.36363636363636365	False
3965	722	0.2727272727272727	True
3965	3453	0.18181818181818182	True
3965	2267	0.09090909090909091	True
4875	3167	0.9090909090909091	False
4875	3386	0.8181818181818182	False
4875	187	0.7272727272727273	True
4875	2975	0.6363636363636364	True
4875	3008	0.5454545454545454	True
4875	3024	0.45454545454545453	True
4875	1393	0.36363636363636365	False
4875	1805	0.2727272727272727	True
4875	2387	0.18181818181818182	True
4875	3143	0.09090909090909091	True
5399	3167	0.9090909090909091	False
5399	3386	0.8181818181818182	False
5399	2946	0.7272727272727273	True
5399	3200	0.6363636363636364	False
5399	2419	0.5454545454545454	True
5399	2267	0.45454545454545453	True
5399	786	0.36363636363636365	True
5399	1805	0.2727272727272727	True
5399	1393	0.18181818181818182	False
5399	3143	0.09090909090909091	True
3922	3167	0.9090909090909091	False
3922	3386	0.8181818181818182	False
3922	1178	0.7272727272727273	True
3922	2419	0.6363636363636364	True
3922	1393	0.5454545454545454	False
3922	2946	0.45454545454545453	True
3922	3200	0.36363636363636365	False
3922	3174	0.2727272727272727	True
3922	2107	0.18181818181818182	True
3922	3593	0.09090909090909091	True
240	3167	0.9090909090909091	False
240	3386	0.8181818181818182	False
240	60	0.7272727272727273	False
240	3200	0.6363636363636364	False
240	1393	0.5454545454545454	False
240	3453	0.45454545454545453	True
240	2267	0.36363636363636365	True
240	3909	0.2727272727272727	True
240	2946	0.18181818181818182	True
240	1113	0.09090909090909091	True
5834	3167	0.9090909090909091	False
5834	3386	0.8181818181818182	False
5834	1393	0.7272727272727273	False
5834	187	0.6363636363636364	True
5834	1113	0.5454545454545454	True
5834	60	0.45454545454545453	False
5834	2911	0.36363636363636365	True
5834	2267	0.2727272727272727	True
5834	2946	0.18181818181818182	True
5834	3909	0.09090909090909091	True
918	3386	0.9090909090909091	False
918	3167	0.8181818181818182	False
918	3453	0.7272727272727273	True
918	60	0.6363636363636364	False
918	1393	0.5454545454545454	False
918	2392	0.45454545454545453	True
918	2419	0.36363636363636365	True
918	1178	0.2727272727272727	True
918	3008	0.18181818181818182	True
918	1904	0.09090909090909091	True
2957	3167	0.9090909090909091	False
2957	3386	0.8181818181818182	False
2957	60	0.7272727272727273	False
2957	1087	0.6363636363636364	True
2957	3200	0.5454545454545454	False
2957	2267	0.45454545454545453	True
2957	1178	0.36363636363636365	True
2957	2946	0.2727272727272727	True
2957	3453	0.18181818181818182	True
2957	1393	0.09090909090909091	False
1141	3167	0.9090909090909091	False
1141	3386	0.8181818181818182	False
1141	1393	0.7272727272727273	False
1141	3593	0.6363636363636364	True
1141	3453	0.5454545454545454	True
1141	60	0.45454545454545453	False
1141	943	0.36363636363636365	True
1141	3909	0.2727272727272727	True
1141	2387	0.18181818181818182	True
1141	2911	0.09090909090909091	True
2635	3386	0.9090909090909091	False
2635	3167	0.8181818181818182	False
2635	1393	0.7272727272727273	False
2635	1087	0.6363636363636364	True
2635	2946	0.5454545454545454	True
2635	2387	0.45454545454545453	True
2635	60	0.36363636363636365	False
2635	786	0.2727272727272727	True
2635	3200	0.18181818181818182	False
2635	1916	0.09090909090909091	True
4853	3386	0.9090909090909091	False
4853	3167	0.8181818181818182	False
4853	1393	0.7272727272727273	False
4853	60	0.6363636363636364	False
4853	3200	0.5454545454545454	False
4853	786	0.45454545454545453	True
4853	2911	0.36363636363636365	True
4853	3453	0.2727272727272727	True
4853	2107	0.18181818181818182	True
4853	2387	0.09090909090909091	True
1705	3167	0.9090909090909091	False
1705	3386	0.8181818181818182	False
1705	1393	0.7272727272727273	False
1705	3174	0.6363636363636364	True
1705	1904	0.5454545454545454	True
1705	1087	0.45454545454545453	True
1705	915	0.36363636363636365	True
1705	2946	0.2727272727272727	True
1705	786	0.18181818181818182	True
1705	3200	0.09090909090909091	False
2753	3167	0.9090909090909091	False
2753	3386	0.8181818181818182	False
2753	1393	0.7272727272727273	False
2753	2975	0.6363636363636364	True
2753	1805	0.5454545454545454	True
2753	2946	0.45454545454545453	True
2753	1007	0.36363636363636365	True
2753	786	0.2727272727272727	True
2753	1087	0.18181818181818182	True
2753	2107	0.09090909090909091	True
5170	3386	0.9090909090909091	False
5170	3167	0.8181818181818182	False
5170	3200	0.7272727272727273	False
5170	786	0.6363636363636364	True
5170	60	0.5454545454545454	False
5170	2267	0.45454545454545453	True
5170	1904	0.36363636363636365	True
5170	1393	0.2727272727272727	False
5170	2419	0.18181818181818182	True
5170	1019	0.09090909090909091	True
4839	3386	0.9090909090909091	False
4839	3167	0.8181818181818182	False
4839	1393	0.7272727272727273	False
4839	2387	0.6363636363636364	True
4839	60	0.5454545454545454	False
4839	3453	0.45454545454545453	True
4839	3174	0.36363636363636365	True
4839	3200	0.2727272727272727	False
4839	2911	0.18181818181818182	True
4839	915	0.09090909090909091	True
3142	3167	0.9090909090909091	False
3142	3386	0.8181818181818182	False
3142	60	0.7272727272727273	False
3142	2267	0.6363636363636364	True
3142	3200	0.5454545454545454	False
3142	1178	0.45454545454545453	True
3142	3024	0.36363636363636365	True
3142	1007	0.2727272727272727	True
3142	1019	0.18181818181818182	True
3142	3909	0.09090909090909091	True
2378	3167	0.9090909090909091	False
2378	3386	0.8181818181818182	False
2378	3200	0.7272727272727273	False
2378	1178	0.6363636363636364	True
2378	2267	0.5454545454545454	True
2378	2419	0.45454545454545453	True
2378	3885	0.36363636363636365	True
2378	1393	0.2727272727272727	False
2378	915	0.18181818181818182	True
2378	2387	0.09090909090909091	True
2149	3386	0.9090909090909091	False
2149	3167	0.8181818181818182	False
2149	60	0.7272727272727273	False
2149	3024	0.6363636363636364	True
2149	2267	0.5454545454545454	True
2149	3200	0.45454545454545453	False
2149	1113	0.36363636363636365	True
2149	3174	0.2727272727272727	True
2149	1087	0.18181818181818182	True
2149	1178	0.09090909090909091	True
3313	3167	0.9090909090909091	False
3313	3386	0.8181818181818182	False
3313	1393	0.7272727272727273	False
3313	3200	0.6363636363636364	False
3313	1805	0.5454545454545454	True
3313	2975	0.45454545454545453	True
3313	1178	0.36363636363636365	True
3313	2419	0.2727272727272727	True
3313	66	0.18181818181818182	True
3313	1904	0.09090909090909091	True
4133	3167	0.9090909090909091	False
4133	3386	0.8181818181818182	False
4133	2946	0.7272727272727273	True
4133	1087	0.6363636363636364	True
4133	1393	0.5454545454545454	False
4133	786	0.45454545454545453	True
4133	3200	0.36363636363636365	False
4133	1904	0.2727272727272727	True
4133	3174	0.18181818181818182	True
4133	3008	0.09090909090909091	True
5388	3167	0.9090909090909091	False
5388	3386	0.8181818181818182	False
5388	1087	0.7272727272727273	True
5388	3174	0.6363636363636364	True
5388	1805	0.5454545454545454	True
5388	3008	0.45454545454545453	True
5388	2946	0.36363636363636365	True
5388	786	0.2727272727272727	True
5388	2392	0.18181818181818182	True
5388	1393	0.09090909090909091	False
1590	3167	0.9090909090909091	False
1590	3386	0.8181818181818182	False
1590	1087	0.7272727272727273	True
1590	2975	0.6363636363636364	True
1590	1393	0.5454545454545454	False
1590	1805	0.45454545454545453	True
1590	915	0.36363636363636365	True
1590	3174	0.2727272727272727	True
1590	1007	0.18181818181818182	True
1590	2946	0.09090909090909091	True
3830	3167	0.9090909090909091	False
3830	3386	0.8181818181818182	False
3830	2267	0.7272727272727273	True
3830	1087	0.6363636363636364	True
3830	2975	0.5454545454545454	True
3830	2946	0.45454545454545453	True
3830	60	0.36363636363636365	False
3830	1805	0.2727272727272727	True
3830	76	0.18181818181818182	True
3830	2107	0.09090909090909091	True
3492	3386	0.9090909090909091	False
3492	3167	0.8181818181818182	False
3492	3593	0.7272727272727273	True
3492	3453	0.6363636363636364	True
3492	60	0.5454545454545454	False
3492	3024	0.45454545454545453	True
3492	72	0.36363636363636365	True
3492	1087	0.2727272727272727	True
3492	3008	0.18181818181818182	True
3492	722	0.09090909090909091	True
4077	3167	0.9090909090909091	False
4077	3386	0.8181818181818182	False
4077	3200	0.7272727272727273	False
4077	1805	0.6363636363636364	True
4077	1393	0.5454545454545454	False
4077	2975	0.45454545454545453	True
4077	786	0.36363636363636365	True
4077	915	0.2727272727272727	True
4077	2107	0.18181818181818182	True
4077	2387	0.09090909090909091	True
3988	3167	0.9090909090909091	False
3988	3386	0.8181818181818182	False
3988	3200	0.7272727272727273	False
3988	3174	0.6363636363636364	True
3988	2419	0.5454545454545454	True
3988	1178	0.45454545454545453	True
3988	3024	0.36363636363636365	True
3988	1393	0.2727272727272727	False
3988	66	0.18181818181818182	True
3988	1805	0.09090909090909091	True
3951	3386	0.9090909090909091	False
3951	3167	0.8181818181818182	False
3951	1393	0.7272727272727273	False
3951	60	0.6363636363636364	False
3951	3174	0.5454545454545454	True
3951	2946	0.45454545454545453	True
3951	3200	0.36363636363636365	False
3951	2387	0.2727272727272727	True
3951	3909	0.18181818181818182	True
3951	2911	0.09090909090909091	True
41	3167	0.9090909090909091	False
41	3386	0.8181818181818182	False
41	1393	0.7272727272727273	False
41	786	0.6363636363636364	True
41	3200	0.5454545454545454	False
41	3909	0.45454545454545453	True
41	2975	0.36363636363636365	True
41	1904	0.2727272727272727	True
41	187	0.18181818181818182	True
41	722	0.09090909090909091	True
1213	3167	0.9090909090909091	False
1213	3386	0.8181818181818182	False
1213	1087	0.7272727272727273	True
1213	2946	0.6363636363636364	True
1213	60	0.5454545454545454	False
1213	3099	0.45454545454545453	True
1213	1113	0.36363636363636365	True
1213	3200	0.2727272727272727	False
1213	2392	0.18181818181818182	True
1213	1393	0.09090909090909091	False
3539	3167	0.9090909090909091	False
3539	3386	0.8181818181818182	False
3539	60	0.7272727272727273	False
3539	3200	0.6363636363636364	False
3539	2107	0.5454545454545454	True
3539	3024	0.45454545454545453	True
3539	2267	0.36363636363636365	True
3539	3174	0.2727272727272727	True
3539	1178	0.18181818181818182	True
3539	2419	0.09090909090909091	True
78	3386	0.9090909090909091	False
78	3167	0.8181818181818182	False
78	1087	0.7272727272727273	True
78	60	0.6363636363636364	False
78	1393	0.5454545454545454	False
78	2975	0.45454545454545453	True
78	2387	0.36363636363636365	True
78	3453	0.2727272727272727	True
78	2946	0.18181818181818182	True
78	915	0.09090909090909091	True
3398	3386	0.9090909090909091	False
3398	3167	0.8181818181818182	False
3398	1087	0.7272727272727273	True
3398	1393	0.6363636363636364	False
3398	60	0.5454545454545454	False
3398	2975	0.45454545454545453	True
3398	3200	0.36363636363636365	False
3398	915	0.2727272727272727	True
3398	786	0.18181818181818182	True
3398	2107	0.09090909090909091	True
5313	3167	0.9090909090909091	False
5313	3386	0.8181818181818182	False
5313	1393	0.7272727272727273	False
5313	786	0.6363636363636364	True
5313	66	0.5454545454545454	True
5313	3453	0.45454545454545453	True
5313	1487	0.36363636363636365	True
5313	3200	0.2727272727272727	False
5313	1113	0.18181818181818182	True
5313	187	0.09090909090909091	True
3255	3167	0.9090909090909091	False
3255	3386	0.8181818181818182	False
3255	1393	0.7272727272727273	False
3255	3200	0.6363636363636364	False
3255	2387	0.5454545454545454	True
3255	187	0.45454545454545453	True
3255	3174	0.36363636363636365	True
3255	786	0.2727272727272727	True
3255	2478	0.18181818181818182	True
3255	2419	0.09090909090909091	True
2260	3386	0.9090909090909091	False
2260	3167	0.8181818181818182	False
2260	3200	0.7272727272727273	False
2260	2267	0.6363636363636364	True
2260	915	0.5454545454545454	True
2260	1393	0.45454545454545453	False
2260	60	0.36363636363636365	False
2260	1087	0.2727272727272727	True
2260	1178	0.18181818181818182	True
2260	786	0.09090909090909091	True
5562	3386	0.9090909090909091	False
5562	3167	0.8181818181818182	False
5562	3174	0.7272727272727273	True
5562	2478	0.6363636363636364	True
5562	3143	0.5454545454545454	True
5562	1904	0.45454545454545453	True
5562	2946	0.36363636363636365	True
5562	786	0.2727272727272727	True
5562	2387	0.18181818181818182	True
5562	1393	0.09090909090909091	False
1249	3386	0.9090909090909091	False
1249	3167	0.8181818181818182	False
1249	1087	0.7272727272727273	True
1249	3024	0.6363636363636364	True
1249	60	0.5454545454545454	False
1249	2107	0.45454545454545453	True
1249	1785	0.36363636363636365	True
1249	2419	0.2727272727272727	True
1249	3200	0.18181818181818182	False
1249	1904	0.09090909090909091	True
954	3386	0.9090909090909091	False
954	3167	0.8181818181818182	False
954	1393	0.7272727272727273	False
954	2419	0.6363636363636364	True
954	786	0.5454545454545454	True
954	2946	0.45454545454545453	True
954	1087	0.36363636363636365	True
954	3453	0.2727272727272727	True
954	3593	0.18181818181818182	True
954	60	0.09090909090909091	False
4660	3386	0.9090909090909091	False
4660	3167	0.8181818181818182	False
4660	1393	0.7272727272727273	False
4660	915	0.6363636363636364	True
4660	786	0.5454545454545454	True
4660	1087	0.45454545454545453	True
4660	3200	0.36363636363636365	False
4660	2392	0.2727272727272727	True
4660	2975	0.18181818181818182	True
4660	1904	0.09090909090909091	True
889	3167	0.9090909090909091	False
889	3386	0.8181818181818182	False
889	3200	0.7272727272727273	False
889	60	0.6363636363636364	False
889	1904	0.5454545454545454	True
889	2267	0.45454545454545453	True
889	1019	0.36363636363636365	True
889	2392	0.2727272727272727	True
889	2419	0.18181818181818182	True
889	1393	0.09090909090909091	False
4082	3386	0.9090909090909091	False
4082	3167	0.8181818181818182	False
4082	1805	0.7272727272727273	True
4082	2975	0.6363636363636364	True
4082	1393	0.5454545454545454	False
4082	3200	0.45454545454545453	False
4082	722	0.36363636363636365	True
4082	60	0.2727272727272727	False
4082	3174	0.18181818181818182	True
4082	2946	0.09090909090909091	True
181	3167	0.9090909090909091	False
181	3386	0.8181818181818182	False
181	3200	0.7272727272727273	False
181	60	0.6363636363636364	False
181	2267	0.5454545454545454	True
181	722	0.45454545454545453	True
181	2946	0.36363636363636365	True
181	1393	0.2727272727272727	False
181	1087	0.18181818181818182	True
181	786	0.09090909090909091	True
5184	3386	0.9090909090909091	False
5184	3167	0.8181818181818182	False
5184	1087	0.7272727272727273	True
5184	60	0.6363636363636364	False
5184	1393	0.5454545454545454	False
5184	1113	0.45454545454545453	True
5184	2107	0.36363636363636365	True
5184	3200	0.2727272727272727	False
5184	2267	0.18181818181818182	True
5184	3024	0.09090909090909091	True
2188	3167	0.9090909090909091	False
2188	3386	0.8181818181818182	False
2188	1087	0.7272727272727273	True
2188	2267	0.6363636363636364	True
2188	1393	0.5454545454545454	False
2188	60	0.45454545454545453	False
2188	1113	0.36363636363636365	True
2188	915	0.2727272727272727	True
2188	187	0.18181818181818182	True
2188	3200	0.09090909090909091	False
2828	3167	0.9090909090909091	False
2828	3386	0.8181818181818182	False
2828	60	0.7272727272727273	False
2828	2946	0.6363636363636364	True
2828	2419	0.5454545454545454	True
2828	3593	0.45454545454545453	True
2828	2107	0.36363636363636365	True
2828	3174	0.2727272727272727	True
2828	1904	0.18181818181818182	True
2828	1087	0.09090909090909091	True
4399	3167	0.9090909090909091	False
4399	3386	0.8181818181818182	False
4399	3200	0.7272727272727273	False
4399	1393	0.6363636363636364	False
4399	786	0.5454545454545454	True
4399	3024	0.45454545454545453	True
4399	2419	0.36363636363636365	True
4399	60	0.2727272727272727	False
4399	3593	0.18181818181818182	True
4399	2267	0.09090909090909091	True
1659	3167	0.9090909090909091	False
1659	3386	0.8181818181818182	False
1659	3909	0.7272727272727273	True
1659	2267	0.6363636363636364	True
1659	1113	0.5454545454545454	True
1659	2392	0.45454545454545453	True
1659	1178	0.36363636363636365	True
1659	3593	0.2727272727272727	True
1659	3453	0.18181818181818182	True
1659	187	0.09090909090909091	True
3779	3167	0.9090909090909091	False
3779	3386	0.8181818181818182	False
3779	1393	0.7272727272727273	False
3779	3909	0.6363636363636364	True
3779	2267	0.5454545454545454	True
3779	2911	0.45454545454545453	True
3779	187	0.36363636363636365	True
3779	3143	0.2727272727272727	True
3779	3200	0.18181818181818182	False
3779	3885	0.09090909090909091	True
311	3386	0.9090909090909091	False
311	3167	0.8181818181818182	False
311	1393	0.7272727272727273	False
311	60	0.6363636363636364	False
311	3174	0.5454545454545454	True
311	1087	0.45454545454545453	True
311	2946	0.36363636363636365	True
311	2267	0.2727272727272727	True
311	2107	0.18181818181818182	True
311	3200	0.09090909090909091	False
4739	3167	0.9090909090909091	False
4739	3386	0.8181818181818182	False
4739	1393	0.7272727272727273	False
4739	3200	0.6363636363636364	False
4739	2387	0.5454545454545454	True
4739	2267	0.45454545454545453	True
4739	3885	0.36363636363636365	True
4739	2911	0.2727272727272727	True
4739	786	0.18181818181818182	True
4739	943	0.09090909090909091	True
112	3167	0.9090909090909091	False
112	3386	0.8181818181818182	False
112	1904	0.7272727272727273	True
112	3200	0.6363636363636364	False
112	2419	0.5454545454545454	True
112	1393	0.45454545454545453	False
112	60	0.36363636363636365	False
112	2107	0.2727272727272727	True
112	3909	0.18181818181818182	True
112	3174	0.09090909090909091	True
3602	3167	0.9090909090909091	False
3602	3386	0.8181818181818182	False
3602	3200	0.7272727272727273	False
3602	2267	0.6363636363636364	True
3602	60	0.5454545454545454	False
3602	2107	0.45454545454545453	True
3602	1019	0.36363636363636365	True
3602	2946	0.2727272727272727	True
3602	1087	0.18181818181818182	True
3602	3099	0.09090909090909091	True
4822	3386	0.9090909090909091	False
4822	3167	0.8181818181818182	False
4822	2975	0.7272727272727273	True
4822	1087	0.6363636363636364	True
4822	2107	0.5454545454545454	True
4822	60	0.45454545454545453	False
4822	1007	0.36363636363636365	True
4822	1805	0.2727272727272727	True
4822	915	0.18181818181818182	True
4822	1785	0.09090909090909091	True
3163	3167	0.9090909090909091	False
3163	3386	0.8181818181818182	False
3163	2267	0.7272727272727273	True
3163	60	0.6363636363636364	False
3163	1087	0.5454545454545454	True
3163	3453	0.45454545454545453	True
3163	3885	0.36363636363636365	True
3163	2946	0.2727272727272727	True
3163	1393	0.18181818181818182	False
3163	3024	0.09090909090909091	True
4652	3167	0.9090909090909091	False
4652	3386	0.8181818181818182	False
4652	1393	0.7272727272727273	False
4652	3200	0.6363636363636364	False
4652	2267	0.5454545454545454	True
4652	2946	0.45454545454545453	True
4652	1904	0.36363636363636365	True
4652	2419	0.2727272727272727	True
4652	3174	0.18181818181818182	True
4652	187	0.09090909090909091	True
5719	3167	0.9090909090909091	False
5719	3386	0.8181818181818182	False
5719	2975	0.7272727272727273	True
5719	2267	0.6363636363636364	True
5719	3200	0.5454545454545454	False
5719	722	0.45454545454545453	True
5719	2392	0.36363636363636365	True
5719	1393	0.2727272727272727	False
5719	1904	0.18181818181818182	True
5719	3593	0.09090909090909091	True
250	3167	0.9090909090909091	False
250	3386	0.8181818181818182	False
250	1087	0.7272727272727273	True
250	2946	0.6363636363636364	True
250	2267	0.5454545454545454	True
250	1393	0.45454545454545453	False
250	3200	0.36363636363636365	False
250	2387	0.2727272727272727	True
250	60	0.18181818181818182	False
250	187	0.09090909090909091	True
5694	3167	0.9090909090909091	False
5694	3386	0.8181818181818182	False
5694	3200	0.7272727272727273	False
5694	1393	0.6363636363636364	False
5694	786	0.5454545454545454	True
5694	60	0.45454545454545453	False
5694	2267	0.36363636363636365	True
5694	1087	0.2727272727272727	True
5694	3885	0.18181818181818182	True
5694	1019	0.09090909090909091	True
896	3386	0.9090909090909091	False
896	3167	0.8181818181818182	False
896	2107	0.7272727272727273	True
896	1393	0.6363636363636364	False
896	60	0.5454545454545454	False
896	1087	0.45454545454545453	True
896	1007	0.36363636363636365	True
896	2946	0.2727272727272727	True
896	3200	0.18181818181818182	False
896	3593	0.09090909090909091	True
5601	3167	0.9090909090909091	False
5601	3386	0.8181818181818182	False
5601	1805	0.7272727272727273	True
5601	1393	0.6363636363636364	False
5601	786	0.5454545454545454	True
5601	2419	0.45454545454545453	True
5601	2946	0.36363636363636365	True
5601	3200	0.2727272727272727	False
5601	3008	0.18181818181818182	True
5601	1087	0.09090909090909091	True
4741	3386	0.9090909090909091	False
4741	3167	0.8181818181818182	False
4741	60	0.7272727272727273	False
4741	2267	0.6363636363636364	True
4741	3200	0.5454545454545454	False
4741	1087	0.45454545454545453	True
4741	1113	0.36363636363636365	True
4741	1393	0.2727272727272727	False
4741	2946	0.18181818181818182	True
4741	1019	0.09090909090909091	True
986	3167	0.9090909090909091	False
986	3386	0.8181818181818182	False
986	1087	0.7272727272727273	True
986	3200	0.6363636363636364	False
986	2392	0.5454545454545454	True
986	2975	0.45454545454545453	True
986	2267	0.36363636363636365	True
986	1393	0.2727272727272727	False
986	60	0.18181818181818182	False
986	1019	0.09090909090909091	True
177	3167	0.9090909090909091	False
177	3386	0.8181818181818182	False
177	60	0.7272727272727273	False
177	2267	0.6363636363636364	True
177	3200	0.5454545454545454	False
177	1178	0.45454545454545453	True
177	1904	0.36363636363636365	True
177	1087	0.2727272727272727	True
177	3909	0.18181818181818182	True
177	2392	0.09090909090909091	True
1833	3167	0.9090909090909091	False
1833	3386	0.8181818181818182	False
1833	1087	0.7272727272727273	True
1833	2419	0.6363636363636364	True
1833	2946	0.5454545454545454	True
1833	2107	0.45454545454545453	True
1833	60	0.36363636363636365	False
1833	3024	0.2727272727272727	True
1833	3174	0.18181818181818182	True
1833	2267	0.09090909090909091	True
4090	3386	0.9090909090909091	False
4090	3167	0.8181818181818182	False
4090	2946	0.7272727272727273	True
4090	722	0.6363636363636364	True
4090	1087	0.5454545454545454	True
4090	60	0.45454545454545453	False
4090	3593	0.36363636363636365	True
4090	2267	0.2727272727272727	True
4090	3200	0.18181818181818182	False
4090	2107	0.09090909090909091	True
1554	3386	0.9090909090909091	False
1554	3167	0.8181818181818182	False
1554	3200	0.7272727272727273	False
1554	1393	0.6363636363636364	False
1554	1805	0.5454545454545454	True
1554	2392	0.45454545454545453	True
1554	1178	0.36363636363636365	True
1554	60	0.2727272727272727	False
1554	2107	0.18181818181818182	True
1554	2975	0.09090909090909091	True
791	3167	0.9090909090909091	False
791	3386	0.8181818181818182	False
791	3200	0.7272727272727273	False
791	2975	0.6363636363636364	True
791	60	0.5454545454545454	False
791	2267	0.45454545454545453	True
791	1393	0.36363636363636365	False
791	2392	0.2727272727272727	True
791	2107	0.18181818181818182	True
791	1805	0.09090909090909091	True
1545	3167	0.9090909090909091	False
1545	3386	0.8181818181818182	False
1545	1904	0.7272727272727273	True
1545	3200	0.6363636363636364	False
1545	60	0.5454545454545454	False
1545	1087	0.45454545454545453	True
1545	66	0.36363636363636365	True
1545	1393	0.2727272727272727	False
1545	2392	0.18181818181818182	True
1545	2975	0.09090909090909091	True
5777	3386	0.9090909090909091	False
5777	3167	0.8181818181818182	False
5777	60	0.7272727272727273	False
5777	2267	0.6363636363636364	True
5777	1904	0.5454545454545454	True
5777	1087	0.45454545454545453	True
5777	3200	0.36363636363636365	False
5777	2946	0.2727272727272727	True
5777	722	0.18181818181818182	True
5777	3174	0.09090909090909091	True
5256	3386	0.9090909090909091	False
5256	3167	0.8181818181818182	False
5256	3200	0.7272727272727273	False
5256	1393	0.6363636363636364	False
5256	2267	0.5454545454545454	True
5256	60	0.45454545454545453	False
5256	1178	0.36363636363636365	True
5256	1087	0.2727272727272727	True
5256	3593	0.18181818181818182	True
5256	2946	0.09090909090909091	True
956	3167	0.9090909090909091	False
956	3386	0.8181818181818182	False
956	1087	0.7272727272727273	True
956	3024	0.6363636363636364	True
956	2419	0.5454545454545454	True
956	1393	0.45454545454545453	False
956	2946	0.36363636363636365	True
956	60	0.2727272727272727	False
956	2267	0.18181818181818182	True
956	722	0.09090909090909091	True
567	3386	0.9090909090909091	False
567	3167	0.8181818181818182	False
567	1087	0.7272727272727273	True
567	60	0.6363636363636364	False
567	2107	0.5454545454545454	True
567	3200	0.45454545454545453	False
567	915	0.36363636363636365	True
567	1007	0.2727272727272727	True
567	2975	0.18181818181818182	True
567	1393	0.09090909090909091	False
4579	3386	0.9090909090909091	False
4579	3167	0.8181818181818182	False
4579	1393	0.7272727272727273	False
4579	60	0.6363636363636364	False
4579	187	0.5454545454545454	True
4579	2387	0.45454545454545453	True
4579	2267	0.36363636363636365	True
4579	2911	0.2727272727272727	True
4579	3200	0.18181818181818182	False
4579	1087	0.09090909090909091	True
5199	3167	0.9090909090909091	False
5199	3386	0.8181818181818182	False
5199	60	0.7272727272727273	False
5199	3099	0.6363636363636364	True
5199	1087	0.5454545454545454	True
5199	3200	0.45454545454545453	False
5199	3453	0.36363636363636365	True
5199	3024	0.2727272727272727	True
5199	2107	0.18181818181818182	True
5199	1028	0.09090909090909091	True
31	3386	0.9090909090909091	False
31	3167	0.8181818181818182	False
31	1393	0.7272727272727273	False
31	3200	0.6363636363636364	False
31	60	0.5454545454545454	False
31	1087	0.45454545454545453	True
31	2267	0.36363636363636365	True
31	1178	0.2727272727272727	True
31	915	0.18181818181818182	True
31	2419	0.09090909090909091	True
2382	3386	0.9090909090909091	False
2382	3167	0.8181818181818182	False
2382	60	0.7272727272727273	False
2382	1393	0.6363636363636364	False
2382	3593	0.5454545454545454	True
2382	1178	0.45454545454545453	True
2382	3909	0.36363636363636365	True
2382	2392	0.2727272727272727	True
2382	1087	0.18181818181818182	True
2382	3024	0.09090909090909091	True
226	3167	0.9090909090909091	False
226	3386	0.8181818181818182	False
226	1393	0.7272727272727273	False
226	3200	0.6363636363636364	False
226	1087	0.5454545454545454	True
226	2946	0.45454545454545453	True
226	2387	0.36363636363636365	True
226	1805	0.2727272727272727	True
226	2419	0.18181818181818182	True
226	786	0.09090909090909091	True
3682	3386	0.9090909090909091	False
3682	3167	0.8181818181818182	False
3682	1393	0.7272727272727273	False
3682	2975	0.6363636363636364	True
3682	3909	0.5454545454545454	True
3682	2392	0.45454545454545453	True
3682	1805	0.36363636363636365	True
3682	3453	0.2727272727272727	True
3682	1487	0.18181818181818182	True
3682	3593	0.09090909090909091	True
2047	3386	0.9090909090909091	False
2047	3167	0.8181818181818182	False
2047	1393	0.7272727272727273	False
2047	60	0.6363636363636364	False
2047	2387	0.5454545454545454	True
2047	1087	0.45454545454545453	True
2047	3453	0.36363636363636365	True
2047	786	0.2727272727272727	True
2047	3200	0.18181818181818182	False
2047	2107	0.09090909090909091	True
2790	3386	0.9090909090909091	False
2790	3167	0.8181818181818182	False
2790	2107	0.7272727272727273	True
2790	60	0.6363636363636364	False
2790	3453	0.5454545454545454	True
2790	1393	0.45454545454545453	False
2790	3024	0.36363636363636365	True
2790	2387	0.2727272727272727	True
2790	1087	0.18181818181818182	True
2790	2419	0.09090909090909091	True
1515	3167	0.9090909090909091	False
1515	3386	0.8181818181818182	False
1515	786	0.7272727272727273	True
1515	2419	0.6363636363636364	True
1515	1904	0.5454545454545454	True
1515	3200	0.45454545454545453	False
1515	3008	0.36363636363636365	True
1515	3174	0.2727272727272727	True
1515	1393	0.18181818181818182	False
1515	2392	0.09090909090909091	True
976	3167	0.9090909090909091	False
976	3386	0.8181818181818182	False
976	187	0.7272727272727273	True
976	3909	0.6363636363636364	True
976	2267	0.5454545454545454	True
976	1178	0.45454545454545453	True
976	2419	0.36363636363636365	True
976	3008	0.2727272727272727	True
976	60	0.18181818181818182	False
976	3143	0.09090909090909091	True
5124	3167	0.9090909090909091	False
5124	3386	0.8181818181818182	False
5124	1393	0.7272727272727273	False
5124	2975	0.6363636363636364	True
5124	1087	0.5454545454545454	True
5124	2107	0.45454545454545453	True
5124	60	0.36363636363636365	False
5124	1805	0.2727272727272727	True
5124	2946	0.18181818181818182	True
5124	2392	0.09090909090909091	True
279	3167	0.9090909090909091	False
279	3386	0.8181818181818182	False
279	60	0.7272727272727273	False
279	2267	0.6363636363636364	True
279	1087	0.5454545454545454	True
279	2946	0.45454545454545453	True
279	3174	0.36363636363636365	True
279	3200	0.2727272727272727	False
279	3024	0.18181818181818182	True
279	1178	0.09090909090909091	True
4188	3167	0.9090909090909091	False
4188	3386	0.8181818181818182	False
4188	1393	0.7272727272727273	False
4188	3909	0.6363636363636364	True
4188	3200	0.5454545454545454	False
4188	2267	0.45454545454545453	True
4188	60	0.36363636363636365	False
4188	2107	0.2727272727272727	True
4188	2419	0.18181818181818182	True
4188	1904	0.09090909090909091	True
5566	3386	0.9090909090909091	False
5566	3167	0.8181818181818182	False
5566	1393	0.7272727272727273	False
5566	1007	0.6363636363636364	True
5566	2107	0.5454545454545454	True
5566	2387	0.45454545454545453	True
5566	2946	0.36363636363636365	True
5566	3453	0.2727272727272727	True
5566	786	0.18181818181818182	True
5566	60	0.09090909090909091	False
1995	3386	0.9090909090909091	False
1995	3167	0.8181818181818182	False
1995	1087	0.7272727272727273	True
1995	60	0.6363636363636364	False
1995	2946	0.5454545454545454	True
1995	1916	0.45454545454545453	True
1995	2107	0.36363636363636365	True
1995	3453	0.2727272727272727	True
1995	722	0.18181818181818182	True
1995	3099	0.09090909090909091	True
