5344	1615	0.9090909090909091	False
5344	1796	0.8181818181818182	True
5344	378	0.7272727272727273	False
5344	3074	0.6363636363636364	False
5344	2747	0.5454545454545454	False
5344	338	0.45454545454545453	True
5344	1702	0.36363636363636365	False
5344	3107	0.2727272727272727	True
5344	2079	0.18181818181818182	True
5344	1298	0.09090909090909091	True
3184	1615	0.9090909090909091	False
3184	3074	0.8181818181818182	False
3184	1702	0.7272727272727273	False
3184	378	0.6363636363636364	False
3184	2609	0.5454545454545454	True
3184	3107	0.45454545454545453	True
3184	1298	0.36363636363636365	True
3184	2079	0.2727272727272727	True
3184	1921	0.18181818181818182	True
3184	479	0.09090909090909091	True
3932	1615	0.9090909090909091	False
3932	338	0.8181818181818182	True
3932	1702	0.7272727272727273	False
3932	1627	0.6363636363636364	True
3932	479	0.5454545454545454	True
3932	2747	0.45454545454545453	False
3932	2553	0.36363636363636365	True
3932	3451	0.2727272727272727	True
3932	3593	0.18181818181818182	True
3932	1298	0.09090909090909091	True
3397	1615	0.9090909090909091	False
3397	3074	0.8181818181818182	False
3397	378	0.7272727272727273	False
3397	2747	0.6363636363636364	False
3397	1796	0.5454545454545454	True
3397	1920	0.45454545454545453	True
3397	3091	0.36363636363636365	True
3397	338	0.2727272727272727	True
3397	3107	0.18181818181818182	True
3397	1298	0.09090909090909091	True
735	1615	0.9090909090909091	False
735	3091	0.8181818181818182	True
735	3076	0.7272727272727273	True
735	378	0.6363636363636364	False
735	2747	0.5454545454545454	False
735	1298	0.45454545454545453	True
735	3074	0.36363636363636365	False
735	2553	0.2727272727272727	True
735	2609	0.18181818181818182	True
735	3686	0.09090909090909091	True
5247	1615	0.9090909090909091	False
5247	3074	0.8181818181818182	False
5247	1298	0.7272727272727273	True
5247	1702	0.6363636363636364	False
5247	3593	0.5454545454545454	True
5247	3107	0.45454545454545453	True
5247	3545	0.36363636363636365	True
5247	338	0.2727272727272727	True
5247	378	0.18181818181818182	False
5247	1627	0.09090909090909091	True
3581	1615	0.9090909090909091	False
3581	1627	0.8181818181818182	True
3581	335	0.7272727272727273	True
3581	338	0.6363636363636364	True
3581	1653	0.5454545454545454	True
3581	1702	0.45454545454545453	False
3581	378	0.36363636363636365	False
3581	3074	0.2727272727272727	False
3581	479	0.18181818181818182	True
3581	1298	0.09090909090909091	True
2861	1615	0.9090909090909091	False
2861	2747	0.8181818181818182	False
2861	479	0.7272727272727273	True
2861	3451	0.6363636363636364	True
2861	1702	0.5454545454545454	False
2861	2249	0.45454545454545453	True
2861	338	0.36363636363636365	True
2861	3545	0.2727272727272727	True
2861	2079	0.18181818181818182	True
2861	1298	0.09090909090909091	True
3369	1615	0.9090909090909091	False
3369	2747	0.8181818181818182	False
3369	338	0.7272727272727273	True
3369	1298	0.6363636363636364	True
3369	1653	0.5454545454545454	True
3369	3074	0.45454545454545453	False
3369	3545	0.36363636363636365	True
3369	1702	0.2727272727272727	False
3369	1627	0.18181818181818182	True
3369	378	0.09090909090909091	False
4817	1615	0.9090909090909091	False
4817	2747	0.8181818181818182	False
4817	338	0.7272727272727273	True
4817	1702	0.6363636363636364	False
4817	1298	0.5454545454545454	True
4817	378	0.45454545454545453	False
4817	522	0.36363636363636365	True
4817	2079	0.2727272727272727	True
4817	1796	0.18181818181818182	True
4817	3107	0.09090909090909091	True
5492	1615	0.9090909090909091	False
5492	3074	0.8181818181818182	False
5492	3076	0.7272727272727273	True
5492	378	0.6363636363636364	False
5492	2747	0.5454545454545454	False
5492	1298	0.45454545454545453	True
5492	338	0.36363636363636365	True
5492	479	0.2727272727272727	True
5492	1796	0.18181818181818182	True
5492	3091	0.09090909090909091	True
3406	1615	0.9090909090909091	False
3406	1298	0.8181818181818182	True
3406	2747	0.7272727272727273	False
3406	3074	0.6363636363636364	False
3406	378	0.5454545454545454	False
3406	2079	0.45454545454545453	True
3406	3107	0.36363636363636365	True
3406	1702	0.2727272727272727	False
3406	338	0.18181818181818182	True
3406	3545	0.09090909090909091	True
3367	1615	0.9090909090909091	False
3367	378	0.8181818181818182	False
3367	3074	0.7272727272727273	False
3367	1920	0.6363636363636364	True
3367	3107	0.5454545454545454	True
3367	2747	0.45454545454545453	False
3367	1796	0.36363636363636365	True
3367	338	0.2727272727272727	True
3367	1960	0.18181818181818182	True
3367	1702	0.09090909090909091	False
2599	1702	0.9090909090909091	False
2599	338	0.8181818181818182	True
2599	1298	0.7272727272727273	True
2599	378	0.6363636363636364	False
2599	3107	0.5454545454545454	True
2599	2609	0.45454545454545453	True
2599	3074	0.36363636363636365	False
2599	2747	0.2727272727272727	False
2599	2079	0.18181818181818182	True
2599	3593	0.09090909090909091	True
1984	2747	0.9090909090909091	False
1984	1615	0.8181818181818182	False
1984	378	0.7272727272727273	False
1984	3074	0.6363636363636364	False
1984	1796	0.5454545454545454	True
1984	1921	0.45454545454545453	True
1984	3451	0.36363636363636365	True
1984	204	0.2727272727272727	True
1984	1920	0.18181818181818182	True
1984	509	0.09090909090909091	True
6002	1615	0.9090909090909091	False
6002	1702	0.8181818181818182	False
6002	338	0.7272727272727273	True
6002	2747	0.6363636363636364	False
6002	1796	0.5454545454545454	True
6002	1627	0.45454545454545453	True
6002	3928	0.36363636363636365	True
6002	3451	0.2727272727272727	True
6002	404	0.18181818181818182	True
6002	1677	0.09090909090909091	True
3625	1615	0.9090909090909091	False
3625	2747	0.8181818181818182	False
3625	1298	0.7272727272727273	True
3625	3545	0.6363636363636364	True
3625	3074	0.5454545454545454	False
3625	3593	0.45454545454545453	True
3625	2249	0.36363636363636365	True
3625	378	0.2727272727272727	False
3625	3451	0.18181818181818182	True
3625	1653	0.09090909090909091	True
2358	1615	0.9090909090909091	False
2358	338	0.8181818181818182	True
2358	1702	0.7272727272727273	False
2358	1627	0.6363636363636364	True
2358	1298	0.5454545454545454	True
2358	3074	0.45454545454545453	False
2358	2747	0.36363636363636365	False
2358	479	0.2727272727272727	True
2358	1921	0.18181818181818182	True
2358	2609	0.09090909090909091	True
2781	1615	0.9090909090909091	False
2781	2553	0.8181818181818182	True
2781	1627	0.7272727272727273	True
2781	2609	0.6363636363636364	True
2781	338	0.5454545454545454	True
2781	1702	0.45454545454545453	False
2781	3074	0.36363636363636365	False
2781	1653	0.2727272727272727	True
2781	3451	0.18181818181818182	True
2781	1298	0.09090909090909091	True
5064	1615	0.9090909090909091	False
5064	2747	0.8181818181818182	False
5064	338	0.7272727272727273	True
5064	1960	0.6363636363636364	True
5064	3451	0.5454545454545454	True
5064	1796	0.45454545454545453	True
5064	1627	0.36363636363636365	True
5064	3928	0.2727272727272727	True
5064	3074	0.18181818181818182	False
5064	1702	0.09090909090909091	False
1223	1615	0.9090909090909091	False
1223	2747	0.8181818181818182	False
1223	3593	0.7272727272727273	True
1223	3074	0.6363636363636364	False
1223	378	0.5454545454545454	False
1223	3545	0.45454545454545453	True
1223	3451	0.36363636363636365	True
1223	2249	0.2727272727272727	True
1223	1298	0.18181818181818182	True
1223	1796	0.09090909090909091	True
90	1615	0.9090909090909091	False
90	3451	0.8181818181818182	True
90	2747	0.7272727272727273	False
90	338	0.6363636363636364	True
90	3593	0.5454545454545454	True
90	3545	0.45454545454545453	True
90	1298	0.36363636363636365	True
90	1702	0.2727272727272727	False
90	3074	0.18181818181818182	False
90	3107	0.09090909090909091	True
1350	2747	0.9090909090909091	False
1350	1615	0.8181818181818182	False
1350	378	0.7272727272727273	False
1350	3074	0.6363636363636364	False
1350	3451	0.5454545454545454	True
1350	2553	0.45454545454545453	True
1350	1298	0.36363636363636365	True
1350	1627	0.2727272727272727	True
1350	1796	0.18181818181818182	True
1350	1921	0.09090909090909091	True
1086	1615	0.9090909090909091	False
1086	2747	0.8181818181818182	False
1086	2609	0.7272727272727273	True
1086	3451	0.6363636363636364	True
1086	1702	0.5454545454545454	False
1086	1796	0.45454545454545453	True
1086	204	0.36363636363636365	True
1086	378	0.2727272727272727	False
1086	2079	0.18181818181818182	True
1086	3074	0.09090909090909091	False
5154	1615	0.9090909090909091	False
5154	3593	0.8181818181818182	True
5154	2609	0.7272727272727273	True
5154	1627	0.6363636363636364	True
5154	3076	0.5454545454545454	True
5154	3074	0.45454545454545453	False
5154	338	0.36363636363636365	True
5154	1653	0.2727272727272727	True
5154	479	0.18181818181818182	True
5154	1702	0.09090909090909091	False
3198	1615	0.9090909090909091	False
3198	3107	0.8181818181818182	True
3198	378	0.7272727272727273	False
3198	3074	0.6363636363636364	False
3198	1298	0.5454545454545454	True
3198	404	0.45454545454545453	True
3198	2747	0.36363636363636365	False
3198	1796	0.2727272727272727	True
3198	1702	0.18181818181818182	False
3198	335	0.09090909090909091	True
3870	1615	0.9090909090909091	False
3870	3074	0.8181818181818182	False
3870	2609	0.7272727272727273	True
3870	1298	0.6363636363636364	True
3870	978	0.5454545454545454	True
3870	1796	0.45454545454545453	True
3870	1920	0.36363636363636365	True
3870	1702	0.2727272727272727	False
3870	378	0.18181818181818182	False
3870	3076	0.09090909090909091	True
3778	1615	0.9090909090909091	False
3778	378	0.8181818181818182	False
3778	3074	0.7272727272727273	False
3778	2079	0.6363636363636364	True
3778	3107	0.5454545454545454	True
3778	2609	0.45454545454545453	True
3778	338	0.36363636363636365	True
3778	1796	0.2727272727272727	True
3778	1702	0.18181818181818182	False
3778	3451	0.09090909090909091	True
1068	1615	0.9090909090909091	False
1068	3074	0.8181818181818182	False
1068	2747	0.7272727272727273	False
1068	338	0.6363636363636364	True
1068	378	0.5454545454545454	False
1068	1796	0.45454545454545453	True
1068	3712	0.36363636363636365	True
1068	1921	0.2727272727272727	True
1068	3107	0.18181818181818182	True
1068	1702	0.09090909090909091	False
145	1615	0.9090909090909091	False
145	338	0.8181818181818182	True
145	1702	0.7272727272727273	False
145	1960	0.6363636363636364	True
145	3074	0.5454545454545454	False
145	1796	0.45454545454545453	True
145	1627	0.36363636363636365	True
145	2609	0.2727272727272727	True
145	3593	0.18181818181818182	True
145	2079	0.09090909090909091	True
5880	1615	0.9090909090909091	False
5880	1796	0.8181818181818182	True
5880	2747	0.7272727272727273	False
5880	1298	0.6363636363636364	True
5880	3545	0.5454545454545454	True
5880	378	0.45454545454545453	False
5880	338	0.36363636363636365	True
5880	3451	0.2727272727272727	True
5880	1702	0.18181818181818182	False
5880	335	0.09090909090909091	True
5120	1615	0.9090909090909091	False
5120	1298	0.8181818181818182	True
5120	1796	0.7272727272727273	True
5120	335	0.6363636363636364	True
5120	2747	0.5454545454545454	False
5120	1702	0.45454545454545453	False
5120	1762	0.36363636363636365	True
5120	2609	0.2727272727272727	True
5120	3074	0.18181818181818182	False
5120	204	0.09090909090909091	True
5507	1615	0.9090909090909091	False
5507	1702	0.8181818181818182	False
5507	338	0.7272727272727273	True
5507	3107	0.6363636363636364	True
5507	378	0.5454545454545454	False
5507	1298	0.45454545454545453	True
5507	335	0.36363636363636365	True
5507	2747	0.2727272727272727	False
5507	1796	0.18181818181818182	True
5507	3074	0.09090909090909091	False
3789	1615	0.9090909090909091	False
3789	338	0.8181818181818182	True
3789	3074	0.7272727272727273	False
3789	1298	0.6363636363636364	True
3789	1702	0.5454545454545454	False
3789	3107	0.45454545454545453	True
3789	378	0.36363636363636365	False
3789	3451	0.2727272727272727	True
3789	2747	0.18181818181818182	False
3789	1653	0.09090909090909091	True
5239	1615	0.9090909090909091	False
5239	3074	0.8181818181818182	False
5239	1796	0.7272727272727273	True
5239	1298	0.6363636363636364	True
5239	2747	0.5454545454545454	False
5239	3107	0.45454545454545453	True
5239	1702	0.36363636363636365	False
5239	3593	0.2727272727272727	True
5239	3076	0.18181818181818182	True
5239	1960	0.09090909090909091	True
1802	1615	0.9090909090909091	False
1802	2747	0.8181818181818182	False
1802	2609	0.7272727272727273	True
1802	3451	0.6363636363636364	True
1802	1298	0.5454545454545454	True
1802	1702	0.45454545454545453	False
1802	3593	0.36363636363636365	True
1802	1960	0.2727272727272727	True
1802	3074	0.18181818181818182	False
1802	1653	0.09090909090909091	True
356	1615	0.9090909090909091	False
356	3074	0.8181818181818182	False
356	1796	0.7272727272727273	True
356	3823	0.6363636363636364	True
356	404	0.5454545454545454	True
356	1298	0.45454545454545453	True
356	3593	0.36363636363636365	True
356	1702	0.2727272727272727	False
356	378	0.18181818181818182	False
356	2747	0.09090909090909091	False
5767	1615	0.9090909090909091	False
5767	378	0.8181818181818182	False
5767	3074	0.7272727272727273	False
5767	2747	0.6363636363636364	False
5767	3593	0.5454545454545454	True
5767	338	0.45454545454545453	True
5767	3107	0.36363636363636365	True
5767	1921	0.2727272727272727	True
5767	1298	0.18181818181818182	True
5767	2553	0.09090909090909091	True
5506	1615	0.9090909090909091	False
5506	2747	0.8181818181818182	False
5506	378	0.7272727272727273	False
5506	3074	0.6363636363636364	False
5506	1796	0.5454545454545454	True
5506	2249	0.45454545454545453	True
5506	2079	0.36363636363636365	True
5506	338	0.2727272727272727	True
5506	1298	0.18181818181818182	True
5506	3451	0.09090909090909091	True
1280	1615	0.9090909090909091	False
1280	2079	0.8181818181818182	True
1280	2609	0.7272727272727273	True
1280	2747	0.6363636363636364	False
1280	338	0.5454545454545454	True
1280	378	0.45454545454545453	False
1280	3074	0.36363636363636365	False
1280	1702	0.2727272727272727	False
1280	1960	0.18181818181818182	True
1280	3107	0.09090909090909091	True
2626	1615	0.9090909090909091	False
2626	3074	0.8181818181818182	False
2626	2609	0.7272727272727273	True
2626	1702	0.6363636363636364	False
2626	338	0.5454545454545454	True
2626	3076	0.45454545454545453	True
2626	2079	0.36363636363636365	True
2626	1921	0.2727272727272727	True
2626	1627	0.18181818181818182	True
2626	1796	0.09090909090909091	True
1333	1615	0.9090909090909091	False
1333	1298	0.8181818181818182	True
1333	378	0.7272727272727273	False
1333	3074	0.6363636363636364	False
1333	3107	0.5454545454545454	True
1333	338	0.45454545454545453	True
1333	522	0.36363636363636365	True
1333	2747	0.2727272727272727	False
1333	1653	0.18181818181818182	True
1333	3545	0.09090909090909091	True
1563	1615	0.9090909090909091	False
1563	3107	0.8181818181818182	True
1563	1702	0.7272727272727273	False
1563	378	0.6363636363636364	False
1563	1298	0.5454545454545454	True
1563	3074	0.45454545454545453	False
1563	1796	0.36363636363636365	True
1563	338	0.2727272727272727	True
1563	3076	0.18181818181818182	True
1563	335	0.09090909090909091	True
583	1615	0.9090909090909091	False
583	1298	0.8181818181818182	True
583	1702	0.7272727272727273	False
583	338	0.6363636363636364	True
583	1627	0.5454545454545454	True
583	2747	0.45454545454545453	False
583	3074	0.36363636363636365	False
583	2609	0.2727272727272727	True
583	479	0.18181818181818182	True
583	378	0.09090909090909091	False
5928	1615	0.9090909090909091	False
5928	2609	0.8181818181818182	True
5928	3074	0.7272727272727273	False
5928	2079	0.6363636363636364	True
5928	338	0.5454545454545454	True
5928	1702	0.45454545454545453	False
5928	2747	0.36363636363636365	False
5928	3593	0.2727272727272727	True
5928	1796	0.18181818181818182	True
5928	378	0.09090909090909091	False
4082	1615	0.9090909090909091	False
4082	338	0.8181818181818182	True
4082	2747	0.7272727272727273	False
4082	3107	0.6363636363636364	True
4082	1702	0.5454545454545454	False
4082	1796	0.45454545454545453	True
4082	378	0.36363636363636365	False
4082	404	0.2727272727272727	True
4082	1298	0.18181818181818182	True
4082	1627	0.09090909090909091	True
3103	1615	0.9090909090909091	False
3103	2553	0.8181818181818182	True
3103	3823	0.7272727272727273	True
3103	3076	0.6363636363636364	True
3103	3451	0.5454545454545454	True
3103	3074	0.45454545454545453	False
3103	2609	0.36363636363636365	True
3103	3091	0.2727272727272727	True
3103	338	0.18181818181818182	True
3103	378	0.09090909090909091	False
5673	1615	0.9090909090909091	False
5673	338	0.8181818181818182	True
5673	378	0.7272727272727273	False
5673	1702	0.6363636363636364	False
5673	3074	0.5454545454545454	False
5673	1796	0.45454545454545453	True
5673	3107	0.36363636363636365	True
5673	2609	0.2727272727272727	True
5673	2079	0.18181818181818182	True
5673	2747	0.09090909090909091	False
4927	1615	0.9090909090909091	False
4927	404	0.8181818181818182	True
4927	1627	0.7272727272727273	True
4927	3928	0.6363636363636364	True
4927	2747	0.5454545454545454	False
4927	3823	0.45454545454545453	True
4927	2553	0.36363636363636365	True
4927	1702	0.2727272727272727	False
4927	1796	0.18181818181818182	True
4927	1677	0.09090909090909091	True
3470	1615	0.9090909090909091	False
3470	3074	0.8181818181818182	False
3470	378	0.7272727272727273	False
3470	1298	0.6363636363636364	True
3470	2747	0.5454545454545454	False
3470	2609	0.45454545454545453	True
3470	1702	0.36363636363636365	False
3470	1796	0.2727272727272727	True
3470	338	0.18181818181818182	True
3470	3545	0.09090909090909091	True
1559	378	0.9090909090909091	False
1559	1615	0.8181818181818182	False
1559	2747	0.7272727272727273	False
1559	338	0.6363636363636364	True
1559	3074	0.5454545454545454	False
1559	3107	0.45454545454545453	True
1559	2079	0.36363636363636365	True
1559	1796	0.2727272727272727	True
1559	1298	0.18181818181818182	True
1559	1702	0.09090909090909091	False
5884	1615	0.9090909090909091	False
5884	378	0.8181818181818182	False
5884	3074	0.7272727272727273	False
5884	3107	0.6363636363636364	True
5884	338	0.5454545454545454	True
5884	1702	0.45454545454545453	False
5884	2747	0.36363636363636365	False
5884	1796	0.2727272727272727	True
5884	3076	0.18181818181818182	True
5884	2079	0.09090909090909091	True
3361	1615	0.9090909090909091	False
3361	3074	0.8181818181818182	False
3361	338	0.7272727272727273	True
3361	1702	0.6363636363636364	False
3361	378	0.5454545454545454	False
3361	3107	0.45454545454545453	True
3361	2609	0.36363636363636365	True
3361	2079	0.2727272727272727	True
3361	3593	0.18181818181818182	True
3361	1796	0.09090909090909091	True
4993	1615	0.9090909090909091	False
4993	378	0.8181818181818182	False
4993	2747	0.7272727272727273	False
4993	3074	0.6363636363636364	False
4993	2079	0.5454545454545454	True
4993	1796	0.45454545454545453	True
4993	2553	0.36363636363636365	True
4993	3593	0.2727272727272727	True
4993	3451	0.18181818181818182	True
4993	1702	0.09090909090909091	False
3614	1615	0.9090909090909091	False
3614	378	0.8181818181818182	False
3614	2747	0.7272727272727273	False
3614	3076	0.6363636363636364	True
3614	3074	0.5454545454545454	False
3614	2553	0.45454545454545453	True
3614	3451	0.36363636363636365	True
3614	479	0.2727272727272727	True
3614	2079	0.18181818181818182	True
3614	3593	0.09090909090909091	True
1642	1615	0.9090909090909091	False
1642	2747	0.8181818181818182	False
1642	1653	0.7272727272727273	True
1642	2249	0.6363636363636364	True
1642	3593	0.5454545454545454	True
1642	3451	0.45454545454545453	True
1642	3545	0.36363636363636365	True
1642	1796	0.2727272727272727	True
1642	2553	0.18181818181818182	True
1642	2609	0.09090909090909091	True
5232	1615	0.9090909090909091	False
5232	1702	0.8181818181818182	False
5232	338	0.7272727272727273	True
5232	2609	0.6363636363636364	True
5232	378	0.5454545454545454	False
5232	2747	0.45454545454545453	False
5232	1653	0.36363636363636365	True
5232	3107	0.2727272727272727	True
5232	1796	0.18181818181818182	True
5232	1298	0.09090909090909091	True
4807	1615	0.9090909090909091	False
4807	1796	0.8181818181818182	True
4807	2609	0.7272727272727273	True
4807	2747	0.6363636363636364	False
4807	1298	0.5454545454545454	True
4807	338	0.45454545454545453	True
4807	404	0.36363636363636365	True
4807	522	0.2727272727272727	True
4807	1653	0.18181818181818182	True
4807	378	0.09090909090909091	False
2792	1615	0.9090909090909091	False
2792	1702	0.8181818181818182	False
2792	1298	0.7272727272727273	True
2792	3074	0.6363636363636364	False
2792	338	0.5454545454545454	True
2792	3107	0.45454545454545453	True
2792	1796	0.36363636363636365	True
2792	2609	0.2727272727272727	True
2792	1627	0.18181818181818182	True
2792	2747	0.09090909090909091	False
5176	1615	0.9090909090909091	False
5176	2747	0.8181818181818182	False
5176	338	0.7272727272727273	True
5176	479	0.6363636363636364	True
5176	3074	0.5454545454545454	False
5176	3107	0.45454545454545453	True
5176	1702	0.36363636363636365	False
5176	3593	0.2727272727272727	True
5176	2079	0.18181818181818182	True
5176	3451	0.09090909090909091	True
1681	1615	0.9090909090909091	False
1681	378	0.8181818181818182	False
1681	2747	0.7272727272727273	False
1681	3074	0.6363636363636364	False
1681	2079	0.5454545454545454	True
1681	3451	0.45454545454545453	True
1681	338	0.36363636363636365	True
1681	3593	0.2727272727272727	True
1681	3107	0.18181818181818182	True
1681	1653	0.09090909090909091	True
5617	1615	0.9090909090909091	False
5617	2747	0.8181818181818182	False
5617	378	0.7272727272727273	False
5617	338	0.6363636363636364	True
5617	3545	0.5454545454545454	True
5617	2553	0.45454545454545453	True
5617	1796	0.36363636363636365	True
5617	3074	0.2727272727272727	False
5617	3451	0.18181818181818182	True
5617	1298	0.09090909090909091	True
1125	1615	0.9090909090909091	False
1125	2747	0.8181818181818182	False
1125	378	0.7272727272727273	False
1125	1702	0.6363636363636364	False
1125	44	0.5454545454545454	True
1125	338	0.45454545454545453	True
1125	3593	0.36363636363636365	True
1125	1921	0.2727272727272727	True
1125	3074	0.18181818181818182	False
1125	2609	0.09090909090909091	True
5140	1615	0.9090909090909091	False
5140	1702	0.8181818181818182	False
5140	1298	0.7272727272727273	True
5140	2747	0.6363636363636364	False
5140	3074	0.5454545454545454	False
5140	1796	0.45454545454545453	True
5140	338	0.36363636363636365	True
5140	3107	0.2727272727272727	True
5140	3593	0.18181818181818182	True
5140	1960	0.09090909090909091	True
5579	1615	0.9090909090909091	False
5579	338	0.8181818181818182	True
5579	2747	0.7272727272727273	False
5579	1627	0.6363636363636364	True
5579	404	0.5454545454545454	True
5579	1702	0.45454545454545453	False
5579	378	0.36363636363636365	False
5579	3107	0.2727272727272727	True
5579	1796	0.18181818181818182	True
5579	335	0.09090909090909091	True
4660	1615	0.9090909090909091	False
4660	2747	0.8181818181818182	False
4660	338	0.7272727272727273	True
4660	1702	0.6363636363636364	False
4660	1796	0.5454545454545454	True
4660	2609	0.45454545454545453	True
4660	2079	0.36363636363636365	True
4660	1298	0.2727272727272727	True
4660	3451	0.18181818181818182	True
4660	1960	0.09090909090909091	True
1023	1615	0.9090909090909091	False
1023	3074	0.8181818181818182	False
1023	3076	0.7272727272727273	True
1023	1796	0.6363636363636364	True
1023	378	0.5454545454545454	False
1023	1702	0.45454545454545453	False
1023	1921	0.36363636363636365	True
1023	2079	0.2727272727272727	True
1023	2249	0.18181818181818182	True
1023	338	0.09090909090909091	True
5096	1615	0.9090909090909091	False
5096	3074	0.8181818181818182	False
5096	378	0.7272727272727273	False
5096	2747	0.6363636363636364	False
5096	3107	0.5454545454545454	True
5096	3451	0.45454545454545453	True
5096	1298	0.36363636363636365	True
5096	3076	0.2727272727272727	True
5096	338	0.18181818181818182	True
5096	2079	0.09090909090909091	True
2235	1615	0.9090909090909091	False
2235	1796	0.8181818181818182	True
2235	2747	0.7272727272727273	False
2235	378	0.6363636363636364	False
2235	338	0.5454545454545454	True
2235	1702	0.45454545454545453	False
2235	3074	0.36363636363636365	False
2235	404	0.2727272727272727	True
2235	1298	0.18181818181818182	True
2235	1627	0.09090909090909091	True
4958	1615	0.9090909090909091	False
4958	3107	0.8181818181818182	True
4958	1298	0.7272727272727273	True
4958	378	0.6363636363636364	False
4958	3074	0.5454545454545454	False
4958	404	0.45454545454545453	True
4958	338	0.36363636363636365	True
4958	2747	0.2727272727272727	False
4958	1702	0.18181818181818182	False
4958	1627	0.09090909090909091	True
3490	1615	0.9090909090909091	False
3490	378	0.8181818181818182	False
3490	2747	0.7272727272727273	False
3490	338	0.6363636363636364	True
3490	3074	0.5454545454545454	False
3490	2079	0.45454545454545453	True
3490	1702	0.36363636363636365	False
3490	3107	0.2727272727272727	True
3490	3545	0.18181818181818182	True
3490	1796	0.09090909090909091	True
339	1615	0.9090909090909091	False
339	378	0.8181818181818182	False
339	1921	0.7272727272727273	True
339	2747	0.6363636363636364	False
339	338	0.5454545454545454	True
339	3074	0.45454545454545453	False
339	1702	0.36363636363636365	False
339	1796	0.2727272727272727	True
339	2609	0.18181818181818182	True
339	3593	0.09090909090909091	True
797	1615	0.9090909090909091	False
797	1298	0.8181818181818182	True
797	338	0.7272727272727273	True
797	2747	0.6363636363636364	False
797	2553	0.5454545454545454	True
797	378	0.45454545454545453	False
797	3451	0.36363636363636365	True
797	3545	0.2727272727272727	True
797	1702	0.18181818181818182	False
797	3074	0.09090909090909091	False
1805	1615	0.9090909090909091	False
1805	2609	0.8181818181818182	True
1805	338	0.7272727272727273	True
1805	404	0.6363636363636364	True
1805	1702	0.5454545454545454	False
1805	1960	0.45454545454545453	True
1805	2079	0.36363636363636365	True
1805	3074	0.2727272727272727	False
1805	3107	0.18181818181818182	True
1805	1627	0.09090909090909091	True
2828	1615	0.9090909090909091	False
2828	3074	0.8181818181818182	False
2828	1702	0.7272727272727273	False
2828	3593	0.6363636363636364	True
2828	1298	0.5454545454545454	True
2828	3076	0.45454545454545453	True
2828	378	0.36363636363636365	False
2828	3107	0.2727272727272727	True
2828	2079	0.18181818181818182	True
2828	3823	0.09090909090909091	True
1847	1615	0.9090909090909091	False
1847	338	0.8181818181818182	True
1847	2553	0.7272727272727273	True
1847	2747	0.6363636363636364	False
1847	1627	0.5454545454545454	True
1847	378	0.45454545454545453	False
1847	1653	0.36363636363636365	True
1847	3823	0.2727272727272727	True
1847	335	0.18181818181818182	True
1847	1298	0.09090909090909091	True
703	1615	0.9090909090909091	False
703	3074	0.8181818181818182	False
703	1796	0.7272727272727273	True
703	2079	0.6363636363636364	True
703	2747	0.5454545454545454	False
703	3451	0.45454545454545453	True
703	2609	0.36363636363636365	True
703	378	0.2727272727272727	False
703	338	0.18181818181818182	True
703	1960	0.09090909090909091	True
3848	1615	0.9090909090909091	False
3848	1627	0.8181818181818182	True
3848	335	0.7272727272727273	True
3848	1702	0.6363636363636364	False
3848	1298	0.5454545454545454	True
3848	338	0.45454545454545453	True
3848	404	0.36363636363636365	True
3848	1796	0.2727272727272727	True
3848	3107	0.18181818181818182	True
3848	479	0.09090909090909091	True
3709	1615	0.9090909090909091	False
3709	378	0.8181818181818182	False
3709	1796	0.7272727272727273	True
3709	2747	0.6363636363636364	False
3709	1702	0.5454545454545454	False
3709	404	0.45454545454545453	True
3709	3074	0.36363636363636365	False
3709	2609	0.2727272727272727	True
3709	1653	0.18181818181818182	True
3709	522	0.09090909090909091	True
2367	1615	0.9090909090909091	False
2367	2747	0.8181818181818182	False
2367	3107	0.7272727272727273	True
2367	3074	0.6363636363636364	False
2367	1298	0.5454545454545454	True
2367	378	0.45454545454545453	False
2367	3451	0.36363636363636365	True
2367	338	0.2727272727272727	True
2367	1960	0.18181818181818182	True
2367	404	0.09090909090909091	True
149	1615	0.9090909090909091	False
149	378	0.8181818181818182	False
149	2747	0.7272727272727273	False
149	3074	0.6363636363636364	False
149	1298	0.5454545454545454	True
149	3545	0.45454545454545453	True
149	338	0.36363636363636365	True
149	1921	0.2727272727272727	True
149	1796	0.18181818181818182	True
149	1653	0.09090909090909091	True
1770	1615	0.9090909090909091	False
1770	3074	0.8181818181818182	False
1770	338	0.7272727272727273	True
1770	1796	0.6363636363636364	True
1770	479	0.5454545454545454	True
1770	3593	0.45454545454545453	True
1770	1702	0.36363636363636365	False
1770	1677	0.2727272727272727	True
1770	1627	0.18181818181818182	True
1770	3451	0.09090909090909091	True
5838	1615	0.9090909090909091	False
5838	3074	0.8181818181818182	False
5838	3076	0.7272727272727273	True
5838	1920	0.6363636363636364	True
5838	378	0.5454545454545454	False
5838	2747	0.45454545454545453	False
5838	1796	0.36363636363636365	True
5838	509	0.2727272727272727	True
5838	3451	0.18181818181818182	True
5838	479	0.09090909090909091	True
511	1615	0.9090909090909091	False
511	3076	0.8181818181818182	True
511	3451	0.7272727272727273	True
511	1796	0.6363636363636364	True
511	3074	0.5454545454545454	False
511	1702	0.45454545454545453	False
511	1627	0.36363636363636365	True
511	378	0.2727272727272727	False
511	2609	0.18181818181818182	True
511	1653	0.09090909090909091	True
908	1615	0.9090909090909091	False
908	378	0.8181818181818182	False
908	338	0.7272727272727273	True
908	2747	0.6363636363636364	False
908	1702	0.5454545454545454	False
908	1796	0.45454545454545453	True
908	1627	0.36363636363636365	True
908	3545	0.2727272727272727	True
908	1298	0.18181818181818182	True
908	3074	0.09090909090909091	False
272	1615	0.9090909090909091	False
272	2747	0.8181818181818182	False
272	1653	0.7272727272727273	True
272	338	0.6363636363636364	True
272	3074	0.5454545454545454	False
272	1796	0.45454545454545453	True
272	1298	0.36363636363636365	True
272	1702	0.2727272727272727	False
272	3928	0.18181818181818182	True
272	3545	0.09090909090909091	True
251	1615	0.9090909090909091	False
251	378	0.8181818181818182	False
251	338	0.7272727272727273	True
251	1702	0.6363636363636364	False
251	3074	0.5454545454545454	False
251	2747	0.45454545454545453	False
251	3107	0.36363636363636365	True
251	1796	0.2727272727272727	True
251	1298	0.18181818181818182	True
251	2609	0.09090909090909091	True
3823	1615	0.9090909090909091	False
3823	3074	0.8181818181818182	False
3823	3593	0.7272727272727273	True
3823	2747	0.6363636363636364	False
3823	1796	0.5454545454545454	True
3823	2609	0.45454545454545453	True
3823	1702	0.36363636363636365	False
3823	2079	0.2727272727272727	True
3823	1960	0.18181818181818182	True
3823	378	0.09090909090909091	False
1849	1615	0.9090909090909091	False
1849	2747	0.8181818181818182	False
1849	3593	0.7272727272727273	True
1849	378	0.6363636363636364	False
1849	2553	0.5454545454545454	True
1849	338	0.45454545454545453	True
1849	1702	0.36363636363636365	False
1849	1298	0.2727272727272727	True
1849	3107	0.18181818181818182	True
1849	3451	0.09090909090909091	True
3352	1615	0.9090909090909091	False
3352	2747	0.8181818181818182	False
3352	338	0.7272727272727273	True
3352	1298	0.6363636363636364	True
3352	378	0.5454545454545454	False
3352	2553	0.45454545454545453	True
3352	1627	0.36363636363636365	True
3352	3074	0.2727272727272727	False
3352	1702	0.18181818181818182	False
3352	3451	0.09090909090909091	True
1501	1615	0.9090909090909091	False
1501	378	0.8181818181818182	False
1501	1702	0.7272727272727273	False
1501	338	0.6363636363636364	True
1501	1298	0.5454545454545454	True
1501	2609	0.45454545454545453	True
1501	2747	0.36363636363636365	False
1501	3074	0.2727272727272727	False
1501	3076	0.18181818181818182	True
1501	2553	0.09090909090909091	True
266	1615	0.9090909090909091	False
266	3074	0.8181818181818182	False
266	3107	0.7272727272727273	True
266	378	0.6363636363636364	False
266	338	0.5454545454545454	True
266	1702	0.45454545454545453	False
266	1298	0.36363636363636365	True
266	2079	0.2727272727272727	True
266	3593	0.18181818181818182	True
266	2747	0.09090909090909091	False
2462	1615	0.9090909090909091	False
2462	2609	0.8181818181818182	True
2462	3074	0.7272727272727273	False
2462	2079	0.6363636363636364	True
2462	1796	0.5454545454545454	True
2462	3091	0.45454545454545453	True
2462	3823	0.36363636363636365	True
2462	1920	0.2727272727272727	True
2462	378	0.18181818181818182	False
2462	1677	0.09090909090909091	True
4398	1615	0.9090909090909091	False
4398	3074	0.8181818181818182	False
4398	1702	0.7272727272727273	False
4398	2079	0.6363636363636364	True
4398	378	0.5454545454545454	False
4398	1796	0.45454545454545453	True
4398	3107	0.36363636363636365	True
4398	2609	0.2727272727272727	True
4398	338	0.18181818181818182	True
4398	1653	0.09090909090909091	True
385	1615	0.9090909090909091	False
385	3074	0.8181818181818182	False
385	1796	0.7272727272727273	True
385	378	0.6363636363636364	False
385	1921	0.5454545454545454	True
385	2079	0.45454545454545453	True
385	2747	0.36363636363636365	False
385	3451	0.2727272727272727	True
385	2609	0.18181818181818182	True
385	1702	0.09090909090909091	False
1664	1615	0.9090909090909091	False
1664	2747	0.8181818181818182	False
1664	1298	0.7272727272727273	True
1664	1702	0.6363636363636364	False
1664	3107	0.5454545454545454	True
1664	338	0.45454545454545453	True
1664	3757	0.36363636363636365	True
1664	3545	0.2727272727272727	True
1664	3451	0.18181818181818182	True
1664	1653	0.09090909090909091	True
5274	1615	0.9090909090909091	False
5274	2609	0.8181818181818182	True
5274	378	0.7272727272727273	False
5274	3074	0.6363636363636364	False
5274	338	0.5454545454545454	True
5274	2747	0.45454545454545453	False
5274	1702	0.36363636363636365	False
5274	1653	0.2727272727272727	True
5274	1298	0.18181818181818182	True
5274	3107	0.09090909090909091	True
4367	1615	0.9090909090909091	False
4367	1702	0.8181818181818182	False
4367	3074	0.7272727272727273	False
4367	1796	0.6363636363636364	True
4367	3593	0.5454545454545454	True
4367	3076	0.45454545454545453	True
4367	2609	0.36363636363636365	True
4367	1298	0.2727272727272727	True
4367	204	0.18181818181818182	True
4367	479	0.09090909090909091	True
5210	1615	0.9090909090909091	False
5210	2553	0.8181818181818182	True
5210	378	0.7272727272727273	False
5210	3451	0.6363636363636364	True
5210	3928	0.5454545454545454	True
5210	3074	0.45454545454545453	False
5210	1298	0.36363636363636365	True
5210	1921	0.2727272727272727	True
5210	338	0.18181818181818182	True
5210	3545	0.09090909090909091	True
3653	1615	0.9090909090909091	False
3653	1702	0.8181818181818182	False
3653	3074	0.7272727272727273	False
3653	2079	0.6363636363636364	True
3653	3076	0.5454545454545454	True
3653	1796	0.45454545454545453	True
3653	338	0.36363636363636365	True
3653	2747	0.2727272727272727	False
3653	2609	0.18181818181818182	True
3653	1627	0.09090909090909091	True
