4690	2606	0.9090909090909091	False
4690	929	0.8181818181818182	True
4690	2057	0.7272727272727273	True
4690	2924	0.6363636363636364	False
4690	3463	0.5454545454545454	True
4690	877	0.45454545454545453	False
4690	2417	0.36363636363636365	True
4690	3206	0.2727272727272727	False
4690	2356	0.18181818181818182	True
4690	2849	0.09090909090909091	True
1162	3206	0.9090909090909091	False
1162	2924	0.8181818181818182	False
1162	877	0.7272727272727273	False
1162	2606	0.6363636363636364	False
1162	70	0.5454545454545454	False
1162	1683	0.45454545454545453	True
1162	2057	0.36363636363636365	True
1162	1556	0.2727272727272727	True
1162	1671	0.18181818181818182	True
1162	2849	0.09090909090909091	True
654	2676	0.9090909090909091	True
654	877	0.8181818181818182	False
654	3206	0.7272727272727273	False
654	956	0.6363636363636364	True
654	70	0.5454545454545454	False
654	1827	0.45454545454545453	True
654	1683	0.36363636363636365	True
654	2606	0.2727272727272727	False
654	3114	0.18181818181818182	True
654	3781	0.09090909090909091	True
4472	1683	0.9090909090909091	True
4472	3206	0.8181818181818182	False
4472	1556	0.7272727272727273	True
4472	3114	0.6363636363636364	True
4472	2606	0.5454545454545454	False
4472	2417	0.45454545454545453	True
4472	1671	0.36363636363636365	True
4472	3695	0.2727272727272727	True
4472	449	0.18181818181818182	True
4472	877	0.09090909090909091	False
2141	877	0.9090909090909091	False
2141	2676	0.8181818181818182	True
2141	2606	0.7272727272727273	False
2141	70	0.6363636363636364	False
2141	2924	0.5454545454545454	False
2141	3206	0.45454545454545453	False
2141	1655	0.36363636363636365	True
2141	1827	0.2727272727272727	True
2141	3077	0.18181818181818182	True
2141	2522	0.09090909090909091	True
2269	3206	0.9090909090909091	False
2269	2924	0.8181818181818182	False
2269	877	0.7272727272727273	False
2269	1683	0.6363636363636364	True
2269	2606	0.5454545454545454	False
2269	70	0.45454545454545453	False
2269	1556	0.36363636363636365	True
2269	1671	0.2727272727272727	True
2269	2676	0.18181818181818182	True
2269	2057	0.09090909090909091	True
3848	2741	0.9090909090909091	True
3848	1655	0.8181818181818182	True
3848	1556	0.7272727272727273	True
3848	2924	0.6363636363636364	False
3848	3206	0.5454545454545454	False
3848	1671	0.45454545454545453	True
3848	2676	0.36363636363636365	True
3848	2606	0.2727272727272727	False
3848	70	0.18181818181818182	False
3848	2849	0.09090909090909091	True
3010	2606	0.9090909090909091	False
3010	877	0.8181818181818182	False
3010	3206	0.7272727272727273	False
3010	70	0.6363636363636364	False
3010	2522	0.5454545454545454	True
3010	1556	0.45454545454545453	True
3010	2417	0.36363636363636365	True
3010	2924	0.2727272727272727	False
3010	2741	0.18181818181818182	True
3010	929	0.09090909090909091	True
2267	1556	0.9090909090909091	True
2267	2924	0.8181818181818182	False
2267	3206	0.7272727272727273	False
2267	1671	0.6363636363636364	True
2267	1683	0.5454545454545454	True
2267	2849	0.45454545454545453	True
2267	2057	0.36363636363636365	True
2267	2522	0.2727272727272727	True
2267	2995	0.18181818181818182	True
2267	3579	0.09090909090909091	True
1816	2676	0.9090909090909091	True
1816	2606	0.8181818181818182	False
1816	877	0.7272727272727273	False
1816	70	0.6363636363636364	False
1816	2924	0.5454545454545454	False
1816	1683	0.45454545454545453	True
1816	3206	0.36363636363636365	False
1816	3114	0.2727272727272727	True
1816	3579	0.18181818181818182	True
1816	2417	0.09090909090909091	True
2101	2924	0.9090909090909091	False
2101	929	0.8181818181818182	True
2101	877	0.7272727272727273	False
2101	70	0.6363636363636364	False
2101	2057	0.5454545454545454	True
2101	3206	0.45454545454545453	False
2101	1827	0.36363636363636365	True
2101	1683	0.2727272727272727	True
2101	2606	0.18181818181818182	False
2101	2676	0.09090909090909091	True
2090	2676	0.9090909090909091	True
2090	2606	0.8181818181818182	False
2090	877	0.7272727272727273	False
2090	1655	0.6363636363636364	True
2090	2924	0.5454545454545454	False
2090	2057	0.45454545454545453	True
2090	70	0.36363636363636365	False
2090	1671	0.2727272727272727	True
2090	1683	0.18181818181818182	True
2090	3206	0.09090909090909091	False
2552	2057	0.9090909090909091	True
2552	2924	0.8181818181818182	False
2552	3206	0.7272727272727273	False
2552	877	0.6363636363636364	False
2552	1671	0.5454545454545454	True
2552	2676	0.45454545454545453	True
2552	1683	0.36363636363636365	True
2552	2606	0.2727272727272727	False
2552	1556	0.18181818181818182	True
2552	1655	0.09090909090909091	True
5893	2855	0.9090909090909091	True
5893	2606	0.8181818181818182	False
5893	449	0.7272727272727273	True
5893	2417	0.6363636363636364	True
5893	3114	0.5454545454545454	True
5893	3206	0.45454545454545453	False
5893	3549	0.36363636363636365	True
5893	1683	0.2727272727272727	True
5893	2924	0.18181818181818182	False
5893	2356	0.09090909090909091	True
5908	70	0.9090909090909091	False
5908	3206	0.8181818181818182	False
5908	2606	0.7272727272727273	False
5908	877	0.6363636363636364	False
5908	2676	0.5454545454545454	True
5908	2924	0.45454545454545453	False
5908	3114	0.36363636363636365	True
5908	929	0.2727272727272727	True
5908	1556	0.18181818181818182	True
5908	3648	0.09090909090909091	True
2365	3206	0.9090909090909091	False
2365	2606	0.8181818181818182	False
2365	2924	0.7272727272727273	False
2365	2057	0.6363636363636364	True
2365	929	0.5454545454545454	True
2365	877	0.45454545454545453	False
2365	70	0.36363636363636365	False
2365	1671	0.2727272727272727	True
2365	1683	0.18181818181818182	True
2365	2849	0.09090909090909091	True
1377	1556	0.9090909090909091	True
1377	877	0.8181818181818182	False
1377	3206	0.7272727272727273	False
1377	2606	0.6363636363636364	False
1377	1683	0.5454545454545454	True
1377	2417	0.45454545454545453	True
1377	1671	0.36363636363636365	True
1377	70	0.2727272727272727	False
1377	1655	0.18181818181818182	True
1377	2676	0.09090909090909091	True
99	2924	0.9090909090909091	False
99	3206	0.8181818181818182	False
99	2606	0.7272727272727273	False
99	877	0.6363636363636364	False
99	1683	0.5454545454545454	True
99	2417	0.45454545454545453	True
99	3322	0.36363636363636365	True
99	1671	0.2727272727272727	True
99	1556	0.18181818181818182	True
99	70	0.09090909090909091	False
1330	1683	0.9090909090909091	True
1330	1556	0.8181818181818182	True
1330	2924	0.7272727272727273	False
1330	877	0.6363636363636364	False
1330	1671	0.5454545454545454	True
1330	2676	0.45454545454545453	True
1330	1655	0.36363636363636365	True
1330	3206	0.2727272727272727	False
1330	2606	0.18181818181818182	False
1330	956	0.09090909090909091	True
3200	3206	0.9090909090909091	False
3200	1671	0.8181818181818182	True
3200	449	0.7272727272727273	True
3200	2855	0.6363636363636364	True
3200	2057	0.5454545454545454	True
3200	2924	0.45454545454545453	False
3200	877	0.36363636363636365	False
3200	2606	0.2727272727272727	False
3200	1655	0.18181818181818182	True
3200	2417	0.09090909090909091	True
4455	3206	0.9090909090909091	False
4455	1671	0.8181818181818182	True
4455	2924	0.7272727272727273	False
4455	2606	0.6363636363636364	False
4455	1683	0.5454545454545454	True
4455	1756	0.45454545454545453	True
4455	1556	0.36363636363636365	True
4455	3114	0.2727272727272727	True
4455	2417	0.18181818181818182	True
4455	2676	0.09090909090909091	True
1740	2924	0.9090909090909091	False
1740	1683	0.8181818181818182	True
1740	2606	0.7272727272727273	False
1740	2417	0.6363636363636364	True
1740	3206	0.5454545454545454	False
1740	70	0.45454545454545453	False
1740	1671	0.36363636363636365	True
1740	877	0.2727272727272727	False
1740	2057	0.18181818181818182	True
1740	2676	0.09090909090909091	True
2219	3206	0.9090909090909091	False
2219	1671	0.8181818181818182	True
2219	449	0.7272727272727273	True
2219	2924	0.6363636363636364	False
2219	2057	0.5454545454545454	True
2219	2606	0.45454545454545453	False
2219	2417	0.36363636363636365	True
2219	1556	0.2727272727272727	True
2219	1683	0.18181818181818182	True
2219	3114	0.09090909090909091	True
2533	3206	0.9090909090909091	False
2533	1671	0.8181818181818182	True
2533	2924	0.7272727272727273	False
2533	2606	0.6363636363636364	False
2533	2849	0.5454545454545454	True
2533	3114	0.45454545454545453	True
2533	2741	0.36363636363636365	True
2533	1827	0.2727272727272727	True
2533	929	0.18181818181818182	True
2533	3322	0.09090909090909091	True
3098	2676	0.9090909090909091	True
3098	2606	0.8181818181818182	False
3098	3114	0.7272727272727273	True
3098	3206	0.6363636363636364	False
3098	1683	0.5454545454545454	True
3098	1671	0.45454545454545453	True
3098	877	0.36363636363636365	False
3098	1556	0.2727272727272727	True
3098	1827	0.18181818181818182	True
3098	1655	0.09090909090909091	True
801	1556	0.9090909090909091	True
801	3206	0.8181818181818182	False
801	70	0.7272727272727273	False
801	877	0.6363636363636364	False
801	1655	0.5454545454545454	True
801	2057	0.45454545454545453	True
801	1683	0.36363636363636365	True
801	3648	0.2727272727272727	True
801	2676	0.18181818181818182	True
801	2924	0.09090909090909091	False
1911	877	0.9090909090909091	False
1911	2676	0.8181818181818182	True
1911	70	0.7272727272727273	False
1911	1683	0.6363636363636364	True
1911	1827	0.5454545454545454	True
1911	2606	0.45454545454545453	False
1911	2057	0.36363636363636365	True
1911	449	0.2727272727272727	True
1911	2522	0.18181818181818182	True
1911	2924	0.09090909090909091	False
4816	3206	0.9090909090909091	False
4816	3114	0.8181818181818182	True
4816	2606	0.7272727272727273	False
4816	1683	0.6363636363636364	True
4816	2924	0.5454545454545454	False
4816	2676	0.45454545454545453	True
4816	1671	0.36363636363636365	True
4816	877	0.2727272727272727	False
4816	70	0.18181818181818182	False
4816	3322	0.09090909090909091	True
5929	1556	0.9090909090909091	True
5929	2606	0.8181818181818182	False
5929	3206	0.7272727272727273	False
5929	877	0.6363636363636364	False
5929	1655	0.5454545454545454	True
5929	1683	0.45454545454545453	True
5929	2417	0.36363636363636365	True
5929	1671	0.2727272727272727	True
5929	3077	0.18181818181818182	True
5929	2676	0.09090909090909091	True
5813	70	0.9090909090909091	False
5813	1683	0.8181818181818182	True
5813	2606	0.7272727272727273	False
5813	2522	0.6363636363636364	True
5813	1556	0.5454545454545454	True
5813	3114	0.45454545454545453	True
5813	2741	0.36363636363636365	True
5813	2995	0.2727272727272727	True
5813	877	0.18181818181818182	False
5813	2662	0.09090909090909091	True
3415	877	0.9090909090909091	False
3415	3206	0.8181818181818182	False
3415	2606	0.7272727272727273	False
3415	2924	0.6363636363636364	False
3415	70	0.5454545454545454	False
3415	1556	0.45454545454545453	True
3415	1683	0.36363636363636365	True
3415	2417	0.2727272727272727	True
3415	2676	0.18181818181818182	True
3415	1827	0.09090909090909091	True
2273	2676	0.9090909090909091	True
2273	1556	0.8181818181818182	True
2273	1683	0.7272727272727273	True
2273	70	0.6363636363636364	False
2273	877	0.5454545454545454	False
2273	929	0.45454545454545453	True
2273	2606	0.36363636363636365	False
2273	2057	0.2727272727272727	True
2273	2924	0.18181818181818182	False
2273	3206	0.09090909090909091	False
4655	2924	0.9090909090909091	False
4655	2676	0.8181818181818182	True
4655	70	0.7272727272727273	False
4655	2606	0.6363636363636364	False
4655	877	0.5454545454545454	False
4655	2057	0.45454545454545453	True
4655	1671	0.36363636363636365	True
4655	1556	0.2727272727272727	True
4655	2849	0.18181818181818182	True
4655	3206	0.09090909090909091	False
2373	3206	0.9090909090909091	False
2373	2855	0.8181818181818182	True
2373	2924	0.7272727272727273	False
2373	3322	0.6363636363636364	True
2373	2522	0.5454545454545454	True
2373	1683	0.45454545454545453	True
2373	1655	0.36363636363636365	True
2373	956	0.2727272727272727	True
2373	1671	0.18181818181818182	True
2373	2417	0.09090909090909091	True
1763	2606	0.9090909090909091	False
1763	1671	0.8181818181818182	True
1763	3114	0.7272727272727273	True
1763	2522	0.6363636363636364	True
1763	449	0.5454545454545454	True
1763	2676	0.45454545454545453	True
1763	1655	0.36363636363636365	True
1763	877	0.2727272727272727	False
1763	2849	0.18181818181818182	True
1763	3206	0.09090909090909091	False
2454	2676	0.9090909090909091	True
2454	2606	0.8181818181818182	False
2454	70	0.7272727272727273	False
2454	1556	0.6363636363636364	True
2454	877	0.5454545454545454	False
2454	2924	0.45454545454545453	False
2454	1655	0.36363636363636365	True
2454	2995	0.2727272727272727	True
2454	1683	0.18181818181818182	True
2454	3732	0.09090909090909091	True
4914	3206	0.9090909090909091	False
4914	449	0.8181818181818182	True
4914	1671	0.7272727272727273	True
4914	2522	0.6363636363636364	True
4914	2924	0.5454545454545454	False
4914	2417	0.45454545454545453	True
4914	877	0.36363636363636365	False
4914	2057	0.2727272727272727	True
4914	2871	0.18181818181818182	True
4914	1683	0.09090909090909091	True
5338	3206	0.9090909090909091	False
5338	2924	0.8181818181818182	False
5338	70	0.7272727272727273	False
5338	877	0.6363636363636364	False
5338	1556	0.5454545454545454	True
5338	2995	0.45454545454545453	True
5338	1683	0.36363636363636365	True
5338	2606	0.2727272727272727	False
5338	3648	0.18181818181818182	True
5338	2522	0.09090909090909091	True
4473	70	0.9090909090909091	False
4473	3206	0.8181818181818182	False
4473	877	0.7272727272727273	False
4473	1683	0.6363636363636364	True
4473	2924	0.5454545454545454	False
4473	1556	0.45454545454545453	True
4473	2676	0.36363636363636365	True
4473	2606	0.2727272727272727	False
4473	2057	0.18181818181818182	True
4473	3579	0.09090909090909091	True
5050	1683	0.9090909090909091	True
5050	1556	0.8181818181818182	True
5050	3114	0.7272727272727273	True
5050	2676	0.6363636363636364	True
5050	3206	0.5454545454545454	False
5050	2417	0.45454545454545453	True
5050	1655	0.36363636363636365	True
5050	2606	0.2727272727272727	False
5050	3695	0.18181818181818182	True
5050	877	0.09090909090909091	False
3901	2676	0.9090909090909091	True
3901	1556	0.8181818181818182	True
3901	2606	0.7272727272727273	False
3901	1683	0.6363636363636364	True
3901	70	0.5454545454545454	False
3901	877	0.45454545454545453	False
3901	3114	0.36363636363636365	True
3901	2849	0.2727272727272727	True
3901	1655	0.18181818181818182	True
3901	2047	0.09090909090909091	True
5586	1683	0.9090909090909091	True
5586	3206	0.8181818181818182	False
5586	1556	0.7272727272727273	True
5586	877	0.6363636363636364	False
5586	70	0.5454545454545454	False
5586	449	0.45454545454545453	True
5586	3114	0.36363636363636365	True
5586	2606	0.2727272727272727	False
5586	3648	0.18181818181818182	True
5586	3322	0.09090909090909091	True
3904	2924	0.9090909090909091	False
3904	2057	0.8181818181818182	True
3904	1683	0.7272727272727273	True
3904	1671	0.6363636363636364	True
3904	3206	0.5454545454545454	False
3904	877	0.45454545454545453	False
3904	2676	0.36363636363636365	True
3904	3549	0.2727272727272727	True
3904	449	0.18181818181818182	True
3904	2606	0.09090909090909091	False
1938	70	0.9090909090909091	False
1938	1556	0.8181818181818182	True
1938	3206	0.7272727272727273	False
1938	2855	0.6363636363636364	True
1938	877	0.5454545454545454	False
1938	2924	0.45454545454545453	False
1938	2057	0.36363636363636365	True
1938	2606	0.2727272727272727	False
1938	1655	0.18181818181818182	True
1938	1683	0.09090909090909091	True
3881	3206	0.9090909090909091	False
3881	2057	0.8181818181818182	True
3881	2417	0.7272727272727273	True
3881	1683	0.6363636363636364	True
3881	1671	0.5454545454545454	True
3881	2606	0.45454545454545453	False
3881	1556	0.36363636363636365	True
3881	2924	0.2727272727272727	False
3881	449	0.18181818181818182	True
3881	3114	0.09090909090909091	True
1790	3206	0.9090909090909091	False
1790	449	0.8181818181818182	True
1790	877	0.7272727272727273	False
1790	2057	0.6363636363636364	True
1790	2855	0.5454545454545454	True
1790	1683	0.45454545454545453	True
1790	70	0.36363636363636365	False
1790	2417	0.2727272727272727	True
1790	2924	0.18181818181818182	False
1790	2676	0.09090909090909091	True
3252	877	0.9090909090909091	False
3252	1683	0.8181818181818182	True
3252	3206	0.7272727272727273	False
3252	1556	0.6363636363636364	True
3252	1827	0.5454545454545454	True
3252	70	0.45454545454545453	False
3252	2676	0.36363636363636365	True
3252	2606	0.2727272727272727	False
3252	2417	0.18181818181818182	True
3252	2924	0.09090909090909091	False
3803	449	0.9090909090909091	True
3803	1683	0.8181818181818182	True
3803	3549	0.7272727272727273	True
3803	1655	0.6363636363636364	True
3803	3206	0.5454545454545454	False
3803	877	0.45454545454545453	False
3803	2057	0.36363636363636365	True
3803	70	0.2727272727272727	False
3803	2855	0.18181818181818182	True
3803	3114	0.09090909090909091	True
4004	2606	0.9090909090909091	False
4004	2522	0.8181818181818182	True
4004	877	0.7272727272727273	False
4004	3114	0.6363636363636364	True
4004	1556	0.5454545454545454	True
4004	3648	0.45454545454545453	True
4004	2924	0.36363636363636365	False
4004	2849	0.2727272727272727	True
4004	2676	0.18181818181818182	True
4004	1655	0.09090909090909091	True
884	2741	0.9090909090909091	True
884	1655	0.8181818181818182	True
884	449	0.7272727272727273	True
884	3206	0.6363636363636364	False
884	1683	0.5454545454545454	True
884	2522	0.45454545454545453	True
884	3114	0.36363636363636365	True
884	1556	0.2727272727272727	True
884	877	0.18181818181818182	False
884	3463	0.09090909090909091	True
165	1655	0.9090909090909091	True
165	2924	0.8181818181818182	False
165	1556	0.7272727272727273	True
165	70	0.6363636363636364	False
165	1683	0.5454545454545454	True
165	877	0.45454545454545453	False
165	2995	0.36363636363636365	True
165	2417	0.2727272727272727	True
165	2741	0.18181818181818182	True
165	2606	0.09090909090909091	False
4958	3206	0.9090909090909091	False
4958	2924	0.8181818181818182	False
4958	70	0.7272727272727273	False
4958	2057	0.6363636363636364	True
4958	3579	0.5454545454545454	True
4958	877	0.45454545454545453	False
4958	1671	0.36363636363636365	True
4958	1556	0.2727272727272727	True
4958	2606	0.18181818181818182	False
4958	2047	0.09090909090909091	True
2486	2606	0.9090909090909091	False
2486	877	0.8181818181818182	False
2486	2924	0.7272727272727273	False
2486	70	0.6363636363636364	False
2486	1556	0.5454545454545454	True
2486	2417	0.45454545454545453	True
2486	1683	0.36363636363636365	True
2486	3206	0.2727272727272727	False
2486	2676	0.18181818181818182	True
2486	1655	0.09090909090909091	True
3255	2924	0.9090909090909091	False
3255	3206	0.8181818181818182	False
3255	3322	0.7272727272727273	True
3255	2855	0.6363636363636364	True
3255	2606	0.5454545454545454	False
3255	877	0.45454545454545453	False
3255	1683	0.36363636363636365	True
3255	1671	0.2727272727272727	True
3255	1655	0.18181818181818182	True
3255	2417	0.09090909090909091	True
4272	3206	0.9090909090909091	False
4272	1683	0.8181818181818182	True
4272	877	0.7272727272727273	False
4272	2924	0.6363636363636364	False
4272	2057	0.5454545454545454	True
4272	70	0.45454545454545453	False
4272	2855	0.36363636363636365	True
4272	2606	0.2727272727272727	False
4272	2676	0.18181818181818182	True
4272	929	0.09090909090909091	True
2103	1683	0.9090909090909091	True
2103	3206	0.8181818181818182	False
2103	1556	0.7272727272727273	True
2103	70	0.6363636363636364	False
2103	877	0.5454545454545454	False
2103	3114	0.45454545454545453	True
2103	2522	0.36363636363636365	True
2103	3648	0.2727272727272727	True
2103	2995	0.18181818181818182	True
2103	1655	0.09090909090909091	True
5443	1683	0.9090909090909091	True
5443	3206	0.8181818181818182	False
5443	1671	0.7272727272727273	True
5443	1655	0.6363636363636364	True
5443	1556	0.5454545454545454	True
5443	2417	0.45454545454545453	True
5443	3322	0.36363636363636365	True
5443	2606	0.2727272727272727	False
5443	877	0.18181818181818182	False
5443	2924	0.09090909090909091	False
341	2924	0.9090909090909091	False
341	3206	0.8181818181818182	False
341	877	0.7272727272727273	False
341	1556	0.6363636363636364	True
341	2606	0.5454545454545454	False
341	2057	0.45454545454545453	True
341	70	0.36363636363636365	False
341	1683	0.2727272727272727	True
341	2522	0.18181818181818182	True
341	929	0.09090909090909091	True
3825	3206	0.9090909090909091	False
3825	70	0.8181818181818182	False
3825	2741	0.7272727272727273	True
3825	2522	0.6363636363636364	True
3825	1827	0.5454545454545454	True
3825	3114	0.45454545454545453	True
3825	877	0.36363636363636365	False
3825	2047	0.2727272727272727	True
3825	2606	0.18181818181818182	False
3825	1671	0.09090909090909091	True
1444	70	0.9090909090909091	False
1444	877	0.8181818181818182	False
1444	1556	0.7272727272727273	True
1444	3206	0.6363636363636364	False
1444	1683	0.5454545454545454	True
1444	2417	0.45454545454545453	True
1444	2057	0.36363636363636365	True
1444	3648	0.2727272727272727	True
1444	449	0.18181818181818182	True
1444	2522	0.09090909090909091	True
4102	2924	0.9090909090909091	False
4102	3206	0.8181818181818182	False
4102	877	0.7272727272727273	False
4102	70	0.6363636363636364	False
4102	1683	0.5454545454545454	True
4102	2057	0.45454545454545453	True
4102	1556	0.36363636363636365	True
4102	2676	0.2727272727272727	True
4102	2417	0.18181818181818182	True
4102	3322	0.09090909090909091	True
1506	449	0.9090909090909091	True
1506	1683	0.8181818181818182	True
1506	3206	0.7272727272727273	False
1506	3114	0.6363636363636364	True
1506	1671	0.5454545454545454	True
1506	2606	0.45454545454545453	False
1506	70	0.36363636363636365	False
1506	2522	0.2727272727272727	True
1506	3549	0.18181818181818182	True
1506	2057	0.09090909090909091	True
2324	2417	0.9090909090909091	True
2324	3206	0.8181818181818182	False
2324	877	0.7272727272727273	False
2324	449	0.6363636363636364	True
2324	70	0.5454545454545454	False
2324	2924	0.45454545454545453	False
2324	1683	0.36363636363636365	True
2324	2606	0.2727272727272727	False
2324	1556	0.18181818181818182	True
2324	2057	0.09090909090909091	True
3169	1556	0.9090909090909091	True
3169	2676	0.8181818181818182	True
3169	877	0.7272727272727273	False
3169	3206	0.6363636363636364	False
3169	70	0.5454545454545454	False
3169	3781	0.45454545454545453	True
3169	3648	0.36363636363636365	True
3169	2057	0.2727272727272727	True
3169	2924	0.18181818181818182	False
3169	1827	0.09090909090909091	True
4177	1556	0.9090909090909091	True
4177	2606	0.8181818181818182	False
4177	2676	0.7272727272727273	True
4177	1683	0.6363636363636364	True
4177	1655	0.5454545454545454	True
4177	3114	0.45454545454545453	True
4177	877	0.36363636363636365	False
4177	1671	0.2727272727272727	True
4177	3206	0.18181818181818182	False
4177	929	0.09090909090909091	True
1055	2676	0.9090909090909091	True
1055	2057	0.8181818181818182	True
1055	3077	0.7272727272727273	True
1055	1556	0.6363636363636364	True
1055	2924	0.5454545454545454	False
1055	1683	0.45454545454545453	True
1055	70	0.36363636363636365	False
1055	877	0.2727272727272727	False
1055	3206	0.18181818181818182	False
1055	1655	0.09090909090909091	True
3308	2417	0.9090909090909091	True
3308	3206	0.8181818181818182	False
3308	1683	0.7272727272727273	True
3308	3114	0.6363636363636364	True
3308	1556	0.5454545454545454	True
3308	3322	0.45454545454545453	True
3308	449	0.36363636363636365	True
3308	70	0.2727272727272727	False
3308	2522	0.18181818181818182	True
3308	2855	0.09090909090909091	True
4701	1683	0.9090909090909091	True
4701	3114	0.8181818181818182	True
4701	70	0.7272727272727273	False
4701	2676	0.6363636363636364	True
4701	2606	0.5454545454545454	False
4701	877	0.45454545454545453	False
4701	929	0.36363636363636365	True
4701	3549	0.2727272727272727	True
4701	2522	0.18181818181818182	True
4701	449	0.09090909090909091	True
1694	3206	0.9090909090909091	False
1694	1671	0.8181818181818182	True
1694	449	0.7272727272727273	True
1694	2057	0.6363636363636364	True
1694	70	0.5454545454545454	False
1694	2924	0.45454545454545453	False
1694	2606	0.36363636363636365	False
1694	3114	0.2727272727272727	True
1694	1556	0.18181818181818182	True
1694	877	0.09090909090909091	False
3910	2924	0.9090909090909091	False
3910	3206	0.8181818181818182	False
3910	1683	0.7272727272727273	True
3910	70	0.6363636363636364	False
3910	877	0.5454545454545454	False
3910	1556	0.45454545454545453	True
3910	2676	0.36363636363636365	True
3910	2057	0.2727272727272727	True
3910	2995	0.18181818181818182	True
3910	2626	0.09090909090909091	True
4822	2606	0.9090909090909091	False
4822	1655	0.8181818181818182	True
4822	1683	0.7272727272727273	True
4822	2676	0.6363636363636364	True
4822	3114	0.5454545454545454	True
4822	2741	0.45454545454545453	True
4822	70	0.36363636363636365	False
4822	2995	0.2727272727272727	True
4822	2924	0.18181818181818182	False
4822	2849	0.09090909090909091	True
3323	3206	0.9090909090909091	False
3323	1671	0.8181818181818182	True
3323	877	0.7272727272727273	False
3323	2924	0.6363636363636364	False
3323	2606	0.5454545454545454	False
3323	70	0.45454545454545453	False
3323	2676	0.36363636363636365	True
3323	3579	0.2727272727272727	True
3323	1556	0.18181818181818182	True
3323	2522	0.09090909090909091	True
5678	877	0.9090909090909091	False
5678	2606	0.8181818181818182	False
5678	3206	0.7272727272727273	False
5678	70	0.6363636363636364	False
5678	929	0.5454545454545454	True
5678	2057	0.45454545454545453	True
5678	1683	0.36363636363636365	True
5678	2924	0.2727272727272727	False
5678	2676	0.18181818181818182	True
5678	3322	0.09090909090909091	True
3353	2924	0.9090909090909091	False
3353	3206	0.8181818181818182	False
3353	70	0.7272727272727273	False
3353	2606	0.6363636363636364	False
3353	1556	0.5454545454545454	True
3353	1683	0.45454545454545453	True
3353	877	0.36363636363636365	False
3353	2417	0.2727272727272727	True
3353	2676	0.18181818181818182	True
3353	2855	0.09090909090909091	True
3821	877	0.9090909090909091	False
3821	2924	0.8181818181818182	False
3821	70	0.7272727272727273	False
3821	2606	0.6363636363636364	False
3821	3206	0.5454545454545454	False
3821	1683	0.45454545454545453	True
3821	1556	0.36363636363636365	True
3821	2522	0.2727272727272727	True
3821	2855	0.18181818181818182	True
3821	2676	0.09090909090909091	True
1204	1556	0.9090909090909091	True
1204	1683	0.8181818181818182	True
1204	3206	0.7272727272727273	False
1204	70	0.6363636363636364	False
1204	1671	0.5454545454545454	True
1204	2522	0.45454545454545453	True
1204	3114	0.36363636363636365	True
1204	3648	0.2727272727272727	True
1204	449	0.18181818181818182	True
1204	2606	0.09090909090909091	False
5035	3206	0.9090909090909091	False
5035	2924	0.8181818181818182	False
5035	2057	0.7272727272727273	True
5035	449	0.6363636363636364	True
5035	70	0.5454545454545454	False
5035	2855	0.45454545454545453	True
5035	1671	0.36363636363636365	True
5035	877	0.2727272727272727	False
5035	3549	0.18181818181818182	True
5035	2606	0.09090909090909091	False
5244	877	0.9090909090909091	False
5244	70	0.8181818181818182	False
5244	2924	0.7272727272727273	False
5244	3206	0.6363636363636364	False
5244	2606	0.5454545454545454	False
5244	1556	0.45454545454545453	True
5244	2676	0.36363636363636365	True
5244	1683	0.2727272727272727	True
5244	2057	0.18181818181818182	True
5244	3375	0.09090909090909091	True
3955	3206	0.9090909090909091	False
3955	2606	0.8181818181818182	False
3955	1655	0.7272727272727273	True
3955	2417	0.6363636363636364	True
3955	2855	0.5454545454545454	True
3955	1671	0.45454545454545453	True
3955	449	0.36363636363636365	True
3955	1683	0.2727272727272727	True
3955	877	0.18181818181818182	False
3955	2057	0.09090909090909091	True
4651	877	0.9090909090909091	False
4651	70	0.8181818181818182	False
4651	1683	0.7272727272727273	True
4651	3206	0.6363636363636364	False
4651	1556	0.5454545454545454	True
4651	3648	0.45454545454545453	True
4651	1655	0.36363636363636365	True
4651	2871	0.2727272727272727	True
4651	2522	0.18181818181818182	True
4651	449	0.09090909090909091	True
1779	3206	0.9090909090909091	False
1779	2417	0.8181818181818182	True
1779	2924	0.7272727272727273	False
1779	2855	0.6363636363636364	True
1779	2606	0.5454545454545454	False
1779	2057	0.45454545454545453	True
1779	877	0.36363636363636365	False
1779	1683	0.2727272727272727	True
1779	70	0.18181818181818182	False
1779	1671	0.09090909090909091	True
3611	1671	0.9090909090909091	True
3611	3114	0.8181818181818182	True
3611	2924	0.7272727272727273	False
3611	3206	0.6363636363636364	False
3611	2606	0.5454545454545454	False
3611	2047	0.45454545454545453	True
3611	70	0.36363636363636365	False
3611	2417	0.2727272727272727	True
3611	2522	0.18181818181818182	True
3611	877	0.09090909090909091	False
1440	3206	0.9090909090909091	False
1440	1683	0.8181818181818182	True
1440	877	0.7272727272727273	False
1440	2924	0.6363636363636364	False
1440	2057	0.5454545454545454	True
1440	449	0.45454545454545453	True
1440	1671	0.36363636363636365	True
1440	2606	0.2727272727272727	False
1440	1556	0.18181818181818182	True
1440	1655	0.09090909090909091	True
2501	1683	0.9090909090909091	True
2501	877	0.8181818181818182	False
2501	3206	0.7272727272727273	False
2501	449	0.6363636363636364	True
2501	1655	0.5454545454545454	True
2501	2676	0.45454545454545453	True
2501	70	0.36363636363636365	False
2501	3322	0.2727272727272727	True
2501	3114	0.18181818181818182	True
2501	1556	0.09090909090909091	True
4883	2924	0.9090909090909091	False
4883	3206	0.8181818181818182	False
4883	877	0.7272727272727273	False
4883	1671	0.6363636363636364	True
4883	2606	0.5454545454545454	False
4883	2676	0.45454545454545453	True
4883	1827	0.36363636363636365	True
4883	2057	0.2727272727272727	True
4883	70	0.18181818181818182	False
4883	1556	0.09090909090909091	True
5954	2606	0.9090909090909091	False
5954	2676	0.8181818181818182	True
5954	2924	0.7272727272727273	False
5954	877	0.6363636363636364	False
5954	3206	0.5454545454545454	False
5954	3322	0.45454545454545453	True
5954	1671	0.36363636363636365	True
5954	1683	0.2727272727272727	True
5954	1827	0.18181818181818182	True
5954	46	0.09090909090909091	True
3159	3206	0.9090909090909091	False
3159	877	0.8181818181818182	False
3159	2924	0.7272727272727273	False
3159	1655	0.6363636363636364	True
3159	1827	0.5454545454545454	True
3159	2741	0.45454545454545453	True
3159	956	0.36363636363636365	True
3159	1683	0.2727272727272727	True
3159	2522	0.18181818181818182	True
3159	929	0.09090909090909091	True
2111	70	0.9090909090909091	False
2111	3206	0.8181818181818182	False
2111	877	0.7272727272727273	False
2111	2676	0.6363636363636364	True
2111	2606	0.5454545454545454	False
2111	2924	0.45454545454545453	False
2111	2855	0.36363636363636365	True
2111	3114	0.2727272727272727	True
2111	449	0.18181818181818182	True
2111	3695	0.09090909090909091	True
4648	877	0.9090909090909091	False
4648	2606	0.8181818181818182	False
4648	449	0.7272727272727273	True
4648	3206	0.6363636363636364	False
4648	1556	0.5454545454545454	True
4648	2057	0.45454545454545453	True
4648	1683	0.36363636363636365	True
4648	1671	0.2727272727272727	True
4648	2522	0.18181818181818182	True
4648	70	0.09090909090909091	False
4985	70	0.9090909090909091	False
4985	3206	0.8181818181818182	False
4985	2676	0.7272727272727273	True
4985	877	0.6363636363636364	False
4985	449	0.5454545454545454	True
4985	2057	0.45454545454545453	True
4985	2606	0.36363636363636365	False
4985	2924	0.2727272727272727	False
4985	1671	0.18181818181818182	True
4985	1683	0.09090909090909091	True
1376	2924	0.9090909090909091	False
1376	3206	0.8181818181818182	False
1376	1556	0.7272727272727273	True
1376	956	0.6363636363636364	True
1376	2606	0.5454545454545454	False
1376	70	0.45454545454545453	False
1376	877	0.36363636363636365	False
1376	2849	0.2727272727272727	True
1376	2057	0.18181818181818182	True
1376	1671	0.09090909090909091	True
1117	3206	0.9090909090909091	False
1117	2606	0.8181818181818182	False
1117	70	0.7272727272727273	False
1117	3114	0.6363636363636364	True
1117	877	0.5454545454545454	False
1117	3648	0.45454545454545453	True
1117	2924	0.36363636363636365	False
1117	2522	0.2727272727272727	True
1117	1671	0.18181818181818182	True
1117	1683	0.09090909090909091	True
2743	3206	0.9090909090909091	False
2743	877	0.8181818181818182	False
2743	1683	0.7272727272727273	True
2743	2057	0.6363636363636364	True
2743	2924	0.5454545454545454	False
2743	449	0.45454545454545453	True
2743	1556	0.36363636363636365	True
2743	1827	0.2727272727272727	True
2743	1671	0.18181818181818182	True
2743	2855	0.09090909090909091	True
111	1683	0.9090909090909091	True
111	877	0.8181818181818182	False
111	70	0.7272727272727273	False
111	1556	0.6363636363636364	True
111	3206	0.5454545454545454	False
111	449	0.45454545454545453	True
111	2924	0.36363636363636365	False
111	2057	0.2727272727272727	True
111	3781	0.18181818181818182	True
111	2417	0.09090909090909091	True
424	877	0.9090909090909091	False
424	2606	0.8181818181818182	False
424	2676	0.7272727272727273	True
424	70	0.6363636363636364	False
424	2057	0.5454545454545454	True
424	3206	0.45454545454545453	False
424	2924	0.36363636363636365	False
424	1655	0.2727272727272727	True
424	3114	0.18181818181818182	True
424	1827	0.09090909090909091	True
4660	1683	0.9090909090909091	True
4660	1556	0.8181818181818182	True
4660	877	0.7272727272727273	False
4660	3206	0.6363636363636364	False
4660	2676	0.5454545454545454	True
4660	1655	0.45454545454545453	True
4660	2855	0.36363636363636365	True
4660	70	0.2727272727272727	False
4660	3322	0.18181818181818182	True
4660	3781	0.09090909090909091	True
4136	3206	0.9090909090909091	False
4136	2924	0.8181818181818182	False
4136	1556	0.7272727272727273	True
4136	1683	0.6363636363636364	True
4136	70	0.5454545454545454	False
4136	3579	0.45454545454545453	True
4136	877	0.36363636363636365	False
4136	2522	0.2727272727272727	True
4136	2676	0.18181818181818182	True
4136	2995	0.09090909090909091	True
817	3206	0.9090909090909091	False
817	2924	0.8181818181818182	False
817	2057	0.7272727272727273	True
817	70	0.6363636363636364	False
817	877	0.5454545454545454	False
817	1683	0.45454545454545453	True
817	1556	0.36363636363636365	True
817	2676	0.2727272727272727	True
817	929	0.18181818181818182	True
817	3781	0.09090909090909091	True
1660	2606	0.9090909090909091	False
1660	877	0.8181818181818182	False
1660	2924	0.7272727272727273	False
1660	3206	0.6363636363636364	False
1660	2849	0.5454545454545454	True
1660	1556	0.45454545454545453	True
1660	3322	0.36363636363636365	True
1660	2855	0.2727272727272727	True
1660	2417	0.18181818181818182	True
1660	1683	0.09090909090909091	True
3220	2676	0.9090909090909091	True
3220	2606	0.8181818181818182	False
3220	877	0.7272727272727273	False
3220	70	0.6363636363636364	False
3220	2924	0.5454545454545454	False
3220	3206	0.45454545454545453	False
3220	1655	0.36363636363636365	True
3220	2057	0.2727272727272727	True
3220	2855	0.18181818181818182	True
3220	1556	0.09090909090909091	True
