2690	3802	0.9090909090909091	False
2690	1561	0.8181818181818182	False
2690	2446	0.7272727272727273	True
2690	1835	0.6363636363636364	False
2690	256	0.5454545454545454	True
2690	3401	0.45454545454545453	False
2690	114	0.36363636363636365	True
2690	1487	0.2727272727272727	True
2690	3823	0.18181818181818182	True
2690	1746	0.09090909090909091	True
2458	256	0.9090909090909091	True
2458	1998	0.8181818181818182	False
2458	3401	0.7272727272727273	False
2458	2253	0.6363636363636364	True
2458	1561	0.5454545454545454	False
2458	1835	0.45454545454545453	False
2458	2446	0.36363636363636365	True
2458	3186	0.2727272727272727	True
2458	474	0.18181818181818182	True
2458	3091	0.09090909090909091	True
892	3401	0.9090909090909091	False
892	1998	0.8181818181818182	False
892	1856	0.7272727272727273	True
892	1835	0.6363636363636364	False
892	3802	0.5454545454545454	False
892	1487	0.45454545454545453	True
892	3129	0.36363636363636365	True
892	3296	0.2727272727272727	True
892	3534	0.18181818181818182	True
892	114	0.09090909090909091	True
4241	3802	0.9090909090909091	False
4241	256	0.8181818181818182	True
4241	3091	0.7272727272727273	True
4241	3823	0.6363636363636364	True
4241	3401	0.5454545454545454	False
4241	114	0.45454545454545453	True
4241	1998	0.36363636363636365	False
4241	1487	0.2727272727272727	True
4241	1835	0.18181818181818182	False
4241	2265	0.09090909090909091	True
3505	3802	0.9090909090909091	False
3505	3401	0.8181818181818182	False
3505	256	0.7272727272727273	True
3505	114	0.6363636363636364	True
3505	1998	0.5454545454545454	False
3505	3129	0.45454545454545453	True
3505	437	0.36363636363636365	True
3505	1487	0.2727272727272727	True
3505	1835	0.18181818181818182	False
3505	3720	0.09090909090909091	True
4586	3802	0.9090909090909091	False
4586	1998	0.8181818181818182	False
4586	3401	0.7272727272727273	False
4586	1561	0.6363636363636364	False
4586	597	0.5454545454545454	True
4586	114	0.45454545454545453	True
4586	2446	0.36363636363636365	True
4586	3720	0.2727272727272727	True
4586	1835	0.18181818181818182	False
4586	3296	0.09090909090909091	True
5219	3401	0.9090909090909091	False
5219	474	0.8181818181818182	True
5219	57	0.7272727272727273	True
5219	256	0.6363636363636364	True
5219	1998	0.5454545454545454	False
5219	3802	0.45454545454545453	False
5219	1561	0.36363636363636365	False
5219	1835	0.2727272727272727	False
5219	114	0.18181818181818182	True
5219	3720	0.09090909090909091	True
3572	3432	0.9090909090909091	True
3572	3401	0.8181818181818182	False
3572	1487	0.7272727272727273	True
3572	3129	0.6363636363636364	True
3572	256	0.5454545454545454	True
3572	3802	0.45454545454545453	False
3572	3003	0.36363636363636365	True
3572	114	0.2727272727272727	True
3572	3720	0.18181818181818182	True
3572	3928	0.09090909090909091	True
4026	1561	0.9090909090909091	False
4026	256	0.8181818181818182	True
4026	3401	0.7272727272727273	False
4026	2446	0.6363636363636364	True
4026	1998	0.5454545454545454	False
4026	3802	0.45454545454545453	False
4026	3091	0.36363636363636365	True
4026	57	0.2727272727272727	True
4026	3296	0.18181818181818182	True
4026	3186	0.09090909090909091	True
2708	3401	0.9090909090909091	False
2708	1835	0.8181818181818182	False
2708	3802	0.7272727272727273	False
2708	1561	0.6363636363636364	False
2708	2446	0.5454545454545454	True
2708	1998	0.45454545454545453	False
2708	57	0.36363636363636365	True
2708	1487	0.2727272727272727	True
2708	114	0.18181818181818182	True
2708	3432	0.09090909090909091	True
3580	3401	0.9090909090909091	False
3580	2446	0.8181818181818182	True
3580	1561	0.7272727272727273	False
3580	57	0.6363636363636364	True
3580	1998	0.5454545454545454	False
3580	2265	0.45454545454545453	True
3580	1835	0.36363636363636365	False
3580	3720	0.2727272727272727	True
3580	474	0.18181818181818182	True
3580	1449	0.09090909090909091	True
5814	1998	0.9090909090909091	False
5814	2446	0.8181818181818182	True
5814	3401	0.7272727272727273	False
5814	1561	0.6363636363636364	False
5814	3720	0.5454545454545454	True
5814	256	0.45454545454545453	True
5814	2265	0.36363636363636365	True
5814	1835	0.2727272727272727	False
5814	3802	0.18181818181818182	False
5814	3091	0.09090909090909091	True
5436	3401	0.9090909090909091	False
5436	1835	0.8181818181818182	False
5436	256	0.7272727272727273	True
5436	1561	0.6363636363636364	False
5436	474	0.5454545454545454	True
5436	2253	0.45454545454545453	True
5436	3186	0.36363636363636365	True
5436	3802	0.2727272727272727	False
5436	1998	0.18181818181818182	False
5436	3091	0.09090909090909091	True
2864	3401	0.9090909090909091	False
2864	57	0.8181818181818182	True
2864	1561	0.7272727272727273	False
2864	1998	0.6363636363636364	False
2864	3802	0.5454545454545454	False
2864	1835	0.45454545454545453	False
2864	114	0.36363636363636365	True
2864	3091	0.2727272727272727	True
2864	2265	0.18181818181818182	True
2864	474	0.09090909090909091	True
1522	3401	0.9090909090909091	False
1522	1835	0.8181818181818182	False
1522	1487	0.7272727272727273	True
1522	256	0.6363636363636364	True
1522	3091	0.5454545454545454	True
1522	3802	0.45454545454545453	False
1522	114	0.36363636363636365	True
1522	1998	0.2727272727272727	False
1522	1561	0.18181818181818182	False
1522	2446	0.09090909090909091	True
3830	256	0.9090909090909091	True
3830	2446	0.8181818181818182	True
3830	1998	0.7272727272727273	False
3830	1835	0.6363636363636364	False
3830	3401	0.5454545454545454	False
3830	3802	0.45454545454545453	False
3830	597	0.36363636363636365	True
3830	3720	0.2727272727272727	True
3830	114	0.18181818181818182	True
3830	1561	0.09090909090909091	False
5109	3401	0.9090909090909091	False
5109	2446	0.8181818181818182	True
5109	1561	0.7272727272727273	False
5109	1487	0.6363636363636364	True
5109	256	0.5454545454545454	True
5109	3802	0.45454545454545453	False
5109	1998	0.36363636363636365	False
5109	3091	0.2727272727272727	True
5109	437	0.18181818181818182	True
5109	3186	0.09090909090909091	True
666	1487	0.9090909090909091	True
666	437	0.8181818181818182	True
666	3401	0.7272727272727273	False
666	3003	0.6363636363636364	True
666	256	0.5454545454545454	True
666	3802	0.45454545454545453	False
666	3432	0.36363636363636365	True
666	3720	0.2727272727272727	True
666	2265	0.18181818181818182	True
666	1998	0.09090909090909091	False
970	3401	0.9090909090909091	False
970	1998	0.8181818181818182	False
970	2265	0.7272727272727273	True
970	3802	0.6363636363636364	False
970	57	0.5454545454545454	True
970	114	0.45454545454545453	True
970	256	0.36363636363636365	True
970	3720	0.2727272727272727	True
970	3091	0.18181818181818182	True
970	1449	0.09090909090909091	True
3770	3401	0.9090909090909091	False
3770	3802	0.8181818181818182	False
3770	1487	0.7272727272727273	True
3770	2446	0.6363636363636364	True
3770	1998	0.5454545454545454	False
3770	1561	0.45454545454545453	False
3770	1835	0.36363636363636365	False
3770	114	0.2727272727272727	True
3770	597	0.18181818181818182	True
3770	3823	0.09090909090909091	True
4096	3802	0.9090909090909091	False
4096	114	0.8181818181818182	True
4096	1561	0.7272727272727273	False
4096	1998	0.6363636363636364	False
4096	1835	0.5454545454545454	False
4096	57	0.45454545454545453	True
4096	3401	0.36363636363636365	False
4096	256	0.2727272727272727	True
4096	3129	0.18181818181818182	True
4096	474	0.09090909090909091	True
4205	3802	0.9090909090909091	False
4205	114	0.8181818181818182	True
4205	1561	0.7272727272727273	False
4205	1998	0.6363636363636364	False
4205	3401	0.5454545454545454	False
4205	3091	0.45454545454545453	True
4205	1835	0.36363636363636365	False
4205	3823	0.2727272727272727	True
4205	57	0.18181818181818182	True
4205	256	0.09090909090909091	True
2356	3401	0.9090909090909091	False
2356	256	0.8181818181818182	True
2356	2446	0.7272727272727273	True
2356	3720	0.6363636363636364	True
2356	3432	0.5454545454545454	True
2356	1998	0.45454545454545453	False
2356	3802	0.36363636363636365	False
2356	2253	0.2727272727272727	True
2356	2265	0.18181818181818182	True
2356	1561	0.09090909090909091	False
1228	1487	0.9090909090909091	True
1228	2446	0.8181818181818182	True
1228	3401	0.7272727272727273	False
1228	1835	0.6363636363636364	False
1228	1561	0.5454545454545454	False
1228	1998	0.45454545454545453	False
1228	3802	0.36363636363636365	False
1228	3296	0.2727272727272727	True
1228	3003	0.18181818181818182	True
1228	114	0.09090909090909091	True
1964	1561	0.9090909090909091	False
1964	256	0.8181818181818182	True
1964	1835	0.7272727272727273	False
1964	2446	0.6363636363636364	True
1964	1998	0.5454545454545454	False
1964	3401	0.45454545454545453	False
1964	3802	0.36363636363636365	False
1964	3091	0.2727272727272727	True
1964	474	0.18181818181818182	True
1964	147	0.09090909090909091	True
2620	256	0.9090909090909091	True
2620	3802	0.8181818181818182	False
2620	3823	0.7272727272727273	True
2620	1835	0.6363636363636364	False
2620	3401	0.5454545454545454	False
2620	3432	0.45454545454545453	True
2620	2446	0.36363636363636365	True
2620	1487	0.2727272727272727	True
2620	147	0.18181818181818182	True
2620	597	0.09090909090909091	True
3286	3401	0.9090909090909091	False
3286	3802	0.8181818181818182	False
3286	3003	0.7272727272727273	True
3286	437	0.6363636363636364	True
3286	256	0.5454545454545454	True
3286	3823	0.45454545454545453	True
3286	3091	0.36363636363636365	True
3286	1998	0.2727272727272727	False
3286	3186	0.18181818181818182	True
3286	1561	0.09090909090909091	False
3230	3401	0.9090909090909091	False
3230	2446	0.8181818181818182	True
3230	1487	0.7272727272727273	True
3230	1998	0.6363636363636364	False
3230	1835	0.5454545454545454	False
3230	256	0.45454545454545453	True
3230	3432	0.36363636363636365	True
3230	2265	0.2727272727272727	True
3230	3720	0.18181818181818182	True
3230	3802	0.09090909090909091	False
5379	3401	0.9090909090909091	False
5379	3802	0.8181818181818182	False
5379	114	0.7272727272727273	True
5379	1487	0.6363636363636364	True
5379	1835	0.5454545454545454	False
5379	1998	0.45454545454545453	False
5379	1561	0.36363636363636365	False
5379	597	0.2727272727272727	True
5379	3091	0.18181818181818182	True
5379	2446	0.09090909090909091	True
3125	3401	0.9090909090909091	False
3125	2446	0.8181818181818182	True
3125	1998	0.7272727272727273	False
3125	2265	0.6363636363636364	True
3125	256	0.5454545454545454	True
3125	1561	0.45454545454545453	False
3125	57	0.36363636363636365	True
3125	1835	0.2727272727272727	False
3125	3091	0.18181818181818182	True
3125	3720	0.09090909090909091	True
357	3401	0.9090909090909091	False
357	1998	0.8181818181818182	False
357	3091	0.7272727272727273	True
357	2265	0.6363636363636364	True
357	256	0.5454545454545454	True
357	3802	0.45454545454545453	False
357	57	0.36363636363636365	True
357	3823	0.2727272727272727	True
357	114	0.18181818181818182	True
357	474	0.09090909090909091	True
5291	3802	0.9090909090909091	False
5291	3823	0.8181818181818182	True
5291	3401	0.7272727272727273	False
5291	114	0.6363636363636364	True
5291	1998	0.5454545454545454	False
5291	3296	0.45454545454545453	True
5291	3129	0.36363636363636365	True
5291	3432	0.2727272727272727	True
5291	256	0.18181818181818182	True
5291	1487	0.09090909090909091	True
10	3802	0.9090909090909091	False
10	3401	0.8181818181818182	False
10	256	0.7272727272727273	True
10	1835	0.6363636363636364	False
10	1998	0.5454545454545454	False
10	1561	0.45454545454545453	False
10	114	0.36363636363636365	True
10	2446	0.2727272727272727	True
10	3091	0.18181818181818182	True
10	3720	0.09090909090909091	True
438	1998	0.9090909090909091	False
438	3401	0.8181818181818182	False
438	3802	0.7272727272727273	False
438	1561	0.6363636363636364	False
438	2446	0.5454545454545454	True
438	3296	0.45454545454545453	True
438	1835	0.36363636363636365	False
438	3720	0.2727272727272727	True
438	597	0.18181818181818182	True
438	3003	0.09090909090909091	True
2528	3802	0.9090909090909091	False
2528	1998	0.8181818181818182	False
2528	1561	0.7272727272727273	False
2528	1835	0.6363636363636364	False
2528	3296	0.5454545454545454	True
2528	256	0.45454545454545453	True
2528	3401	0.36363636363636365	False
2528	114	0.2727272727272727	True
2528	2446	0.18181818181818182	True
2528	437	0.09090909090909091	True
3344	3802	0.9090909090909091	False
3344	256	0.8181818181818182	True
3344	3432	0.7272727272727273	True
3344	2446	0.6363636363636364	True
3344	474	0.5454545454545454	True
3344	1487	0.45454545454545453	True
3344	3823	0.36363636363636365	True
3344	114	0.2727272727272727	True
3344	3928	0.18181818181818182	True
3344	3720	0.09090909090909091	True
4099	1487	0.9090909090909091	True
4099	2446	0.8181818181818182	True
4099	1561	0.7272727272727273	False
4099	1835	0.6363636363636364	False
4099	3401	0.5454545454545454	False
4099	114	0.45454545454545453	True
4099	3802	0.36363636363636365	False
4099	1998	0.2727272727272727	False
4099	597	0.18181818181818182	True
4099	3129	0.09090909090909091	True
5674	3401	0.9090909090909091	False
5674	1561	0.8181818181818182	False
5674	1487	0.7272727272727273	True
5674	1835	0.6363636363636364	False
5674	2446	0.5454545454545454	True
5674	3003	0.45454545454545453	True
5674	2253	0.36363636363636365	True
5674	1998	0.2727272727272727	False
5674	3296	0.18181818181818182	True
5674	474	0.09090909090909091	True
1772	1835	0.9090909090909091	False
1772	3401	0.8181818181818182	False
1772	2446	0.7272727272727273	True
1772	1487	0.6363636363636364	True
1772	256	0.5454545454545454	True
1772	1998	0.45454545454545453	False
1772	3003	0.36363636363636365	True
1772	2265	0.2727272727272727	True
1772	2253	0.18181818181818182	True
1772	147	0.09090909090909091	True
5747	3401	0.9090909090909091	False
5747	474	0.8181818181818182	True
5747	1487	0.7272727272727273	True
5747	1561	0.6363636363636364	False
5747	3296	0.5454545454545454	True
5747	2446	0.45454545454545453	True
5747	1835	0.36363636363636365	False
5747	3129	0.2727272727272727	True
5747	3003	0.18181818181818182	True
5747	1998	0.09090909090909091	False
1597	3401	0.9090909090909091	False
1597	1998	0.8181818181818182	False
1597	3091	0.7272727272727273	True
1597	1487	0.6363636363636364	True
1597	2253	0.5454545454545454	True
1597	474	0.45454545454545453	True
1597	3432	0.36363636363636365	True
1597	3802	0.2727272727272727	False
1597	597	0.18181818181818182	True
1597	3720	0.09090909090909091	True
5549	1998	0.9090909090909091	False
5549	3401	0.8181818181818182	False
5549	256	0.7272727272727273	True
5549	474	0.6363636363636364	True
5549	57	0.5454545454545454	True
5549	3823	0.45454545454545453	True
5549	3091	0.36363636363636365	True
5549	3802	0.2727272727272727	False
5549	2265	0.18181818181818182	True
5549	1561	0.09090909090909091	False
4076	1835	0.9090909090909091	False
4076	2446	0.8181818181818182	True
4076	1487	0.7272727272727273	True
4076	3802	0.6363636363636364	False
4076	3401	0.5454545454545454	False
4076	1998	0.45454545454545453	False
4076	1561	0.36363636363636365	False
4076	114	0.2727272727272727	True
4076	256	0.18181818181818182	True
4076	2265	0.09090909090909091	True
5375	3401	0.9090909090909091	False
5375	3802	0.8181818181818182	False
5375	3432	0.7272727272727273	True
5375	1835	0.6363636363636364	False
5375	256	0.5454545454545454	True
5375	3823	0.45454545454545453	True
5375	3186	0.36363636363636365	True
5375	3003	0.2727272727272727	True
5375	1487	0.18181818181818182	True
5375	114	0.09090909090909091	True
4877	3401	0.9090909090909091	False
4877	3720	0.8181818181818182	True
4877	256	0.7272727272727273	True
4877	1561	0.6363636363636364	False
4877	1835	0.5454545454545454	False
4877	3432	0.45454545454545453	True
4877	2446	0.36363636363636365	True
4877	3091	0.2727272727272727	True
4877	2265	0.18181818181818182	True
4877	3003	0.09090909090909091	True
4776	2446	0.9090909090909091	True
4776	3802	0.8181818181818182	False
4776	1561	0.7272727272727273	False
4776	3296	0.6363636363636364	True
4776	1998	0.5454545454545454	False
4776	1487	0.45454545454545453	True
4776	114	0.36363636363636365	True
4776	3401	0.2727272727272727	False
4776	474	0.18181818181818182	True
4776	597	0.09090909090909091	True
5151	3802	0.9090909090909091	False
5151	256	0.8181818181818182	True
5151	1835	0.7272727272727273	False
5151	3401	0.6363636363636364	False
5151	2446	0.5454545454545454	True
5151	1487	0.45454545454545453	True
5151	114	0.36363636363636365	True
5151	3720	0.2727272727272727	True
5151	1998	0.18181818181818182	False
5151	1561	0.09090909090909091	False
5922	3401	0.9090909090909091	False
5922	1998	0.8181818181818182	False
5922	2253	0.7272727272727273	True
5922	474	0.6363636363636364	True
5922	1835	0.5454545454545454	False
5922	2265	0.45454545454545453	True
5922	2446	0.36363636363636365	True
5922	1561	0.2727272727272727	False
5922	57	0.18181818181818182	True
5922	1487	0.09090909090909091	True
5648	3401	0.9090909090909091	False
5648	3802	0.8181818181818182	False
5648	1998	0.7272727272727273	False
5648	1487	0.6363636363636364	True
5648	437	0.5454545454545454	True
5648	1561	0.45454545454545453	False
5648	114	0.36363636363636365	True
5648	2446	0.2727272727272727	True
5648	2253	0.18181818181818182	True
5648	3823	0.09090909090909091	True
2433	3401	0.9090909090909091	False
2433	3003	0.8181818181818182	True
2433	1487	0.7272727272727273	True
2433	437	0.6363636363636364	True
2433	3296	0.5454545454545454	True
2433	2446	0.45454545454545453	True
2433	256	0.36363636363636365	True
2433	1998	0.2727272727272727	False
2433	1561	0.18181818181818182	False
2433	3432	0.09090909090909091	True
2200	3401	0.9090909090909091	False
2200	1998	0.8181818181818182	False
2200	474	0.7272727272727273	True
2200	2532	0.6363636363636364	True
2200	1487	0.5454545454545454	True
2200	1835	0.45454545454545453	False
2200	2253	0.36363636363636365	True
2200	1561	0.2727272727272727	False
2200	2265	0.18181818181818182	True
2200	3003	0.09090909090909091	True
2904	3401	0.9090909090909091	False
2904	1998	0.8181818181818182	False
2904	1487	0.7272727272727273	True
2904	2446	0.6363636363636364	True
2904	2253	0.5454545454545454	True
2904	3802	0.45454545454545453	False
2904	437	0.36363636363636365	True
2904	1561	0.2727272727272727	False
2904	114	0.18181818181818182	True
2904	1835	0.09090909090909091	False
3199	3401	0.9090909090909091	False
3199	2446	0.8181818181818182	True
3199	1998	0.7272727272727273	False
3199	3296	0.6363636363636364	True
3199	3802	0.5454545454545454	False
3199	3432	0.45454545454545453	True
3199	1487	0.36363636363636365	True
3199	1230	0.2727272727272727	True
3199	1561	0.18181818181818182	False
3199	597	0.09090909090909091	True
754	2446	0.9090909090909091	True
754	1835	0.8181818181818182	False
754	3401	0.7272727272727273	False
754	1561	0.6363636363636364	False
754	1998	0.5454545454545454	False
754	474	0.45454545454545453	True
754	256	0.36363636363636365	True
754	3802	0.2727272727272727	False
754	57	0.18181818181818182	True
754	1487	0.09090909090909091	True
29	3401	0.9090909090909091	False
29	1487	0.8181818181818182	True
29	3296	0.7272727272727273	True
29	1998	0.6363636363636364	False
29	256	0.5454545454545454	True
29	3802	0.45454545454545453	False
29	2446	0.36363636363636365	True
29	3003	0.2727272727272727	True
29	3432	0.18181818181818182	True
29	1835	0.09090909090909091	False
3064	3802	0.9090909090909091	False
3064	3401	0.8181818181818182	False
3064	1561	0.7272727272727273	False
3064	1998	0.6363636363636364	False
3064	3091	0.5454545454545454	True
3064	1835	0.45454545454545453	False
3064	2446	0.36363636363636365	True
3064	256	0.2727272727272727	True
3064	2265	0.18181818181818182	True
3064	3823	0.09090909090909091	True
2137	3401	0.9090909090909091	False
2137	1561	0.8181818181818182	False
2137	2446	0.7272727272727273	True
2137	1835	0.6363636363636364	False
2137	57	0.5454545454545454	True
2137	1998	0.45454545454545453	False
2137	3720	0.36363636363636365	True
2137	474	0.2727272727272727	True
2137	1487	0.18181818181818182	True
2137	2265	0.09090909090909091	True
1226	3401	0.9090909090909091	False
1226	1561	0.8181818181818182	False
1226	3720	0.7272727272727273	True
1226	437	0.6363636363636364	True
1226	1998	0.5454545454545454	False
1226	474	0.45454545454545453	True
1226	57	0.36363636363636365	True
1226	1487	0.2727272727272727	True
1226	3091	0.18181818181818182	True
1226	256	0.09090909090909091	True
4825	1835	0.9090909090909091	False
4825	1998	0.8181818181818182	False
4825	3802	0.7272727272727273	False
4825	1856	0.6363636363636364	True
4825	3401	0.5454545454545454	False
4825	597	0.45454545454545453	True
4825	1487	0.36363636363636365	True
4825	57	0.2727272727272727	True
4825	114	0.18181818181818182	True
4825	3823	0.09090909090909091	True
5329	3401	0.9090909090909091	False
5329	1998	0.8181818181818182	False
5329	1835	0.7272727272727273	False
5329	1487	0.6363636363636364	True
5329	2253	0.5454545454545454	True
5329	2446	0.45454545454545453	True
5329	474	0.36363636363636365	True
5329	3802	0.2727272727272727	False
5329	114	0.18181818181818182	True
5329	1561	0.09090909090909091	False
6031	3401	0.9090909090909091	False
6031	1835	0.8181818181818182	False
6031	256	0.7272727272727273	True
6031	1561	0.6363636363636364	False
6031	1998	0.5454545454545454	False
6031	2446	0.45454545454545453	True
6031	1487	0.36363636363636365	True
6031	3091	0.2727272727272727	True
6031	3186	0.18181818181818182	True
6031	3003	0.09090909090909091	True
1512	2446	0.9090909090909091	True
1512	3401	0.8181818181818182	False
1512	1561	0.7272727272727273	False
1512	1998	0.6363636363636364	False
1512	3720	0.5454545454545454	True
1512	597	0.45454545454545453	True
1512	114	0.36363636363636365	True
1512	474	0.2727272727272727	True
1512	3802	0.18181818181818182	False
1512	3432	0.09090909090909091	True
5268	3401	0.9090909090909091	False
5268	3802	0.8181818181818182	False
5268	1561	0.7272727272727273	False
5268	114	0.6363636363636364	True
5268	1998	0.5454545454545454	False
5268	1835	0.45454545454545453	False
5268	3823	0.36363636363636365	True
5268	3091	0.2727272727272727	True
5268	2265	0.18181818181818182	True
5268	1487	0.09090909090909091	True
181	3401	0.9090909090909091	False
181	1487	0.8181818181818182	True
181	1561	0.7272727272727273	False
181	3802	0.6363636363636364	False
181	1998	0.5454545454545454	False
181	2446	0.45454545454545453	True
181	114	0.36363636363636365	True
181	1835	0.2727272727272727	False
181	3296	0.18181818181818182	True
181	3129	0.09090909090909091	True
4309	3401	0.9090909090909091	False
4309	1487	0.8181818181818182	True
4309	1835	0.7272727272727273	False
4309	1998	0.6363636363636364	False
4309	3129	0.5454545454545454	True
4309	3802	0.45454545454545453	False
4309	2446	0.36363636363636365	True
4309	256	0.2727272727272727	True
4309	114	0.18181818181818182	True
4309	3432	0.09090909090909091	True
4043	1561	0.9090909090909091	False
4043	3802	0.8181818181818182	False
4043	1998	0.7272727272727273	False
4043	2446	0.6363636363636364	True
4043	3401	0.5454545454545454	False
4043	114	0.45454545454545453	True
4043	3091	0.36363636363636365	True
4043	1487	0.2727272727272727	True
4043	256	0.18181818181818182	True
4043	437	0.09090909090909091	True
505	1835	0.9090909090909091	False
505	256	0.8181818181818182	True
505	2446	0.7272727272727273	True
505	3401	0.6363636363636364	False
505	1998	0.5454545454545454	False
505	1561	0.45454545454545453	False
505	3091	0.36363636363636365	True
505	3802	0.2727272727272727	False
505	2265	0.18181818181818182	True
505	3720	0.09090909090909091	True
1011	3091	0.9090909090909091	True
1011	256	0.8181818181818182	True
1011	1998	0.7272727272727273	False
1011	3802	0.6363636363636364	False
1011	3823	0.5454545454545454	True
1011	114	0.45454545454545453	True
1011	3401	0.36363636363636365	False
1011	2265	0.2727272727272727	True
1011	3720	0.18181818181818182	True
1011	57	0.09090909090909091	True
1524	3401	0.9090909090909091	False
1524	1487	0.8181818181818182	True
1524	3432	0.7272727272727273	True
1524	256	0.6363636363636364	True
1524	1835	0.5454545454545454	False
1524	2253	0.45454545454545453	True
1524	2446	0.36363636363636365	True
1524	3802	0.2727272727272727	False
1524	3129	0.18181818181818182	True
1524	114	0.09090909090909091	True
2062	3401	0.9090909090909091	False
2062	1487	0.8181818181818182	True
2062	2446	0.7272727272727273	True
2062	474	0.6363636363636364	True
2062	3003	0.5454545454545454	True
2062	3432	0.45454545454545453	True
2062	256	0.36363636363636365	True
2062	3823	0.2727272727272727	True
2062	1998	0.18181818181818182	False
2062	2253	0.09090909090909091	True
2677	256	0.9090909090909091	True
2677	3401	0.8181818181818182	False
2677	2446	0.7272727272727273	True
2677	3802	0.6363636363636364	False
2677	3186	0.5454545454545454	True
2677	1561	0.45454545454545453	False
2677	1998	0.36363636363636365	False
2677	114	0.2727272727272727	True
2677	1487	0.18181818181818182	True
2677	2532	0.09090909090909091	True
1760	2446	0.9090909090909091	True
1760	1487	0.8181818181818182	True
1760	1998	0.7272727272727273	False
1760	2265	0.6363636363636364	True
1760	1835	0.5454545454545454	False
1760	3401	0.45454545454545453	False
1760	3003	0.36363636363636365	True
1760	57	0.2727272727272727	True
1760	1561	0.18181818181818182	False
1760	3823	0.09090909090909091	True
4433	3802	0.9090909090909091	False
4433	2446	0.8181818181818182	True
4433	3401	0.7272727272727273	False
4433	1835	0.6363636363636364	False
4433	1487	0.5454545454545454	True
4433	1998	0.45454545454545453	False
4433	3823	0.36363636363636365	True
4433	114	0.2727272727272727	True
4433	597	0.18181818181818182	True
4433	256	0.09090909090909091	True
5963	3401	0.9090909090909091	False
5963	3823	0.8181818181818182	True
5963	1998	0.7272727272727273	False
5963	3432	0.6363636363636364	True
5963	1487	0.5454545454545454	True
5963	474	0.45454545454545453	True
5963	3802	0.36363636363636365	False
5963	3091	0.2727272727272727	True
5963	256	0.18181818181818182	True
5963	3003	0.09090909090909091	True
5280	256	0.9090909090909091	True
5280	3802	0.8181818181818182	False
5280	114	0.7272727272727273	True
5280	3401	0.6363636363636364	False
5280	1998	0.5454545454545454	False
5280	1835	0.45454545454545453	False
5280	3432	0.36363636363636365	True
5280	1561	0.2727272727272727	False
5280	1487	0.18181818181818182	True
5280	3091	0.09090909090909091	True
1775	3401	0.9090909090909091	False
1775	256	0.8181818181818182	True
1775	3432	0.7272727272727273	True
1775	1998	0.6363636363636364	False
1775	1835	0.5454545454545454	False
1775	2446	0.45454545454545453	True
1775	3003	0.36363636363636365	True
1775	3802	0.2727272727272727	False
1775	3186	0.18181818181818182	True
1775	3296	0.09090909090909091	True
1436	3401	0.9090909090909091	False
1436	256	0.8181818181818182	True
1436	474	0.7272727272727273	True
1436	3091	0.6363636363636364	True
1436	1998	0.5454545454545454	False
1436	3432	0.45454545454545453	True
1436	1835	0.36363636363636365	False
1436	2253	0.2727272727272727	True
1436	1561	0.18181818181818182	False
1436	3720	0.09090909090909091	True
5179	1998	0.9090909090909091	False
5179	1835	0.8181818181818182	False
5179	3401	0.7272727272727273	False
5179	3003	0.6363636363636364	True
5179	256	0.5454545454545454	True
5179	3129	0.45454545454545453	True
5179	147	0.36363636363636365	True
5179	3296	0.2727272727272727	True
5179	3802	0.18181818181818182	False
5179	2265	0.09090909090909091	True
5310	3401	0.9090909090909091	False
5310	1998	0.8181818181818182	False
5310	3802	0.7272727272727273	False
5310	256	0.6363636363636364	True
5310	1561	0.5454545454545454	False
5310	1835	0.45454545454545453	False
5310	3091	0.36363636363636365	True
5310	3186	0.2727272727272727	True
5310	2253	0.18181818181818182	True
5310	437	0.09090909090909091	True
2270	3401	0.9090909090909091	False
2270	1487	0.8181818181818182	True
2270	3432	0.7272727272727273	True
2270	2253	0.6363636363636364	True
2270	2446	0.5454545454545454	True
2270	474	0.45454545454545453	True
2270	256	0.36363636363636365	True
2270	1561	0.2727272727272727	False
2270	3928	0.18181818181818182	True
2270	1835	0.09090909090909091	False
1701	3401	0.9090909090909091	False
1701	1487	0.8181818181818182	True
1701	3802	0.7272727272727273	False
1701	1998	0.6363636363636364	False
1701	437	0.5454545454545454	True
1701	1835	0.45454545454545453	False
1701	1561	0.36363636363636365	False
1701	2446	0.2727272727272727	True
1701	114	0.18181818181818182	True
1701	3003	0.09090909090909091	True
4090	2446	0.9090909090909091	True
4090	1487	0.8181818181818182	True
4090	3401	0.7272727272727273	False
4090	1998	0.6363636363636364	False
4090	1561	0.5454545454545454	False
4090	1835	0.45454545454545453	False
4090	3823	0.36363636363636365	True
4090	3003	0.2727272727272727	True
4090	3802	0.18181818181818182	False
4090	57	0.09090909090909091	True
1852	3401	0.9090909090909091	False
1852	1998	0.8181818181818182	False
1852	256	0.7272727272727273	True
1852	3091	0.6363636363636364	True
1852	1835	0.5454545454545454	False
1852	2265	0.45454545454545453	True
1852	3802	0.36363636363636365	False
1852	1487	0.2727272727272727	True
1852	2446	0.18181818181818182	True
1852	3186	0.09090909090909091	True
5349	3401	0.9090909090909091	False
5349	3802	0.8181818181818182	False
5349	1998	0.7272727272727273	False
5349	1835	0.6363636363636364	False
5349	114	0.5454545454545454	True
5349	57	0.45454545454545453	True
5349	1561	0.36363636363636365	False
5349	2446	0.2727272727272727	True
5349	1487	0.18181818181818182	True
5349	3129	0.09090909090909091	True
987	3401	0.9090909090909091	False
987	2446	0.8181818181818182	True
987	1561	0.7272727272727273	False
987	3432	0.6363636363636364	True
987	1487	0.5454545454545454	True
987	3091	0.45454545454545453	True
987	1998	0.36363636363636365	False
987	256	0.2727272727272727	True
987	3720	0.18181818181818182	True
987	474	0.09090909090909091	True
1709	3401	0.9090909090909091	False
1709	1998	0.8181818181818182	False
1709	3802	0.7272727272727273	False
1709	1561	0.6363636363636364	False
1709	1835	0.5454545454545454	False
1709	3186	0.45454545454545453	True
1709	1449	0.36363636363636365	True
1709	114	0.2727272727272727	True
1709	2265	0.18181818181818182	True
1709	57	0.09090909090909091	True
4104	1998	0.9090909090909091	False
4104	3401	0.8181818181818182	False
4104	256	0.7272727272727273	True
4104	3003	0.6363636363636364	True
4104	1561	0.5454545454545454	False
4104	3802	0.45454545454545453	False
4104	3296	0.36363636363636365	True
4104	2253	0.2727272727272727	True
4104	2446	0.18181818181818182	True
4104	1835	0.09090909090909091	False
3025	3802	0.9090909090909091	False
3025	3401	0.8181818181818182	False
3025	1835	0.7272727272727273	False
3025	1998	0.6363636363636364	False
3025	114	0.5454545454545454	True
3025	3129	0.45454545454545453	True
3025	1561	0.36363636363636365	False
3025	256	0.2727272727272727	True
3025	3003	0.18181818181818182	True
3025	3091	0.09090909090909091	True
2436	1561	0.9090909090909091	False
2436	1835	0.8181818181818182	False
2436	2446	0.7272727272727273	True
2436	256	0.6363636363636364	True
2436	3802	0.5454545454545454	False
2436	3401	0.45454545454545453	False
2436	1487	0.36363636363636365	True
2436	1998	0.2727272727272727	False
2436	3003	0.18181818181818182	True
2436	3823	0.09090909090909091	True
2156	1835	0.9090909090909091	False
2156	1561	0.8181818181818182	False
2156	3401	0.7272727272727273	False
2156	2446	0.6363636363636364	True
2156	3720	0.5454545454545454	True
2156	3802	0.45454545454545453	False
2156	2265	0.36363636363636365	True
2156	1998	0.2727272727272727	False
2156	1449	0.18181818181818182	True
2156	57	0.09090909090909091	True
4585	1998	0.9090909090909091	False
4585	2446	0.8181818181818182	True
4585	3802	0.7272727272727273	False
4585	256	0.6363636363636364	True
4585	3296	0.5454545454545454	True
4585	57	0.45454545454545453	True
4585	2265	0.36363636363636365	True
4585	1561	0.2727272727272727	False
4585	114	0.18181818181818182	True
4585	3823	0.09090909090909091	True
3972	256	0.9090909090909091	True
3972	3296	0.8181818181818182	True
3972	3802	0.7272727272727273	False
3972	3401	0.6363636363636364	False
3972	3432	0.5454545454545454	True
3972	3003	0.45454545454545453	True
3972	1487	0.36363636363636365	True
3972	1998	0.2727272727272727	False
3972	3186	0.18181818181818182	True
3972	437	0.09090909090909091	True
2691	3802	0.9090909090909091	False
2691	1998	0.8181818181818182	False
2691	1835	0.7272727272727273	False
2691	1487	0.6363636363636364	True
2691	114	0.5454545454545454	True
2691	256	0.45454545454545453	True
2691	3401	0.36363636363636365	False
2691	1561	0.2727272727272727	False
2691	3186	0.18181818181818182	True
2691	2446	0.09090909090909091	True
4232	3802	0.9090909090909091	False
4232	3401	0.8181818181818182	False
4232	1998	0.7272727272727273	False
4232	114	0.6363636363636364	True
4232	57	0.5454545454545454	True
4232	3091	0.45454545454545453	True
4232	1835	0.36363636363636365	False
4232	256	0.2727272727272727	True
4232	3720	0.18181818181818182	True
4232	1856	0.09090909090909091	True
2811	3401	0.9090909090909091	False
2811	3802	0.8181818181818182	False
2811	1835	0.7272727272727273	False
2811	256	0.6363636363636364	True
2811	114	0.5454545454545454	True
2811	2446	0.45454545454545453	True
2811	1561	0.36363636363636365	False
2811	437	0.2727272727272727	True
2811	3720	0.18181818181818182	True
2811	1998	0.09090909090909091	False
1944	1561	0.9090909090909091	False
1944	474	0.8181818181818182	True
1944	2446	0.7272727272727273	True
1944	3401	0.6363636363636364	False
1944	1998	0.5454545454545454	False
1944	2253	0.45454545454545453	True
1944	3296	0.36363636363636365	True
1944	1487	0.2727272727272727	True
1944	147	0.18181818181818182	True
1944	3003	0.09090909090909091	True
2292	3823	0.9090909090909091	True
2292	3401	0.8181818181818182	False
2292	256	0.7272727272727273	True
2292	3432	0.6363636363636364	True
2292	3091	0.5454545454545454	True
2292	2265	0.45454545454545453	True
2292	3003	0.36363636363636365	True
2292	57	0.2727272727272727	True
2292	474	0.18181818181818182	True
2292	3186	0.09090909090909091	True
3951	3401	0.9090909090909091	False
3951	1998	0.8181818181818182	False
3951	2446	0.7272727272727273	True
3951	3003	0.6363636363636364	True
3951	1561	0.5454545454545454	False
3951	3802	0.45454545454545453	False
3951	3296	0.36363636363636365	True
3951	3186	0.2727272727272727	True
3951	256	0.18181818181818182	True
3951	1835	0.09090909090909091	False
