2408	1523	0.9090909090909091	False
2408	1965	0.8181818181818182	False
2408	2681	0.7272727272727273	False
2408	71	0.6363636363636364	True
2408	1489	0.5454545454545454	True
2408	3127	0.45454545454545453	True
2408	3461	0.36363636363636365	True
2408	3456	0.2727272727272727	True
2408	3090	0.18181818181818182	False
2408	2493	0.09090909090909091	False
4561	1523	0.9090909090909091	False
4561	1965	0.8181818181818182	False
4561	1489	0.7272727272727273	True
4561	2493	0.6363636363636364	False
4561	2256	0.5454545454545454	True
4561	1033	0.45454545454545453	True
4561	1882	0.36363636363636365	True
4561	514	0.2727272727272727	True
4561	2681	0.18181818181818182	False
4561	2689	0.09090909090909091	True
4016	1523	0.9090909090909091	False
4016	2689	0.8181818181818182	True
4016	3055	0.7272727272727273	True
4016	1489	0.6363636363636364	True
4016	2493	0.5454545454545454	False
4016	2004	0.45454545454545453	True
4016	3090	0.36363636363636365	False
4016	2256	0.2727272727272727	True
4016	3461	0.18181818181818182	True
4016	1882	0.09090909090909091	True
4622	1523	0.9090909090909091	False
4622	1859	0.8181818181818182	False
4622	3461	0.7272727272727273	True
4622	1965	0.6363636363636364	False
4622	2493	0.5454545454545454	False
4622	3090	0.45454545454545453	False
4622	2256	0.36363636363636365	True
4622	3502	0.2727272727272727	True
4622	3940	0.18181818181818182	True
4622	272	0.09090909090909091	False
3010	1523	0.9090909090909091	False
3010	1965	0.8181818181818182	False
3010	3717	0.7272727272727273	True
3010	1325	0.6363636363636364	True
3010	272	0.5454545454545454	False
3010	1042	0.45454545454545453	True
3010	718	0.36363636363636365	True
3010	1859	0.2727272727272727	False
3010	3461	0.18181818181818182	True
3010	3489	0.09090909090909091	True
4501	1523	0.9090909090909091	False
4501	3940	0.8181818181818182	True
4501	2681	0.7272727272727273	False
4501	3461	0.6363636363636364	True
4501	1965	0.5454545454545454	False
4501	1325	0.45454545454545453	True
4501	272	0.36363636363636365	False
4501	1882	0.2727272727272727	True
4501	2493	0.18181818181818182	False
4501	1859	0.09090909090909091	False
1755	1523	0.9090909090909091	False
1755	71	0.8181818181818182	True
1755	3461	0.7272727272727273	True
1755	1882	0.6363636363636364	True
1755	718	0.5454545454545454	True
1755	3090	0.45454545454545453	False
1755	1711	0.36363636363636365	True
1755	3940	0.2727272727272727	True
1755	1965	0.18181818181818182	False
1755	1715	0.09090909090909091	True
729	1523	0.9090909090909091	False
729	3055	0.8181818181818182	True
729	2004	0.7272727272727273	True
729	1496	0.6363636363636364	True
729	1882	0.5454545454545454	True
729	3456	0.45454545454545453	True
729	1489	0.36363636363636365	True
729	3090	0.2727272727272727	False
729	3461	0.18181818181818182	True
729	2359	0.09090909090909091	True
1848	1523	0.9090909090909091	False
1848	2493	0.8181818181818182	False
1848	1965	0.7272727272727273	False
1848	2681	0.6363636363636364	False
1848	2689	0.5454545454545454	True
1848	3055	0.45454545454545453	True
1848	3461	0.36363636363636365	True
1848	3456	0.2727272727272727	True
1848	3090	0.18181818181818182	False
1848	2256	0.09090909090909091	True
4452	1523	0.9090909090909091	False
4452	3055	0.8181818181818182	True
4452	3090	0.7272727272727273	False
4452	1965	0.6363636363636364	False
4452	2493	0.5454545454545454	False
4452	1859	0.45454545454545453	False
4452	3502	0.36363636363636365	True
4452	3940	0.2727272727272727	True
4452	3461	0.18181818181818182	True
4452	3494	0.09090909090909091	True
5790	1523	0.9090909090909091	False
5790	1965	0.8181818181818182	False
5790	1859	0.7272727272727273	False
5790	3055	0.6363636363636364	True
5790	2493	0.5454545454545454	False
5790	2256	0.45454545454545453	True
5790	1496	0.36363636363636365	True
5790	3090	0.2727272727272727	False
5790	3461	0.18181818181818182	True
5790	2681	0.09090909090909091	False
772	1523	0.9090909090909091	False
772	3055	0.8181818181818182	True
772	3090	0.7272727272727273	False
772	1859	0.6363636363636364	False
772	2359	0.5454545454545454	True
772	3461	0.45454545454545453	True
772	2689	0.36363636363636365	True
772	3502	0.2727272727272727	True
772	1882	0.18181818181818182	True
772	3708	0.09090909090909091	True
290	1523	0.9090909090909091	False
290	3502	0.8181818181818182	True
290	1882	0.7272727272727273	True
290	3055	0.6363636363636364	True
290	1859	0.5454545454545454	False
290	3940	0.45454545454545453	True
290	1965	0.36363636363636365	False
290	3456	0.2727272727272727	True
290	2303	0.18181818181818182	True
290	272	0.09090909090909091	False
525	1523	0.9090909090909091	False
525	2493	0.8181818181818182	False
525	3090	0.7272727272727273	False
525	3461	0.6363636363636364	True
525	3127	0.5454545454545454	True
525	2681	0.45454545454545453	False
525	3940	0.36363636363636365	True
525	1965	0.2727272727272727	False
525	71	0.18181818181818182	True
525	1033	0.09090909090909091	True
5758	1523	0.9090909090909091	False
5758	3090	0.8181818181818182	False
5758	2359	0.7272727272727273	True
5758	1496	0.6363636363636364	True
5758	2681	0.5454545454545454	False
5758	2493	0.45454545454545453	False
5758	1859	0.36363636363636365	False
5758	3461	0.2727272727272727	True
5758	2256	0.18181818181818182	True
5758	1965	0.09090909090909091	False
52	1523	0.9090909090909091	False
52	3090	0.8181818181818182	False
52	2256	0.7272727272727273	True
52	3502	0.6363636363636364	True
52	2359	0.5454545454545454	True
52	1859	0.45454545454545453	False
52	3456	0.36363636363636365	True
52	1965	0.2727272727272727	False
52	514	0.18181818181818182	True
52	3055	0.09090909090909091	True
354	1523	0.9090909090909091	False
354	272	0.8181818181818182	False
354	111	0.7272727272727273	True
354	732	0.6363636363636364	True
354	71	0.5454545454545454	True
354	1859	0.45454545454545453	False
354	2681	0.36363636363636365	False
354	175	0.2727272727272727	True
354	1711	0.18181818181818182	True
354	514	0.09090909090909091	True
5933	1523	0.9090909090909091	False
5933	3502	0.8181818181818182	True
5933	2256	0.7272727272727273	True
5933	1965	0.6363636363636364	False
5933	2681	0.5454545454545454	False
5933	1859	0.45454545454545453	False
5933	3090	0.36363636363636365	False
5933	3456	0.2727272727272727	True
5933	3717	0.18181818181818182	True
5933	3494	0.09090909090909091	True
4816	1523	0.9090909090909091	False
4816	1965	0.8181818181818182	False
4816	71	0.7272727272727273	True
4816	1042	0.6363636363636364	True
4816	3456	0.5454545454545454	True
4816	1711	0.45454545454545453	True
4816	2681	0.36363636363636365	False
4816	2256	0.2727272727272727	True
4816	3127	0.18181818181818182	True
4816	1859	0.09090909090909091	False
246	1523	0.9090909090909091	False
246	1859	0.8181818181818182	False
246	1965	0.7272727272727273	False
246	3461	0.6363636363636364	True
246	2681	0.5454545454545454	False
246	3055	0.45454545454545453	True
246	3456	0.36363636363636365	True
246	1882	0.2727272727272727	True
246	71	0.18181818181818182	True
246	1496	0.09090909090909091	True
1960	1523	0.9090909090909091	False
1960	1965	0.8181818181818182	False
1960	272	0.7272727272727273	False
1960	3494	0.6363636363636364	True
1960	2689	0.5454545454545454	True
1960	3461	0.45454545454545453	True
1960	1859	0.36363636363636365	False
1960	2256	0.2727272727272727	True
1960	2681	0.18181818181818182	False
1960	3127	0.09090909090909091	True
3405	1523	0.9090909090909091	False
3405	3456	0.8181818181818182	True
3405	272	0.7272727272727273	False
3405	3461	0.6363636363636364	True
3405	1882	0.5454545454545454	True
3405	1859	0.45454545454545453	False
3405	2256	0.36363636363636365	True
3405	1042	0.2727272727272727	True
3405	3090	0.18181818181818182	False
3405	1965	0.09090909090909091	False
395	1523	0.9090909090909091	False
395	3456	0.8181818181818182	True
395	1042	0.7272727272727273	True
395	2681	0.6363636363636364	False
395	3090	0.5454545454545454	False
395	1965	0.45454545454545453	False
395	2256	0.36363636363636365	True
395	1711	0.2727272727272727	True
395	2359	0.18181818181818182	True
395	71	0.09090909090909091	True
4321	1523	0.9090909090909091	False
4321	3090	0.8181818181818182	False
4321	1965	0.7272727272727273	False
4321	1859	0.6363636363636364	False
4321	2681	0.5454545454545454	False
4321	732	0.45454545454545453	True
4321	1711	0.36363636363636365	True
4321	111	0.2727272727272727	True
4321	71	0.18181818181818182	True
4321	2359	0.09090909090909091	True
2738	1523	0.9090909090909091	False
2738	1965	0.8181818181818182	False
2738	2256	0.7272727272727273	True
2738	2681	0.6363636363636364	False
2738	1859	0.5454545454545454	False
2738	3610	0.45454545454545453	True
2738	1715	0.36363636363636365	True
2738	3461	0.2727272727272727	True
2738	1042	0.18181818181818182	True
2738	732	0.09090909090909091	True
2282	1523	0.9090909090909091	False
2282	1859	0.8181818181818182	False
2282	1965	0.7272727272727273	False
2282	3456	0.6363636363636364	True
2282	3461	0.5454545454545454	True
2282	2256	0.45454545454545453	True
2282	272	0.36363636363636365	False
2282	1711	0.2727272727272727	True
2282	3127	0.18181818181818182	True
2282	1496	0.09090909090909091	True
2159	1523	0.9090909090909091	False
2159	272	0.8181818181818182	False
2159	1859	0.7272727272727273	False
2159	2256	0.6363636363636364	True
2159	111	0.5454545454545454	True
2159	2689	0.45454545454545453	True
2159	175	0.36363636363636365	True
2159	732	0.2727272727272727	True
2159	3055	0.18181818181818182	True
2159	1711	0.09090909090909091	True
2668	1523	0.9090909090909091	False
2668	3055	0.8181818181818182	True
2668	1965	0.7272727272727273	False
2668	1372	0.6363636363636364	True
2668	3090	0.5454545454545454	False
2668	3502	0.45454545454545453	True
2668	2256	0.36363636363636365	True
2668	2493	0.2727272727272727	False
2668	1859	0.18181818181818182	False
2668	2004	0.09090909090909091	True
303	1523	0.9090909090909091	False
303	3456	0.8181818181818182	True
303	1042	0.7272727272727273	True
303	272	0.6363636363636364	False
303	2256	0.5454545454545454	True
303	3717	0.45454545454545453	True
303	1859	0.36363636363636365	False
303	1489	0.2727272727272727	True
303	1882	0.18181818181818182	True
303	2004	0.09090909090909091	True
5448	1523	0.9090909090909091	False
5448	3055	0.8181818181818182	True
5448	2359	0.7272727272727273	True
5448	3090	0.6363636363636364	False
5448	3502	0.5454545454545454	True
5448	1859	0.45454545454545453	False
5448	175	0.36363636363636365	True
5448	3717	0.2727272727272727	True
5448	3461	0.18181818181818182	True
5448	2493	0.09090909090909091	False
1187	1523	0.9090909090909091	False
1187	1859	0.8181818181818182	False
1187	2105	0.7272727272727273	True
1187	1372	0.6363636363636364	True
1187	2359	0.5454545454545454	True
1187	732	0.45454545454545453	True
1187	3717	0.36363636363636365	True
1187	3055	0.2727272727272727	True
1187	3090	0.18181818181818182	False
1187	111	0.09090909090909091	True
4105	1523	0.9090909090909091	False
4105	3055	0.8181818181818182	True
4105	1372	0.7272727272727273	True
4105	71	0.6363636363636364	True
4105	2689	0.5454545454545454	True
4105	111	0.45454545454545453	True
4105	1711	0.36363636363636365	True
4105	2256	0.2727272727272727	True
4105	3456	0.18181818181818182	True
4105	1042	0.09090909090909091	True
2133	1523	0.9090909090909091	False
2133	1965	0.8181818181818182	False
2133	3127	0.7272727272727273	True
2133	3456	0.6363636363636364	True
2133	1711	0.5454545454545454	True
2133	2256	0.45454545454545453	True
2133	2681	0.36363636363636365	False
2133	71	0.2727272727272727	True
2133	3090	0.18181818181818182	False
2133	1489	0.09090909090909091	True
1734	1523	0.9090909090909091	False
1734	71	0.8181818181818182	True
1734	2359	0.7272727272727273	True
1734	1372	0.6363636363636364	True
1734	3055	0.5454545454545454	True
1734	111	0.45454545454545453	True
1734	1859	0.36363636363636365	False
1734	175	0.2727272727272727	True
1734	2038	0.18181818181818182	True
1734	272	0.09090909090909091	False
3609	1523	0.9090909090909091	False
3609	1859	0.8181818181818182	False
3609	2359	0.7272727272727273	True
3609	3717	0.6363636363636364	True
3609	1965	0.5454545454545454	False
3609	3090	0.45454545454545453	False
3609	1372	0.36363636363636365	True
3609	749	0.2727272727272727	True
3609	71	0.18181818181818182	True
3609	3055	0.09090909090909091	True
286	1523	0.9090909090909091	False
286	272	0.8181818181818182	False
286	1859	0.7272727272727273	False
286	1496	0.6363636363636364	True
286	2681	0.5454545454545454	False
286	3055	0.45454545454545453	True
286	111	0.36363636363636365	True
286	2359	0.2727272727272727	True
286	2131	0.18181818181818182	True
286	3940	0.09090909090909091	True
4887	1523	0.9090909090909091	False
4887	3055	0.8181818181818182	True
4887	1965	0.7272727272727273	False
4887	1496	0.6363636363636364	True
4887	1882	0.5454545454545454	True
4887	3461	0.45454545454545453	True
4887	2493	0.36363636363636365	False
4887	1033	0.2727272727272727	True
4887	3708	0.18181818181818182	True
4887	3940	0.09090909090909091	True
1060	1523	0.9090909090909091	False
1060	1965	0.8181818181818182	False
1060	2493	0.7272727272727273	False
1060	732	0.6363636363636364	True
1060	514	0.5454545454545454	True
1060	1859	0.45454545454545453	False
1060	1033	0.36363636363636365	True
1060	3090	0.2727272727272727	False
1060	2256	0.18181818181818182	True
1060	3461	0.09090909090909091	True
5320	1523	0.9090909090909091	False
5320	1965	0.8181818181818182	False
5320	3494	0.7272727272727273	True
5320	2493	0.6363636363636364	False
5320	1859	0.5454545454545454	False
5320	3197	0.45454545454545453	True
5320	2681	0.36363636363636365	False
5320	272	0.2727272727272727	False
5320	3717	0.18181818181818182	True
5320	2004	0.09090909090909091	True
1340	1523	0.9090909090909091	False
1340	2493	0.8181818181818182	False
1340	1042	0.7272727272727273	True
1340	2359	0.6363636363636364	True
1340	3461	0.5454545454545454	True
1340	2681	0.45454545454545453	False
1340	3940	0.36363636363636365	True
1340	1882	0.2727272727272727	True
1340	3090	0.18181818181818182	False
1340	1859	0.09090909090909091	False
6021	1523	0.9090909090909091	False
6021	1965	0.8181818181818182	False
6021	3090	0.7272727272727273	False
6021	2681	0.6363636363636364	False
6021	1859	0.5454545454545454	False
6021	2689	0.45454545454545453	True
6021	2256	0.36363636363636365	True
6021	3502	0.2727272727272727	True
6021	272	0.18181818181818182	False
6021	3127	0.09090909090909091	True
269	1523	0.9090909090909091	False
269	1882	0.8181818181818182	True
269	71	0.7272727272727273	True
269	3461	0.6363636363636364	True
269	3055	0.5454545454545454	True
269	1965	0.45454545454545453	False
269	1859	0.36363636363636365	False
269	3940	0.2727272727272727	True
269	1496	0.18181818181818182	True
269	272	0.09090909090909091	False
68	1523	0.9090909090909091	False
68	3055	0.8181818181818182	True
68	2004	0.7272727272727273	True
68	3090	0.6363636363636364	False
68	2359	0.5454545454545454	True
68	1965	0.45454545454545453	False
68	2493	0.36363636363636365	False
68	1489	0.2727272727272727	True
68	1859	0.18181818181818182	False
68	1496	0.09090909090909091	True
3596	1523	0.9090909090909091	False
3596	3502	0.8181818181818182	True
3596	3090	0.7272727272727273	False
3596	1496	0.6363636363636364	True
3596	3461	0.5454545454545454	True
3596	1859	0.45454545454545453	False
3596	272	0.36363636363636365	False
3596	3055	0.2727272727272727	True
3596	1882	0.18181818181818182	True
3596	3494	0.09090909090909091	True
4778	1523	0.9090909090909091	False
4778	3502	0.8181818181818182	True
4778	1859	0.7272727272727273	False
4778	2256	0.6363636363636364	True
4778	3090	0.5454545454545454	False
4778	175	0.45454545454545453	True
4778	1965	0.36363636363636365	False
4778	272	0.2727272727272727	False
4778	1496	0.18181818181818182	True
4778	3494	0.09090909090909091	True
921	1523	0.9090909090909091	False
921	2359	0.8181818181818182	True
921	111	0.7272727272727273	True
921	2004	0.6363636363636364	True
921	3055	0.5454545454545454	True
921	3090	0.45454545454545453	False
921	1496	0.36363636363636365	True
921	1325	0.2727272727272727	True
921	2493	0.18181818181818182	False
921	1859	0.09090909090909091	False
705	1523	0.9090909090909091	False
705	3090	0.8181818181818182	False
705	3502	0.7272727272727273	True
705	175	0.6363636363636364	True
705	3461	0.5454545454545454	True
705	1496	0.45454545454545453	True
705	3456	0.36363636363636365	True
705	272	0.2727272727272727	False
705	2256	0.18181818181818182	True
705	2681	0.09090909090909091	False
1015	1523	0.9090909090909091	False
1015	3461	0.8181818181818182	True
1015	3127	0.7272727272727273	True
1015	272	0.6363636363636364	False
1015	1859	0.5454545454545454	False
1015	1042	0.45454545454545453	True
1015	3055	0.36363636363636365	True
1015	3780	0.2727272727272727	True
1015	2256	0.18181818181818182	True
1015	1496	0.09090909090909091	True
3460	1523	0.9090909090909091	False
3460	2493	0.8181818181818182	False
3460	3090	0.7272727272727273	False
3460	3502	0.6363636363636364	True
3460	1711	0.5454545454545454	True
3460	514	0.45454545454545453	True
3460	2681	0.36363636363636365	False
3460	3008	0.2727272727272727	True
3460	175	0.18181818181818182	True
3460	3494	0.09090909090909091	True
2764	1523	0.9090909090909091	False
2764	71	0.8181818181818182	True
2764	272	0.7272727272727273	False
2764	1711	0.6363636363636364	True
2764	3456	0.5454545454545454	True
2764	2359	0.45454545454545453	True
2764	1042	0.36363636363636365	True
2764	1496	0.2727272727272727	True
2764	1965	0.18181818181818182	False
2764	2681	0.09090909090909091	False
2242	1523	0.9090909090909091	False
2242	1859	0.8181818181818182	False
2242	1042	0.7272727272727273	True
2242	3717	0.6363636363636364	True
2242	3055	0.5454545454545454	True
2242	3090	0.45454545454545453	False
2242	718	0.36363636363636365	True
2242	2004	0.2727272727272727	True
2242	1325	0.18181818181818182	True
2242	2493	0.09090909090909091	False
2852	1523	0.9090909090909091	False
2852	3127	0.8181818181818182	True
2852	1042	0.7272727272727273	True
2852	2681	0.6363636363636364	False
2852	3055	0.5454545454545454	True
2852	2256	0.45454545454545453	True
2852	1859	0.36363636363636365	False
2852	3456	0.2727272727272727	True
2852	2359	0.18181818181818182	True
2852	3461	0.09090909090909091	True
3249	1523	0.9090909090909091	False
3249	1965	0.8181818181818182	False
3249	272	0.7272727272727273	False
3249	3456	0.6363636363636364	True
3249	2681	0.5454545454545454	False
3249	732	0.45454545454545453	True
3249	1859	0.36363636363636365	False
3249	514	0.2727272727272727	True
3249	2256	0.18181818181818182	True
3249	1711	0.09090909090909091	True
4371	1523	0.9090909090909091	False
4371	1965	0.8181818181818182	False
4371	2681	0.7272727272727273	False
4371	3090	0.6363636363636364	False
4371	3456	0.5454545454545454	True
4371	2359	0.45454545454545453	True
4371	71	0.36363636363636365	True
4371	1496	0.2727272727272727	True
4371	2256	0.18181818181818182	True
4371	1042	0.09090909090909091	True
4915	1523	0.9090909090909091	False
4915	1965	0.8181818181818182	False
4915	3127	0.7272727272727273	True
4915	3940	0.6363636363636364	True
4915	2256	0.5454545454545454	True
4915	3502	0.45454545454545453	True
4915	2493	0.36363636363636365	False
4915	2689	0.2727272727272727	True
4915	272	0.18181818181818182	False
4915	1033	0.09090909090909091	True
5382	1523	0.9090909090909091	False
5382	1965	0.8181818181818182	False
5382	1859	0.7272727272727273	False
5382	3090	0.6363636363636364	False
5382	2359	0.5454545454545454	True
5382	1496	0.45454545454545453	True
5382	2004	0.36363636363636365	True
5382	3055	0.2727272727272727	True
5382	175	0.18181818181818182	True
5382	2105	0.09090909090909091	True
2698	1523	0.9090909090909091	False
2698	1859	0.8181818181818182	False
2698	2689	0.7272727272727273	True
2698	2493	0.6363636363636364	False
2698	732	0.5454545454545454	True
2698	514	0.45454545454545453	True
2698	3494	0.36363636363636365	True
2698	718	0.2727272727272727	True
2698	272	0.18181818181818182	False
2698	1882	0.09090909090909091	True
4127	1523	0.9090909090909091	False
4127	514	0.8181818181818182	True
4127	3502	0.7272727272727273	True
4127	3090	0.6363636363636364	False
4127	1033	0.5454545454545454	True
4127	2359	0.45454545454545453	True
4127	71	0.36363636363636365	True
4127	732	0.2727272727272727	True
4127	1965	0.18181818181818182	False
4127	272	0.09090909090909091	False
1333	1523	0.9090909090909091	False
1333	1859	0.8181818181818182	False
1333	1965	0.7272727272727273	False
1333	1325	0.6363636363636364	True
1333	272	0.5454545454545454	False
1333	718	0.45454545454545453	True
1333	3717	0.36363636363636365	True
1333	732	0.2727272727272727	True
1333	3055	0.18181818181818182	True
1333	3940	0.09090909090909091	True
3025	1523	0.9090909090909091	False
3025	3461	0.8181818181818182	True
3025	1859	0.7272727272727273	False
3025	2493	0.6363636363636364	False
3025	3055	0.5454545454545454	True
3025	718	0.45454545454545453	True
3025	1965	0.36363636363636365	False
3025	71	0.2727272727272727	True
3025	272	0.18181818181818182	False
3025	1489	0.09090909090909091	True
4609	1523	0.9090909090909091	False
4609	1042	0.8181818181818182	True
4609	272	0.7272727272727273	False
4609	718	0.6363636363636364	True
4609	1325	0.5454545454545454	True
4609	2689	0.45454545454545453	True
4609	71	0.36363636363636365	True
4609	1711	0.2727272727272727	True
4609	1965	0.18181818181818182	False
4609	2038	0.09090909090909091	True
4200	1523	0.9090909090909091	False
4200	272	0.8181818181818182	False
4200	3461	0.7272727272727273	True
4200	2689	0.6363636363636364	True
4200	732	0.5454545454545454	True
4200	1859	0.45454545454545453	False
4200	1965	0.36363636363636365	False
4200	2681	0.2727272727272727	False
4200	2256	0.18181818181818182	True
4200	1715	0.09090909090909091	True
2847	1523	0.9090909090909091	False
2847	732	0.8181818181818182	True
2847	272	0.7272727272727273	False
2847	1859	0.6363636363636364	False
2847	514	0.5454545454545454	True
2847	2689	0.45454545454545453	True
2847	3494	0.36363636363636365	True
2847	3090	0.2727272727272727	False
2847	2290	0.18181818181818182	True
2847	2493	0.09090909090909091	False
3853	1523	0.9090909090909091	False
3853	3075	0.8181818181818182	True
3853	1859	0.7272727272727273	False
3853	3055	0.6363636363636364	True
3853	2359	0.5454545454545454	True
3853	3090	0.45454545454545453	False
3853	272	0.36363636363636365	False
3853	2105	0.2727272727272727	True
3853	1711	0.18181818181818182	True
3853	1965	0.09090909090909091	False
4459	1523	0.9090909090909091	False
4459	2256	0.8181818181818182	True
4459	1042	0.7272727272727273	True
4459	1859	0.6363636363636364	False
4459	272	0.5454545454545454	False
4459	3502	0.45454545454545453	True
4459	1711	0.36363636363636365	True
4459	1965	0.2727272727272727	False
4459	3090	0.18181818181818182	False
4459	175	0.09090909090909091	True
2302	1523	0.9090909090909091	False
2302	71	0.8181818181818182	True
2302	1042	0.7272727272727273	True
2302	2493	0.6363636363636364	False
2302	2681	0.5454545454545454	False
2302	940	0.45454545454545453	True
2302	3127	0.36363636363636365	True
2302	3456	0.2727272727272727	True
2302	1496	0.18181818181818182	True
2302	1711	0.09090909090909091	True
3213	1523	0.9090909090909091	False
3213	2681	0.8181818181818182	False
3213	1965	0.7272727272727273	False
3213	71	0.6363636363636364	True
3213	1859	0.5454545454545454	False
3213	2256	0.45454545454545453	True
3213	680	0.36363636363636365	True
3213	2493	0.2727272727272727	False
3213	1042	0.18181818181818182	True
3213	175	0.09090909090909091	True
3338	1523	0.9090909090909091	False
3338	3461	0.8181818181818182	True
3338	3090	0.7272727272727273	False
3338	2493	0.6363636363636364	False
3338	3502	0.5454545454545454	True
3338	3940	0.45454545454545453	True
3338	272	0.36363636363636365	False
3338	514	0.2727272727272727	True
3338	1033	0.18181818181818182	True
3338	1965	0.09090909090909091	False
1981	1523	0.9090909090909091	False
1981	1859	0.8181818181818182	False
1981	1965	0.7272727272727273	False
1981	3940	0.6363636363636364	True
1981	3461	0.5454545454545454	True
1981	272	0.45454545454545453	False
1981	3610	0.36363636363636365	True
1981	2689	0.2727272727272727	True
1981	2681	0.18181818181818182	False
1981	1496	0.09090909090909091	True
4219	1523	0.9090909090909091	False
4219	1965	0.8181818181818182	False
4219	2256	0.7272727272727273	True
4219	1859	0.6363636363636364	False
4219	3940	0.5454545454545454	True
4219	1489	0.45454545454545453	True
4219	2004	0.36363636363636365	True
4219	3055	0.2727272727272727	True
4219	272	0.18181818181818182	False
4219	1496	0.09090909090909091	True
3459	1523	0.9090909090909091	False
3459	272	0.8181818181818182	False
3459	3456	0.7272727272727273	True
3459	1859	0.6363636363636364	False
3459	2359	0.5454545454545454	True
3459	1042	0.45454545454545453	True
3459	2256	0.36363636363636365	True
3459	111	0.2727272727272727	True
3459	3055	0.18181818181818182	True
3459	2689	0.09090909090909091	True
5015	1523	0.9090909090909091	False
5015	2493	0.8181818181818182	False
5015	2359	0.7272727272727273	True
5015	2681	0.6363636363636364	False
5015	1042	0.5454545454545454	True
5015	175	0.45454545454545453	True
5015	1882	0.36363636363636365	True
5015	272	0.2727272727272727	False
5015	3461	0.18181818181818182	True
5015	2689	0.09090909090909091	True
5128	1523	0.9090909090909091	False
5128	1965	0.8181818181818182	False
5128	2256	0.7272727272727273	True
5128	3940	0.6363636363636364	True
5128	3456	0.5454545454545454	True
5128	2493	0.45454545454545453	False
5128	2681	0.36363636363636365	False
5128	1325	0.2727272727272727	True
5128	3461	0.18181818181818182	True
5128	3127	0.09090909090909091	True
3893	1523	0.9090909090909091	False
3893	71	0.8181818181818182	True
3893	1965	0.7272727272727273	False
3893	3461	0.6363636363636364	True
3893	2493	0.5454545454545454	False
3893	1489	0.45454545454545453	True
3893	2681	0.36363636363636365	False
3893	272	0.2727272727272727	False
3893	1711	0.18181818181818182	True
3893	2256	0.09090909090909091	True
2460	1523	0.9090909090909091	False
2460	272	0.8181818181818182	False
2460	1489	0.7272727272727273	True
2460	3461	0.6363636363636364	True
2460	2689	0.5454545454545454	True
2460	2493	0.45454545454545453	False
2460	1882	0.36363636363636365	True
2460	2256	0.2727272727272727	True
2460	1859	0.18181818181818182	False
2460	3940	0.09090909090909091	True
1406	1523	0.9090909090909091	False
1406	1882	0.8181818181818182	True
1406	2493	0.7272727272727273	False
1406	1033	0.6363636363636364	True
1406	3940	0.5454545454545454	True
1406	2689	0.45454545454545453	True
1406	1489	0.36363636363636365	True
1406	272	0.2727272727272727	False
1406	3456	0.18181818181818182	True
1406	3461	0.09090909090909091	True
98	1523	0.9090909090909091	False
98	3461	0.8181818181818182	True
98	272	0.7272727272727273	False
98	3940	0.6363636363636364	True
98	1859	0.5454545454545454	False
98	3780	0.45454545454545453	True
98	2493	0.36363636363636365	False
98	2681	0.2727272727272727	False
98	175	0.18181818181818182	True
98	1711	0.09090909090909091	True
2113	1523	0.9090909090909091	False
2113	2681	0.8181818181818182	False
2113	1965	0.7272727272727273	False
2113	2493	0.6363636363636364	False
2113	1042	0.5454545454545454	True
2113	514	0.45454545454545453	True
2113	3502	0.36363636363636365	True
2113	3717	0.2727272727272727	True
2113	3461	0.18181818181818182	True
2113	272	0.09090909090909091	False
4393	732	0.9090909090909091	True
4393	1523	0.8181818181818182	False
4393	1372	0.7272727272727273	True
4393	1859	0.6363636363636364	False
4393	1965	0.5454545454545454	False
4393	2256	0.45454545454545453	True
4393	2681	0.36363636363636365	False
4393	272	0.2727272727272727	False
4393	1042	0.18181818181818182	True
4393	71	0.09090909090909091	True
2634	1523	0.9090909090909091	False
2634	1859	0.8181818181818182	False
2634	71	0.7272727272727273	True
2634	2681	0.6363636363636364	False
2634	1965	0.5454545454545454	False
2634	680	0.45454545454545453	True
2634	1496	0.36363636363636365	True
2634	3055	0.2727272727272727	True
2634	272	0.18181818181818182	False
2634	2038	0.09090909090909091	True
2191	1523	0.9090909090909091	False
2191	2493	0.8181818181818182	False
2191	3461	0.7272727272727273	True
2191	1965	0.6363636363636364	False
2191	3055	0.5454545454545454	True
2191	2681	0.45454545454545453	False
2191	1496	0.36363636363636365	True
2191	1489	0.2727272727272727	True
2191	1859	0.18181818181818182	False
2191	2256	0.09090909090909091	True
958	1523	0.9090909090909091	False
958	3055	0.8181818181818182	True
958	1859	0.7272727272727273	False
958	3717	0.6363636363636364	True
958	2493	0.5454545454545454	False
958	1965	0.45454545454545453	False
958	3090	0.36363636363636365	False
958	3502	0.2727272727272727	True
958	2689	0.18181818181818182	True
958	514	0.09090909090909091	True
5902	1523	0.9090909090909091	False
5902	2359	0.8181818181818182	True
5902	175	0.7272727272727273	True
5902	3090	0.6363636363636364	False
5902	514	0.5454545454545454	True
5902	3456	0.45454545454545453	True
5902	3055	0.36363636363636365	True
5902	544	0.2727272727272727	True
5902	1882	0.18181818181818182	True
5902	732	0.09090909090909091	True
644	1523	0.9090909090909091	False
644	3940	0.8181818181818182	True
644	3461	0.7272727272727273	True
644	2493	0.6363636363636364	False
644	272	0.5454545454545454	False
644	514	0.45454545454545453	True
644	2359	0.36363636363636365	True
644	1965	0.2727272727272727	False
644	1711	0.18181818181818182	True
644	3090	0.09090909090909091	False
2746	1523	0.9090909090909091	False
2746	2493	0.8181818181818182	False
2746	1965	0.7272727272727273	False
2746	2256	0.6363636363636364	True
2746	1489	0.5454545454545454	True
2746	2681	0.45454545454545453	False
2746	1859	0.36363636363636365	False
2746	3090	0.2727272727272727	False
2746	3461	0.18181818181818182	True
2746	1715	0.09090909090909091	True
2744	1523	0.9090909090909091	False
2744	732	0.8181818181818182	True
2744	2681	0.7272727272727273	False
2744	1965	0.6363636363636364	False
2744	1859	0.5454545454545454	False
2744	272	0.45454545454545453	False
2744	2493	0.36363636363636365	False
2744	111	0.2727272727272727	True
2744	2689	0.18181818181818182	True
2744	2256	0.09090909090909091	True
2474	1523	0.9090909090909091	False
2474	3502	0.8181818181818182	True
2474	3090	0.7272727272727273	False
2474	1496	0.6363636363636364	True
2474	2256	0.5454545454545454	True
2474	2681	0.45454545454545453	False
2474	71	0.36363636363636365	True
2474	2493	0.2727272727272727	False
2474	1965	0.18181818181818182	False
2474	3461	0.09090909090909091	True
2031	1523	0.9090909090909091	False
2031	71	0.8181818181818182	True
2031	1496	0.7272727272727273	True
2031	1965	0.6363636363636364	False
2031	3055	0.5454545454545454	True
2031	175	0.45454545454545453	True
2031	1859	0.36363636363636365	False
2031	272	0.2727272727272727	False
2031	1489	0.18181818181818182	True
2031	2493	0.09090909090909091	False
5126	1523	0.9090909090909091	False
5126	1859	0.8181818181818182	False
5126	272	0.7272727272727273	False
5126	111	0.6363636363636364	True
5126	732	0.5454545454545454	True
5126	2681	0.45454545454545453	False
5126	2359	0.36363636363636365	True
5126	2256	0.2727272727272727	True
5126	3456	0.18181818181818182	True
5126	1042	0.09090909090909091	True
4580	1523	0.9090909090909091	False
4580	272	0.8181818181818182	False
4580	2689	0.7272727272727273	True
4580	111	0.6363636363636364	True
4580	1882	0.5454545454545454	True
4580	1859	0.45454545454545453	False
4580	3055	0.36363636363636365	True
4580	2359	0.2727272727272727	True
4580	3708	0.18181818181818182	True
4580	1496	0.09090909090909091	True
1710	1523	0.9090909090909091	False
1710	272	0.8181818181818182	False
1710	2359	0.7272727272727273	True
1710	3090	0.6363636363636364	False
1710	1859	0.5454545454545454	False
1710	3461	0.45454545454545453	True
1710	1325	0.36363636363636365	True
1710	3489	0.2727272727272727	True
1710	1042	0.18181818181818182	True
1710	2681	0.09090909090909091	False
4855	1523	0.9090909090909091	False
4855	1965	0.8181818181818182	False
4855	1325	0.7272727272727273	True
4855	3090	0.6363636363636364	False
4855	2359	0.5454545454545454	True
4855	3461	0.45454545454545453	True
4855	2681	0.36363636363636365	False
4855	1859	0.2727272727272727	False
4855	1882	0.18181818181818182	True
4855	272	0.09090909090909091	False
453	1523	0.9090909090909091	False
453	3461	0.8181818181818182	True
453	272	0.7272727272727273	False
453	3494	0.6363636363636364	True
453	3502	0.5454545454545454	True
453	3090	0.45454545454545453	False
453	1859	0.36363636363636365	False
453	1496	0.2727272727272727	True
453	2689	0.18181818181818182	True
453	3055	0.09090909090909091	True
1520	1523	0.9090909090909091	False
1520	272	0.8181818181818182	False
1520	2681	0.7272727272727273	False
1520	1882	0.6363636363636364	True
1520	2493	0.5454545454545454	False
1520	1496	0.45454545454545453	True
1520	175	0.36363636363636365	True
1520	3461	0.2727272727272727	True
1520	2689	0.18181818181818182	True
1520	111	0.09090909090909091	True
2396	1523	0.9090909090909091	False
2396	2689	0.8181818181818182	True
2396	272	0.7272727272727273	False
2396	2493	0.6363636363636364	False
2396	514	0.5454545454545454	True
2396	1489	0.45454545454545453	True
2396	3456	0.36363636363636365	True
2396	3090	0.2727272727272727	False
2396	111	0.18181818181818182	True
2396	2256	0.09090909090909091	True
2330	1523	0.9090909090909091	False
2330	3502	0.8181818181818182	True
2330	1882	0.7272727272727273	True
2330	3717	0.6363636363636364	True
2330	1859	0.5454545454545454	False
2330	544	0.45454545454545453	True
2330	3090	0.36363636363636365	False
2330	3456	0.2727272727272727	True
2330	1965	0.18181818181818182	False
2330	3461	0.09090909090909091	True
3314	1523	0.9090909090909091	False
3314	3090	0.8181818181818182	False
3314	2359	0.7272727272727273	True
3314	1859	0.6363636363636364	False
3314	2105	0.5454545454545454	True
3314	1042	0.45454545454545453	True
3314	2493	0.36363636363636365	False
3314	3717	0.2727272727272727	True
3314	3055	0.18181818181818182	True
3314	3502	0.09090909090909091	True
507	1523	0.9090909090909091	False
507	71	0.8181818181818182	True
507	1965	0.7272727272727273	False
507	3127	0.6363636363636364	True
507	1859	0.5454545454545454	False
507	3494	0.45454545454545453	True
507	272	0.36363636363636365	False
507	2681	0.2727272727272727	False
507	3717	0.18181818181818182	True
507	3940	0.09090909090909091	True
685	1523	0.9090909090909091	False
685	1882	0.8181818181818182	True
685	2681	0.7272727272727273	False
685	2493	0.6363636363636364	False
685	3940	0.5454545454545454	True
685	1042	0.45454545454545453	True
685	3461	0.36363636363636365	True
685	3456	0.2727272727272727	True
685	2256	0.18181818181818182	True
685	1715	0.09090909090909091	True
1149	1523	0.9090909090909091	False
1149	2105	0.8181818181818182	True
1149	1859	0.7272727272727273	False
1149	3717	0.6363636363636364	True
1149	2359	0.5454545454545454	True
1149	272	0.45454545454545453	False
1149	1042	0.36363636363636365	True
1149	3456	0.2727272727272727	True
1149	1496	0.18181818181818182	True
1149	3055	0.09090909090909091	True
