2605	1631	0.9090909090909091	False
2605	3287	0.8181818181818182	False
2605	97	0.7272727272727273	False
2605	2348	0.6363636363636364	False
2605	3872	0.5454545454545454	True
2605	41	0.45454545454545453	True
2605	527	0.36363636363636365	True
2605	1092	0.2727272727272727	True
2605	3046	0.18181818181818182	True
2605	3634	0.09090909090909091	False
1625	2559	0.9090909090909091	True
1625	3046	0.8181818181818182	True
1625	3726	0.7272727272727273	False
1625	3287	0.6363636363636364	False
1625	1551	0.5454545454545454	False
1625	612	0.45454545454545453	True
1625	2348	0.36363636363636365	False
1625	1518	0.2727272727272727	True
1625	1631	0.18181818181818182	False
1625	3709	0.09090909090909091	False
4460	97	0.9090909090909091	False
4460	1631	0.8181818181818182	False
4460	427	0.7272727272727273	True
4460	41	0.6363636363636364	True
4460	3287	0.5454545454545454	False
4460	101	0.45454545454545453	True
4460	2559	0.36363636363636365	True
4460	2453	0.2727272727272727	True
4460	3049	0.18181818181818182	True
4460	3709	0.09090909090909091	False
78	3287	0.9090909090909091	False
78	2559	0.8181818181818182	True
78	612	0.7272727272727273	True
78	3872	0.6363636363636364	True
78	3551	0.5454545454545454	True
78	1092	0.45454545454545453	True
78	1551	0.36363636363636365	False
78	97	0.2727272727272727	False
78	3709	0.18181818181818182	False
78	2609	0.09090909090909091	True
861	2348	0.9090909090909091	False
861	3049	0.8181818181818182	True
861	1551	0.7272727272727273	False
861	1631	0.6363636363636364	False
861	3551	0.5454545454545454	True
861	30	0.45454545454545453	True
861	3709	0.36363636363636365	False
861	1518	0.2727272727272727	True
861	2778	0.18181818181818182	True
861	2691	0.09090909090909091	True
3275	1631	0.9090909090909091	False
3275	3287	0.8181818181818182	False
3275	1092	0.7272727272727273	True
3275	3726	0.6363636363636364	False
3275	3551	0.5454545454545454	True
3275	3709	0.45454545454545453	False
3275	101	0.36363636363636365	True
3275	1518	0.2727272727272727	True
3275	527	0.18181818181818182	True
3275	2348	0.09090909090909091	False
3572	1631	0.9090909090909091	False
3572	2559	0.8181818181818182	True
3572	30	0.7272727272727273	True
3572	2453	0.6363636363636364	True
3572	1551	0.5454545454545454	False
3572	97	0.45454545454545453	False
3572	3709	0.36363636363636365	False
3572	527	0.2727272727272727	True
3572	3287	0.18181818181818182	False
3572	612	0.09090909090909091	True
4443	3287	0.9090909090909091	False
4443	3046	0.8181818181818182	True
4443	3726	0.7272727272727273	False
4443	1551	0.6363636363636364	False
4443	1518	0.5454545454545454	True
4443	3709	0.45454545454545453	False
4443	2348	0.36363636363636365	False
4443	2983	0.2727272727272727	True
4443	2143	0.18181818181818182	True
4443	427	0.09090909090909091	True
2480	1518	0.9090909090909091	True
2480	3726	0.8181818181818182	False
2480	612	0.7272727272727273	True
2480	3709	0.6363636363636364	False
2480	1631	0.5454545454545454	False
2480	3551	0.45454545454545453	True
2480	3287	0.36363636363636365	False
2480	1092	0.2727272727272727	True
2480	2559	0.18181818181818182	True
2480	2348	0.09090909090909091	False
4686	527	0.9090909090909091	True
4686	1518	0.8181818181818182	True
4686	3726	0.7272727272727273	False
4686	1551	0.6363636363636364	False
4686	3287	0.5454545454545454	False
4686	2559	0.45454545454545453	True
4686	2263	0.36363636363636365	True
4686	612	0.2727272727272727	True
4686	3872	0.18181818181818182	True
4686	2778	0.09090909090909091	True
2225	3287	0.9090909090909091	False
2225	2609	0.8181818181818182	True
2225	198	0.7272727272727273	True
2225	3709	0.6363636363636364	False
2225	2453	0.5454545454545454	True
2225	3049	0.45454545454545453	True
2225	30	0.36363636363636365	True
2225	1551	0.2727272727272727	False
2225	101	0.18181818181818182	True
2225	2553	0.09090909090909091	True
1157	97	0.9090909090909091	False
1157	3634	0.8181818181818182	False
1157	3287	0.7272727272727273	False
1157	3049	0.6363636363636364	True
1157	379	0.5454545454545454	True
1157	2961	0.45454545454545453	True
1157	1631	0.36363636363636365	False
1157	2983	0.2727272727272727	True
1157	41	0.18181818181818182	True
1157	1295	0.09090909090909091	True
3241	3551	0.9090909090909091	True
3241	1631	0.8181818181818182	False
3241	3634	0.7272727272727273	False
3241	30	0.6363636363636364	True
3241	3726	0.5454545454545454	False
3241	3287	0.45454545454545453	False
3241	97	0.36363636363636365	False
3241	2559	0.2727272727272727	True
3241	2348	0.18181818181818182	False
3241	1551	0.09090909090909091	False
4986	3287	0.9090909090909091	False
4986	3046	0.8181818181818182	True
4986	198	0.7272727272727273	True
4986	427	0.6363636363636364	True
4986	3634	0.5454545454545454	False
4986	3726	0.45454545454545453	False
4986	2143	0.36363636363636365	True
4986	30	0.2727272727272727	True
4986	3709	0.18181818181818182	False
4986	1518	0.09090909090909091	True
2884	1631	0.9090909090909091	False
2884	101	0.8181818181818182	True
2884	3287	0.7272727272727273	False
2884	2348	0.6363636363636364	False
2884	3046	0.5454545454545454	True
2884	3726	0.45454545454545453	False
2884	3709	0.36363636363636365	False
2884	612	0.2727272727272727	True
2884	1092	0.18181818181818182	True
2884	41	0.09090909090909091	True
5342	1631	0.9090909090909091	False
5342	2348	0.8181818181818182	False
5342	612	0.7272727272727273	True
5342	3709	0.6363636363636364	False
5342	3551	0.5454545454545454	True
5342	1092	0.45454545454545453	True
5342	2559	0.36363636363636365	True
5342	1531	0.2727272727272727	True
5342	2361	0.18181818181818182	True
5342	1518	0.09090909090909091	True
5005	3287	0.9090909090909091	False
5005	2348	0.8181818181818182	False
5005	30	0.7272727272727273	True
5005	3634	0.6363636363636364	False
5005	427	0.5454545454545454	True
5005	2744	0.45454545454545453	True
5005	1031	0.36363636363636365	True
5005	3709	0.2727272727272727	False
5005	1551	0.18181818181818182	False
5005	101	0.09090909090909091	True
1190	1631	0.9090909090909091	False
1190	3287	0.8181818181818182	False
1190	97	0.7272727272727273	False
1190	427	0.6363636363636364	True
1190	30	0.5454545454545454	True
1190	3551	0.45454545454545453	True
1190	3726	0.36363636363636365	False
1190	1031	0.2727272727272727	True
1190	3729	0.18181818181818182	True
1190	1964	0.09090909090909091	True
2079	2348	0.9090909090909091	False
2079	3634	0.8181818181818182	False
2079	1631	0.7272727272727273	False
2079	527	0.6363636363636364	True
2079	41	0.5454545454545454	True
2079	1551	0.45454545454545453	False
2079	97	0.36363636363636365	False
2079	3872	0.2727272727272727	True
2079	2356	0.18181818181818182	True
2079	612	0.09090909090909091	True
5414	3287	0.9090909090909091	False
5414	427	0.8181818181818182	True
5414	2559	0.7272727272727273	True
5414	2983	0.6363636363636364	True
5414	1031	0.5454545454545454	True
5414	3001	0.45454545454545453	True
5414	97	0.36363636363636365	False
5414	3872	0.2727272727272727	True
5414	1551	0.18181818181818182	False
5414	3551	0.09090909090909091	True
1840	2778	0.9090909090909091	True
1840	198	0.8181818181818182	True
1840	2609	0.7272727272727273	True
1840	3726	0.6363636363636364	False
1840	1518	0.5454545454545454	True
1840	3046	0.45454545454545453	True
1840	1031	0.36363636363636365	True
1840	2356	0.2727272727272727	True
1840	3709	0.18181818181818182	False
1840	3287	0.09090909090909091	False
2161	1551	0.9090909090909091	False
2161	3287	0.8181818181818182	False
2161	527	0.7272727272727273	True
2161	30	0.6363636363636364	True
2161	1518	0.5454545454545454	True
2161	2348	0.45454545454545453	False
2161	1631	0.36363636363636365	False
2161	3551	0.2727272727272727	True
2161	3726	0.18181818181818182	False
2161	101	0.09090909090909091	True
3296	1631	0.9090909090909091	False
3296	3287	0.8181818181818182	False
3296	198	0.7272727272727273	True
3296	3551	0.6363636363636364	True
3296	101	0.5454545454545454	True
3296	427	0.45454545454545453	True
3296	2778	0.36363636363636365	True
3296	97	0.2727272727272727	False
3296	2348	0.18181818181818182	False
3296	1551	0.09090909090909091	False
5904	3287	0.9090909090909091	False
5904	3551	0.8181818181818182	True
5904	427	0.7272727272727273	True
5904	3657	0.6363636363636364	True
5904	3870	0.5454545454545454	True
5904	1031	0.45454545454545453	True
5904	3872	0.36363636363636365	True
5904	1631	0.2727272727272727	False
5904	30	0.18181818181818182	True
5904	2983	0.09090909090909091	True
2578	2348	0.9090909090909091	False
2578	1518	0.8181818181818182	True
2578	3709	0.7272727272727273	False
2578	30	0.6363636363636364	True
2578	527	0.5454545454545454	True
2578	3551	0.45454545454545453	True
2578	2559	0.36363636363636365	True
2578	3872	0.2727272727272727	True
2578	1551	0.18181818181818182	False
2578	612	0.09090909090909091	True
3226	3634	0.9090909090909091	False
3226	2348	0.8181818181818182	False
3226	97	0.7272727272727273	False
3226	1631	0.6363636363636364	False
3226	3551	0.5454545454545454	True
3226	427	0.45454545454545453	True
3226	3709	0.36363636363636365	False
3226	612	0.2727272727272727	True
3226	3049	0.18181818181818182	True
3226	3294	0.09090909090909091	True
2539	97	0.9090909090909091	False
2539	427	0.8181818181818182	True
2539	101	0.7272727272727273	True
2539	1631	0.6363636363636364	False
2539	2348	0.5454545454545454	False
2539	3634	0.45454545454545453	False
2539	2778	0.36363636363636365	True
2539	41	0.2727272727272727	True
2539	1092	0.18181818181818182	True
2539	3287	0.09090909090909091	False
236	3287	0.9090909090909091	False
236	527	0.8181818181818182	True
236	3046	0.7272727272727273	True
236	3634	0.6363636363636364	False
236	97	0.5454545454545454	False
236	41	0.45454545454545453	True
236	3726	0.36363636363636365	False
236	3872	0.2727272727272727	True
236	1518	0.18181818181818182	True
236	1631	0.09090909090909091	False
1130	1551	0.9090909090909091	False
1130	2348	0.8181818181818182	False
1130	1631	0.7272727272727273	False
1130	3634	0.6363636363636364	False
1130	97	0.5454545454545454	False
1130	41	0.45454545454545453	True
1130	527	0.36363636363636365	True
1130	2356	0.2727272727272727	True
1130	3287	0.18181818181818182	False
1130	2778	0.09090909090909091	True
5041	2348	0.9090909090909091	False
5041	1631	0.8181818181818182	False
5041	527	0.7272727272727273	True
5041	3872	0.6363636363636364	True
5041	2983	0.5454545454545454	True
5041	97	0.45454545454545453	False
5041	1551	0.36363636363636365	False
5041	2778	0.2727272727272727	True
5041	3709	0.18181818181818182	False
5041	427	0.09090909090909091	True
3396	3634	0.9090909090909091	False
3396	527	0.8181818181818182	True
3396	1964	0.7272727272727273	True
3396	3287	0.6363636363636364	False
3396	2348	0.5454545454545454	False
3396	3726	0.45454545454545453	False
3396	1631	0.36363636363636365	False
3396	612	0.2727272727272727	True
3396	3872	0.18181818181818182	True
3396	1551	0.09090909090909091	False
123	1631	0.9090909090909091	False
123	3726	0.8181818181818182	False
123	1092	0.7272727272727273	True
123	3287	0.6363636363636364	False
123	3872	0.5454545454545454	True
123	3634	0.45454545454545453	False
123	97	0.36363636363636365	False
123	3097	0.2727272727272727	True
123	527	0.18181818181818182	True
123	2983	0.09090909090909091	True
3438	3709	0.9090909090909091	False
3438	3726	0.8181818181818182	False
3438	3287	0.7272727272727273	False
3438	1518	0.6363636363636364	True
3438	30	0.5454545454545454	True
3438	592	0.45454545454545453	True
3438	1631	0.36363636363636365	False
3438	3046	0.2727272727272727	True
3438	2559	0.18181818181818182	True
3438	3657	0.09090909090909091	True
1675	1631	0.9090909090909091	False
1675	3046	0.8181818181818182	True
1675	2559	0.7272727272727273	True
1675	2778	0.6363636363636364	True
1675	1092	0.5454545454545454	True
1675	3709	0.45454545454545453	False
1675	1551	0.36363636363636365	False
1675	41	0.2727272727272727	True
1675	3551	0.18181818181818182	True
1675	2348	0.09090909090909091	False
2776	2559	0.9090909090909091	True
2776	3287	0.8181818181818182	False
2776	612	0.7272727272727273	True
2776	1551	0.6363636363636364	False
2776	1631	0.5454545454545454	False
2776	3709	0.45454545454545453	False
2776	3726	0.36363636363636365	False
2776	1092	0.2727272727272727	True
2776	1518	0.18181818181818182	True
2776	2983	0.09090909090909091	True
3477	2559	0.9090909090909091	True
3477	3287	0.8181818181818182	False
3477	3046	0.7272727272727273	True
3477	3726	0.6363636363636364	False
3477	3872	0.5454545454545454	True
3477	2143	0.45454545454545453	True
3477	612	0.36363636363636365	True
3477	1551	0.2727272727272727	False
3477	1092	0.18181818181818182	True
3477	3709	0.09090909090909091	False
454	1551	0.9090909090909091	False
454	527	0.8181818181818182	True
454	97	0.7272727272727273	False
454	3287	0.6363636363636364	False
454	2778	0.5454545454545454	True
454	2348	0.45454545454545453	False
454	2356	0.36363636363636365	True
454	3634	0.2727272727272727	False
454	427	0.18181818181818182	True
454	1631	0.09090909090909091	False
2448	3726	0.9090909090909091	False
2448	3287	0.8181818181818182	False
2448	1631	0.7272727272727273	False
2448	1964	0.6363636363636364	True
2448	1518	0.5454545454545454	True
2448	427	0.45454545454545453	True
2448	527	0.36363636363636365	True
2448	612	0.2727272727272727	True
2448	3046	0.18181818181818182	True
2448	3551	0.09090909090909091	True
3460	3287	0.9090909090909091	False
3460	3709	0.8181818181818182	False
3460	30	0.7272727272727273	True
3460	3551	0.6363636363636364	True
3460	2348	0.5454545454545454	False
3460	3049	0.45454545454545453	True
3460	427	0.36363636363636365	True
3460	1551	0.2727272727272727	False
3460	1518	0.18181818181818182	True
3460	2559	0.09090909090909091	True
2358	1631	0.9090909090909091	False
2358	1551	0.8181818181818182	False
2358	2778	0.7272727272727273	True
2358	2348	0.6363636363636364	False
2358	527	0.5454545454545454	True
2358	1518	0.45454545454545453	True
2358	1031	0.36363636363636365	True
2358	3287	0.2727272727272727	False
2358	101	0.18181818181818182	True
2358	3872	0.09090909090909091	True
2887	3287	0.9090909090909091	False
2887	427	0.8181818181818182	True
2887	1551	0.7272727272727273	False
2887	97	0.6363636363636364	False
2887	101	0.5454545454545454	True
2887	3551	0.45454545454545453	True
2887	2559	0.36363636363636365	True
2887	3726	0.2727272727272727	False
2887	3872	0.18181818181818182	True
2887	2983	0.09090909090909091	True
2643	3287	0.9090909090909091	False
2643	3551	0.8181818181818182	True
2643	97	0.7272727272727273	False
2643	3872	0.6363636363636364	True
2643	1551	0.5454545454545454	False
2643	612	0.45454545454545453	True
2643	1031	0.36363636363636365	True
2643	2348	0.2727272727272727	False
2643	427	0.18181818181818182	True
2643	2559	0.09090909090909091	True
985	1518	0.9090909090909091	True
985	3709	0.8181818181818182	False
985	1631	0.7272727272727273	False
985	2778	0.6363636363636364	True
985	2348	0.5454545454545454	False
985	41	0.45454545454545453	True
985	3634	0.36363636363636365	False
985	3726	0.2727272727272727	False
985	612	0.18181818181818182	True
985	592	0.09090909090909091	True
3374	1631	0.9090909090909091	False
3374	2348	0.8181818181818182	False
3374	97	0.7272727272727273	False
3374	3551	0.6363636363636364	True
3374	3709	0.5454545454545454	False
3374	2559	0.45454545454545453	True
3374	427	0.36363636363636365	True
3374	3872	0.2727272727272727	True
3374	3287	0.18181818181818182	False
3374	1551	0.09090909090909091	False
5873	1631	0.9090909090909091	False
5873	3726	0.8181818181818182	False
5873	3287	0.7272727272727273	False
5873	3709	0.6363636363636364	False
5873	404	0.5454545454545454	True
5873	3046	0.45454545454545453	True
5873	3657	0.36363636363636365	True
5873	41	0.2727272727272727	True
5873	1518	0.18181818181818182	True
5873	3551	0.09090909090909091	True
166	3287	0.9090909090909091	False
166	2348	0.8181818181818182	False
166	527	0.7272727272727273	True
166	1631	0.6363636363636364	False
166	30	0.5454545454545454	True
166	1964	0.45454545454545453	True
166	2744	0.36363636363636365	True
166	3634	0.2727272727272727	False
166	59	0.18181818181818182	True
166	404	0.09090909090909091	True
615	3634	0.9090909090909091	False
615	2559	0.8181818181818182	True
615	3726	0.7272727272727273	False
615	2778	0.6363636363636364	True
615	1551	0.5454545454545454	False
615	1518	0.45454545454545453	True
615	3709	0.36363636363636365	False
615	198	0.2727272727272727	True
615	2609	0.18181818181818182	True
615	1031	0.09090909090909091	True
3324	3287	0.9090909090909091	False
3324	3726	0.8181818181818182	False
3324	3634	0.7272727272727273	False
3324	41	0.6363636363636364	True
3324	30	0.5454545454545454	True
3324	1631	0.45454545454545453	False
3324	3709	0.36363636363636365	False
3324	1964	0.2727272727272727	True
3324	612	0.18181818181818182	True
3324	1092	0.09090909090909091	True
409	3287	0.9090909090909091	False
409	1092	0.8181818181818182	True
409	3872	0.7272727272727273	True
409	3726	0.6363636363636364	False
409	3551	0.5454545454545454	True
409	101	0.45454545454545453	True
409	2559	0.36363636363636365	True
409	612	0.2727272727272727	True
409	30	0.18181818181818182	True
409	1518	0.09090909090909091	True
5433	527	0.9090909090909091	True
5433	3634	0.8181818181818182	False
5433	592	0.7272727272727273	True
5433	1631	0.6363636363636364	False
5433	1518	0.5454545454545454	True
5433	41	0.45454545454545453	True
5433	3046	0.36363636363636365	True
5433	2348	0.2727272727272727	False
5433	3287	0.18181818181818182	False
5433	97	0.09090909090909091	False
522	1551	0.9090909090909091	False
522	3287	0.8181818181818182	False
522	2778	0.7272727272727273	True
522	1631	0.6363636363636364	False
522	1518	0.5454545454545454	True
522	3709	0.45454545454545453	False
522	3726	0.36363636363636365	False
522	3049	0.2727272727272727	True
522	41	0.18181818181818182	True
522	2983	0.09090909090909091	True
2375	3726	0.9090909090909091	False
2375	2559	0.8181818181818182	True
2375	30	0.7272727272727273	True
2375	3551	0.6363636363636364	True
2375	3287	0.5454545454545454	False
2375	404	0.45454545454545453	True
2375	3049	0.36363636363636365	True
2375	1518	0.2727272727272727	True
2375	3709	0.18181818181818182	False
2375	612	0.09090909090909091	True
3008	1631	0.9090909090909091	False
3008	3287	0.8181818181818182	False
3008	3872	0.7272727272727273	True
3008	2983	0.6363636363636364	True
3008	3046	0.5454545454545454	True
3008	1092	0.45454545454545453	True
3008	3729	0.36363636363636365	True
3008	3726	0.2727272727272727	False
3008	2263	0.18181818181818182	True
3008	2532	0.09090909090909091	True
53	1631	0.9090909090909091	False
53	527	0.8181818181818182	True
53	2348	0.7272727272727273	False
53	1092	0.6363636363636364	True
53	3634	0.5454545454545454	False
53	612	0.45454545454545453	True
53	3726	0.36363636363636365	False
53	3097	0.2727272727272727	True
53	3872	0.18181818181818182	True
53	2778	0.09090909090909091	True
2216	3551	0.9090909090909091	True
2216	1631	0.8181818181818182	False
2216	3709	0.7272727272727273	False
2216	427	0.6363636363636364	True
2216	3046	0.5454545454545454	True
2216	3287	0.45454545454545453	False
2216	2778	0.36363636363636365	True
2216	41	0.2727272727272727	True
2216	834	0.18181818181818182	True
2216	1031	0.09090909090909091	True
1063	3726	0.9090909090909091	False
1063	612	0.8181818181818182	True
1063	3551	0.7272727272727273	True
1063	2559	0.6363636363636364	True
1063	1551	0.5454545454545454	False
1063	3046	0.45454545454545453	True
1063	3287	0.36363636363636365	False
1063	3709	0.2727272727272727	False
1063	1518	0.18181818181818182	True
1063	1964	0.09090909090909091	True
400	41	0.9090909090909091	True
400	3287	0.8181818181818182	False
400	1631	0.7272727272727273	False
400	2778	0.6363636363636364	True
400	3634	0.5454545454545454	False
400	2348	0.45454545454545453	False
400	30	0.36363636363636365	True
400	1518	0.2727272727272727	True
400	1551	0.18181818181818182	False
400	3709	0.09090909090909091	False
1932	3287	0.9090909090909091	False
1932	3726	0.8181818181818182	False
1932	3551	0.7272727272727273	True
1932	1092	0.6363636363636364	True
1932	2609	0.5454545454545454	True
1932	30	0.45454545454545453	True
1932	1518	0.36363636363636365	True
1932	97	0.2727272727272727	False
1932	427	0.18181818181818182	True
1932	1031	0.09090909090909091	True
5308	2348	0.9090909090909091	False
5308	1551	0.8181818181818182	False
5308	2559	0.7272727272727273	True
5308	3046	0.6363636363636364	True
5308	198	0.5454545454545454	True
5308	97	0.45454545454545453	False
5308	3726	0.36363636363636365	False
5308	427	0.2727272727272727	True
5308	1631	0.18181818181818182	False
5308	612	0.09090909090909091	True
4883	3634	0.9090909090909091	False
4883	1631	0.8181818181818182	False
4883	2348	0.7272727272727273	False
4883	3551	0.6363636363636364	True
4883	1518	0.5454545454545454	True
4883	3046	0.45454545454545453	True
4883	2744	0.36363636363636365	True
4883	527	0.2727272727272727	True
4883	3726	0.18181818181818182	False
4883	1964	0.09090909090909091	True
980	3287	0.9090909090909091	False
980	97	0.8181818181818182	False
980	427	0.7272727272727273	True
980	3634	0.6363636363636364	False
980	3049	0.5454545454545454	True
980	2559	0.45454545454545453	True
980	1631	0.36363636363636365	False
980	3046	0.2727272727272727	True
980	1859	0.18181818181818182	True
980	3551	0.09090909090909091	True
1931	1631	0.9090909090909091	False
1931	2553	0.8181818181818182	True
1931	3287	0.7272727272727273	False
1931	527	0.6363636363636364	True
1931	2348	0.5454545454545454	False
1931	2361	0.45454545454545453	True
1931	911	0.36363636363636365	True
1931	3709	0.2727272727272727	False
1931	1551	0.18181818181818182	False
1931	2983	0.09090909090909091	True
5232	1551	0.9090909090909091	False
5232	41	0.8181818181818182	True
5232	101	0.7272727272727273	True
5232	3287	0.6363636363636364	False
5232	2778	0.5454545454545454	True
5232	97	0.45454545454545453	False
5232	427	0.36363636363636365	True
5232	1518	0.2727272727272727	True
5232	1631	0.18181818181818182	False
5232	3709	0.09090909090909091	False
452	1631	0.9090909090909091	False
452	1031	0.8181818181818182	True
452	30	0.7272727272727273	True
452	3287	0.6363636363636364	False
452	527	0.5454545454545454	True
452	1551	0.45454545454545453	False
452	2348	0.36363636363636365	False
452	2356	0.2727272727272727	True
452	97	0.18181818181818182	False
452	2778	0.09090909090909091	True
3588	1631	0.9090909090909091	False
3588	2778	0.8181818181818182	True
3588	2348	0.7272727272727273	False
3588	41	0.6363636363636364	True
3588	198	0.5454545454545454	True
3588	3709	0.45454545454545453	False
3588	527	0.36363636363636365	True
3588	1518	0.2727272727272727	True
3588	3551	0.18181818181818182	True
3588	3872	0.09090909090909091	True
3973	3287	0.9090909090909091	False
3973	3709	0.8181818181818182	False
3973	2348	0.7272727272727273	False
3973	1092	0.6363636363636364	True
3973	3872	0.5454545454545454	True
3973	3001	0.45454545454545453	True
3973	491	0.36363636363636365	True
3973	1518	0.2727272727272727	True
3973	2983	0.18181818181818182	True
3973	3726	0.09090909090909091	False
2556	3287	0.9090909090909091	False
2556	3049	0.8181818181818182	True
2556	30	0.7272727272727273	True
2556	1631	0.6363636363636364	False
2556	97	0.5454545454545454	False
2556	3709	0.45454545454545453	False
2556	1518	0.36363636363636365	True
2556	427	0.2727272727272727	True
2556	3634	0.18181818181818182	False
2556	2983	0.09090909090909091	True
5387	1631	0.9090909090909091	False
5387	3551	0.8181818181818182	True
5387	97	0.7272727272727273	False
5387	3287	0.6363636363636364	False
5387	3872	0.5454545454545454	True
5387	2348	0.45454545454545453	False
5387	3729	0.36363636363636365	True
5387	427	0.2727272727272727	True
5387	527	0.18181818181818182	True
5387	1092	0.09090909090909091	True
2587	3287	0.9090909090909091	False
2587	1551	0.8181818181818182	False
2587	3709	0.7272727272727273	False
2587	3551	0.6363636363636364	True
2587	2778	0.5454545454545454	True
2587	101	0.45454545454545453	True
2587	3726	0.36363636363636365	False
2587	1518	0.2727272727272727	True
2587	427	0.18181818181818182	True
2587	1631	0.09090909090909091	False
4821	1631	0.9090909090909091	False
4821	2348	0.8181818181818182	False
4821	101	0.7272727272727273	True
4821	3872	0.6363636363636364	True
4821	41	0.5454545454545454	True
4821	1295	0.45454545454545453	True
4821	1551	0.36363636363636365	False
4821	1092	0.2727272727272727	True
4821	97	0.18181818181818182	False
4821	3729	0.09090909090909091	True
4999	3287	0.9090909090909091	False
4999	1631	0.8181818181818182	False
4999	97	0.7272727272727273	False
4999	41	0.6363636363636364	True
4999	427	0.5454545454545454	True
4999	3709	0.45454545454545453	False
4999	3634	0.36363636363636365	False
4999	3551	0.2727272727272727	True
4999	612	0.18181818181818182	True
4999	1964	0.09090909090909091	True
712	2348	0.9090909090909091	False
712	3634	0.8181818181818182	False
712	3046	0.7272727272727273	True
712	1631	0.6363636363636364	False
712	2744	0.5454545454545454	True
712	527	0.45454545454545453	True
712	198	0.36363636363636365	True
712	3709	0.2727272727272727	False
712	3551	0.18181818181818182	True
712	59	0.09090909090909091	True
2246	3634	0.9090909090909091	False
2246	2348	0.8181818181818182	False
2246	592	0.7272727272727273	True
2246	527	0.6363636363636364	True
2246	2143	0.5454545454545454	True
2246	3287	0.45454545454545453	False
2246	97	0.36363636363636365	False
2246	3709	0.2727272727272727	False
2246	1531	0.18181818181818182	True
2246	2559	0.09090909090909091	True
1409	3287	0.9090909090909091	False
1409	527	0.8181818181818182	True
1409	427	0.7272727272727273	True
1409	1551	0.6363636363636364	False
1409	3634	0.5454545454545454	False
1409	2348	0.45454545454545453	False
1409	30	0.36363636363636365	True
1409	1964	0.2727272727272727	True
1409	1631	0.18181818181818182	False
1409	2356	0.09090909090909091	True
4507	3634	0.9090909090909091	False
4507	3551	0.8181818181818182	True
4507	3726	0.7272727272727273	False
4507	2559	0.6363636363636364	True
4507	1631	0.5454545454545454	False
4507	612	0.45454545454545453	True
4507	3709	0.36363636363636365	False
4507	3657	0.2727272727272727	True
4507	1859	0.18181818181818182	True
4507	30	0.09090909090909091	True
1827	3551	0.9090909090909091	True
1827	97	0.8181818181818182	False
1827	1631	0.7272727272727273	False
1827	3049	0.6363636363636364	True
1827	3872	0.5454545454545454	True
1827	2348	0.45454545454545453	False
1827	3709	0.36363636363636365	False
1827	3634	0.2727272727272727	False
1827	2983	0.18181818181818182	True
1827	427	0.09090909090909091	True
4362	3046	0.9090909090909091	True
4362	1631	0.8181818181818182	False
4362	101	0.7272727272727273	True
4362	3287	0.6363636363636364	False
4362	1031	0.5454545454545454	True
4362	2744	0.45454545454545453	True
4362	3726	0.36363636363636365	False
4362	3872	0.2727272727272727	True
4362	427	0.18181818181818182	True
4362	198	0.09090909090909091	True
5741	1631	0.9090909090909091	False
5741	3287	0.8181818181818182	False
5741	101	0.7272727272727273	True
5741	2778	0.6363636363636364	True
5741	527	0.5454545454545454	True
5741	41	0.45454545454545453	True
5741	3726	0.36363636363636365	False
5741	3634	0.2727272727272727	False
5741	1964	0.18181818181818182	True
5741	3046	0.09090909090909091	True
677	3551	0.9090909090909091	True
677	3287	0.8181818181818182	False
677	1092	0.7272727272727273	True
677	3729	0.6363636363636364	True
677	3872	0.5454545454545454	True
677	3726	0.45454545454545453	False
677	41	0.36363636363636365	True
677	3634	0.2727272727272727	False
677	97	0.18181818181818182	False
677	2559	0.09090909090909091	True
2004	1631	0.9090909090909091	False
2004	3287	0.8181818181818182	False
2004	101	0.7272727272727273	True
2004	3709	0.6363636363636364	False
2004	3726	0.5454545454545454	False
2004	3551	0.45454545454545453	True
2004	41	0.36363636363636365	True
2004	527	0.2727272727272727	True
2004	1092	0.18181818181818182	True
2004	1518	0.09090909090909091	True
2429	3634	0.9090909090909091	False
2429	3287	0.8181818181818182	False
2429	2348	0.7272727272727273	False
2429	3046	0.6363636363636364	True
2429	2744	0.5454545454545454	True
2429	1631	0.45454545454545453	False
2429	1092	0.36363636363636365	True
2429	3726	0.2727272727272727	False
2429	101	0.18181818181818182	True
2429	97	0.09090909090909091	False
183	1551	0.9090909090909091	False
183	1631	0.8181818181818182	False
183	2778	0.7272727272727273	True
183	2348	0.6363636363636364	False
183	3709	0.5454545454545454	False
183	3872	0.45454545454545453	True
183	97	0.36363636363636365	False
183	3729	0.2727272727272727	True
183	41	0.18181818181818182	True
183	2983	0.09090909090909091	True
4893	3049	0.9090909090909091	True
4893	1631	0.8181818181818182	False
4893	2348	0.7272727272727273	False
4893	3709	0.6363636363636364	False
4893	30	0.5454545454545454	True
4893	97	0.45454545454545453	False
4893	3634	0.36363636363636365	False
4893	427	0.2727272727272727	True
4893	3287	0.18181818181818182	False
4893	2778	0.09090909090909091	True
2143	1631	0.9090909090909091	False
2143	3287	0.8181818181818182	False
2143	2348	0.7272727272727273	False
2143	101	0.6363636363636364	True
2143	612	0.5454545454545454	True
2143	2559	0.45454545454545453	True
2143	2532	0.36363636363636365	True
2143	3709	0.2727272727272727	False
2143	97	0.18181818181818182	False
2143	1092	0.09090909090909091	True
4720	3551	0.9090909090909091	True
4720	3287	0.8181818181818182	False
4720	1551	0.7272727272727273	False
4720	3709	0.6363636363636364	False
4720	1631	0.5454545454545454	False
4720	3726	0.45454545454545453	False
4720	1518	0.36363636363636365	True
4720	2559	0.2727272727272727	True
4720	3729	0.18181818181818182	True
4720	3046	0.09090909090909091	True
1888	2348	0.9090909090909091	False
1888	1551	0.8181818181818182	False
1888	1631	0.7272727272727273	False
1888	3726	0.6363636363636364	False
1888	1518	0.5454545454545454	True
1888	3287	0.45454545454545453	False
1888	527	0.36363636363636365	True
1888	2983	0.2727272727272727	True
1888	3872	0.18181818181818182	True
1888	3709	0.09090909090909091	False
4911	1631	0.9090909090909091	False
4911	3287	0.8181818181818182	False
4911	2348	0.7272727272727273	False
4911	2453	0.6363636363636364	True
4911	3709	0.5454545454545454	False
4911	527	0.45454545454545453	True
4911	3046	0.36363636363636365	True
4911	1964	0.2727272727272727	True
4911	846	0.18181818181818182	True
4911	198	0.09090909090909091	True
241	3287	0.9090909090909091	False
241	3046	0.8181818181818182	True
241	3872	0.7272727272727273	True
241	3726	0.6363636363636364	False
241	1631	0.5454545454545454	False
241	2983	0.45454545454545453	True
241	527	0.36363636363636365	True
241	846	0.2727272727272727	True
241	1551	0.18181818181818182	False
241	1092	0.09090909090909091	True
6001	3287	0.9090909090909091	False
6001	1631	0.8181818181818182	False
6001	3551	0.7272727272727273	True
6001	2559	0.6363636363636364	True
6001	3726	0.5454545454545454	False
6001	3872	0.45454545454545453	True
6001	41	0.36363636363636365	True
6001	1964	0.2727272727272727	True
6001	1551	0.18181818181818182	False
6001	3046	0.09090909090909091	True
635	3046	0.9090909090909091	True
635	427	0.8181818181818182	True
635	3287	0.7272727272727273	False
635	612	0.6363636363636364	True
635	3551	0.5454545454545454	True
635	2559	0.45454545454545453	True
635	198	0.36363636363636365	True
635	2143	0.2727272727272727	True
635	3709	0.18181818181818182	False
635	3726	0.09090909090909091	False
3726	3287	0.9090909090909091	False
3726	2532	0.8181818181818182	True
3726	1031	0.7272727272727273	True
3726	101	0.6363636363636364	True
3726	2609	0.5454545454545454	True
3726	1092	0.45454545454545453	True
3726	3049	0.36363636363636365	True
3726	2559	0.2727272727272727	True
3726	3726	0.18181818181818182	False
3726	3872	0.09090909090909091	True
5654	2348	0.9090909090909091	False
5654	1518	0.8181818181818182	True
5654	30	0.7272727272727273	True
5654	3726	0.6363636363636364	False
5654	3551	0.5454545454545454	True
5654	612	0.45454545454545453	True
5654	2691	0.36363636363636365	True
5654	3287	0.2727272727272727	False
5654	1631	0.18181818181818182	False
5654	3872	0.09090909090909091	True
3573	3726	0.9090909090909091	False
3573	3287	0.8181818181818182	False
3573	1518	0.7272727272727273	True
3573	1551	0.6363636363636364	False
3573	3634	0.5454545454545454	False
3573	2559	0.45454545454545453	True
3573	3709	0.36363636363636365	False
3573	612	0.2727272727272727	True
3573	427	0.18181818181818182	True
3573	3551	0.09090909090909091	True
13	1631	0.9090909090909091	False
13	3551	0.8181818181818182	True
13	2559	0.7272727272727273	True
13	1551	0.6363636363636364	False
13	2348	0.5454545454545454	False
13	3709	0.45454545454545453	False
13	3049	0.36363636363636365	True
13	97	0.2727272727272727	False
13	612	0.18181818181818182	True
13	427	0.09090909090909091	True
4570	2559	0.9090909090909091	True
4570	2348	0.8181818181818182	False
4570	97	0.7272727272727273	False
4570	1631	0.6363636363636364	False
4570	3287	0.5454545454545454	False
4570	1551	0.45454545454545453	False
4570	3872	0.36363636363636365	True
4570	3046	0.2727272727272727	True
4570	1859	0.18181818181818182	True
4570	2143	0.09090909090909091	True
2718	3287	0.9090909090909091	False
2718	3046	0.8181818181818182	True
2718	1631	0.7272727272727273	False
2718	3726	0.6363636363636364	False
2718	2348	0.5454545454545454	False
2718	1551	0.45454545454545453	False
2718	1031	0.36363636363636365	True
2718	612	0.2727272727272727	True
2718	2559	0.18181818181818182	True
2718	3709	0.09090909090909091	False
1465	2559	0.9090909090909091	True
1465	1551	0.8181818181818182	False
1465	3726	0.7272727272727273	False
1465	1518	0.6363636363636364	True
1465	2778	0.5454545454545454	True
1465	3287	0.45454545454545453	False
1465	3872	0.36363636363636365	True
1465	2961	0.2727272727272727	True
1465	1031	0.18181818181818182	True
1465	30	0.09090909090909091	True
4088	3046	0.9090909090909091	True
4088	3726	0.8181818181818182	False
4088	3287	0.7272727272727273	False
4088	3872	0.6363636363636364	True
4088	2559	0.5454545454545454	True
4088	2348	0.45454545454545453	False
4088	1631	0.36363636363636365	False
4088	1031	0.2727272727272727	True
4088	1964	0.18181818181818182	True
4088	1551	0.09090909090909091	False
1125	2983	0.9090909090909091	True
1125	1551	0.8181818181818182	False
1125	527	0.7272727272727273	True
1125	1518	0.6363636363636364	True
1125	3726	0.5454545454545454	False
1125	3872	0.45454545454545453	True
1125	3729	0.36363636363636365	True
1125	3287	0.2727272727272727	False
1125	2559	0.18181818181818182	True
1125	2778	0.09090909090909091	True
