1729	18.818181818181817	2
293	17.272727272727273	10
383	16.727272727272727	15
994	16.636363636363637	18
649	16.454545454545453	19
1771	16.363636363636363	22
2304	16.363636363636363	23
200	16.272727272727273	25
3525	16.181818181818183	28
177	16.181818181818183	29
3931	16.18181818181818	30
3755	16.09090909090909	33
2778	16.09090909090909	34
360	16.0	37
929	15.909090909090908	40
2995	15.727272727272728	46
2150	15.636363636363637	47
1479	15.636363636363637	48
1857	15.545454545454543	49
3695	15.545454545454543	50
2614	15.545454545454543	52
1595	15.454545454545457	54
2382	15.454545454545451	61
107	15.363636363636363	62
861	15.363636363636363	65
1600	15.272727272727272	66
1496	15.272727272727272	69
299	15.181818181818182	71
2860	15.181818181818182	72
1954	15.0	80
2338	15.0	81
1395	15.0	82
927	14.90909090909091	87
3639	14.909090909090908	88
2294	14.909090909090908	89
316	14.909090909090908	90
1669	14.818181818181818	95
2975	14.818181818181818	99
3221	14.727272727272728	101
2111	14.727272727272728	104
220	14.727272727272728	106
960	14.636363636363637	108
1047	14.636363636363637	109
2037	14.636363636363637	110
3127	14.636363636363637	111
3555	14.545454545454543	115
612	14.545454545454543	119
3167	14.454545454545457	120
1872	14.454545454545457	121
2256	14.454545454545457	125
3742	14.454545454545457	126
940	14.454545454545457	130
956	14.454545454545457	131
3741	14.363636363636363	136
3219	14.363636363636363	138
1178	14.272727272727272	139
2387	14.272727272727272	144
3132	14.272727272727272	146
2186	14.181818181818182	151
2646	14.181818181818182	154
1780	14.09090909090909	163
1904	14.0	164
431	14.0	168
917	13.90909090909091	175
425	13.90909090909091	176
3030	13.909090909090908	181
869	13.818181818181818	185
3527	13.818181818181818	189
1858	13.818181818181818	191
1160	13.818181818181818	193
2893	13.727272727272728	195
2962	13.727272727272728	196
1550	13.727272727272728	197
3417	13.727272727272728	198
1676	13.727272727272728	199
1673	13.727272727272728	200
2048	13.636363636363637	207
89	13.636363636363637	208
3593	13.636363636363637	209
2704	13.636363636363637	211
3264	13.636363636363637	213
2734	13.636363636363637	215
3061	13.636363636363637	218
1797	13.545454545454549	222
2404	13.545454545454543	224
3921	13.545454545454543	225
1186	13.545454545454543	226
2901	13.545454545454543	229
1487	13.454545454545457	236
1806	13.454545454545457	244
943	13.363636363636363	252
3945	13.363636363636363	253
1464	13.363636363636363	256
2636	13.363636363636363	258
152	13.363636363636363	259
2837	13.363636363636363	260
2081	13.272727272727272	267
3184	13.272727272727272	269
349	13.272727272727272	272
3831	13.272727272727272	273
2323	13.272727272727272	274
892	13.272727272727272	276
2849	13.272727272727272	280
877	13.181818181818182	281
3263	13.181818181818182	283
484	13.181818181818182	286
2278	13.181818181818182	287
3196	13.181818181818182	291
923	13.181818181818182	292
3096	13.090909090909092	294
1897	13.090909090909092	296
3250	13.090909090909092	298
543	13.09090909090909	306
309	13.09090909090909	307
3068	13.0	309
465	13.0	312
2511	13.0	314
2530	13.0	322
3067	12.90909090909091	324
3287	12.90909090909091	326
2107	12.90909090909091	328
3078	12.909090909090908	330
528	12.909090909090908	331
2450	12.909090909090908	332
2940	12.909090909090908	336
1445	12.909090909090908	337
2844	12.909090909090908	340
3579	12.909090909090908	342
3012	12.909090909090908	345
532	12.818181818181818	346
2096	12.818181818181818	347
3099	12.818181818181818	351
275	12.818181818181818	353
449	12.818181818181818	357
3923	12.818181818181818	358
3143	12.818181818181818	359
3871	12.818181818181818	362
2164	12.818181818181818	363
1711	12.727272727272728	369
725	12.727272727272728	378
368	12.727272727272728	384
172	12.727272727272728	385
3066	12.727272727272728	387
2694	12.727272727272728	389
518	12.636363636363637	392
3906	12.636363636363637	397
803	12.636363636363637	403
3036	12.636363636363637	406
1080	12.636363636363637	408
3629	12.636363636363637	411
361	12.636363636363637	412
2408	12.636363636363637	413
1019	12.636363636363637	414
2414	12.636363636363637	415
2155	12.545454545454543	418
1031	12.545454545454543	419
736	12.545454545454543	423
2390	12.545454545454543	428
38	12.545454545454543	430
3199	12.545454545454543	431
2658	12.545454545454543	432
1580	12.545454545454543	433
2918	12.454545454545457	439
3119	12.454545454545457	440
2931	12.454545454545457	442
2306	12.454545454545457	444
1365	12.454545454545457	446
3395	12.454545454545457	449
1260	12.454545454545457	453
2475	12.363636363636363	464
3434	12.363636363636363	465
2493	12.363636363636363	466
2335	12.363636363636363	467
423	12.363636363636363	475
1812	12.363636363636363	476
3768	12.272727272727272	480
3014	12.272727272727272	482
2124	12.272727272727272	484
2464	12.272727272727272	487
249	12.272727272727272	489
2766	12.272727272727272	490
2529	12.272727272727272	493
563	12.272727272727272	498
2733	12.272727272727272	501
3173	12.272727272727272	502
420	12.272727272727272	503
3909	12.272727272727272	504
3643	12.272727272727272	506
2145	12.272727272727272	508
3550	12.181818181818182	519
136	12.181818181818182	520
1944	12.181818181818182	521
3181	12.181818181818182	526
3175	12.181818181818182	529
1334	12.090909090909092	532
2552	12.090909090909092	533
1388	12.090909090909092	536
2580	12.090909090909092	538
585	12.09090909090909	540
70	12.09090909090909	543
408	12.09090909090909	548
1946	12.09090909090909	550
1952	12.09090909090909	551
2125	12.09090909090909	553
1617	12.0	558
391	12.0	559
3463	12.0	561
1063	12.0	567
555	12.0	573
310	12.0	574
3557	12.0	579
673	12.0	581
359	12.0	583
3518	12.0	584
2861	12.0	587
1261	11.90909090909091	588
1135	11.90909090909091	591
2723	11.90909090909091	594
2009	11.90909090909091	595
1620	11.90909090909091	596
2864	11.909090909090908	598
948	11.909090909090908	602
916	11.909090909090908	603
3596	11.909090909090908	606
2756	11.909090909090908	610
2702	11.909090909090908	613
2417	11.818181818181818	617
46	11.818181818181818	621
2478	11.818181818181818	624
340	11.818181818181818	628
3051	11.818181818181818	632
20	11.818181818181818	636
2348	11.818181818181818	638
3658	11.727272727272728	641
2654	11.727272727272728	646
3578	11.727272727272728	647
1086	11.727272727272728	649
2392	11.727272727272728	651
76	11.727272727272728	652
2977	11.727272727272728	653
1126	11.727272727272728	657
443	11.727272727272728	658
1639	11.727272727272728	661
988	11.636363636363637	669
2482	11.636363636363637	670
1274	11.636363636363637	671
1869	11.636363636363637	675
153	11.636363636363637	679
3618	11.636363636363637	682
227	11.636363636363637	685
2946	11.636363636363637	686
547	11.636363636363637	687
445	11.636363636363637	690
2004	11.636363636363637	691
3521	11.636363636363637	693
569	11.545454545454543	695
2005	11.545454545454543	696
3188	11.545454545454543	697
2057	11.545454545454543	700
2498	11.545454545454543	701
2911	11.545454545454543	702
278	11.545454545454543	706
151	11.545454545454543	710
3734	11.545454545454543	720
2287	11.454545454545457	727
1244	11.454545454545457	730
2902	11.454545454545457	735
525	11.454545454545457	739
3652	11.454545454545457	744
52	11.454545454545457	746
954	11.454545454545457	748
1822	11.363636363636363	753
2128	11.363636363636363	754
2677	11.363636363636363	759
3153	11.363636363636363	760
1129	11.363636363636363	763
526	11.363636363636363	765
3895	11.363636363636363	767
1360	11.363636363636363	776
2527	11.363636363636363	782
2352	11.363636363636363	783
384	11.363636363636363	787
2819	11.363636363636363	788
2273	11.363636363636363	789
531	11.272727272727272	794
3448	11.272727272727272	799
303	11.272727272727272	803
319	11.272727272727272	804
2025	11.272727272727272	808
1050	11.272727272727272	813
3857	11.272727272727272	819
2938	11.272727272727272	821
2877	11.272727272727272	823
2047	11.181818181818182	834
1980	11.181818181818182	839
2594	11.181818181818182	840
1779	11.181818181818182	849
964	11.181818181818182	854
2926	11.181818181818182	855
169	11.181818181818182	862
2289	11.181818181818182	864
1501	11.090909090909092	871
2721	11.090909090909092	873
574	11.090909090909092	884
3635	11.09090909090909	886
3317	11.09090909090909	888
2381	11.09090909090909	889
3661	11.09090909090909	890
3453	11.0	894
2266	11.0	899
3749	11.0	901
628	11.0	903
253	11.0	905
3197	11.0	908
2675	11.0	911
1906	11.0	915
2073	11.0	919
2616	11.0	920
3865	11.0	924
3007	11.0	926
2799	10.909090909090908	942
1855	10.909090909090908	944
2401	10.909090909090908	947
2903	10.909090909090908	949
3134	10.818181818181818	964
2521	10.818181818181818	975
2506	10.818181818181818	979
3520	10.818181818181818	981
251	10.818181818181818	983
2066	10.818181818181818	986
3438	10.818181818181818	993
437	10.818181818181818	995
1926	10.818181818181818	996
2378	10.818181818181818	997
2054	10.727272727272728	1001
1752	10.727272727272728	1006
1556	10.727272727272728	1011
915	10.727272727272728	1015
3737	10.727272727272728	1018
163	10.727272727272728	1021
2655	10.727272727272728	1033
786	10.727272727272728	1035
26	10.727272727272728	1037
3430	10.636363636363637	1046
3419	10.636363636363637	1048
634	10.636363636363637	1057
2130	10.636363636363637	1059
615	10.636363636363637	1060
581	10.636363636363637	1062
3187	10.636363636363637	1065
2854	10.636363636363637	1070
3785	10.636363636363637	1076
1911	10.636363636363637	1077
1382	10.636363636363637	1078
3846	10.636363636363637	1081
1754	10.636363636363637	1082
1991	10.636363636363637	1086
1293	10.545454545454543	1093
548	10.545454545454543	1096
3792	10.545454545454543	1097
1488	10.545454545454543	1098
830	10.545454545454543	1110
10	10.545454545454543	1113
3748	10.545454545454543	1116
2569	10.545454545454543	1123
2791	10.545454545454543	1125
2561	10.545454545454543	1127
496	10.545454545454543	1132
1640	10.454545454545457	1133
1977	10.454545454545457	1138
358	10.454545454545457	1144
653	10.454545454545457	1147
47	10.454545454545457	1148
161	10.454545454545457	1149
3206	10.454545454545457	1150
2307	10.454545454545457	1157
2232	10.454545454545457	1163
1113	10.454545454545457	1167
2365	10.454545454545457	1169
533	10.363636363636363	1175
2075	10.363636363636363	1185
2317	10.363636363636363	1186
3389	10.363636363636363	1187
1647	10.363636363636363	1188
1999	10.363636363636363	1189
3549	10.363636363636363	1192
1610	10.363636363636363	1194
3797	10.363636363636363	1197
3828	10.363636363636363	1199
1863	10.363636363636363	1204
3461	10.272727272727272	1205
3670	10.272727272727272	1215
419	10.272727272727272	1216
2629	10.272727272727272	1217
1533	10.272727272727272	1222
1748	10.272727272727272	1224
2743	10.272727272727272	1225
3428	10.272727272727272	1226
2283	10.272727272727272	1227
2929	10.272727272727272	1234
3920	10.272727272727272	1235
1884	10.272727272727272	1236
1827	10.272727272727272	1242
2448	10.272727272727272	1245
2532	10.272727272727272	1255
1694	10.181818181818182	1264
88	10.181818181818182	1265
2418	10.181818181818182	1266
2590	10.181818181818182	1268
3824	10.181818181818182	1269
1979	10.181818181818182	1280
1675	10.181818181818182	1281
1653	10.181818181818182	1284
2185	10.181818181818182	1286
539	10.181818181818182	1287
757	10.181818181818182	1291
938	10.181818181818182	1292
3301	10.181818181818182	1295
905	10.181818181818182	1300
3075	10.181818181818182	1304
2291	10.181818181818182	1311
1245	10.090909090909092	1313
2284	10.090909090909092	1324
2060	10.090909090909092	1325
1020	10.090909090909092	1327
3440	10.09090909090909	1336
652	10.09090909090909	1337
83	10.09090909090909	1341
1095	10.09090909090909	1342
3243	10.09090909090909	1351
767	10.09090909090909	1355
2409	10.0	1362
2172	10.0	1363
2193	10.0	1366
2686	10.0	1370
2741	10.0	1372
2762	10.0	1373
2559	10.0	1376
2367	10.0	1378
3773	10.0	1380
3146	10.0	1383
3114	10.0	1384
3822	10.0	1385
1	10.0	1387
1057	10.0	1390
919	10.0	1392
1068	10.0	1401
1453	10.0	1404
276	9.90909090909091	1411
1351	9.90909090909091	1413
2617	9.909090909090908	1414
2106	9.909090909090908	1415
2453	9.909090909090908	1416
2447	9.909090909090908	1418
937	9.909090909090908	1424
544	9.909090909090908	1426
3392	9.909090909090908	1428
2943	9.909090909090908	1432
2458	9.909090909090908	1433
95	9.909090909090908	1438
1539	9.909090909090908	1441
953	9.818181818181818	1443
1087	9.818181818181818	1444
2419	9.818181818181818	1447
455	9.818181818181818	1449
1457	9.818181818181818	1455
3109	9.818181818181818	1458
2427	9.818181818181818	1461
2119	9.818181818181818	1464
2340	9.818181818181818	1466
3682	9.818181818181818	1470
198	9.818181818181818	1472
3932	9.818181818181818	1474
1879	9.818181818181818	1476
1900	9.818181818181818	1477
1931	9.818181818181818	1479
458	9.727272727272728	1481
2715	9.727272727272728	1489
2143	9.727272727272728	1492
2127	9.727272727272728	1496
780	9.727272727272728	1497
1756	9.727272727272728	1500
694	9.727272727272728	1503
1627	9.727272727272728	1504
1054	9.727272727272728	1506
2285	9.727272727272728	1507
1352	9.727272727272728	1509
376	9.727272727272728	1518
3404	9.727272727272728	1524
72	9.727272727272728	1525
14	9.636363636363637	1528
1767	9.636363636363637	1532
2716	9.636363636363637	1534
1631	9.636363636363637	1542
2886	9.636363636363637	1546
2859	9.636363636363637	1551
2874	9.636363636363637	1552
1844	9.636363636363637	1554
1937	9.636363636363637	1557
1760	9.636363636363637	1558
2443	9.636363636363637	1560
3551	9.636363636363637	1564
3174	9.636363636363637	1571
1127	9.545454545454543	1588
2353	9.545454545454543	1594
1785	9.545454545454543	1595
173	9.545454545454543	1596
3471	9.545454545454543	1601
2288	9.545454545454543	1602
3451	9.545454545454543	1604
48	9.545454545454543	1608
1273	9.545454545454543	1611
3259	9.545454545454543	1614
1981	9.545454545454543	1616
2618	9.545454545454543	1617
1043	9.545454545454543	1621
3034	9.545454545454543	1622
3669	9.545454545454543	1623
3024	9.545454545454543	1628
2939	9.545454545454543	1631
788	9.545454545454543	1632
2147	9.545454545454543	1633
1573	9.545454545454543	1635
3247	9.454545454545457	1636
2499	9.454545454545457	1647
606	9.454545454545457	1650
1327	9.454545454545457	1653
2485	9.454545454545457	1656
2855	9.454545454545457	1668
992	9.454545454545457	1669
1529	9.454545454545457	1672
889	9.454545454545457	1673
1549	9.454545454545457	1677
1671	9.363636363636363	1678
2992	9.363636363636363	1680
2813	9.363636363636363	1689
2156	9.363636363636363	1690
1642	9.363636363636363	1692
480	9.363636363636363	1699
3830	9.363636363636363	1708
828	9.363636363636363	1709
1651	9.363636363636363	1713
2607	9.363636363636363	1718
2582	9.363636363636363	1720
2337	9.363636363636363	1723
3139	9.272727272727272	1732
594	9.272727272727272	1736
3371	9.272727272727272	1741
2059	9.272727272727272	1758
1953	9.272727272727272	1761
2180	9.181818181818182	1764
1100	9.181818181818182	1765
1542	9.181818181818182	1773
3812	9.181818181818182	1775
1769	9.181818181818182	1776
1265	9.181818181818182	1777
3397	9.181818181818182	1785
1929	9.181818181818182	1788
3401	9.181818181818182	1792
457	9.181818181818182	1794
1574	9.181818181818182	1798
867	9.181818181818182	1799
3636	9.181818181818182	1810
3505	9.090909090909092	1813
273	9.090909090909092	1819
2993	9.09090909090909	1823
3580	9.09090909090909	1824
1217	9.09090909090909	1833
2324	9.09090909090909	1835
3113	9.09090909090909	1836
471	9.09090909090909	1841
1200	9.09090909090909	1843
412	9.0	1850
3548	9.0	1852
2518	9.0	1853
2231	9.0	1856
2509	9.0	1858
3500	9.0	1859
630	9.0	1862
3200	9.0	1867
1367	9.0	1868
3260	9.0	1869
656	9.0	1870
906	9.0	1872
1648	9.0	1873
111	9.0	1875
1916	9.0	1877
3801	8.90909090909091	1885
1326	8.90909090909091	1887
1044	8.90909090909091	1893
1032	8.90909090909091	1899
2072	8.909090909090908	1900
2148	8.909090909090908	1905
241	8.909090909090908	1909
1945	8.909090909090908	1912
155	8.909090909090908	1919
1028	8.909090909090908	1922
3269	8.909090909090908	1923
2436	8.909090909090908	1925
552	8.909090909090908	1926
2190	8.818181818181818	1928
2585	8.818181818181818	1933
451	8.818181818181818	1935
1096	8.818181818181818	1942
558	8.818181818181818	1944
3069	8.818181818181818	1948
1082	8.818181818181818	1949
3166	8.818181818181818	1953
456	8.818181818181818	1954
2522	8.818181818181818	1958
2548	8.818181818181818	1959
39	8.818181818181818	1962
3746	8.818181818181818	1965
3950	8.818181818181818	1971
3168	8.727272727272728	1974
479	8.727272727272727	1978
2038	8.727272727272727	1982
2195	8.727272727272727	1983
3344	8.727272727272727	1988
2942	8.727272727272727	1990
2271	8.727272727272727	1991
1085	8.727272727272727	1992
3008	8.727272727272727	1999
79	8.727272727272727	2001
2083	8.727272727272727	2006
66	8.727272727272727	2007
599	8.727272727272727	2009
3037	8.727272727272727	2012
1317	8.727272727272727	2017
3570	8.727272727272727	2025
1730	8.727272727272727	2030
1184	8.727272727272727	2031
3362	8.636363636363637	2038
3719	8.636363636363637	2043
2303	8.636363636363637	2046
2768	8.636363636363637	2051
491	8.636363636363637	2052
1665	8.636363636363637	2056
1725	8.636363636363637	2057
1436	8.636363636363637	2059
146	8.636363636363637	2061
3049	8.636363636363637	2063
1561	8.636363636363637	2066
2357	8.636363636363637	2069
2924	8.636363636363637	2072
860	8.636363636363637	2074
2439	8.545454545454545	2082
1018	8.545454545454545	2085
1381	8.545454545454545	2089
3093	8.545454545454545	2093
3559	8.545454545454545	2099
710	8.545454545454545	2101
1236	8.545454545454545	2104
2692	8.545454545454545	2110
1092	8.545454545454545	2115
1696	8.545454545454545	2117
3720	8.545454545454545	2118
339	8.545454545454545	2122
2626	8.545454545454545	2127
191	8.454545454545455	2137
3592	8.454545454545455	2138
1461	8.454545454545455	2139
60	8.454545454545455	2141
2320	8.454545454545455	2142
3462	8.454545454545455	2147
3056	8.454545454545455	2148
866	8.454545454545455	2150
36	8.454545454545455	2152
2104	8.454545454545455	2154
2144	8.454545454545455	2157
2420	8.454545454545455	2163
1476	8.454545454545455	2171
265	8.363636363636363	2178
2362	8.363636363636363	2179
2662	8.363636363636363	2185
1703	8.363636363636363	2187
2533	8.363636363636363	2188
2648	8.363636363636363	2191
472	8.363636363636363	2198
3097	8.363636363636363	2201
3845	8.363636363636363	2202
3118	8.363636363636363	2207
529	8.363636363636363	2211
2431	8.272727272727273	2215
3003	8.272727272727273	2216
588	8.272727272727273	2219
1834	8.272727272727273	2223
1253	8.272727272727273	2224
3944	8.272727272727273	2231
338	8.272727272727273	2234
1656	8.272727272727273	2235
3610	8.272727272727273	2239
944	8.272727272727273	2250
2202	8.272727272727273	2252
2280	8.272727272727273	2253
3077	8.272727272727273	2254
290	8.181818181818182	2263
24	8.181818181818182	2270
3466	8.181818181818182	2278
1393	8.181818181818182	2281
1012	8.181818181818182	2282
2729	8.181818181818182	2283
2659	8.181818181818182	2286
1348	8.181818181818182	2295
2223	8.181818181818182	2296
2472	8.090909090909092	2302
2346	8.090909090909092	2305
1276	8.090909090909092	2306
1982	8.090909090909092	2320
3781	8.09090909090909	2327
3608	8.09090909090909	2333
321	8.09090909090909	2334
17	8.09090909090909	2335
2915	8.09090909090909	2336
3534	8.09090909090909	2337
164	8.09090909090909	2340
2267	8.09090909090909	2341
1427	8.0	2344
2097	8.0	2347
2062	8.0	2348
3708	8.0	2352
2364	8.0	2354
2334	8.0	2359
1683	8.0	2360
1377	8.0	2361
3316	8.0	2369
1042	8.0	2371
2356	8.0	2375
637	7.909090909090909	2380
304	7.909090909090909	2394
3943	7.909090909090909	2400
1602	7.909090909090909	2406
1619	7.909090909090909	2408
2181	7.818181818181818	2412
137	7.818181818181818	2415
2206	7.818181818181818	2416
708	7.818181818181818	2417
1354	7.818181818181818	2422
2345	7.818181818181818	2430
2325	7.818181818181818	2431
2369	7.818181818181818	2433
1323	7.818181818181818	2437
3091	7.818181818181818	2439
1668	7.818181818181818	2443
3020	7.818181818181818	2444
881	7.8181818181818175	2447
1459	7.727272727272727	2450
2413	7.727272727272727	2453
1409	7.727272727272727	2461
2695	7.727272727272727	2469
3386	7.636363636363637	2476
3322	7.636363636363637	2489
2956	7.636363636363637	2490
2928	7.636363636363637	2492
2534	7.636363636363636	2495
3949	7.545454545454546	2496
2019	7.545454545454546	2502
2991	7.545454545454546	2503
779	7.545454545454546	2506
1655	7.545454545454545	2510
3802	7.545454545454545	2512
3086	7.545454545454545	2519
426	7.545454545454545	2520
1525	7.545454545454545	2521
3251	7.454545454545455	2525
610	7.454545454545455	2531
259	7.454545454545454	2536
2606	7.454545454545454	2537
1172	7.454545454545454	2540
621	7.454545454545454	2541
921	7.454545454545454	2542
2871	7.454545454545454	2543
849	7.454545454545454	2546
2674	7.454545454545454	2547
3262	7.454545454545454	2549
3826	7.454545454545454	2550
640	7.363636363636363	2564
2835	7.363636363636363	2565
296	7.363636363636363	2568
2541	7.363636363636363	2569
312	7.363636363636363	2570
3942	7.363636363636363	2575
3732	7.363636363636363	2578
3415	7.272727272727272	2583
3648	7.272727272727272	2591
2071	7.272727272727272	2594
1203	7.272727272727272	2597
114	7.272727272727272	2599
1037	7.272727272727272	2605
1849	7.272727272727272	2608
2298	7.181818181818182	2617
2253	7.181818181818182	2629
1064	7.181818181818182	2632
2676	7.181818181818182	2637
3105	7.181818181818182	2638
3660	7.181818181818182	2639
3863	7.181818181818182	2640
1101	7.090909090909091	2643
3738	7.090909090909091	2647
272	7.090909090909091	2651
3308	7.090909090909091	2652
3644	7.090909090909091	2655
3872	7.090909090909091	2656
2795	7.090909090909091	2657
3058	7.090909090909091	2658
3176	7.090909090909091	2659
3632	7.090909090909091	2661
1271	7.0	2665
371	7.0	2669
910	7.0	2681
1609	7.0	2683
1584	7.0	2685
2691	6.909090909090909	2688
3714	6.909090909090909	2692
2454	6.909090909090909	2696
3025	6.909090909090909	2704
888	6.818181818181818	2711
440	6.818181818181818	2712
11	6.818181818181818	2715
2076	6.818181818181818	2716
162	6.818181818181818	2726
530	6.727272727272728	2740
118	6.727272727272728	2744
2388	6.727272727272728	2748
3276	6.727272727272728	2757
3385	6.727272727272728	2758
3375	6.727272727272728	2759
2597	6.727272727272728	2760
3306	6.636363636363637	2772
187	6.636363636363637	2774
920	6.636363636363637	2776
378	6.545454545454546	2785
3535	6.545454545454546	2786
1960	6.545454545454546	2791
1120	6.545454545454545	2796
596	6.545454545454545	2801
1288	6.454545454545454	2814
196	6.454545454545454	2815
3135	6.454545454545454	2818
502	6.454545454545454	2821
570	6.363636363636363	2830
722	6.363636363636363	2832
3298	6.363636363636363	2833
1541	6.363636363636363	2836
3885	6.363636363636363	2841
2608	6.363636363636363	2843
3818	6.363636363636363	2844
996	6.363636363636363	2846
742	6.363636363636363	2849
2996	6.363636363636363	2850
1805	6.2727272727272725	2856
2634	6.2727272727272725	2857
3597	6.2727272727272725	2860
44	6.181818181818182	2874
751	6.181818181818182	2876
2036	6.181818181818182	2878
3138	6.090909090909091	2881
3300	6.090909090909091	2883
2566	6.090909090909091	2886
891	6.090909090909091	2890
3365	6.090909090909091	2891
2375	6.090909090909091	2893
3726	6.0	2897
1957	6.0	2903
3062	6.0	2909
687	6.0	2910
3418	5.909090909090909	2919
2077	5.909090909090909	2922
41	5.909090909090909	2924
1007	5.818181818181818	2928
3103	5.818181818181818	2929
3794	5.727272727272728	2939
105	5.727272727272728	2942
3476	5.727272727272728	2943
3275	5.727272727272728	2945
3111	5.727272727272728	2950
1061	5.727272727272728	2952
3849	5.636363636363637	2956
2166	5.545454545454546	2965
174	5.545454545454546	2967
55	5.545454545454546	2968
2834	5.545454545454546	2969
1066	5.545454545454545	2972
3757	5.545454545454545	2974
661	5.545454545454545	2976
2361	5.545454545454545	2977
1008	5.454545454545454	2982
1860	5.454545454545454	2985
2208	5.363636363636363	2990
522	5.2727272727272725	2999
3886	5.2727272727272725	3000
2672	5.2727272727272725	3001
3194	5.2727272727272725	3003
2826	5.090909090909091	3016
2112	5.090909090909091	3021
2242	5.0	3026
1939	5.0	3028
3613	4.545454545454545	3050
1526	4.181818181818182	3065
1131	3.8181818181818175	3072
3926	3.5454545454545454	3075
