3742	1880	0.9090909090909091	False
3742	3114	0.8181818181818182	False
3742	88	0.7272727272727273	True
3742	1128	0.6363636363636364	False
3742	2792	0.5454545454545454	False
3742	3564	0.45454545454545453	True
3742	2674	0.36363636363636365	True
3742	2925	0.2727272727272727	True
3742	3672	0.18181818181818182	True
3742	2654	0.09090909090909091	True
1512	1880	0.9090909090909091	False
1512	3114	0.8181818181818182	False
1512	1128	0.7272727272727273	False
1512	2674	0.6363636363636364	True
1512	2792	0.5454545454545454	False
1512	1535	0.45454545454545453	True
1512	88	0.36363636363636365	True
1512	829	0.2727272727272727	True
1512	1213	0.18181818181818182	True
1512	869	0.09090909090909091	True
3771	1880	0.9090909090909091	False
3771	3114	0.8181818181818182	False
3771	3917	0.7272727272727273	True
3771	2792	0.6363636363636364	False
3771	695	0.5454545454545454	True
3771	829	0.45454545454545453	True
3771	2025	0.36363636363636365	True
3771	2674	0.2727272727272727	True
3771	1200	0.18181818181818182	True
3771	1128	0.09090909090909091	False
2489	1880	0.9090909090909091	False
2489	3114	0.8181818181818182	False
2489	2674	0.7272727272727273	True
2489	1128	0.6363636363636364	False
2489	57	0.5454545454545454	True
2489	2025	0.45454545454545453	True
2489	2961	0.36363636363636365	True
2489	829	0.2727272727272727	True
2489	1507	0.18181818181818182	False
2489	2792	0.09090909090909091	False
410	3114	0.9090909090909091	False
410	1880	0.8181818181818182	False
410	829	0.7272727272727273	True
410	1128	0.6363636363636364	False
410	1194	0.5454545454545454	True
410	2964	0.45454545454545453	True
410	218	0.36363636363636365	True
410	1507	0.2727272727272727	False
410	1535	0.18181818181818182	True
410	1213	0.09090909090909091	True
2629	1880	0.9090909090909091	False
2629	3114	0.8181818181818182	False
2629	2792	0.7272727272727273	False
2629	1128	0.6363636363636364	False
2629	1278	0.5454545454545454	True
2629	695	0.45454545454545453	True
2629	88	0.36363636363636365	True
2629	3917	0.2727272727272727	True
2629	451	0.18181818181818182	True
2629	1213	0.09090909090909091	True
1577	1880	0.9090909090909091	False
1577	3114	0.8181818181818182	False
1577	1507	0.7272727272727273	False
1577	1128	0.6363636363636364	False
1577	2674	0.5454545454545454	True
1577	2792	0.45454545454545453	False
1577	1194	0.36363636363636365	True
1577	1213	0.2727272727272727	True
1577	829	0.18181818181818182	True
1577	88	0.09090909090909091	True
5279	1880	0.9090909090909091	False
5279	3114	0.8181818181818182	False
5279	829	0.7272727272727273	True
5279	3578	0.6363636363636364	True
5279	695	0.5454545454545454	True
5279	1549	0.45454545454545453	True
5279	2964	0.36363636363636365	True
5279	1507	0.2727272727272727	False
5279	2792	0.18181818181818182	False
5279	429	0.09090909090909091	True
130	3114	0.9090909090909091	False
130	1880	0.8181818181818182	False
130	2674	0.7272727272727273	True
130	1507	0.6363636363636364	False
130	88	0.5454545454545454	True
130	1128	0.45454545454545453	False
130	3256	0.36363636363636365	True
130	2792	0.2727272727272727	False
130	2925	0.18181818181818182	True
130	2775	0.09090909090909091	True
4398	1880	0.9090909090909091	False
4398	3114	0.8181818181818182	False
4398	1128	0.7272727272727273	False
4398	1507	0.6363636363636364	False
4398	88	0.5454545454545454	True
4398	3564	0.45454545454545453	True
4398	218	0.36363636363636365	True
4398	950	0.2727272727272727	True
4398	2792	0.18181818181818182	False
4398	1194	0.09090909090909091	True
4841	3114	0.9090909090909091	False
4841	1880	0.8181818181818182	False
4841	1194	0.7272727272727273	True
4841	1507	0.6363636363636364	False
4841	2775	0.5454545454545454	True
4841	950	0.45454545454545453	True
4841	451	0.36363636363636365	True
4841	829	0.2727272727272727	True
4841	2025	0.18181818181818182	True
4841	1128	0.09090909090909091	False
411	1880	0.9090909090909091	False
411	3114	0.8181818181818182	False
411	2775	0.7272727272727273	True
411	1507	0.6363636363636364	False
411	88	0.5454545454545454	True
411	1128	0.45454545454545453	False
411	950	0.36363636363636365	True
411	1213	0.2727272727272727	True
411	218	0.18181818181818182	True
411	3137	0.09090909090909091	True
5388	1880	0.9090909090909091	False
5388	3114	0.8181818181818182	False
5388	1128	0.7272727272727273	False
5388	1507	0.6363636363636364	False
5388	829	0.5454545454545454	True
5388	2674	0.45454545454545453	True
5388	451	0.36363636363636365	True
5388	88	0.2727272727272727	True
5388	1535	0.18181818181818182	True
5388	2919	0.09090909090909091	True
460	1880	0.9090909090909091	False
460	3114	0.8181818181818182	False
460	1128	0.7272727272727273	False
460	1194	0.6363636363636364	True
460	2792	0.5454545454545454	False
460	3137	0.45454545454545453	True
460	1535	0.36363636363636365	True
460	3564	0.2727272727272727	True
460	2775	0.18181818181818182	True
460	829	0.09090909090909091	True
5187	1880	0.9090909090909091	False
5187	3114	0.8181818181818182	False
5187	2792	0.7272727272727273	False
5187	2775	0.6363636363636364	True
5187	829	0.5454545454545454	True
5187	88	0.45454545454545453	True
5187	1128	0.36363636363636365	False
5187	869	0.2727272727272727	True
5187	451	0.18181818181818182	True
5187	1507	0.09090909090909091	False
493	1880	0.9090909090909091	False
493	3114	0.8181818181818182	False
493	1128	0.7272727272727273	False
493	88	0.6363636363636364	True
493	829	0.5454545454545454	True
493	2025	0.45454545454545453	True
493	1535	0.36363636363636365	True
493	2925	0.2727272727272727	True
493	2792	0.18181818181818182	False
493	2674	0.09090909090909091	True
5776	1880	0.9090909090909091	False
5776	3114	0.8181818181818182	False
5776	1128	0.7272727272727273	False
5776	2792	0.6363636363636364	False
5776	829	0.5454545454545454	True
5776	1507	0.45454545454545453	False
5776	869	0.36363636363636365	True
5776	2775	0.2727272727272727	True
5776	695	0.18181818181818182	True
5776	3917	0.09090909090909091	True
5411	1880	0.9090909090909091	False
5411	3114	0.8181818181818182	False
5411	1128	0.7272727272727273	False
5411	829	0.6363636363636364	True
5411	1507	0.5454545454545454	False
5411	88	0.45454545454545453	True
5411	1194	0.36363636363636365	True
5411	3564	0.2727272727272727	True
5411	3917	0.18181818181818182	True
5411	2025	0.09090909090909091	True
687	1880	0.9090909090909091	False
687	3114	0.8181818181818182	False
687	1507	0.7272727272727273	False
687	829	0.6363636363636364	True
687	1213	0.5454545454545454	True
687	950	0.45454545454545453	True
687	1128	0.36363636363636365	False
687	3564	0.2727272727272727	True
687	88	0.18181818181818182	True
687	218	0.09090909090909091	True
4021	1880	0.9090909090909091	False
4021	3114	0.8181818181818182	False
4021	451	0.7272727272727273	True
4021	1128	0.6363636363636364	False
4021	2792	0.5454545454545454	False
4021	2025	0.45454545454545453	True
4021	88	0.36363636363636365	True
4021	1213	0.2727272727272727	True
4021	829	0.18181818181818182	True
4021	2674	0.09090909090909091	True
1383	1880	0.9090909090909091	False
1383	3114	0.8181818181818182	False
1383	1128	0.7272727272727273	False
1383	2792	0.6363636363636364	False
1383	829	0.5454545454545454	True
1383	88	0.45454545454545453	True
1383	1278	0.36363636363636365	True
1383	451	0.2727272727272727	True
1383	1507	0.18181818181818182	False
1383	218	0.09090909090909091	True
4774	3114	0.9090909090909091	False
4774	1880	0.8181818181818182	False
4774	2792	0.7272727272727273	False
4774	829	0.6363636363636364	True
4774	869	0.5454545454545454	True
4774	1278	0.45454545454545453	True
4774	1128	0.36363636363636365	False
4774	3137	0.2727272727272727	True
4774	1602	0.18181818181818182	True
4774	3578	0.09090909090909091	True
1663	1880	0.9090909090909091	False
1663	3114	0.8181818181818182	False
1663	829	0.7272727272727273	True
1663	1194	0.6363636363636364	True
1663	3097	0.5454545454545454	True
1663	2792	0.45454545454545453	False
1663	1213	0.36363636363636365	True
1663	2964	0.2727272727272727	True
1663	43	0.18181818181818182	True
1663	2160	0.09090909090909091	True
3071	1880	0.9090909090909091	False
3071	3114	0.8181818181818182	False
3071	1507	0.7272727272727273	False
3071	88	0.6363636363636364	True
3071	950	0.5454545454545454	True
3071	2775	0.45454545454545453	True
3071	1128	0.36363636363636365	False
3071	2674	0.2727272727272727	True
3071	2025	0.18181818181818182	True
3071	1200	0.09090909090909091	True
1853	1880	0.9090909090909091	False
1853	3114	0.8181818181818182	False
1853	2792	0.7272727272727273	False
1853	1128	0.6363636363636364	False
1853	869	0.5454545454545454	True
1853	1278	0.45454545454545453	True
1853	88	0.36363636363636365	True
1853	2674	0.2727272727272727	True
1853	3137	0.18181818181818182	True
1853	3578	0.09090909090909091	True
3939	3114	0.9090909090909091	False
3939	1880	0.8181818181818182	False
3939	829	0.7272727272727273	True
3939	1128	0.6363636363636364	False
3939	2775	0.5454545454545454	True
3939	2792	0.45454545454545453	False
3939	218	0.36363636363636365	True
3939	429	0.2727272727272727	True
3939	1507	0.18181818181818182	False
3939	2025	0.09090909090909091	True
5075	3114	0.9090909090909091	False
5075	1880	0.8181818181818182	False
5075	2964	0.7272727272727273	True
5075	2925	0.6363636363636364	True
5075	1194	0.5454545454545454	True
5075	1128	0.45454545454545453	False
5075	829	0.36363636363636365	True
5075	451	0.2727272727272727	True
5075	2025	0.18181818181818182	True
5075	1507	0.09090909090909091	False
5030	1880	0.9090909090909091	False
5030	3114	0.8181818181818182	False
5030	950	0.7272727272727273	True
5030	1213	0.6363636363636364	True
5030	2919	0.5454545454545454	True
5030	1194	0.45454545454545453	True
5030	2025	0.36363636363636365	True
5030	1507	0.2727272727272727	False
5030	2961	0.18181818181818182	True
5030	695	0.09090909090909091	True
5244	1880	0.9090909090909091	False
5244	3114	0.8181818181818182	False
5244	3564	0.7272727272727273	True
5244	88	0.6363636363636364	True
5244	1535	0.5454545454545454	True
5244	1128	0.45454545454545453	False
5244	218	0.36363636363636365	True
5244	2116	0.2727272727272727	True
5244	2792	0.18181818181818182	False
5244	2674	0.09090909090909091	True
3633	3114	0.9090909090909091	False
3633	1880	0.8181818181818182	False
3633	1128	0.7272727272727273	False
3633	88	0.6363636363636364	True
3633	2775	0.5454545454545454	True
3633	1507	0.45454545454545453	False
3633	829	0.36363636363636365	True
3633	2792	0.2727272727272727	False
3633	451	0.18181818181818182	True
3633	1514	0.09090909090909091	True
3882	3114	0.9090909090909091	False
3882	1880	0.8181818181818182	False
3882	1128	0.7272727272727273	False
3882	829	0.6363636363636364	True
3882	88	0.5454545454545454	True
3882	1535	0.45454545454545453	True
3882	1514	0.36363636363636365	True
3882	869	0.2727272727272727	True
3882	1507	0.18181818181818182	False
3882	3137	0.09090909090909091	True
2338	3114	0.9090909090909091	False
2338	1880	0.8181818181818182	False
2338	1194	0.7272727272727273	True
2338	829	0.6363636363636364	True
2338	1514	0.5454545454545454	True
2338	950	0.45454545454545453	True
2338	1507	0.36363636363636365	False
2338	2925	0.2727272727272727	True
2338	1128	0.18181818181818182	False
2338	2025	0.09090909090909091	True
3674	3114	0.9090909090909091	False
3674	1880	0.8181818181818182	False
3674	1507	0.7272727272727273	False
3674	829	0.6363636363636364	True
3674	1128	0.5454545454545454	False
3674	1194	0.45454545454545453	True
3674	869	0.36363636363636365	True
3674	950	0.2727272727272727	True
3674	2674	0.18181818181818182	True
3674	3578	0.09090909090909091	True
2341	1880	0.9090909090909091	False
2341	3114	0.8181818181818182	False
2341	1128	0.7272727272727273	False
2341	451	0.6363636363636364	True
2341	1507	0.5454545454545454	False
2341	829	0.45454545454545453	True
2341	1194	0.36363636363636365	True
2341	218	0.2727272727272727	True
2341	950	0.18181818181818182	True
2341	2674	0.09090909090909091	True
3576	1880	0.9090909090909091	False
3576	3114	0.8181818181818182	False
3576	1128	0.7272727272727273	False
3576	829	0.6363636363636364	True
3576	88	0.5454545454545454	True
3576	2775	0.45454545454545453	True
3576	2792	0.36363636363636365	False
3576	429	0.2727272727272727	True
3576	335	0.18181818181818182	True
3576	3578	0.09090909090909091	True
3112	1880	0.9090909090909091	False
3112	3114	0.8181818181818182	False
3112	1128	0.7272727272727273	False
3112	2792	0.6363636363636364	False
3112	1278	0.5454545454545454	True
3112	1507	0.45454545454545453	False
3112	829	0.36363636363636365	True
3112	2674	0.2727272727272727	True
3112	3917	0.18181818181818182	True
3112	3672	0.09090909090909091	True
4202	1880	0.9090909090909091	False
4202	3114	0.8181818181818182	False
4202	1128	0.7272727272727273	False
4202	2674	0.6363636363636364	True
4202	1507	0.5454545454545454	False
4202	829	0.45454545454545453	True
4202	2792	0.36363636363636365	False
4202	1602	0.2727272727272727	True
4202	695	0.18181818181818182	True
4202	1535	0.09090909090909091	True
4775	3114	0.9090909090909091	False
4775	1880	0.8181818181818182	False
4775	1194	0.7272727272727273	True
4775	1507	0.6363636363636364	False
4775	2925	0.5454545454545454	True
4775	1128	0.45454545454545453	False
4775	218	0.36363636363636365	True
4775	829	0.2727272727272727	True
4775	1290	0.18181818181818182	True
4775	1514	0.09090909090909091	True
2249	1880	0.9090909090909091	False
2249	3114	0.8181818181818182	False
2249	88	0.7272727272727273	True
2249	1128	0.6363636363636364	False
2249	2792	0.5454545454545454	False
2249	3097	0.45454545454545453	True
2249	2025	0.36363636363636365	True
2249	829	0.2727272727272727	True
2249	1507	0.18181818181818182	False
2249	1535	0.09090909090909091	True
4075	1880	0.9090909090909091	False
4075	3114	0.8181818181818182	False
4075	1128	0.7272727272727273	False
4075	88	0.6363636363636364	True
4075	218	0.5454545454545454	True
4075	1507	0.45454545454545453	False
4075	3564	0.36363636363636365	True
4075	1535	0.2727272727272727	True
4075	2925	0.18181818181818182	True
4075	1514	0.09090909090909091	True
1419	1880	0.9090909090909091	False
1419	3114	0.8181818181818182	False
1419	1128	0.7272727272727273	False
1419	2792	0.6363636363636364	False
1419	451	0.5454545454545454	True
1419	2925	0.45454545454545453	True
1419	88	0.36363636363636365	True
1419	829	0.2727272727272727	True
1419	2025	0.18181818181818182	True
1419	1278	0.09090909090909091	True
2336	1880	0.9090909090909091	False
2336	3114	0.8181818181818182	False
2336	2674	0.7272727272727273	True
2336	1128	0.6363636363636364	False
2336	88	0.5454545454545454	True
2336	1507	0.45454545454545453	False
2336	2792	0.36363636363636365	False
2336	451	0.2727272727272727	True
2336	3917	0.18181818181818182	True
2336	695	0.09090909090909091	True
260	1880	0.9090909090909091	False
260	3114	0.8181818181818182	False
260	1213	0.7272727272727273	True
260	88	0.6363636363636364	True
260	950	0.5454545454545454	True
260	2025	0.45454545454545453	True
260	1194	0.36363636363636365	True
260	1128	0.2727272727272727	False
260	695	0.18181818181818182	True
260	2792	0.09090909090909091	False
4883	1880	0.9090909090909091	False
4883	3114	0.8181818181818182	False
4883	1128	0.7272727272727273	False
4883	829	0.6363636363636364	True
4883	1507	0.5454545454545454	False
4883	1535	0.45454545454545453	True
4883	3564	0.36363636363636365	True
4883	1194	0.2727272727272727	True
4883	3256	0.18181818181818182	True
4883	2925	0.09090909090909091	True
3701	1880	0.9090909090909091	False
3701	3114	0.8181818181818182	False
3701	1128	0.7272727272727273	False
3701	88	0.6363636363636364	True
3701	2792	0.5454545454545454	False
3701	451	0.45454545454545453	True
3701	1507	0.36363636363636365	False
3701	3917	0.2727272727272727	True
3701	1278	0.18181818181818182	True
3701	2775	0.09090909090909091	True
1460	1880	0.9090909090909091	False
1460	3114	0.8181818181818182	False
1460	451	0.7272727272727273	True
1460	2792	0.6363636363636364	False
1460	1128	0.5454545454545454	False
1460	1278	0.45454545454545453	True
1460	2674	0.36363636363636365	True
1460	2025	0.2727272727272727	True
1460	3917	0.18181818181818182	True
1460	829	0.09090909090909091	True
3636	1880	0.9090909090909091	False
3636	3114	0.8181818181818182	False
3636	1128	0.7272727272727273	False
3636	451	0.6363636363636364	True
3636	88	0.5454545454545454	True
3636	2674	0.45454545454545453	True
3636	2792	0.36363636363636365	False
3636	3282	0.2727272727272727	True
3636	1507	0.18181818181818182	False
3636	1278	0.09090909090909091	True
5264	1880	0.9090909090909091	False
5264	3114	0.8181818181818182	False
5264	88	0.7272727272727273	True
5264	2775	0.6363636363636364	True
5264	2792	0.5454545454545454	False
5264	429	0.45454545454545453	True
5264	1128	0.36363636363636365	False
5264	2025	0.2727272727272727	True
5264	1507	0.18181818181818182	False
5264	2674	0.09090909090909091	True
2955	3114	0.9090909090909091	False
2955	1880	0.8181818181818182	False
2955	1194	0.7272727272727273	True
2955	1507	0.6363636363636364	False
2955	2775	0.5454545454545454	True
2955	829	0.45454545454545453	True
2955	451	0.36363636363636365	True
2955	1128	0.2727272727272727	False
2955	2819	0.18181818181818182	True
2955	335	0.09090909090909091	True
4333	1880	0.9090909090909091	False
4333	3114	0.8181818181818182	False
4333	1128	0.7272727272727273	False
4333	88	0.6363636363636364	True
4333	829	0.5454545454545454	True
4333	2792	0.45454545454545453	False
4333	2025	0.36363636363636365	True
4333	429	0.2727272727272727	True
4333	451	0.18181818181818182	True
4333	2674	0.09090909090909091	True
1031	1880	0.9090909090909091	False
1031	3114	0.8181818181818182	False
1031	1128	0.7272727272727273	False
1031	2792	0.6363636363636364	False
1031	2674	0.5454545454545454	True
1031	829	0.45454545454545453	True
1031	88	0.36363636363636365	True
1031	1535	0.2727272727272727	True
1031	451	0.18181818181818182	True
1031	2116	0.09090909090909091	True
5806	1880	0.9090909090909091	False
5806	3114	0.8181818181818182	False
5806	2025	0.7272727272727273	True
5806	1200	0.6363636363636364	True
5806	829	0.5454545454545454	True
5806	429	0.45454545454545453	True
5806	2792	0.36363636363636365	False
5806	3578	0.2727272727272727	True
5806	3564	0.18181818181818182	True
5806	707	0.09090909090909091	True
2630	1880	0.9090909090909091	False
2630	3114	0.8181818181818182	False
2630	2792	0.7272727272727273	False
2630	628	0.6363636363636364	True
2630	1128	0.5454545454545454	False
2630	88	0.45454545454545453	True
2630	869	0.36363636363636365	True
2630	2775	0.2727272727272727	True
2630	429	0.18181818181818182	True
2630	3137	0.09090909090909091	True
4142	1880	0.9090909090909091	False
4142	3114	0.8181818181818182	False
4142	1128	0.7272727272727273	False
4142	829	0.6363636363636364	True
4142	218	0.5454545454545454	True
4142	1507	0.45454545454545453	False
4142	88	0.36363636363636365	True
4142	2925	0.2727272727272727	True
4142	1278	0.18181818181818182	True
4142	2792	0.09090909090909091	False
5322	3114	0.9090909090909091	False
5322	1880	0.8181818181818182	False
5322	1128	0.7272727272727273	False
5322	451	0.6363636363636364	True
5322	1278	0.5454545454545454	True
5322	829	0.45454545454545453	True
5322	1507	0.36363636363636365	False
5322	1194	0.2727272727272727	True
5322	2819	0.18181818181818182	True
5322	2792	0.09090909090909091	False
5482	3114	0.9090909090909091	False
5482	1880	0.8181818181818182	False
5482	451	0.7272727272727273	True
5482	2025	0.6363636363636364	True
5482	1194	0.5454545454545454	True
5482	829	0.45454545454545453	True
5482	2819	0.36363636363636365	True
5482	57	0.2727272727272727	True
5482	1278	0.18181818181818182	True
5482	1507	0.09090909090909091	False
2904	1880	0.9090909090909091	False
2904	3114	0.8181818181818182	False
2904	1128	0.7272727272727273	False
2904	88	0.6363636363636364	True
2904	829	0.5454545454545454	True
2904	2792	0.45454545454545453	False
2904	2025	0.36363636363636365	True
2904	1535	0.2727272727272727	True
2904	3564	0.18181818181818182	True
2904	2674	0.09090909090909091	True
2115	1880	0.9090909090909091	False
2115	3114	0.8181818181818182	False
2115	2792	0.7272727272727273	False
2115	1128	0.6363636363636364	False
2115	1278	0.5454545454545454	True
2115	829	0.45454545454545453	True
2115	2919	0.36363636363636365	True
2115	3564	0.2727272727272727	True
2115	88	0.18181818181818182	True
2115	218	0.09090909090909091	True
413	1880	0.9090909090909091	False
413	3114	0.8181818181818182	False
413	1128	0.7272727272727273	False
413	829	0.6363636363636364	True
413	2674	0.5454545454545454	True
413	2792	0.45454545454545453	False
413	695	0.36363636363636365	True
413	2025	0.2727272727272727	True
413	3917	0.18181818181818182	True
413	1535	0.09090909090909091	True
902	1880	0.9090909090909091	False
902	3114	0.8181818181818182	False
902	2792	0.7272727272727273	False
902	1128	0.6363636363636364	False
902	218	0.5454545454545454	True
902	88	0.45454545454545453	True
902	3137	0.36363636363636365	True
902	829	0.2727272727272727	True
902	1278	0.18181818181818182	True
902	429	0.09090909090909091	True
5725	1880	0.9090909090909091	False
5725	3114	0.8181818181818182	False
5725	1128	0.7272727272727273	False
5725	829	0.6363636363636364	True
5725	218	0.5454545454545454	True
5725	2919	0.45454545454545453	True
5725	88	0.36363636363636365	True
5725	1194	0.2727272727272727	True
5725	2961	0.18181818181818182	True
5725	3578	0.09090909090909091	True
33	1880	0.9090909090909091	False
33	3114	0.8181818181818182	False
33	1128	0.7272727272727273	False
33	2792	0.6363636363636364	False
33	88	0.5454545454545454	True
33	451	0.45454545454545453	True
33	2674	0.36363636363636365	True
33	3564	0.2727272727272727	True
33	1278	0.18181818181818182	True
33	2116	0.09090909090909091	True
5745	1880	0.9090909090909091	False
5745	3114	0.8181818181818182	False
5745	1507	0.7272727272727273	False
5745	1128	0.6363636363636364	False
5745	88	0.5454545454545454	True
5745	451	0.45454545454545453	True
5745	1535	0.36363636363636365	True
5745	2025	0.2727272727272727	True
5745	2674	0.18181818181818182	True
5745	2792	0.09090909090909091	False
2939	1880	0.9090909090909091	False
2939	3114	0.8181818181818182	False
2939	1128	0.7272727272727273	False
2939	1194	0.6363636363636364	True
2939	829	0.5454545454545454	True
2939	218	0.45454545454545453	True
2939	1507	0.36363636363636365	False
2939	2964	0.2727272727272727	True
2939	2792	0.18181818181818182	False
2939	3564	0.09090909090909091	True
332	1880	0.9090909090909091	False
332	3114	0.8181818181818182	False
332	1128	0.7272727272727273	False
332	88	0.6363636363636364	True
332	1278	0.5454545454545454	True
332	695	0.45454545454545453	True
332	829	0.36363636363636365	True
332	2674	0.2727272727272727	True
332	2792	0.18181818181818182	False
332	2919	0.09090909090909091	True
2536	1880	0.9090909090909091	False
2536	3114	0.8181818181818182	False
2536	1128	0.7272727272727273	False
2536	451	0.6363636363636364	True
2536	1200	0.5454545454545454	True
2536	2025	0.45454545454545453	True
2536	88	0.36363636363636365	True
2536	3564	0.2727272727272727	True
2536	2961	0.18181818181818182	True
2536	2919	0.09090909090909091	True
1226	1880	0.9090909090909091	False
1226	3114	0.8181818181818182	False
1226	2674	0.7272727272727273	True
1226	1128	0.6363636363636364	False
1226	218	0.5454545454545454	True
1226	1507	0.45454545454545453	False
1226	1278	0.36363636363636365	True
1226	88	0.2727272727272727	True
1226	2413	0.18181818181818182	True
1226	1535	0.09090909090909091	True
2675	3114	0.9090909090909091	False
2675	1880	0.8181818181818182	False
2675	1128	0.7272727272727273	False
2675	1194	0.6363636363636364	True
2675	2792	0.5454545454545454	False
2675	2674	0.45454545454545453	True
2675	1507	0.36363636363636365	False
2675	2775	0.2727272727272727	True
2675	1514	0.18181818181818182	True
2675	869	0.09090909090909091	True
1271	1880	0.9090909090909091	False
1271	3114	0.8181818181818182	False
1271	1128	0.7272727272727273	False
1271	88	0.6363636363636364	True
1271	829	0.5454545454545454	True
1271	1507	0.45454545454545453	False
1271	218	0.36363636363636365	True
1271	3578	0.2727272727272727	True
1271	2792	0.18181818181818182	False
1271	2674	0.09090909090909091	True
4541	1880	0.9090909090909091	False
4541	3114	0.8181818181818182	False
4541	2792	0.7272727272727273	False
4541	88	0.6363636363636364	True
4541	3564	0.5454545454545454	True
4541	1128	0.45454545454545453	False
4541	2116	0.36363636363636365	True
4541	2025	0.2727272727272727	True
4541	451	0.18181818181818182	True
4541	218	0.09090909090909091	True
2800	3114	0.9090909090909091	False
2800	1880	0.8181818181818182	False
2800	1507	0.7272727272727273	False
2800	1128	0.6363636363636364	False
2800	2775	0.5454545454545454	True
2800	88	0.45454545454545453	True
2800	1213	0.36363636363636365	True
2800	2792	0.2727272727272727	False
2800	451	0.18181818181818182	True
2800	2674	0.09090909090909091	True
5938	1880	0.9090909090909091	False
5938	3114	0.8181818181818182	False
5938	1128	0.7272727272727273	False
5938	2792	0.6363636363636364	False
5938	88	0.5454545454545454	True
5938	1507	0.45454545454545453	False
5938	829	0.36363636363636365	True
5938	3917	0.2727272727272727	True
5938	1278	0.18181818181818182	True
5938	451	0.09090909090909091	True
3455	1880	0.9090909090909091	False
3455	3114	0.8181818181818182	False
3455	88	0.7272727272727273	True
3455	2674	0.6363636363636364	True
3455	218	0.5454545454545454	True
3455	1507	0.45454545454545453	False
3455	1535	0.36363636363636365	True
3455	429	0.2727272727272727	True
3455	1128	0.18181818181818182	False
3455	829	0.09090909090909091	True
3672	1880	0.9090909090909091	False
3672	3114	0.8181818181818182	False
3672	1128	0.7272727272727273	False
3672	1507	0.6363636363636364	False
3672	88	0.5454545454545454	True
3672	2674	0.45454545454545453	True
3672	429	0.36363636363636365	True
3672	218	0.2727272727272727	True
3672	3564	0.18181818181818182	True
3672	829	0.09090909090909091	True
4939	1880	0.9090909090909091	False
4939	3114	0.8181818181818182	False
4939	2792	0.7272727272727273	False
4939	2674	0.6363636363636364	True
4939	3917	0.5454545454545454	True
4939	695	0.45454545454545453	True
4939	1278	0.36363636363636365	True
4939	1507	0.2727272727272727	False
4939	2819	0.18181818181818182	True
4939	1128	0.09090909090909091	False
2996	1880	0.9090909090909091	False
2996	3114	0.8181818181818182	False
2996	88	0.7272727272727273	True
2996	2775	0.6363636363636364	True
2996	2792	0.5454545454545454	False
2996	3137	0.45454545454545453	True
2996	429	0.36363636363636365	True
2996	1128	0.2727272727272727	False
2996	3578	0.18181818181818182	True
2996	1507	0.09090909090909091	False
4766	1880	0.9090909090909091	False
4766	3114	0.8181818181818182	False
4766	1194	0.7272727272727273	True
4766	829	0.6363636363636364	True
4766	1128	0.5454545454545454	False
4766	1535	0.45454545454545453	True
4766	3564	0.36363636363636365	True
4766	2674	0.2727272727272727	True
4766	1507	0.18181818181818182	False
4766	2025	0.09090909090909091	True
5683	3114	0.9090909090909091	False
5683	1880	0.8181818181818182	False
5683	1128	0.7272727272727273	False
5683	2674	0.6363636363636364	True
5683	88	0.5454545454545454	True
5683	429	0.45454545454545453	True
5683	1535	0.36363636363636365	True
5683	869	0.2727272727272727	True
5683	2792	0.18181818181818182	False
5683	829	0.09090909090909091	True
2216	3114	0.9090909090909091	False
2216	1880	0.8181818181818182	False
2216	829	0.7272727272727273	True
2216	2025	0.6363636363636364	True
2216	1278	0.5454545454545454	True
2216	2925	0.45454545454545453	True
2216	1128	0.36363636363636365	False
2216	88	0.2727272727272727	True
2216	2819	0.18181818181818182	True
2216	1194	0.09090909090909091	True
4680	3114	0.9090909090909091	False
4680	1880	0.8181818181818182	False
4680	2674	0.7272727272727273	True
4680	1507	0.6363636363636364	False
4680	2792	0.5454545454545454	False
4680	829	0.45454545454545453	True
4680	1128	0.36363636363636365	False
4680	451	0.2727272727272727	True
4680	1278	0.18181818181818182	True
4680	869	0.09090909090909091	True
2092	1880	0.9090909090909091	False
2092	3114	0.8181818181818182	False
2092	3917	0.7272727272727273	True
2092	1278	0.6363636363636364	True
2092	88	0.5454545454545454	True
2092	1507	0.45454545454545453	False
2092	829	0.36363636363636365	True
2092	451	0.2727272727272727	True
2092	2025	0.18181818181818182	True
2092	2792	0.09090909090909091	False
1560	1880	0.9090909090909091	False
1560	3114	0.8181818181818182	False
1560	1128	0.7272727272727273	False
1560	88	0.6363636363636364	True
1560	218	0.5454545454545454	True
1560	451	0.45454545454545453	True
1560	2792	0.36363636363636365	False
1560	1507	0.2727272727272727	False
1560	3564	0.18181818181818182	True
1560	829	0.09090909090909091	True
5553	1880	0.9090909090909091	False
5553	3114	0.8181818181818182	False
5553	1128	0.7272727272727273	False
5553	1200	0.6363636363636364	True
5553	2674	0.5454545454545454	True
5553	218	0.45454545454545453	True
5553	3137	0.36363636363636365	True
5553	2792	0.2727272727272727	False
5553	1535	0.18181818181818182	True
5553	530	0.09090909090909091	True
6028	1880	0.9090909090909091	False
6028	3114	0.8181818181818182	False
6028	829	0.7272727272727273	True
6028	1128	0.6363636363636364	False
6028	2792	0.5454545454545454	False
6028	2674	0.45454545454545453	True
6028	3917	0.36363636363636365	True
6028	1507	0.2727272727272727	False
6028	2925	0.18181818181818182	True
6028	869	0.09090909090909091	True
193	1880	0.9090909090909091	False
193	3114	0.8181818181818182	False
193	1128	0.7272727272727273	False
193	3097	0.6363636363636364	True
193	88	0.5454545454545454	True
193	2025	0.45454545454545453	True
193	829	0.36363636363636365	True
193	2792	0.2727272727272727	False
193	57	0.18181818181818182	True
193	1535	0.09090909090909091	True
636	1880	0.9090909090909091	False
636	3114	0.8181818181818182	False
636	1128	0.7272727272727273	False
636	2792	0.6363636363636364	False
636	88	0.5454545454545454	True
636	1278	0.45454545454545453	True
636	3917	0.36363636363636365	True
636	218	0.2727272727272727	True
636	829	0.18181818181818182	True
636	2674	0.09090909090909091	True
678	1880	0.9090909090909091	False
678	3114	0.8181818181818182	False
678	2792	0.7272727272727273	False
678	1128	0.6363636363636364	False
678	829	0.5454545454545454	True
678	1507	0.45454545454545453	False
678	2674	0.36363636363636365	True
678	1194	0.2727272727272727	True
678	335	0.18181818181818182	True
678	218	0.09090909090909091	True
2925	1880	0.9090909090909091	False
2925	3114	0.8181818181818182	False
2925	1128	0.7272727272727273	False
2925	1507	0.6363636363636364	False
2925	2674	0.5454545454545454	True
2925	88	0.45454545454545453	True
2925	829	0.36363636363636365	True
2925	2792	0.2727272727272727	False
2925	3097	0.18181818181818182	True
2925	695	0.09090909090909091	True
703	1880	0.9090909090909091	False
703	3114	0.8181818181818182	False
703	1194	0.7272727272727273	True
703	829	0.6363636363636364	True
703	1128	0.5454545454545454	False
703	57	0.45454545454545453	True
703	2792	0.36363636363636365	False
703	2674	0.2727272727272727	True
703	218	0.18181818181818182	True
703	1213	0.09090909090909091	True
2535	1880	0.9090909090909091	False
2535	3114	0.8181818181818182	False
2535	2792	0.7272727272727273	False
2535	3564	0.6363636363636364	True
2535	88	0.5454545454545454	True
2535	1128	0.45454545454545453	False
2535	1507	0.36363636363636365	False
2535	218	0.2727272727272727	True
2535	829	0.18181818181818182	True
2535	2775	0.09090909090909091	True
2243	3114	0.9090909090909091	False
2243	1880	0.8181818181818182	False
2243	1128	0.7272727272727273	False
2243	829	0.6363636363636364	True
2243	3137	0.5454545454545454	True
2243	1507	0.45454545454545453	False
2243	1194	0.36363636363636365	True
2243	1535	0.2727272727272727	True
2243	2674	0.18181818181818182	True
2243	218	0.09090909090909091	True
285	1880	0.9090909090909091	False
285	3114	0.8181818181818182	False
285	218	0.7272727272727273	True
285	1128	0.6363636363636364	False
285	88	0.5454545454545454	True
285	2792	0.45454545454545453	False
285	829	0.36363636363636365	True
285	3564	0.2727272727272727	True
285	2674	0.18181818181818182	True
285	2919	0.09090909090909091	True
205	1880	0.9090909090909091	False
205	3114	0.8181818181818182	False
205	1507	0.7272727272727273	False
205	1194	0.6363636363636364	True
205	829	0.5454545454545454	True
205	1128	0.45454545454545453	False
205	2674	0.36363636363636365	True
205	2792	0.2727272727272727	False
205	2025	0.18181818181818182	True
205	451	0.09090909090909091	True
3982	1880	0.9090909090909091	False
3982	3114	0.8181818181818182	False
3982	3564	0.7272727272727273	True
3982	1200	0.6363636363636364	True
3982	1535	0.5454545454545454	True
3982	829	0.45454545454545453	True
3982	218	0.36363636363636365	True
3982	1128	0.2727272727272727	False
3982	2792	0.18181818181818182	False
3982	869	0.09090909090909091	True
2987	1880	0.9090909090909091	False
2987	3114	0.8181818181818182	False
2987	218	0.7272727272727273	True
2987	1507	0.6363636363636364	False
2987	1278	0.5454545454545454	True
2987	829	0.45454545454545453	True
2987	3564	0.36363636363636365	True
2987	2964	0.2727272727272727	True
2987	2792	0.18181818181818182	False
2987	1194	0.09090909090909091	True
1504	1880	0.9090909090909091	False
1504	3114	0.8181818181818182	False
1504	1128	0.7272727272727273	False
1504	429	0.6363636363636364	True
1504	2919	0.5454545454545454	True
1504	88	0.45454545454545453	True
1504	3564	0.36363636363636365	True
1504	3578	0.2727272727272727	True
1504	829	0.18181818181818182	True
1504	2025	0.09090909090909091	True
4973	1880	0.9090909090909091	False
4973	3114	0.8181818181818182	False
4973	1507	0.7272727272727273	False
4973	2025	0.6363636363636364	True
4973	695	0.5454545454545454	True
4973	1213	0.45454545454545453	True
4973	1194	0.36363636363636365	True
4973	2964	0.2727272727272727	True
4973	829	0.18181818181818182	True
4973	2792	0.09090909090909091	False
2905	3114	0.9090909090909091	False
2905	1880	0.8181818181818182	False
2905	1128	0.7272727272727273	False
2905	2674	0.6363636363636364	True
2905	2792	0.5454545454545454	False
2905	829	0.45454545454545453	True
2905	88	0.36363636363636365	True
2905	1602	0.2727272727272727	True
2905	1507	0.18181818181818182	False
2905	1535	0.09090909090909091	True
