3543	1548	0.9090909090909091	False
3543	1447	0.8181818181818182	False
3543	1811	0.7272727272727273	False
3543	3819	0.6363636363636364	True
3543	3196	0.5454545454545454	False
3543	2692	0.45454545454545453	True
3543	1007	0.36363636363636365	False
3543	1382	0.2727272727272727	True
3543	3813	0.18181818181818182	True
3543	1147	0.09090909090909091	True
652	1548	0.9090909090909091	False
652	1447	0.8181818181818182	False
652	1811	0.7272727272727273	False
652	3819	0.6363636363636364	True
652	3196	0.5454545454545454	False
652	1007	0.45454545454545453	False
652	2692	0.36363636363636365	True
652	3813	0.2727272727272727	True
652	2801	0.18181818181818182	True
652	2464	0.09090909090909091	True
2233	1548	0.9090909090909091	False
2233	1447	0.8181818181818182	False
2233	3819	0.7272727272727273	True
2233	1811	0.6363636363636364	False
2233	3196	0.5454545454545454	False
2233	2692	0.45454545454545453	True
2233	1007	0.36363636363636365	False
2233	3813	0.2727272727272727	True
2233	2801	0.18181818181818182	True
2233	2464	0.09090909090909091	True
3351	1548	0.9090909090909091	False
3351	1447	0.8181818181818182	False
3351	3819	0.7272727272727273	True
3351	1811	0.6363636363636364	False
3351	3196	0.5454545454545454	False
3351	2692	0.45454545454545453	True
3351	1007	0.36363636363636365	False
3351	2801	0.2727272727272727	True
3351	2236	0.18181818181818182	True
3351	3813	0.09090909090909091	True
2975	1548	0.9090909090909091	False
2975	1447	0.8181818181818182	False
2975	1811	0.7272727272727273	False
2975	3196	0.6363636363636364	False
2975	3819	0.5454545454545454	True
2975	2692	0.45454545454545453	True
2975	1007	0.36363636363636365	False
2975	2801	0.2727272727272727	True
2975	3813	0.18181818181818182	True
2975	2464	0.09090909090909091	True
177	1548	0.9090909090909091	False
177	1447	0.8181818181818182	False
177	1811	0.7272727272727273	False
177	3819	0.6363636363636364	True
177	3196	0.5454545454545454	False
177	2692	0.45454545454545453	True
177	1007	0.36363636363636365	False
177	2801	0.2727272727272727	True
177	3813	0.18181818181818182	True
177	2464	0.09090909090909091	True
1007	1548	0.9090909090909091	False
1007	1447	0.8181818181818182	False
1007	1811	0.7272727272727273	False
1007	3819	0.6363636363636364	True
1007	3196	0.5454545454545454	False
1007	1007	0.45454545454545453	False
1007	2692	0.36363636363636365	True
1007	3813	0.2727272727272727	True
1007	2801	0.18181818181818182	True
1007	2464	0.09090909090909091	True
75	1548	0.9090909090909091	False
75	1447	0.8181818181818182	False
75	1811	0.7272727272727273	False
75	3819	0.6363636363636364	True
75	3196	0.5454545454545454	False
75	2692	0.45454545454545453	True
75	1007	0.36363636363636365	False
75	2801	0.2727272727272727	True
75	3813	0.18181818181818182	True
75	2236	0.09090909090909091	True
3055	1548	0.9090909090909091	False
3055	1447	0.8181818181818182	False
3055	3819	0.7272727272727273	True
3055	1811	0.6363636363636364	False
3055	3196	0.5454545454545454	False
3055	1007	0.45454545454545453	False
3055	2692	0.36363636363636365	True
3055	2801	0.2727272727272727	True
3055	3813	0.18181818181818182	True
3055	2464	0.09090909090909091	True
739	1548	0.9090909090909091	False
739	1447	0.8181818181818182	False
739	3819	0.7272727272727273	True
739	3196	0.6363636363636364	False
739	1811	0.5454545454545454	False
739	1007	0.45454545454545453	False
739	2692	0.36363636363636365	True
739	2801	0.2727272727272727	True
739	3813	0.18181818181818182	True
739	2464	0.09090909090909091	True
4893	1548	0.9090909090909091	False
4893	1447	0.8181818181818182	False
4893	3819	0.7272727272727273	True
4893	3196	0.6363636363636364	False
4893	1811	0.5454545454545454	False
4893	1007	0.45454545454545453	False
4893	2692	0.36363636363636365	True
4893	2801	0.2727272727272727	True
4893	3813	0.18181818181818182	True
4893	2236	0.09090909090909091	True
2206	1548	0.9090909090909091	False
2206	1447	0.8181818181818182	False
2206	1811	0.7272727272727273	False
2206	3196	0.6363636363636364	False
2206	3819	0.5454545454545454	True
2206	1007	0.45454545454545453	False
2206	2692	0.36363636363636365	True
2206	2801	0.2727272727272727	True
2206	3813	0.18181818181818182	True
2206	2236	0.09090909090909091	True
4540	1548	0.9090909090909091	False
4540	1447	0.8181818181818182	False
4540	3196	0.7272727272727273	False
4540	3819	0.6363636363636364	True
4540	1811	0.5454545454545454	False
4540	1007	0.45454545454545453	False
4540	2692	0.36363636363636365	True
4540	2801	0.2727272727272727	True
4540	3813	0.18181818181818182	True
4540	2236	0.09090909090909091	True
3541	1548	0.9090909090909091	False
3541	1447	0.8181818181818182	False
3541	1811	0.7272727272727273	False
3541	3819	0.6363636363636364	True
3541	3196	0.5454545454545454	False
3541	2692	0.45454545454545453	True
3541	2801	0.36363636363636365	True
3541	1007	0.2727272727272727	False
3541	3813	0.18181818181818182	True
3541	2236	0.09090909090909091	True
2672	1548	0.9090909090909091	False
2672	1447	0.8181818181818182	False
2672	1811	0.7272727272727273	False
2672	3819	0.6363636363636364	True
2672	3196	0.5454545454545454	False
2672	1007	0.45454545454545453	False
2672	2692	0.36363636363636365	True
2672	3813	0.2727272727272727	True
2672	2464	0.18181818181818182	True
2672	2236	0.09090909090909091	True
2641	1548	0.9090909090909091	False
2641	1447	0.8181818181818182	False
2641	3819	0.7272727272727273	True
2641	1811	0.6363636363636364	False
2641	3196	0.5454545454545454	False
2641	2692	0.45454545454545453	True
2641	1007	0.36363636363636365	False
2641	2801	0.2727272727272727	True
2641	3813	0.18181818181818182	True
2641	2236	0.09090909090909091	True
4898	1548	0.9090909090909091	False
4898	1447	0.8181818181818182	False
4898	1811	0.7272727272727273	False
4898	3819	0.6363636363636364	True
4898	3196	0.5454545454545454	False
4898	2692	0.45454545454545453	True
4898	1007	0.36363636363636365	False
4898	3813	0.2727272727272727	True
4898	2236	0.18181818181818182	True
4898	2801	0.09090909090909091	True
514	1548	0.9090909090909091	False
514	1447	0.8181818181818182	False
514	1811	0.7272727272727273	False
514	3196	0.6363636363636364	False
514	3819	0.5454545454545454	True
514	1007	0.45454545454545453	False
514	2692	0.36363636363636365	True
514	2801	0.2727272727272727	True
514	3813	0.18181818181818182	True
514	1382	0.09090909090909091	True
525	1548	0.9090909090909091	False
525	1447	0.8181818181818182	False
525	1811	0.7272727272727273	False
525	3819	0.6363636363636364	True
525	3196	0.5454545454545454	False
525	2692	0.45454545454545453	True
525	1007	0.36363636363636365	False
525	2801	0.2727272727272727	True
525	3813	0.18181818181818182	True
525	2464	0.09090909090909091	True
2684	1548	0.9090909090909091	False
2684	1447	0.8181818181818182	False
2684	1811	0.7272727272727273	False
2684	3819	0.6363636363636364	True
2684	3196	0.5454545454545454	False
2684	2692	0.45454545454545453	True
2684	1007	0.36363636363636365	False
2684	2801	0.2727272727272727	True
2684	3813	0.18181818181818182	True
2684	2236	0.09090909090909091	True
5520	1548	0.9090909090909091	False
5520	1447	0.8181818181818182	False
5520	1811	0.7272727272727273	False
5520	3819	0.6363636363636364	True
5520	3196	0.5454545454545454	False
5520	1007	0.45454545454545453	False
5520	2692	0.36363636363636365	True
5520	3813	0.2727272727272727	True
5520	2801	0.18181818181818182	True
5520	2236	0.09090909090909091	True
951	1548	0.9090909090909091	False
951	1447	0.8181818181818182	False
951	3819	0.7272727272727273	True
951	3196	0.6363636363636364	False
951	1811	0.5454545454545454	False
951	1007	0.45454545454545453	False
951	2692	0.36363636363636365	True
951	2801	0.2727272727272727	True
951	3813	0.18181818181818182	True
951	1147	0.09090909090909091	True
5222	1548	0.9090909090909091	False
5222	1447	0.8181818181818182	False
5222	1811	0.7272727272727273	False
5222	3819	0.6363636363636364	True
5222	3196	0.5454545454545454	False
5222	2692	0.45454545454545453	True
5222	1007	0.36363636363636365	False
5222	3813	0.2727272727272727	True
5222	2801	0.18181818181818182	True
5222	2236	0.09090909090909091	True
1651	1548	0.9090909090909091	False
1651	1447	0.8181818181818182	False
1651	1811	0.7272727272727273	False
1651	3196	0.6363636363636364	False
1651	3819	0.5454545454545454	True
1651	2692	0.45454545454545453	True
1651	1007	0.36363636363636365	False
1651	2801	0.2727272727272727	True
1651	2236	0.18181818181818182	True
1651	3813	0.09090909090909091	True
3551	1548	0.9090909090909091	False
3551	1447	0.8181818181818182	False
3551	1811	0.7272727272727273	False
3551	3196	0.6363636363636364	False
3551	3819	0.5454545454545454	True
3551	2692	0.45454545454545453	True
3551	1007	0.36363636363636365	False
3551	2801	0.2727272727272727	True
3551	3813	0.18181818181818182	True
3551	2464	0.09090909090909091	True
4907	1548	0.9090909090909091	False
4907	1447	0.8181818181818182	False
4907	3819	0.7272727272727273	True
4907	1811	0.6363636363636364	False
4907	3196	0.5454545454545454	False
4907	2692	0.45454545454545453	True
4907	1007	0.36363636363636365	False
4907	3813	0.2727272727272727	True
4907	2801	0.18181818181818182	True
4907	2464	0.09090909090909091	True
2627	1548	0.9090909090909091	False
2627	1447	0.8181818181818182	False
2627	1811	0.7272727272727273	False
2627	3196	0.6363636363636364	False
2627	3819	0.5454545454545454	True
2627	1007	0.45454545454545453	False
2627	2692	0.36363636363636365	True
2627	3813	0.2727272727272727	True
2627	2801	0.18181818181818182	True
2627	2236	0.09090909090909091	True
2201	1548	0.9090909090909091	False
2201	1447	0.8181818181818182	False
2201	3819	0.7272727272727273	True
2201	3196	0.6363636363636364	False
2201	1811	0.5454545454545454	False
2201	2692	0.45454545454545453	True
2201	1007	0.36363636363636365	False
2201	3813	0.2727272727272727	True
2201	2801	0.18181818181818182	True
2201	2236	0.09090909090909091	True
925	1548	0.9090909090909091	False
925	1447	0.8181818181818182	False
925	3819	0.7272727272727273	True
925	3196	0.6363636363636364	False
925	1811	0.5454545454545454	False
925	2692	0.45454545454545453	True
925	3813	0.36363636363636365	True
925	1007	0.2727272727272727	False
925	2801	0.18181818181818182	True
925	2236	0.09090909090909091	True
1634	1548	0.9090909090909091	False
1634	1447	0.8181818181818182	False
1634	3196	0.7272727272727273	False
1634	1811	0.6363636363636364	False
1634	3819	0.5454545454545454	True
1634	1007	0.45454545454545453	False
1634	2692	0.36363636363636365	True
1634	2801	0.2727272727272727	True
1634	3813	0.18181818181818182	True
1634	1147	0.09090909090909091	True
261	1548	0.9090909090909091	False
261	1447	0.8181818181818182	False
261	3819	0.7272727272727273	True
261	1811	0.6363636363636364	False
261	3196	0.5454545454545454	False
261	1007	0.45454545454545453	False
261	2801	0.36363636363636365	True
261	2692	0.2727272727272727	True
261	2464	0.18181818181818182	True
261	3813	0.09090909090909091	True
4240	1548	0.9090909090909091	False
4240	1447	0.8181818181818182	False
4240	3819	0.7272727272727273	True
4240	3196	0.6363636363636364	False
4240	1811	0.5454545454545454	False
4240	2692	0.45454545454545453	True
4240	1007	0.36363636363636365	False
4240	2464	0.2727272727272727	True
4240	2801	0.18181818181818182	True
4240	3813	0.09090909090909091	True
4544	1548	0.9090909090909091	False
4544	1447	0.8181818181818182	False
4544	1811	0.7272727272727273	False
4544	3819	0.6363636363636364	True
4544	3196	0.5454545454545454	False
4544	1007	0.45454545454545453	False
4544	2801	0.36363636363636365	True
4544	2692	0.2727272727272727	True
4544	3813	0.18181818181818182	True
4544	2464	0.09090909090909091	True
5467	1548	0.9090909090909091	False
5467	1447	0.8181818181818182	False
5467	1811	0.7272727272727273	False
5467	3819	0.6363636363636364	True
5467	3196	0.5454545454545454	False
5467	1007	0.45454545454545453	False
5467	2692	0.36363636363636365	True
5467	2801	0.2727272727272727	True
5467	3813	0.18181818181818182	True
5467	2464	0.09090909090909091	True
3154	1548	0.9090909090909091	False
3154	1447	0.8181818181818182	False
3154	1811	0.7272727272727273	False
3154	3819	0.6363636363636364	True
3154	3196	0.5454545454545454	False
3154	1007	0.45454545454545453	False
3154	2692	0.36363636363636365	True
3154	2801	0.2727272727272727	True
3154	3813	0.18181818181818182	True
3154	2236	0.09090909090909091	True
1712	1548	0.9090909090909091	False
1712	1447	0.8181818181818182	False
1712	3196	0.7272727272727273	False
1712	1811	0.6363636363636364	False
1712	3819	0.5454545454545454	True
1712	2692	0.45454545454545453	True
1712	1007	0.36363636363636365	False
1712	2801	0.2727272727272727	True
1712	3813	0.18181818181818182	True
1712	2464	0.09090909090909091	True
5622	1548	0.9090909090909091	False
5622	1447	0.8181818181818182	False
5622	1811	0.7272727272727273	False
5622	3196	0.6363636363636364	False
5622	3819	0.5454545454545454	True
5622	2692	0.45454545454545453	True
5622	1007	0.36363636363636365	False
5622	3813	0.2727272727272727	True
5622	2801	0.18181818181818182	True
5622	2236	0.09090909090909091	True
3901	1548	0.9090909090909091	False
3901	1447	0.8181818181818182	False
3901	1811	0.7272727272727273	False
3901	3819	0.6363636363636364	True
3901	3196	0.5454545454545454	False
3901	1007	0.45454545454545453	False
3901	2692	0.36363636363636365	True
3901	2801	0.2727272727272727	True
3901	3813	0.18181818181818182	True
3901	1147	0.09090909090909091	True
5974	1548	0.9090909090909091	False
5974	1447	0.8181818181818182	False
5974	1811	0.7272727272727273	False
5974	3196	0.6363636363636364	False
5974	3819	0.5454545454545454	True
5974	1007	0.45454545454545453	False
5974	2692	0.36363636363636365	True
5974	2801	0.2727272727272727	True
5974	3813	0.18181818181818182	True
5974	2236	0.09090909090909091	True
3655	1548	0.9090909090909091	False
3655	1447	0.8181818181818182	False
3655	3819	0.7272727272727273	True
3655	3196	0.6363636363636364	False
3655	1811	0.5454545454545454	False
3655	1007	0.45454545454545453	False
3655	2692	0.36363636363636365	True
3655	2801	0.2727272727272727	True
3655	3813	0.18181818181818182	True
3655	2236	0.09090909090909091	True
805	1548	0.9090909090909091	False
805	1447	0.8181818181818182	False
805	3196	0.7272727272727273	False
805	1811	0.6363636363636364	False
805	3819	0.5454545454545454	True
805	2692	0.45454545454545453	True
805	1007	0.36363636363636365	False
805	2801	0.2727272727272727	True
805	3813	0.18181818181818182	True
805	270	0.09090909090909091	True
2699	1548	0.9090909090909091	False
2699	1447	0.8181818181818182	False
2699	3196	0.7272727272727273	False
2699	1811	0.6363636363636364	False
2699	3819	0.5454545454545454	True
2699	2692	0.45454545454545453	True
2699	1007	0.36363636363636365	False
2699	2801	0.2727272727272727	True
2699	3813	0.18181818181818182	True
2699	2464	0.09090909090909091	True
1232	1548	0.9090909090909091	False
1232	1447	0.8181818181818182	False
1232	1811	0.7272727272727273	False
1232	3819	0.6363636363636364	True
1232	3196	0.5454545454545454	False
1232	1007	0.45454545454545453	False
1232	3813	0.36363636363636365	True
1232	2692	0.2727272727272727	True
1232	2801	0.18181818181818182	True
1232	2464	0.09090909090909091	True
4842	1548	0.9090909090909091	False
4842	1447	0.8181818181818182	False
4842	3819	0.7272727272727273	True
4842	1811	0.6363636363636364	False
4842	3196	0.5454545454545454	False
4842	2692	0.45454545454545453	True
4842	1007	0.36363636363636365	False
4842	2801	0.2727272727272727	True
4842	3813	0.18181818181818182	True
4842	2464	0.09090909090909091	True
5168	1548	0.9090909090909091	False
5168	3819	0.8181818181818182	True
5168	1447	0.7272727272727273	False
5168	1811	0.6363636363636364	False
5168	3196	0.5454545454545454	False
5168	1007	0.45454545454545453	False
5168	2692	0.36363636363636365	True
5168	2801	0.2727272727272727	True
5168	3813	0.18181818181818182	True
5168	2236	0.09090909090909091	True
934	1548	0.9090909090909091	False
934	1447	0.8181818181818182	False
934	1811	0.7272727272727273	False
934	3819	0.6363636363636364	True
934	3196	0.5454545454545454	False
934	2801	0.45454545454545453	True
934	2692	0.36363636363636365	True
934	1007	0.2727272727272727	False
934	3813	0.18181818181818182	True
934	2236	0.09090909090909091	True
1449	1548	0.9090909090909091	False
1449	1447	0.8181818181818182	False
1449	1811	0.7272727272727273	False
1449	3819	0.6363636363636364	True
1449	3196	0.5454545454545454	False
1449	1007	0.45454545454545453	False
1449	2692	0.36363636363636365	True
1449	2801	0.2727272727272727	True
1449	3813	0.18181818181818182	True
1449	2236	0.09090909090909091	True
4846	1548	0.9090909090909091	False
4846	1447	0.8181818181818182	False
4846	1811	0.7272727272727273	False
4846	3196	0.6363636363636364	False
4846	3819	0.5454545454545454	True
4846	1007	0.45454545454545453	False
4846	2801	0.36363636363636365	True
4846	2692	0.2727272727272727	True
4846	3813	0.18181818181818182	True
4846	2464	0.09090909090909091	True
1034	1548	0.9090909090909091	False
1034	1447	0.8181818181818182	False
1034	1811	0.7272727272727273	False
1034	3819	0.6363636363636364	True
1034	3196	0.5454545454545454	False
1034	2692	0.45454545454545453	True
1034	1007	0.36363636363636365	False
1034	3813	0.2727272727272727	True
1034	2801	0.18181818181818182	True
1034	2236	0.09090909090909091	True
5942	1548	0.9090909090909091	False
5942	1447	0.8181818181818182	False
5942	3196	0.7272727272727273	False
5942	1811	0.6363636363636364	False
5942	3819	0.5454545454545454	True
5942	2692	0.45454545454545453	True
5942	1007	0.36363636363636365	False
5942	2801	0.2727272727272727	True
5942	3813	0.18181818181818182	True
5942	2236	0.09090909090909091	True
1545	1548	0.9090909090909091	False
1545	3819	0.8181818181818182	True
1545	1447	0.7272727272727273	False
1545	1811	0.6363636363636364	False
1545	3196	0.5454545454545454	False
1545	1007	0.45454545454545453	False
1545	2692	0.36363636363636365	True
1545	2801	0.2727272727272727	True
1545	2236	0.18181818181818182	True
1545	2464	0.09090909090909091	True
5977	1548	0.9090909090909091	False
5977	1447	0.8181818181818182	False
5977	1811	0.7272727272727273	False
5977	3196	0.6363636363636364	False
5977	3819	0.5454545454545454	True
5977	2692	0.45454545454545453	True
5977	1007	0.36363636363636365	False
5977	2801	0.2727272727272727	True
5977	3813	0.18181818181818182	True
5977	2236	0.09090909090909091	True
1288	1548	0.9090909090909091	False
1288	1447	0.8181818181818182	False
1288	3819	0.7272727272727273	True
1288	1811	0.6363636363636364	False
1288	3196	0.5454545454545454	False
1288	2692	0.45454545454545453	True
1288	1007	0.36363636363636365	False
1288	3813	0.2727272727272727	True
1288	2801	0.18181818181818182	True
1288	2464	0.09090909090909091	True
4320	1548	0.9090909090909091	False
4320	1447	0.8181818181818182	False
4320	3196	0.7272727272727273	False
4320	1811	0.6363636363636364	False
4320	3819	0.5454545454545454	True
4320	1007	0.45454545454545453	False
4320	2801	0.36363636363636365	True
4320	2692	0.2727272727272727	True
4320	1147	0.18181818181818182	True
4320	2464	0.09090909090909091	True
1818	1548	0.9090909090909091	False
1818	1447	0.8181818181818182	False
1818	1811	0.7272727272727273	False
1818	3196	0.6363636363636364	False
1818	3819	0.5454545454545454	True
1818	1007	0.45454545454545453	False
1818	2692	0.36363636363636365	True
1818	2801	0.2727272727272727	True
1818	3813	0.18181818181818182	True
1818	2464	0.09090909090909091	True
4832	1548	0.9090909090909091	False
4832	1447	0.8181818181818182	False
4832	1811	0.7272727272727273	False
4832	3196	0.6363636363636364	False
4832	3819	0.5454545454545454	True
4832	1007	0.45454545454545453	False
4832	2801	0.36363636363636365	True
4832	2692	0.2727272727272727	True
4832	3813	0.18181818181818182	True
4832	2464	0.09090909090909091	True
5035	1548	0.9090909090909091	False
5035	1447	0.8181818181818182	False
5035	3196	0.7272727272727273	False
5035	1811	0.6363636363636364	False
5035	3819	0.5454545454545454	True
5035	2692	0.45454545454545453	True
5035	1007	0.36363636363636365	False
5035	2801	0.2727272727272727	True
5035	3813	0.18181818181818182	True
5035	2464	0.09090909090909091	True
1266	1548	0.9090909090909091	False
1266	1447	0.8181818181818182	False
1266	3819	0.7272727272727273	True
1266	1811	0.6363636363636364	False
1266	3196	0.5454545454545454	False
1266	2692	0.45454545454545453	True
1266	3813	0.36363636363636365	True
1266	1007	0.2727272727272727	False
1266	2801	0.18181818181818182	True
1266	2464	0.09090909090909091	True
5170	1548	0.9090909090909091	False
5170	1447	0.8181818181818182	False
5170	3196	0.7272727272727273	False
5170	1811	0.6363636363636364	False
5170	3819	0.5454545454545454	True
5170	1007	0.45454545454545453	False
5170	2692	0.36363636363636365	True
5170	2801	0.2727272727272727	True
5170	3813	0.18181818181818182	True
5170	2236	0.09090909090909091	True
372	1548	0.9090909090909091	False
372	1447	0.8181818181818182	False
372	3196	0.7272727272727273	False
372	1811	0.6363636363636364	False
372	3819	0.5454545454545454	True
372	2692	0.45454545454545453	True
372	2801	0.36363636363636365	True
372	1007	0.2727272727272727	False
372	3813	0.18181818181818182	True
372	2236	0.09090909090909091	True
3340	1548	0.9090909090909091	False
3340	1447	0.8181818181818182	False
3340	3819	0.7272727272727273	True
3340	1811	0.6363636363636364	False
3340	3196	0.5454545454545454	False
3340	2692	0.45454545454545453	True
3340	1007	0.36363636363636365	False
3340	2801	0.2727272727272727	True
3340	2236	0.18181818181818182	True
3340	3813	0.09090909090909091	True
864	1548	0.9090909090909091	False
864	1447	0.8181818181818182	False
864	1811	0.7272727272727273	False
864	3819	0.6363636363636364	True
864	3196	0.5454545454545454	False
864	1007	0.45454545454545453	False
864	2692	0.36363636363636365	True
864	3813	0.2727272727272727	True
864	2801	0.18181818181818182	True
864	1147	0.09090909090909091	True
1471	1548	0.9090909090909091	False
1471	1447	0.8181818181818182	False
1471	3196	0.7272727272727273	False
1471	1811	0.6363636363636364	False
1471	3819	0.5454545454545454	True
1471	2692	0.45454545454545453	True
1471	1007	0.36363636363636365	False
1471	2801	0.2727272727272727	True
1471	3813	0.18181818181818182	True
1471	2464	0.09090909090909091	True
4864	1548	0.9090909090909091	False
4864	1811	0.8181818181818182	False
4864	1447	0.7272727272727273	False
4864	3819	0.6363636363636364	True
4864	3196	0.5454545454545454	False
4864	2692	0.45454545454545453	True
4864	1007	0.36363636363636365	False
4864	3813	0.2727272727272727	True
4864	2801	0.18181818181818182	True
4864	2236	0.09090909090909091	True
2266	1548	0.9090909090909091	False
2266	1447	0.8181818181818182	False
2266	3819	0.7272727272727273	True
2266	1811	0.6363636363636364	False
2266	3196	0.5454545454545454	False
2266	1007	0.45454545454545453	False
2266	2692	0.36363636363636365	True
2266	2801	0.2727272727272727	True
2266	3813	0.18181818181818182	True
2266	2464	0.09090909090909091	True
5932	1548	0.9090909090909091	False
5932	1447	0.8181818181818182	False
5932	1811	0.7272727272727273	False
5932	3819	0.6363636363636364	True
5932	3196	0.5454545454545454	False
5932	2692	0.45454545454545453	True
5932	1007	0.36363636363636365	False
5932	3813	0.2727272727272727	True
5932	2801	0.18181818181818182	True
5932	1382	0.09090909090909091	True
2916	1548	0.9090909090909091	False
2916	1447	0.8181818181818182	False
2916	3819	0.7272727272727273	True
2916	1811	0.6363636363636364	False
2916	3196	0.5454545454545454	False
2916	2692	0.45454545454545453	True
2916	1007	0.36363636363636365	False
2916	3813	0.2727272727272727	True
2916	2801	0.18181818181818182	True
2916	2464	0.09090909090909091	True
5023	1548	0.9090909090909091	False
5023	1447	0.8181818181818182	False
5023	1811	0.7272727272727273	False
5023	3819	0.6363636363636364	True
5023	3196	0.5454545454545454	False
5023	1007	0.45454545454545453	False
5023	2692	0.36363636363636365	True
5023	3813	0.2727272727272727	True
5023	2464	0.18181818181818182	True
5023	2236	0.09090909090909091	True
1592	1548	0.9090909090909091	False
1592	1447	0.8181818181818182	False
1592	1811	0.7272727272727273	False
1592	3819	0.6363636363636364	True
1592	3196	0.5454545454545454	False
1592	1007	0.45454545454545453	False
1592	2692	0.36363636363636365	True
1592	2801	0.2727272727272727	True
1592	2464	0.18181818181818182	True
1592	3813	0.09090909090909091	True
3490	1548	0.9090909090909091	False
3490	1447	0.8181818181818182	False
3490	1811	0.7272727272727273	False
3490	3819	0.6363636363636364	True
3490	3196	0.5454545454545454	False
3490	2692	0.45454545454545453	True
3490	1007	0.36363636363636365	False
3490	2236	0.2727272727272727	True
3490	3813	0.18181818181818182	True
3490	2801	0.09090909090909091	True
3496	1548	0.9090909090909091	False
3496	1447	0.8181818181818182	False
3496	3196	0.7272727272727273	False
3496	1811	0.6363636363636364	False
3496	3819	0.5454545454545454	True
3496	1007	0.45454545454545453	False
3496	2801	0.36363636363636365	True
3496	2692	0.2727272727272727	True
3496	3813	0.18181818181818182	True
3496	2236	0.09090909090909091	True
4714	1548	0.9090909090909091	False
4714	1447	0.8181818181818182	False
4714	3819	0.7272727272727273	True
4714	3196	0.6363636363636364	False
4714	1811	0.5454545454545454	False
4714	2692	0.45454545454545453	True
4714	1007	0.36363636363636365	False
4714	2801	0.2727272727272727	True
4714	3813	0.18181818181818182	True
4714	2464	0.09090909090909091	True
5927	1548	0.9090909090909091	False
5927	1447	0.8181818181818182	False
5927	1811	0.7272727272727273	False
5927	3196	0.6363636363636364	False
5927	3819	0.5454545454545454	True
5927	2692	0.45454545454545453	True
5927	1007	0.36363636363636365	False
5927	3813	0.2727272727272727	True
5927	2236	0.18181818181818182	True
5927	2801	0.09090909090909091	True
4992	1548	0.9090909090909091	False
4992	1447	0.8181818181818182	False
4992	1811	0.7272727272727273	False
4992	3819	0.6363636363636364	True
4992	3196	0.5454545454545454	False
4992	1007	0.45454545454545453	False
4992	2692	0.36363636363636365	True
4992	3813	0.2727272727272727	True
4992	2801	0.18181818181818182	True
4992	2236	0.09090909090909091	True
2888	1548	0.9090909090909091	False
2888	1447	0.8181818181818182	False
2888	1811	0.7272727272727273	False
2888	3196	0.6363636363636364	False
2888	3819	0.5454545454545454	True
2888	1007	0.45454545454545453	False
2888	2692	0.36363636363636365	True
2888	2801	0.2727272727272727	True
2888	3813	0.18181818181818182	True
2888	2464	0.09090909090909091	True
4705	1548	0.9090909090909091	False
4705	1447	0.8181818181818182	False
4705	3819	0.7272727272727273	True
4705	1811	0.6363636363636364	False
4705	3196	0.5454545454545454	False
4705	2692	0.45454545454545453	True
4705	1007	0.36363636363636365	False
4705	2801	0.2727272727272727	True
4705	2236	0.18181818181818182	True
4705	3813	0.09090909090909091	True
1800	1548	0.9090909090909091	False
1800	1447	0.8181818181818182	False
1800	1811	0.7272727272727273	False
1800	3819	0.6363636363636364	True
1800	3196	0.5454545454545454	False
1800	2692	0.45454545454545453	True
1800	1007	0.36363636363636365	False
1800	2801	0.2727272727272727	True
1800	3813	0.18181818181818182	True
1800	2236	0.09090909090909091	True
3804	1548	0.9090909090909091	False
3804	1447	0.8181818181818182	False
3804	1811	0.7272727272727273	False
3804	3819	0.6363636363636364	True
3804	3196	0.5454545454545454	False
3804	1007	0.45454545454545453	False
3804	2692	0.36363636363636365	True
3804	3813	0.2727272727272727	True
3804	2801	0.18181818181818182	True
3804	2464	0.09090909090909091	True
4988	1548	0.9090909090909091	False
4988	1447	0.8181818181818182	False
4988	1811	0.7272727272727273	False
4988	3819	0.6363636363636364	True
4988	3196	0.5454545454545454	False
4988	1007	0.45454545454545453	False
4988	2692	0.36363636363636365	True
4988	3813	0.2727272727272727	True
4988	2801	0.18181818181818182	True
4988	2464	0.09090909090909091	True
3300	1548	0.9090909090909091	False
3300	1447	0.8181818181818182	False
3300	3196	0.7272727272727273	False
3300	1811	0.6363636363636364	False
3300	3819	0.5454545454545454	True
3300	1007	0.45454545454545453	False
3300	2692	0.36363636363636365	True
3300	2801	0.2727272727272727	True
3300	2464	0.18181818181818182	True
3300	3813	0.09090909090909091	True
3276	1548	0.9090909090909091	False
3276	1447	0.8181818181818182	False
3276	3819	0.7272727272727273	True
3276	1811	0.6363636363636364	False
3276	3196	0.5454545454545454	False
3276	2692	0.45454545454545453	True
3276	1007	0.36363636363636365	False
3276	3813	0.2727272727272727	True
3276	2801	0.18181818181818182	True
3276	2236	0.09090909090909091	True
2995	1548	0.9090909090909091	False
2995	1447	0.8181818181818182	False
2995	3819	0.7272727272727273	True
2995	3196	0.6363636363636364	False
2995	1811	0.5454545454545454	False
2995	2692	0.45454545454545453	True
2995	3813	0.36363636363636365	True
2995	1007	0.2727272727272727	False
2995	2801	0.18181818181818182	True
2995	2236	0.09090909090909091	True
581	1548	0.9090909090909091	False
581	1447	0.8181818181818182	False
581	3196	0.7272727272727273	False
581	3819	0.6363636363636364	True
581	1811	0.5454545454545454	False
581	2692	0.45454545454545453	True
581	1007	0.36363636363636365	False
581	2236	0.2727272727272727	True
581	2801	0.18181818181818182	True
581	2464	0.09090909090909091	True
5574	1548	0.9090909090909091	False
5574	1447	0.8181818181818182	False
5574	1811	0.7272727272727273	False
5574	3196	0.6363636363636364	False
5574	3819	0.5454545454545454	True
5574	2692	0.45454545454545453	True
5574	1007	0.36363636363636365	False
5574	2801	0.2727272727272727	True
5574	3813	0.18181818181818182	True
5574	2464	0.09090909090909091	True
4002	1548	0.9090909090909091	False
4002	1447	0.8181818181818182	False
4002	3196	0.7272727272727273	False
4002	3819	0.6363636363636364	True
4002	1811	0.5454545454545454	False
4002	2692	0.45454545454545453	True
4002	1007	0.36363636363636365	False
4002	2801	0.2727272727272727	True
4002	3813	0.18181818181818182	True
4002	270	0.09090909090909091	True
5027	1548	0.9090909090909091	False
5027	1447	0.8181818181818182	False
5027	3819	0.7272727272727273	True
5027	1811	0.6363636363636364	False
5027	3196	0.5454545454545454	False
5027	2692	0.45454545454545453	True
5027	1007	0.36363636363636365	False
5027	3813	0.2727272727272727	True
5027	2801	0.18181818181818182	True
5027	2464	0.09090909090909091	True
4484	1548	0.9090909090909091	False
4484	1447	0.8181818181818182	False
4484	3819	0.7272727272727273	True
4484	1811	0.6363636363636364	False
4484	3196	0.5454545454545454	False
4484	2692	0.45454545454545453	True
4484	1007	0.36363636363636365	False
4484	2801	0.2727272727272727	True
4484	3813	0.18181818181818182	True
4484	2464	0.09090909090909091	True
5856	1548	0.9090909090909091	False
5856	1447	0.8181818181818182	False
5856	1811	0.7272727272727273	False
5856	3196	0.6363636363636364	False
5856	3819	0.5454545454545454	True
5856	1007	0.45454545454545453	False
5856	2692	0.36363636363636365	True
5856	2801	0.2727272727272727	True
5856	3813	0.18181818181818182	True
5856	2464	0.09090909090909091	True
161	1548	0.9090909090909091	False
161	1447	0.8181818181818182	False
161	1811	0.7272727272727273	False
161	3819	0.6363636363636364	True
161	3196	0.5454545454545454	False
161	2692	0.45454545454545453	True
161	1007	0.36363636363636365	False
161	3813	0.2727272727272727	True
161	2801	0.18181818181818182	True
161	1147	0.09090909090909091	True
134	1548	0.9090909090909091	False
134	1447	0.8181818181818182	False
134	3819	0.7272727272727273	True
134	1811	0.6363636363636364	False
134	3196	0.5454545454545454	False
134	1007	0.45454545454545453	False
134	2801	0.36363636363636365	True
134	2692	0.2727272727272727	True
134	3813	0.18181818181818182	True
134	1147	0.09090909090909091	True
225	1548	0.9090909090909091	False
225	1447	0.8181818181818182	False
225	1811	0.7272727272727273	False
225	3819	0.6363636363636364	True
225	3196	0.5454545454545454	False
225	2692	0.45454545454545453	True
225	1007	0.36363636363636365	False
225	2801	0.2727272727272727	True
225	3813	0.18181818181818182	True
225	2236	0.09090909090909091	True
1427	1548	0.9090909090909091	False
1427	1811	0.8181818181818182	False
1427	1447	0.7272727272727273	False
1427	3196	0.6363636363636364	False
1427	3819	0.5454545454545454	True
1427	1007	0.45454545454545453	False
1427	2692	0.36363636363636365	True
1427	3813	0.2727272727272727	True
1427	2801	0.18181818181818182	True
1427	2236	0.09090909090909091	True
4368	1548	0.9090909090909091	False
4368	1447	0.8181818181818182	False
4368	3819	0.7272727272727273	True
4368	1811	0.6363636363636364	False
4368	3196	0.5454545454545454	False
4368	2801	0.45454545454545453	True
4368	1007	0.36363636363636365	False
4368	2692	0.2727272727272727	True
4368	3813	0.18181818181818182	True
4368	2236	0.09090909090909091	True
1249	1548	0.9090909090909091	False
1249	1447	0.8181818181818182	False
1249	1811	0.7272727272727273	False
1249	3819	0.6363636363636364	True
1249	3196	0.5454545454545454	False
1249	2692	0.45454545454545453	True
1249	2801	0.36363636363636365	True
1249	1007	0.2727272727272727	False
1249	3813	0.18181818181818182	True
1249	2464	0.09090909090909091	True
5978	1548	0.9090909090909091	False
5978	1447	0.8181818181818182	False
5978	1811	0.7272727272727273	False
5978	3819	0.6363636363636364	True
5978	3196	0.5454545454545454	False
5978	1007	0.45454545454545453	False
5978	2692	0.36363636363636365	True
5978	2801	0.2727272727272727	True
5978	3813	0.18181818181818182	True
5978	1147	0.09090909090909091	True
1503	1548	0.9090909090909091	False
1503	1447	0.8181818181818182	False
1503	3819	0.7272727272727273	True
1503	1811	0.6363636363636364	False
1503	3196	0.5454545454545454	False
1503	1007	0.45454545454545453	False
1503	2692	0.36363636363636365	True
1503	2464	0.2727272727272727	True
1503	3813	0.18181818181818182	True
1503	2801	0.09090909090909091	True
2429	1548	0.9090909090909091	False
2429	1447	0.8181818181818182	False
2429	3196	0.7272727272727273	False
2429	1811	0.6363636363636364	False
2429	3819	0.5454545454545454	True
2429	2692	0.45454545454545453	True
2429	1007	0.36363636363636365	False
2429	2801	0.2727272727272727	True
2429	3813	0.18181818181818182	True
2429	2464	0.09090909090909091	True
2940	1548	0.9090909090909091	False
2940	1447	0.8181818181818182	False
2940	3819	0.7272727272727273	True
2940	1811	0.6363636363636364	False
2940	3196	0.5454545454545454	False
2940	2692	0.45454545454545453	True
2940	1007	0.36363636363636365	False
2940	3813	0.2727272727272727	True
2940	2801	0.18181818181818182	True
2940	1769	0.09090909090909091	True
2424	1548	0.9090909090909091	False
2424	1447	0.8181818181818182	False
2424	3819	0.7272727272727273	True
2424	1811	0.6363636363636364	False
2424	3196	0.5454545454545454	False
2424	2692	0.45454545454545453	True
2424	1007	0.36363636363636365	False
2424	3813	0.2727272727272727	True
2424	2801	0.18181818181818182	True
2424	2236	0.09090909090909091	True
3386	1548	0.9090909090909091	False
3386	1447	0.8181818181818182	False
3386	1811	0.7272727272727273	False
3386	3819	0.6363636363636364	True
3386	3196	0.5454545454545454	False
3386	3813	0.45454545454545453	True
3386	1007	0.36363636363636365	False
3386	2692	0.2727272727272727	True
3386	2801	0.18181818181818182	True
3386	2464	0.09090909090909091	True
