5732	3137	0.9090909090909091	False
5732	3578	0.8181818181818182	False
5732	1863	0.7272727272727273	True
5732	2919	0.6363636363636364	True
5732	3917	0.5454545454545454	False
5732	869	0.45454545454545453	True
5732	1602	0.36363636363636365	True
5732	429	0.2727272727272727	True
5732	1514	0.18181818181818182	False
5732	1213	0.09090909090909091	False
3781	695	0.9090909090909091	True
3781	3917	0.8181818181818182	False
3781	1213	0.7272727272727273	False
3781	3578	0.6363636363636364	False
3781	1278	0.5454545454545454	False
3781	950	0.45454545454545453	True
3781	3282	0.36363636363636365	True
3781	3137	0.2727272727272727	False
3781	2925	0.18181818181818182	False
3781	2919	0.09090909090909091	True
216	3917	0.9090909090909091	False
216	2925	0.8181818181818182	False
216	1523	0.7272727272727273	True
216	1514	0.6363636363636364	False
216	3256	0.5454545454545454	True
216	869	0.45454545454545453	True
216	695	0.36363636363636365	True
216	1863	0.2727272727272727	True
216	530	0.18181818181818182	True
216	3578	0.09090909090909091	False
2225	3917	0.9090909090909091	False
2225	950	0.8181818181818182	True
2225	2961	0.7272727272727273	True
2225	1863	0.6363636363636364	True
2225	1200	0.5454545454545454	True
2225	1213	0.45454545454545453	False
2225	2775	0.36363636363636365	True
2225	3137	0.2727272727272727	False
2225	3760	0.18181818181818182	True
2225	1290	0.09090909090909091	True
890	3917	0.9090909090909091	False
890	2925	0.8181818181818182	False
890	1514	0.7272727272727273	False
890	869	0.6363636363636364	True
890	3578	0.5454545454545454	False
890	2654	0.45454545454545453	True
890	2961	0.36363636363636365	True
890	3058	0.2727272727272727	True
890	3286	0.18181818181818182	True
890	2919	0.09090909090909091	True
1421	3917	0.9090909090909091	False
1421	335	0.8181818181818182	True
1421	530	0.7272727272727273	True
1421	3578	0.6363636363636364	False
1421	1290	0.5454545454545454	True
1421	695	0.45454545454545453	True
1421	3701	0.36363636363636365	True
1421	2925	0.2727272727272727	False
1421	950	0.18181818181818182	True
1421	3058	0.09090909090909091	True
3133	3137	0.9090909090909091	False
3133	1514	0.8181818181818182	False
3133	1213	0.7272727272727273	False
3133	869	0.6363636363636364	True
3133	628	0.5454545454545454	True
3133	3917	0.45454545454545453	False
3133	15	0.36363636363636365	True
3133	1602	0.2727272727272727	True
3133	1863	0.18181818181818182	True
3133	2654	0.09090909090909091	True
2829	3917	0.9090909090909091	False
2829	429	0.8181818181818182	True
2829	2775	0.7272727272727273	True
2829	3578	0.6363636363636364	False
2829	1602	0.5454545454545454	True
2829	628	0.45454545454545453	True
2829	2925	0.36363636363636365	False
2829	1549	0.2727272727272727	True
2829	1514	0.18181818181818182	False
2829	3137	0.09090909090909091	False
4411	1213	0.9090909090909091	False
4411	3137	0.8181818181818182	False
4411	3917	0.7272727272727273	False
4411	2919	0.6363636363636364	True
4411	695	0.5454545454545454	True
4411	3701	0.45454545454545453	True
4411	2905	0.36363636363636365	True
4411	1278	0.2727272727272727	False
4411	3578	0.18181818181818182	False
4411	950	0.09090909090909091	True
1694	3917	0.9090909090909091	False
1694	1278	0.8181818181818182	False
1694	3578	0.7272727272727273	False
1694	3672	0.6363636363636364	True
1694	869	0.5454545454545454	True
1694	2925	0.45454545454545453	False
1694	695	0.36363636363636365	True
1694	15	0.2727272727272727	True
1694	950	0.18181818181818182	True
1694	3058	0.09090909090909091	True
2141	3917	0.9090909090909091	False
2141	3137	0.8181818181818182	False
2141	3058	0.7272727272727273	True
2141	2116	0.6363636363636364	True
2141	43	0.5454545454545454	True
2141	1213	0.45454545454545453	False
2141	1278	0.36363636363636365	False
2141	3097	0.2727272727272727	True
2141	869	0.18181818181818182	True
2141	3578	0.09090909090909091	False
3999	3917	0.9090909090909091	False
3999	869	0.8181818181818182	True
3999	1514	0.7272727272727273	False
3999	2925	0.6363636363636364	False
3999	1278	0.5454545454545454	False
3999	3137	0.45454545454545453	False
3999	3578	0.36363636363636365	False
3999	950	0.2727272727272727	True
3999	1213	0.18181818181818182	False
3999	2919	0.09090909090909091	True
2308	3917	0.9090909090909091	False
2308	1213	0.8181818181818182	False
2308	1278	0.7272727272727273	False
2308	2775	0.6363636363636364	True
2308	950	0.5454545454545454	True
2308	3578	0.45454545454545453	False
2308	3701	0.36363636363636365	True
2308	3137	0.2727272727272727	False
2308	2905	0.18181818181818182	True
2308	429	0.09090909090909091	True
902	3137	0.9090909090909091	False
902	3917	0.8181818181818182	False
902	1514	0.7272727272727273	False
902	1278	0.6363636363636364	False
902	429	0.5454545454545454	True
902	869	0.45454545454545453	True
902	1863	0.36363636363636365	True
902	3578	0.2727272727272727	False
902	2919	0.18181818181818182	True
902	1213	0.09090909090909091	False
3303	3917	0.9090909090909091	False
3303	3137	0.8181818181818182	False
3303	2919	0.7272727272727273	True
3303	3578	0.6363636363636364	False
3303	429	0.5454545454545454	True
3303	1514	0.45454545454545453	False
3303	3058	0.36363636363636365	True
3303	2116	0.2727272727272727	True
3303	335	0.18181818181818182	True
3303	3701	0.09090909090909091	True
4440	3917	0.9090909090909091	False
4440	3137	0.8181818181818182	False
4440	1213	0.7272727272727273	False
4440	1523	0.6363636363636364	True
4440	869	0.5454545454545454	True
4440	695	0.45454545454545453	True
4440	1278	0.36363636363636365	False
4440	3097	0.2727272727272727	True
4440	1290	0.18181818181818182	True
4440	3672	0.09090909090909091	True
4853	3578	0.9090909090909091	False
4853	950	0.8181818181818182	True
4853	3917	0.7272727272727273	False
4853	1213	0.6363636363636364	False
4853	695	0.5454545454545454	True
4853	429	0.45454545454545453	True
4853	2919	0.36363636363636365	True
4853	3701	0.2727272727272727	True
4853	3137	0.18181818181818182	False
4853	1863	0.09090909090909091	True
4340	3917	0.9090909090909091	False
4340	2961	0.8181818181818182	True
4340	1514	0.7272727272727273	False
4340	950	0.6363636363636364	True
4340	2919	0.5454545454545454	True
4340	2775	0.45454545454545453	True
4340	3097	0.36363636363636365	True
4340	1213	0.2727272727272727	False
4340	3137	0.18181818181818182	False
4340	3578	0.09090909090909091	False
4786	3137	0.9090909090909091	False
4786	1514	0.8181818181818182	False
4786	628	0.7272727272727273	True
4786	1602	0.6363636363636364	True
4786	3917	0.5454545454545454	False
4786	3701	0.45454545454545453	True
4786	1863	0.36363636363636365	True
4786	3578	0.2727272727272727	False
4786	1213	0.18181818181818182	False
4786	2919	0.09090909090909091	True
5115	3917	0.9090909090909091	False
5115	2775	0.8181818181818182	True
5115	2925	0.7272727272727273	False
5115	869	0.6363636363636364	True
5115	3058	0.5454545454545454	True
5115	3672	0.45454545454545453	True
5115	1278	0.36363636363636365	False
5115	429	0.2727272727272727	True
5115	1290	0.18181818181818182	True
5115	2069	0.09090909090909091	True
4746	3917	0.9090909090909091	False
4746	3097	0.8181818181818182	True
4746	1514	0.7272727272727273	False
4746	2925	0.6363636363636364	False
4746	2450	0.5454545454545454	True
4746	869	0.45454545454545453	True
4746	1290	0.36363636363636365	True
4746	3672	0.2727272727272727	True
4746	3137	0.18181818181818182	False
4746	1213	0.09090909090909091	False
5472	3917	0.9090909090909091	False
5472	1278	0.8181818181818182	False
5472	3097	0.7272727272727273	True
5472	3137	0.6363636363636364	False
5472	3672	0.5454545454545454	True
5472	1213	0.45454545454545453	False
5472	2919	0.36363636363636365	True
5472	695	0.2727272727272727	True
5472	15	0.18181818181818182	True
5472	1863	0.09090909090909091	True
321	3917	0.9090909090909091	False
321	695	0.8181818181818182	True
321	950	0.7272727272727273	True
321	2925	0.6363636363636364	False
321	3701	0.5454545454545454	True
321	335	0.45454545454545453	True
321	3578	0.36363636363636365	False
321	1523	0.2727272727272727	True
321	1514	0.18181818181818182	False
321	530	0.09090909090909091	True
99	3917	0.9090909090909091	False
99	1514	0.8181818181818182	False
99	530	0.7272727272727273	True
99	3578	0.6363636363636364	False
99	2919	0.5454545454545454	True
99	335	0.45454545454545453	True
99	2925	0.36363636363636365	False
99	869	0.2727272727272727	True
99	950	0.18181818181818182	True
99	1863	0.09090909090909091	True
2228	3917	0.9090909090909091	False
2228	695	0.8181818181818182	True
2228	429	0.7272727272727273	True
2228	2925	0.6363636363636364	False
2228	3578	0.5454545454545454	False
2228	2919	0.45454545454545453	True
2228	1602	0.36363636363636365	True
2228	1514	0.2727272727272727	False
2228	1213	0.18181818181818182	False
2228	1278	0.09090909090909091	False
3207	3917	0.9090909090909091	False
3207	1278	0.8181818181818182	False
3207	2925	0.7272727272727273	False
3207	335	0.6363636363636364	True
3207	695	0.5454545454545454	True
3207	3058	0.45454545454545453	True
3207	1863	0.36363636363636365	True
3207	3578	0.2727272727272727	False
3207	2450	0.18181818181818182	True
3207	1602	0.09090909090909091	True
4735	3917	0.9090909090909091	False
4735	2919	0.8181818181818182	True
4735	3578	0.7272727272727273	False
4735	2925	0.6363636363636364	False
4735	1514	0.5454545454545454	False
4735	1278	0.45454545454545453	False
4735	429	0.36363636363636365	True
4735	3137	0.2727272727272727	False
4735	2116	0.18181818181818182	True
4735	3058	0.09090909090909091	True
4857	3917	0.9090909090909091	False
4857	3137	0.8181818181818182	False
4857	869	0.7272727272727273	True
4857	1278	0.6363636363636364	False
4857	1514	0.5454545454545454	False
4857	2919	0.45454545454545453	True
4857	2925	0.36363636363636365	False
4857	3672	0.2727272727272727	True
4857	2160	0.18181818181818182	True
4857	1213	0.09090909090909091	False
2349	3917	0.9090909090909091	False
2349	2925	0.8181818181818182	False
2349	1278	0.7272727272727273	False
2349	1523	0.6363636363636364	True
2349	3578	0.5454545454545454	False
2349	1602	0.45454545454545453	True
2349	1514	0.36363636363636365	False
2349	2116	0.2727272727272727	True
2349	3649	0.18181818181818182	True
2349	429	0.09090909090909091	True
4498	3917	0.9090909090909091	False
4498	1278	0.8181818181818182	False
4498	1514	0.7272727272727273	False
4498	1863	0.6363636363636364	True
4498	2919	0.5454545454545454	True
4498	3701	0.45454545454545453	True
4498	3578	0.36363636363636365	False
4498	2925	0.2727272727272727	False
4498	695	0.18181818181818182	True
4498	429	0.09090909090909091	True
3753	3917	0.9090909090909091	False
3753	429	0.8181818181818182	True
3753	3578	0.7272727272727273	False
3753	1549	0.6363636363636364	True
3753	3058	0.5454545454545454	True
3753	2925	0.45454545454545453	False
3753	869	0.36363636363636365	True
3753	2450	0.2727272727272727	True
3753	3599	0.18181818181818182	True
3753	1602	0.09090909090909091	True
5723	2775	0.9090909090909091	True
5723	1514	0.8181818181818182	False
5723	3917	0.7272727272727273	False
5723	3097	0.6363636363636364	True
5723	950	0.5454545454545454	True
5723	3701	0.45454545454545453	True
5723	2961	0.36363636363636365	True
5723	3760	0.2727272727272727	True
5723	429	0.18181818181818182	True
5723	15	0.09090909090909091	True
3246	3917	0.9090909090909091	False
3246	2775	0.8181818181818182	True
3246	950	0.7272727272727273	True
3246	869	0.6363636363636364	True
3246	1514	0.5454545454545454	False
3246	1278	0.45454545454545453	False
3246	2925	0.36363636363636365	False
3246	2961	0.2727272727272727	True
3246	3137	0.18181818181818182	False
3246	3578	0.09090909090909091	False
4364	3917	0.9090909090909091	False
4364	950	0.8181818181818182	True
4364	1514	0.7272727272727273	False
4364	2775	0.6363636363636364	True
4364	2961	0.5454545454545454	True
4364	3097	0.45454545454545453	True
4364	3701	0.36363636363636365	True
4364	695	0.2727272727272727	True
4364	1213	0.18181818181818182	False
4364	2450	0.09090909090909091	True
1425	3917	0.9090909090909091	False
1425	1523	0.8181818181818182	True
1425	3137	0.7272727272727273	False
1425	429	0.6363636363636364	True
1425	3578	0.5454545454545454	False
1425	1278	0.45454545454545453	False
1425	628	0.36363636363636365	True
1425	1602	0.2727272727272727	True
1425	695	0.18181818181818182	True
1425	1549	0.09090909090909091	True
4925	3137	0.9090909090909091	False
4925	2775	0.8181818181818182	True
4925	869	0.7272727272727273	True
4925	15	0.6363636363636364	True
4925	3701	0.5454545454545454	True
4925	429	0.45454545454545453	True
4925	3917	0.36363636363636365	False
4925	1863	0.2727272727272727	True
4925	3578	0.18181818181818182	False
4925	1514	0.09090909090909091	False
240	3917	0.9090909090909091	False
240	1278	0.8181818181818182	False
240	2925	0.7272727272727273	False
240	3578	0.6363636363636364	False
240	335	0.5454545454545454	True
240	1863	0.45454545454545453	True
240	3058	0.36363636363636365	True
240	869	0.2727272727272727	True
240	1290	0.18181818181818182	True
240	1514	0.09090909090909091	False
5404	3578	0.9090909090909091	False
5404	695	0.8181818181818182	True
5404	1213	0.7272727272727273	False
5404	3917	0.6363636363636364	False
5404	3137	0.5454545454545454	False
5404	429	0.45454545454545453	True
5404	869	0.36363636363636365	True
5404	1549	0.2727272727272727	True
5404	3599	0.18181818181818182	True
5404	1278	0.09090909090909091	False
3911	3917	0.9090909090909091	False
3911	1514	0.8181818181818182	False
3911	2775	0.7272727272727273	True
3911	2961	0.6363636363636364	True
3911	950	0.5454545454545454	True
3911	3097	0.45454545454545453	True
3911	1213	0.36363636363636365	False
3911	335	0.2727272727272727	True
3911	3760	0.18181818181818182	True
3911	869	0.09090909090909091	True
2345	1514	0.9090909090909091	False
2345	950	0.8181818181818182	True
2345	3917	0.7272727272727273	False
2345	2925	0.6363636363636364	False
2345	2961	0.5454545454545454	True
2345	1863	0.45454545454545453	True
2345	2919	0.36363636363636365	True
2345	3701	0.2727272727272727	True
2345	1213	0.18181818181818182	False
2345	3578	0.09090909090909091	False
220	3917	0.9090909090909091	False
220	2925	0.8181818181818182	False
220	1514	0.7272727272727273	False
220	3137	0.6363636363636364	False
220	3672	0.5454545454545454	True
220	3282	0.45454545454545453	True
220	2450	0.36363636363636365	True
220	429	0.2727272727272727	True
220	43	0.18181818181818182	True
220	3097	0.09090909090909091	True
2900	3917	0.9090909090909091	False
2900	1523	0.8181818181818182	True
2900	695	0.7272727272727273	True
2900	2925	0.6363636363636364	False
2900	1213	0.5454545454545454	False
2900	1514	0.45454545454545453	False
2900	2919	0.36363636363636365	True
2900	1278	0.2727272727272727	False
2900	3578	0.18181818181818182	False
2900	2809	0.09090909090909091	True
4304	3917	0.9090909090909091	False
4304	2775	0.8181818181818182	True
4304	3097	0.7272727272727273	True
4304	3058	0.6363636363636364	True
4304	869	0.5454545454545454	True
4304	335	0.45454545454545453	True
4304	3578	0.36363636363636365	False
4304	2450	0.2727272727272727	True
4304	2961	0.18181818181818182	True
4304	1290	0.09090909090909091	True
165	3917	0.9090909090909091	False
165	3701	0.8181818181818182	True
165	950	0.7272727272727273	True
165	429	0.6363636363636364	True
165	3578	0.5454545454545454	False
165	3137	0.45454545454545453	False
165	2775	0.36363636363636365	True
165	2919	0.2727272727272727	True
165	695	0.18181818181818182	True
165	1278	0.09090909090909091	False
4029	3917	0.9090909090909091	False
4029	3097	0.8181818181818182	True
4029	1213	0.7272727272727273	False
4029	3137	0.6363636363636364	False
4029	3672	0.5454545454545454	True
4029	695	0.45454545454545453	True
4029	1514	0.36363636363636365	False
4029	3578	0.2727272727272727	False
4029	1863	0.18181818181818182	True
4029	1278	0.09090909090909091	False
360	3917	0.9090909090909091	False
360	2919	0.8181818181818182	True
360	2116	0.7272727272727273	True
360	1278	0.6363636363636364	False
360	3578	0.5454545454545454	False
360	429	0.45454545454545453	True
360	2925	0.36363636363636365	False
360	3672	0.2727272727272727	True
360	1514	0.18181818181818182	False
360	1602	0.09090909090909091	True
4876	3917	0.9090909090909091	False
4876	2925	0.8181818181818182	False
4876	3097	0.7272727272727273	True
4876	1514	0.6363636363636364	False
4876	1290	0.5454545454545454	True
4876	950	0.45454545454545453	True
4876	3672	0.36363636363636365	True
4876	695	0.2727272727272727	True
4876	1200	0.18181818181818182	True
4876	2961	0.09090909090909091	True
3001	3917	0.9090909090909091	False
3001	3578	0.8181818181818182	False
3001	335	0.7272727272727273	True
3001	2450	0.6363636363636364	True
3001	1278	0.5454545454545454	False
3001	3097	0.45454545454545453	True
3001	2160	0.36363636363636365	True
3001	43	0.2727272727272727	True
3001	1290	0.18181818181818182	True
3001	3701	0.09090909090909091	True
1768	3917	0.9090909090909091	False
1768	2919	0.8181818181818182	True
1768	1514	0.7272727272727273	False
1768	950	0.6363636363636364	True
1768	2925	0.5454545454545454	False
1768	3137	0.45454545454545453	False
1768	1278	0.36363636363636365	False
1768	3578	0.2727272727272727	False
1768	3058	0.18181818181818182	True
1768	429	0.09090909090909091	True
2811	3917	0.9090909090909091	False
2811	1514	0.8181818181818182	False
2811	530	0.7272727272727273	True
2811	3578	0.6363636363636364	False
2811	3097	0.5454545454545454	True
2811	429	0.45454545454545453	True
2811	950	0.36363636363636365	True
2811	15	0.2727272727272727	True
2811	2919	0.18181818181818182	True
2811	869	0.09090909090909091	True
5361	3917	0.9090909090909091	False
5361	950	0.8181818181818182	True
5361	3701	0.7272727272727273	True
5361	1514	0.6363636363636364	False
5361	3578	0.5454545454545454	False
5361	429	0.45454545454545453	True
5361	695	0.36363636363636365	True
5361	2919	0.2727272727272727	True
5361	2925	0.18181818181818182	False
5361	3137	0.09090909090909091	False
854	3917	0.9090909090909091	False
854	3282	0.8181818181818182	True
854	1514	0.7272727272727273	False
854	3578	0.6363636363636364	False
854	3701	0.5454545454545454	True
854	429	0.45454545454545453	True
854	950	0.36363636363636365	True
854	2925	0.2727272727272727	False
854	335	0.18181818181818182	True
854	3256	0.09090909090909091	True
4721	3917	0.9090909090909091	False
4721	1278	0.8181818181818182	False
4721	950	0.7272727272727273	True
4721	3578	0.6363636363636364	False
4721	3137	0.5454545454545454	False
4721	1200	0.45454545454545453	True
4721	530	0.36363636363636365	True
4721	869	0.2727272727272727	True
4721	15	0.18181818181818182	True
4721	43	0.09090909090909091	True
5285	3917	0.9090909090909091	False
5285	2069	0.8181818181818182	True
5285	869	0.7272727272727273	True
5285	2116	0.6363636363636364	True
5285	2775	0.5454545454545454	True
5285	429	0.45454545454545453	True
5285	1602	0.36363636363636365	True
5285	3137	0.2727272727272727	False
5285	628	0.18181818181818182	True
5285	2925	0.09090909090909091	False
2004	3917	0.9090909090909091	False
2004	869	0.8181818181818182	True
2004	3578	0.7272727272727273	False
2004	1278	0.6363636363636364	False
2004	3137	0.5454545454545454	False
2004	1863	0.45454545454545453	True
2004	2925	0.36363636363636365	False
2004	2919	0.2727272727272727	True
2004	3256	0.18181818181818182	True
2004	1602	0.09090909090909091	True
5157	3917	0.9090909090909091	False
5157	869	0.8181818181818182	True
5157	1213	0.7272727272727273	False
5157	3137	0.6363636363636364	False
5157	1514	0.5454545454545454	False
5157	1278	0.45454545454545453	False
5157	2919	0.36363636363636365	True
5157	3578	0.2727272727272727	False
5157	628	0.18181818181818182	True
5157	1602	0.09090909090909091	True
97	3917	0.9090909090909091	False
97	2775	0.8181818181818182	True
97	3578	0.7272727272727273	False
97	429	0.6363636363636364	True
97	628	0.5454545454545454	True
97	707	0.45454545454545453	True
97	2450	0.36363636363636365	True
97	1602	0.2727272727272727	True
97	3701	0.18181818181818182	True
97	1894	0.09090909090909091	True
2037	3137	0.9090909090909091	False
2037	869	0.8181818181818182	True
2037	3917	0.7272727272727273	False
2037	2775	0.6363636363636364	True
2037	530	0.5454545454545454	True
2037	1213	0.45454545454545453	False
2037	3058	0.36363636363636365	True
2037	3578	0.2727272727272727	False
2037	784	0.18181818181818182	True
2037	335	0.09090909090909091	True
683	3917	0.9090909090909091	False
683	1200	0.8181818181818182	True
683	3097	0.7272727272727273	True
683	2961	0.6363636363636364	True
683	3058	0.5454545454545454	True
683	1290	0.45454545454545453	True
683	1523	0.36363636363636365	True
683	2116	0.2727272727272727	True
683	429	0.18181818181818182	True
683	2450	0.09090909090909091	True
3908	950	0.9090909090909091	True
3908	3917	0.8181818181818182	False
3908	3578	0.7272727272727273	False
3908	3701	0.6363636363636364	True
3908	2919	0.5454545454545454	True
3908	3137	0.45454545454545453	False
3908	1213	0.36363636363636365	False
3908	530	0.2727272727272727	True
3908	429	0.18181818181818182	True
3908	335	0.09090909090909091	True
1612	3917	0.9090909090909091	False
1612	1514	0.8181818181818182	False
1612	950	0.7272727272727273	True
1612	2925	0.6363636363636364	False
1612	695	0.5454545454545454	True
1612	1213	0.45454545454545453	False
1612	2919	0.36363636363636365	True
1612	429	0.2727272727272727	True
1612	3256	0.18181818181818182	True
1612	628	0.09090909090909091	True
1356	3917	0.9090909090909091	False
1356	1278	0.8181818181818182	False
1356	3672	0.7272727272727273	True
1356	695	0.6363636363636364	True
1356	2925	0.5454545454545454	False
1356	3097	0.45454545454545453	True
1356	1290	0.36363636363636365	True
1356	2919	0.2727272727272727	True
1356	3058	0.18181818181818182	True
1356	1200	0.09090909090909091	True
758	3917	0.9090909090909091	False
758	2775	0.8181818181818182	True
758	869	0.7272727272727273	True
758	3672	0.6363636363636364	True
758	1278	0.5454545454545454	False
758	1523	0.45454545454545453	True
758	695	0.36363636363636365	True
758	3578	0.2727272727272727	False
758	2654	0.18181818181818182	True
758	2925	0.09090909090909091	False
5595	3917	0.9090909090909091	False
5595	3701	0.8181818181818182	True
5595	950	0.7272727272727273	True
5595	2919	0.6363636363636364	True
5595	1514	0.5454545454545454	False
5595	695	0.45454545454545453	True
5595	2925	0.36363636363636365	False
5595	3578	0.2727272727272727	False
5595	2961	0.18181818181818182	True
5595	429	0.09090909090909091	True
1708	3917	0.9090909090909091	False
1708	1278	0.8181818181818182	False
1708	3097	0.7272727272727273	True
1708	1200	0.6363636363636364	True
1708	3058	0.5454545454545454	True
1708	1514	0.45454545454545453	False
1708	2116	0.36363636363636365	True
1708	2919	0.2727272727272727	True
1708	2450	0.18181818181818182	True
1708	3672	0.09090909090909091	True
3402	3917	0.9090909090909091	False
3402	3097	0.8181818181818182	True
3402	695	0.7272727272727273	True
3402	950	0.6363636363636364	True
3402	1213	0.5454545454545454	False
3402	3578	0.45454545454545453	False
3402	1278	0.36363636363636365	False
3402	3701	0.2727272727272727	True
3402	1290	0.18181818181818182	True
3402	2919	0.09090909090909091	True
4222	3917	0.9090909090909091	False
4222	1290	0.8181818181818182	True
4222	2925	0.7272727272727273	False
4222	1523	0.6363636363636364	True
4222	1602	0.5454545454545454	True
4222	3097	0.45454545454545453	True
4222	2069	0.36363636363636365	True
4222	628	0.2727272727272727	True
4222	43	0.18181818181818182	True
4222	1278	0.09090909090909091	False
1422	3137	0.9090909090909091	False
1422	950	0.8181818181818182	True
1422	3701	0.7272727272727273	True
1422	2775	0.6363636363636364	True
1422	2919	0.5454545454545454	True
1422	1213	0.45454545454545453	False
1422	3917	0.36363636363636365	False
1422	1514	0.2727272727272727	False
1422	1863	0.18181818181818182	True
1422	2961	0.09090909090909091	True
996	3917	0.9090909090909091	False
996	1863	0.8181818181818182	True
996	3578	0.7272727272727273	False
996	3137	0.6363636363636364	False
996	869	0.5454545454545454	True
996	1278	0.45454545454545453	False
996	2925	0.36363636363636365	False
996	1514	0.2727272727272727	False
996	15	0.18181818181818182	True
996	429	0.09090909090909091	True
5502	3137	0.9090909090909091	False
5502	869	0.8181818181818182	True
5502	1213	0.7272727272727273	False
5502	3917	0.6363636363636364	False
5502	2919	0.5454545454545454	True
5502	1278	0.45454545454545453	False
5502	3578	0.36363636363636365	False
5502	2961	0.2727272727272727	True
5502	2809	0.18181818181818182	True
5502	2160	0.09090909090909091	True
1404	3137	0.9090909090909091	False
1404	2775	0.8181818181818182	True
1404	950	0.7272727272727273	True
1404	3917	0.6363636363636364	False
1404	3701	0.5454545454545454	True
1404	1213	0.45454545454545453	False
1404	3578	0.36363636363636365	False
1404	2961	0.2727272727272727	True
1404	869	0.18181818181818182	True
1404	3058	0.09090909090909091	True
1928	3917	0.9090909090909091	False
1928	695	0.8181818181818182	True
1928	2775	0.7272727272727273	True
1928	1278	0.6363636363636364	False
1928	3058	0.5454545454545454	True
1928	429	0.45454545454545453	True
1928	335	0.36363636363636365	True
1928	3672	0.2727272727272727	True
1928	1200	0.18181818181818182	True
1928	2450	0.09090909090909091	True
3486	3578	0.9090909090909091	False
3486	3917	0.8181818181818182	False
3486	3137	0.7272727272727273	False
3486	2160	0.6363636363636364	True
3486	1278	0.5454545454545454	False
3486	2919	0.45454545454545453	True
3486	869	0.36363636363636365	True
3486	2925	0.2727272727272727	False
3486	1213	0.18181818181818182	False
3486	1863	0.09090909090909091	True
2796	3917	0.9090909090909091	False
2796	1278	0.8181818181818182	False
2796	3578	0.7272727272727273	False
2796	429	0.6363636363636364	True
2796	3137	0.5454545454545454	False
2796	43	0.45454545454545453	True
2796	335	0.36363636363636365	True
2796	530	0.2727272727272727	True
2796	1602	0.18181818181818182	True
2796	2450	0.09090909090909091	True
4079	3917	0.9090909090909091	False
4079	1290	0.8181818181818182	True
4079	3097	0.7272727272727273	True
4079	1200	0.6363636363636364	True
4079	950	0.5454545454545454	True
4079	3701	0.45454545454545453	True
4079	2775	0.36363636363636365	True
4079	1894	0.2727272727272727	True
4079	3058	0.18181818181818182	True
4079	2450	0.09090909090909091	True
378	3917	0.9090909090909091	False
378	1278	0.8181818181818182	False
378	2925	0.7272727272727273	False
378	1514	0.6363636363636364	False
378	1863	0.5454545454545454	True
378	335	0.45454545454545453	True
378	869	0.36363636363636365	True
378	1602	0.2727272727272727	True
378	3578	0.18181818181818182	False
378	2727	0.09090909090909091	True
5291	3917	0.9090909090909091	False
5291	869	0.8181818181818182	True
5291	3578	0.7272727272727273	False
5291	1278	0.6363636363636364	False
5291	1602	0.5454545454545454	True
5291	3137	0.45454545454545453	False
5291	3058	0.36363636363636365	True
5291	1863	0.2727272727272727	True
5291	1213	0.18181818181818182	False
5291	3097	0.09090909090909091	True
2984	3917	0.9090909090909091	False
2984	2775	0.8181818181818182	True
2984	950	0.7272727272727273	True
2984	1514	0.6363636363636364	False
2984	2919	0.5454545454545454	True
2984	3701	0.45454545454545453	True
2984	2925	0.36363636363636365	False
2984	1278	0.2727272727272727	False
2984	1863	0.18181818181818182	True
2984	3578	0.09090909090909091	False
848	3578	0.9090909090909091	False
848	869	0.8181818181818182	True
848	3137	0.7272727272727273	False
848	1213	0.6363636363636364	False
848	3917	0.5454545454545454	False
848	2809	0.45454545454545453	True
848	784	0.36363636363636365	True
848	2961	0.2727272727272727	True
848	2775	0.18181818181818182	True
848	950	0.09090909090909091	True
5255	3917	0.9090909090909091	False
5255	2775	0.8181818181818182	True
5255	530	0.7272727272727273	True
5255	869	0.6363636363636364	True
5255	335	0.5454545454545454	True
5255	950	0.45454545454545453	True
5255	1602	0.36363636363636365	True
5255	3760	0.2727272727272727	True
5255	3578	0.18181818181818182	False
5255	1863	0.09090909090909091	True
1950	3137	0.9090909090909091	False
1950	3701	0.8181818181818182	True
1950	3917	0.7272727272727273	False
1950	1278	0.6363636363636364	False
1950	1213	0.5454545454545454	False
1950	530	0.45454545454545453	True
1950	950	0.36363636363636365	True
1950	2919	0.2727272727272727	True
1950	695	0.18181818181818182	True
1950	1523	0.09090909090909091	True
3869	2069	0.9090909090909091	True
3869	628	0.8181818181818182	True
3869	1602	0.7272727272727273	True
3869	3137	0.6363636363636364	False
3869	3917	0.5454545454545454	False
3869	1523	0.45454545454545453	True
3869	2925	0.36363636363636365	False
3869	869	0.2727272727272727	True
3869	1213	0.18181818181818182	False
3869	1863	0.09090909090909091	True
1834	2775	0.9090909090909091	True
1834	3137	0.8181818181818182	False
1834	3917	0.7272727272727273	False
1834	429	0.6363636363636364	True
1834	2116	0.5454545454545454	True
1834	3058	0.45454545454545453	True
1834	1602	0.36363636363636365	True
1834	1863	0.2727272727272727	True
1834	869	0.18181818181818182	True
1834	3578	0.09090909090909091	False
1577	3917	0.9090909090909091	False
1577	1514	0.8181818181818182	False
1577	1213	0.7272727272727273	False
1577	695	0.6363636363636364	True
1577	2961	0.5454545454545454	True
1577	3137	0.45454545454545453	False
1577	2775	0.36363636363636365	True
1577	3578	0.2727272727272727	False
1577	3701	0.18181818181818182	True
1577	869	0.09090909090909091	True
4443	2775	0.9090909090909091	True
4443	3917	0.8181818181818182	False
4443	1863	0.7272727272727273	True
4443	1514	0.6363636363636364	False
4443	869	0.5454545454545454	True
4443	3137	0.45454545454545453	False
4443	429	0.36363636363636365	True
4443	1602	0.2727272727272727	True
4443	2654	0.18181818181818182	True
4443	3578	0.09090909090909091	False
1021	3917	0.9090909090909091	False
1021	3137	0.8181818181818182	False
1021	1213	0.7272727272727273	False
1021	429	0.6363636363636364	True
1021	2775	0.5454545454545454	True
1021	3701	0.45454545454545453	True
1021	1863	0.36363636363636365	True
1021	3578	0.2727272727272727	False
1021	1278	0.18181818181818182	False
1021	2919	0.09090909090909091	True
2363	3917	0.9090909090909091	False
2363	1863	0.8181818181818182	True
2363	1514	0.7272727272727273	False
2363	869	0.6363636363636364	True
2363	335	0.5454545454545454	True
2363	3137	0.45454545454545453	False
2363	2919	0.36363636363636365	True
2363	2961	0.2727272727272727	True
2363	1213	0.18181818181818182	False
2363	3578	0.09090909090909091	False
2658	3917	0.9090909090909091	False
2658	2775	0.8181818181818182	True
2658	950	0.7272727272727273	True
2658	3578	0.6363636363636364	False
2658	429	0.5454545454545454	True
2658	1278	0.45454545454545453	False
2658	1213	0.36363636363636365	False
2658	3137	0.2727272727272727	False
2658	1514	0.18181818181818182	False
2658	2961	0.09090909090909091	True
1133	3917	0.9090909090909091	False
1133	1278	0.8181818181818182	False
1133	2925	0.7272727272727273	False
1133	2919	0.6363636363636364	True
1133	1213	0.5454545454545454	False
1133	695	0.45454545454545453	True
1133	950	0.36363636363636365	True
1133	3137	0.2727272727272727	False
1133	3578	0.18181818181818182	False
1133	869	0.09090909090909091	True
150	3917	0.9090909090909091	False
150	2775	0.8181818181818182	True
150	2450	0.7272727272727273	True
150	869	0.6363636363636364	True
150	429	0.5454545454545454	True
150	1278	0.45454545454545453	False
150	3137	0.36363636363636365	False
150	3578	0.2727272727272727	False
150	1602	0.18181818181818182	True
150	1290	0.09090909090909091	True
4742	3917	0.9090909090909091	False
4742	1863	0.8181818181818182	True
4742	1514	0.7272727272727273	False
4742	3701	0.6363636363636364	True
4742	43	0.5454545454545454	True
4742	1290	0.45454545454545453	True
4742	2925	0.36363636363636365	False
4742	530	0.2727272727272727	True
4742	3097	0.18181818181818182	True
4742	1278	0.09090909090909091	False
1028	3917	0.9090909090909091	False
1028	3578	0.8181818181818182	False
1028	429	0.7272727272727273	True
1028	1514	0.6363636363636364	False
1028	3599	0.5454545454545454	True
1028	2925	0.45454545454545453	False
1028	335	0.36363636363636365	True
1028	869	0.2727272727272727	True
1028	530	0.18181818181818182	True
1028	3701	0.09090909090909091	True
4270	3917	0.9090909090909091	False
4270	3097	0.8181818181818182	True
4270	1514	0.7272727272727273	False
4270	2925	0.6363636363636364	False
4270	3672	0.5454545454545454	True
4270	869	0.45454545454545453	True
4270	1213	0.36363636363636365	False
4270	2961	0.2727272727272727	True
4270	3058	0.18181818181818182	True
4270	2919	0.09090909090909091	True
1956	3917	0.9090909090909091	False
1956	950	0.8181818181818182	True
1956	1278	0.7272727272727273	False
1956	1213	0.6363636363636364	False
1956	2919	0.5454545454545454	True
1956	3578	0.45454545454545453	False
1956	3137	0.36363636363636365	False
1956	2925	0.2727272727272727	False
1956	1514	0.18181818181818182	False
1956	695	0.09090909090909091	True
2250	3917	0.9090909090909091	False
2250	3097	0.8181818181818182	True
2250	1213	0.7272727272727273	False
2250	2961	0.6363636363636364	True
2250	1514	0.5454545454545454	False
2250	3137	0.45454545454545453	False
2250	695	0.36363636363636365	True
2250	1523	0.2727272727272727	True
2250	1863	0.18181818181818182	True
2250	2775	0.09090909090909091	True
3524	3917	0.9090909090909091	False
3524	429	0.8181818181818182	True
3524	1514	0.7272727272727273	False
3524	3701	0.6363636363636364	True
3524	695	0.5454545454545454	True
3524	2925	0.45454545454545453	False
3524	335	0.36363636363636365	True
3524	1549	0.2727272727272727	True
3524	3578	0.18181818181818182	False
3524	869	0.09090909090909091	True
2987	1278	0.9090909090909091	False
2987	3917	0.8181818181818182	False
2987	15	0.7272727272727273	True
2987	3578	0.6363636363636364	False
2987	1514	0.5454545454545454	False
2987	2160	0.45454545454545453	True
2987	530	0.36363636363636365	True
2987	43	0.2727272727272727	True
2987	869	0.18181818181818182	True
2987	950	0.09090909090909091	True
798	3578	0.9090909090909091	False
798	3917	0.8181818181818182	False
798	2919	0.7272727272727273	True
798	2160	0.6363636363636364	True
798	335	0.5454545454545454	True
798	3137	0.45454545454545453	False
798	429	0.36363636363636365	True
798	3058	0.2727272727272727	True
798	3097	0.18181818181818182	True
798	1514	0.09090909090909091	False
5653	3917	0.9090909090909091	False
5653	3097	0.8181818181818182	True
5653	1290	0.7272727272727273	True
5653	1278	0.6363636363636364	False
5653	2775	0.5454545454545454	True
5653	3701	0.45454545454545453	True
5653	950	0.36363636363636365	True
5653	1213	0.2727272727272727	False
5653	3058	0.18181818181818182	True
5653	1200	0.09090909090909091	True
