1801	1042	0.9090909090909091	False
1801	637	0.8181818181818182	False
1801	3610	0.7272727272727273	True
1801	2145	0.6363636363636364	False
1801	2388	0.5454545454545454	True
1801	2522	0.45454545454545453	True
1801	20	0.36363636363636365	True
1801	3669	0.2727272727272727	True
1801	3428	0.18181818181818182	False
1801	340	0.09090909090909091	True
2092	2691	0.9090909090909091	False
2092	1042	0.8181818181818182	False
2092	736	0.7272727272727273	True
2092	3428	0.6363636363636364	False
2092	2145	0.5454545454545454	False
2092	3078	0.45454545454545453	True
2092	2448	0.36363636363636365	True
2092	2267	0.2727272727272727	True
2092	1904	0.18181818181818182	False
2092	20	0.09090909090909091	True
2466	543	0.9090909090909091	False
2466	2375	0.8181818181818182	True
2466	3167	0.7272727272727273	True
2466	1771	0.6363636363636364	True
2466	2691	0.5454545454545454	False
2466	2548	0.45454545454545453	True
2466	3610	0.36363636363636365	True
2466	340	0.2727272727272727	True
2466	533	0.18181818181818182	True
2466	2388	0.09090909090909091	True
1366	3167	0.9090909090909091	True
1366	2548	0.8181818181818182	True
1366	1580	0.7272727272727273	True
1366	637	0.6363636363636364	False
1366	2267	0.5454545454545454	True
1366	1042	0.45454545454545453	False
1366	1675	0.36363636363636365	True
1366	2691	0.2727272727272727	False
1366	3024	0.18181818181818182	True
1366	1771	0.09090909090909091	True
3276	2691	0.9090909090909091	False
3276	3024	0.8181818181818182	True
3276	543	0.7272727272727273	False
3276	3428	0.6363636363636364	False
3276	2388	0.5454545454545454	True
3276	637	0.45454545454545453	False
3276	3610	0.36363636363636365	True
3276	2522	0.2727272727272727	True
3276	533	0.18181818181818182	True
3276	2267	0.09090909090909091	True
4899	3167	0.9090909090909091	True
4899	1904	0.8181818181818182	False
4899	20	0.7272727272727273	True
4899	2691	0.6363636363636364	False
4899	3428	0.5454545454545454	False
4899	2267	0.45454545454545453	True
4899	1675	0.36363636363636365	True
4899	1042	0.2727272727272727	False
4899	1160	0.18181818181818182	True
4899	736	0.09090909090909091	True
4662	3078	0.9090909090909091	True
4662	2145	0.8181818181818182	False
4662	1042	0.7272727272727273	False
4662	2691	0.6363636363636364	False
4662	543	0.5454545454545454	False
4662	736	0.45454545454545453	True
4662	2522	0.36363636363636365	True
4662	3428	0.2727272727272727	False
4662	340	0.18181818181818182	True
4662	3012	0.09090909090909091	True
89	1675	0.9090909090909091	True
89	2267	0.8181818181818182	True
89	736	0.7272727272727273	True
89	1904	0.6363636363636364	False
89	543	0.5454545454545454	False
89	3078	0.45454545454545453	True
89	2691	0.36363636363636365	False
89	3428	0.2727272727272727	False
89	20	0.18181818181818182	True
89	1042	0.09090909090909091	False
600	1042	0.9090909090909091	False
600	736	0.8181818181818182	True
600	2388	0.7272727272727273	True
600	1904	0.6363636363636364	False
600	2448	0.5454545454545454	True
600	2288	0.45454545454545453	True
600	20	0.36363636363636365	True
600	2267	0.2727272727272727	True
600	2145	0.18181818181818182	False
600	2691	0.09090909090909091	False
3899	20	0.9090909090909091	True
3899	637	0.8181818181818182	False
3899	1042	0.7272727272727273	False
3899	1904	0.6363636363636364	False
3899	2691	0.5454545454545454	False
3899	1160	0.45454545454545453	True
3899	2388	0.36363636363636365	True
3899	2288	0.2727272727272727	True
3899	2826	0.18181818181818182	True
3899	3078	0.09090909090909091	True
5323	2145	0.9090909090909091	False
5323	543	0.8181818181818182	False
5323	3078	0.7272727272727273	True
5323	736	0.6363636363636364	True
5323	3428	0.5454545454545454	False
5323	1042	0.45454545454545453	False
5323	3024	0.36363636363636365	True
5323	2691	0.2727272727272727	False
5323	2548	0.18181818181818182	True
5323	2267	0.09090909090909091	True
3484	637	0.9090909090909091	False
3484	2691	0.8181818181818182	False
3484	2375	0.7272727272727273	True
3484	2288	0.6363636363636364	True
3484	1771	0.5454545454545454	True
3484	1042	0.45454545454545453	False
3484	3428	0.36363636363636365	False
3484	2388	0.2727272727272727	True
3484	3669	0.18181818181818182	True
3484	20	0.09090909090909091	True
3348	2691	0.9090909090909091	False
3348	3428	0.8181818181818182	False
3348	2145	0.7272727272727273	False
3348	1904	0.6363636363636364	False
3348	1042	0.5454545454545454	False
3348	543	0.45454545454545453	False
3348	2448	0.36363636363636365	True
3348	20	0.2727272727272727	True
3348	3078	0.18181818181818182	True
3348	2267	0.09090909090909091	True
5784	2145	0.9090909090909091	False
5784	2288	0.8181818181818182	True
5784	543	0.7272727272727273	False
5784	3012	0.6363636363636364	True
5784	3024	0.5454545454545454	True
5784	1904	0.45454545454545453	False
5784	1042	0.36363636363636365	False
5784	1665	0.2727272727272727	True
5784	2388	0.18181818181818182	True
5784	20	0.09090909090909091	True
442	1042	0.9090909090909091	False
442	1904	0.8181818181818182	False
442	2145	0.7272727272727273	False
442	2288	0.6363636363636364	True
442	20	0.5454545454545454	True
442	3428	0.45454545454545453	False
442	3669	0.36363636363636365	True
442	1580	0.2727272727272727	True
442	637	0.18181818181818182	False
442	2691	0.09090909090909091	False
2269	2145	0.9090909090909091	False
2269	1771	0.8181818181818182	True
2269	736	0.7272727272727273	True
2269	543	0.6363636363636364	False
2269	2388	0.5454545454545454	True
2269	2267	0.45454545454545453	True
2269	533	0.36363636363636365	True
2269	1042	0.2727272727272727	False
2269	3078	0.18181818181818182	True
2269	1904	0.09090909090909091	False
3034	2691	0.9090909090909091	False
3034	637	0.8181818181818182	False
3034	340	0.7272727272727273	True
3034	2106	0.6363636363636364	True
3034	2375	0.5454545454545454	True
3034	3669	0.45454545454545453	True
3034	2288	0.36363636363636365	True
3034	2548	0.2727272727272727	True
3034	1904	0.18181818181818182	False
3034	3428	0.09090909090909091	False
3204	2145	0.9090909090909091	False
3204	20	0.8181818181818182	True
3204	2388	0.7272727272727273	True
3204	2267	0.6363636363636364	True
3204	3610	0.5454545454545454	True
3204	2617	0.45454545454545453	True
3204	1160	0.36363636363636365	True
3204	340	0.2727272727272727	True
3204	3012	0.18181818181818182	True
3204	1904	0.09090909090909091	False
113	637	0.9090909090909091	False
113	1580	0.8181818181818182	True
113	2691	0.7272727272727273	False
113	533	0.6363636363636364	True
113	2617	0.5454545454545454	True
113	3768	0.45454545454545453	True
113	2375	0.36363636363636365	True
113	3078	0.2727272727272727	True
113	736	0.18181818181818182	True
113	1904	0.09090909090909091	False
295	1675	0.9090909090909091	True
295	3428	0.8181818181818182	False
295	2691	0.7272727272727273	False
295	3078	0.6363636363636364	True
295	2106	0.5454545454545454	True
295	340	0.45454545454545453	True
295	2267	0.36363636363636365	True
295	637	0.2727272727272727	False
295	20	0.18181818181818182	True
295	1904	0.09090909090909091	False
2023	3078	0.9090909090909091	True
2023	543	0.8181818181818182	False
2023	3024	0.7272727272727273	True
2023	2388	0.6363636363636364	True
2023	3428	0.5454545454545454	False
2023	1904	0.45454545454545453	False
2023	3012	0.36363636363636365	True
2023	3768	0.2727272727272727	True
2023	2145	0.18181818181818182	False
2023	2522	0.09090909090909091	True
4517	1042	0.9090909090909091	False
4517	3024	0.8181818181818182	True
4517	1675	0.7272727272727273	True
4517	736	0.6363636363636364	True
4517	1771	0.5454545454545454	True
4517	340	0.45454545454545453	True
4517	2267	0.36363636363636365	True
4517	3428	0.2727272727272727	False
4517	2762	0.18181818181818182	True
4517	1904	0.09090909090909091	False
3663	2388	0.9090909090909091	True
3663	2288	0.8181818181818182	True
3663	20	0.7272727272727273	True
3663	736	0.6363636363636364	True
3663	1580	0.5454545454545454	True
3663	533	0.45454545454545453	True
3663	637	0.36363636363636365	False
3663	2617	0.2727272727272727	True
3663	1771	0.18181818181818182	True
3663	1904	0.09090909090909091	False
5724	736	0.9090909090909091	True
5724	2448	0.8181818181818182	True
5724	1042	0.7272727272727273	False
5724	2288	0.6363636363636364	True
5724	1580	0.5454545454545454	True
5724	2522	0.45454545454545453	True
5724	2145	0.36363636363636365	False
5724	1771	0.2727272727272727	True
5724	2375	0.18181818181818182	True
5724	2691	0.09090909090909091	False
396	637	0.9090909090909091	False
396	1904	0.8181818181818182	False
396	2106	0.7272727272727273	True
396	2691	0.6363636363636364	False
396	2388	0.5454545454545454	True
396	736	0.45454545454545453	True
396	543	0.36363636363636365	False
396	2145	0.2727272727272727	False
396	1675	0.18181818181818182	True
396	2288	0.09090909090909091	True
5452	1904	0.9090909090909091	False
5452	533	0.8181818181818182	True
5452	2145	0.7272727272727273	False
5452	543	0.6363636363636364	False
5452	1665	0.5454545454545454	True
5452	3024	0.45454545454545453	True
5452	1042	0.36363636363636365	False
5452	1771	0.2727272727272727	True
5452	1580	0.18181818181818182	True
5452	2691	0.09090909090909091	False
2253	20	0.9090909090909091	True
2253	3669	0.8181818181818182	True
2253	2145	0.7272727272727273	False
2253	1042	0.6363636363636364	False
2253	3167	0.5454545454545454	True
2253	1904	0.45454545454545453	False
2253	2548	0.36363636363636365	True
2253	3610	0.2727272727272727	True
2253	340	0.18181818181818182	True
2253	1160	0.09090909090909091	True
3691	1042	0.9090909090909091	False
3691	2288	0.8181818181818182	True
3691	2691	0.7272727272727273	False
3691	2448	0.6363636363636364	True
3691	2388	0.5454545454545454	True
3691	543	0.45454545454545453	False
3691	1904	0.36363636363636365	False
3691	1771	0.2727272727272727	True
3691	3012	0.18181818181818182	True
3691	3024	0.09090909090909091	True
3956	2145	0.9090909090909091	False
3956	20	0.8181818181818182	True
3956	736	0.7272727272727273	True
3956	1042	0.6363636363636364	False
3956	3024	0.5454545454545454	True
3956	1904	0.45454545454545453	False
3956	2288	0.36363636363636365	True
3956	3078	0.2727272727272727	True
3956	2448	0.18181818181818182	True
3956	1675	0.09090909090909091	True
448	3024	0.9090909090909091	True
448	543	0.8181818181818182	False
448	1771	0.7272727272727273	True
448	2288	0.6363636363636364	True
448	2388	0.5454545454545454	True
448	736	0.45454545454545453	True
448	2762	0.36363636363636365	True
448	2691	0.2727272727272727	False
448	3012	0.18181818181818182	True
448	2267	0.09090909090909091	True
1885	2145	0.9090909090909091	False
1885	1904	0.8181818181818182	False
1885	3610	0.7272727272727273	True
1885	3012	0.6363636363636364	True
1885	1160	0.5454545454545454	True
1885	1977	0.45454545454545453	True
1885	2826	0.36363636363636365	True
1885	637	0.2727272727272727	False
1885	3669	0.18181818181818182	True
1885	1580	0.09090909090909091	True
777	1904	0.9090909090909091	False
777	2288	0.8181818181818182	True
777	3078	0.7272727272727273	True
777	2691	0.6363636363636364	False
777	543	0.5454545454545454	False
777	637	0.45454545454545453	False
777	2388	0.36363636363636365	True
777	1042	0.2727272727272727	False
777	3012	0.18181818181818182	True
777	2145	0.09090909090909091	False
121	2388	0.9090909090909091	True
121	2267	0.8181818181818182	True
121	1042	0.7272727272727273	False
121	2145	0.6363636363636364	False
121	1904	0.5454545454545454	False
121	3610	0.45454545454545453	True
121	3428	0.36363636363636365	False
121	2691	0.2727272727272727	False
121	736	0.18181818181818182	True
121	2548	0.09090909090909091	True
554	2388	0.9090909090909091	True
554	2267	0.8181818181818182	True
554	20	0.7272727272727273	True
554	2288	0.6363636363636364	True
554	1042	0.5454545454545454	False
554	736	0.45454545454545453	True
554	3167	0.36363636363636365	True
554	637	0.2727272727272727	False
554	2691	0.18181818181818182	False
554	2548	0.09090909090909091	True
5170	2145	0.9090909090909091	False
5170	1042	0.8181818181818182	False
5170	1904	0.7272727272727273	False
5170	2267	0.6363636363636364	True
5170	543	0.5454545454545454	False
5170	3012	0.45454545454545453	True
5170	2691	0.36363636363636365	False
5170	2288	0.2727272727272727	True
5170	3078	0.18181818181818182	True
5170	2388	0.09090909090909091	True
1421	2145	0.9090909090909091	False
1421	2691	0.8181818181818182	False
1421	3669	0.7272727272727273	True
1421	1904	0.6363636363636364	False
1421	1042	0.5454545454545454	False
1421	3428	0.45454545454545453	False
1421	20	0.36363636363636365	True
1421	2375	0.2727272727272727	True
1421	340	0.18181818181818182	True
1421	2522	0.09090909090909091	True
5179	736	0.9090909090909091	True
5179	3024	0.8181818181818182	True
5179	2267	0.7272727272727273	True
5179	1771	0.6363636363636364	True
5179	340	0.5454545454545454	True
5179	3078	0.45454545454545453	True
5179	543	0.36363636363636365	False
5179	637	0.2727272727272727	False
5179	2231	0.18181818181818182	True
5179	1675	0.09090909090909091	True
4951	1042	0.9090909090909091	False
4951	3167	0.8181818181818182	True
4951	2691	0.7272727272727273	False
4951	3428	0.6363636363636364	False
4951	543	0.5454545454545454	False
4951	637	0.45454545454545453	False
4951	1904	0.36363636363636365	False
4951	1160	0.2727272727272727	True
4951	3610	0.18181818181818182	True
4951	3078	0.09090909090909091	True
3589	2288	0.9090909090909091	True
3589	2145	0.8181818181818182	False
3589	1042	0.7272727272727273	False
3589	1904	0.6363636363636364	False
3589	20	0.5454545454545454	True
3589	637	0.45454545454545453	False
3589	2691	0.36363636363636365	False
3589	2388	0.2727272727272727	True
3589	2267	0.18181818181818182	True
3589	3610	0.09090909090909091	True
1329	20	0.9090909090909091	True
1329	2145	0.8181818181818182	False
1329	3610	0.7272727272727273	True
1329	1904	0.6363636363636364	False
1329	3428	0.5454545454545454	False
1329	1042	0.45454545454545453	False
1329	2691	0.36363636363636365	False
1329	3669	0.2727272727272727	True
1329	2267	0.18181818181818182	True
1329	2548	0.09090909090909091	True
5091	736	0.9090909090909091	True
5091	2267	0.8181818181818182	True
5091	340	0.7272727272727273	True
5091	2691	0.6363636363636364	False
5091	3610	0.5454545454545454	True
5091	2145	0.45454545454545453	False
5091	543	0.36363636363636365	False
5091	1675	0.2727272727272727	True
5091	2375	0.18181818181818182	True
5091	3078	0.09090909090909091	True
93	2288	0.9090909090909091	True
93	2388	0.8181818181818182	True
93	1904	0.7272727272727273	False
93	3167	0.6363636363636364	True
93	1771	0.5454545454545454	True
93	543	0.45454545454545453	False
93	2145	0.36363636363636365	False
93	2267	0.2727272727272727	True
93	1042	0.18181818181818182	False
93	445	0.09090909090909091	True
5657	2691	0.9090909090909091	False
5657	2145	0.8181818181818182	False
5657	2548	0.7272727272727273	True
5657	1904	0.6363636363636364	False
5657	1042	0.5454545454545454	False
5657	3167	0.45454545454545453	True
5657	2106	0.36363636363636365	True
5657	3610	0.2727272727272727	True
5657	543	0.18181818181818182	False
5657	340	0.09090909090909091	True
2932	637	0.9090909090909091	False
2932	543	0.8181818181818182	False
2932	3024	0.7272727272727273	True
2932	1904	0.6363636363636364	False
2932	2388	0.5454545454545454	True
2932	3428	0.45454545454545453	False
2932	2145	0.36363636363636365	False
2932	2548	0.2727272727272727	True
2932	20	0.18181818181818182	True
2932	1675	0.09090909090909091	True
2862	1771	0.9090909090909091	True
2862	543	0.8181818181818182	False
2862	3024	0.7272727272727273	True
2862	1904	0.6363636363636364	False
2862	637	0.5454545454545454	False
2862	533	0.45454545454545453	True
2862	1580	0.36363636363636365	True
2862	1042	0.2727272727272727	False
2862	3428	0.18181818181818182	False
2862	2691	0.09090909090909091	False
198	1042	0.9090909090909091	False
198	2145	0.8181818181818182	False
198	3012	0.7272727272727273	True
198	1665	0.6363636363636364	True
198	20	0.5454545454545454	True
198	2691	0.45454545454545453	False
198	1904	0.36363636363636365	False
198	736	0.2727272727272727	True
198	1580	0.18181818181818182	True
198	2267	0.09090909090909091	True
1553	2388	0.9090909090909091	True
1553	2762	0.8181818181818182	True
1553	736	0.7272727272727273	True
1553	637	0.6363636363636364	False
1553	2231	0.5454545454545454	True
1553	543	0.45454545454545453	False
1553	20	0.36363636363636365	True
1553	2267	0.2727272727272727	True
1553	1160	0.18181818181818182	True
1553	3610	0.09090909090909091	True
1345	2388	0.9090909090909091	True
1345	2375	0.8181818181818182	True
1345	543	0.7272727272727273	False
1345	3669	0.6363636363636364	True
1345	3024	0.5454545454545454	True
1345	2145	0.45454545454545453	False
1345	340	0.36363636363636365	True
1345	20	0.2727272727272727	True
1345	637	0.18181818181818182	False
1345	736	0.09090909090909091	True
683	3024	0.9090909090909091	True
683	2691	0.8181818181818182	False
683	1042	0.7272727272727273	False
683	543	0.6363636363636364	False
683	637	0.5454545454545454	False
683	2267	0.45454545454545453	True
683	736	0.36363636363636365	True
683	1904	0.2727272727272727	False
683	3428	0.18181818181818182	False
683	2145	0.09090909090909091	False
5774	3078	0.9090909090909091	True
5774	2388	0.8181818181818182	True
5774	2145	0.7272727272727273	False
5774	736	0.6363636363636364	True
5774	1904	0.5454545454545454	False
5774	543	0.45454545454545453	False
5774	3024	0.36363636363636365	True
5774	533	0.2727272727272727	True
5774	1042	0.18181818181818182	False
5774	3012	0.09090909090909091	True
4393	736	0.9090909090909091	True
4393	2691	0.8181818181818182	False
4393	2267	0.7272727272727273	True
4393	3428	0.6363636363636364	False
4393	1042	0.5454545454545454	False
4393	543	0.45454545454545453	False
4393	2106	0.36363636363636365	True
4393	2145	0.2727272727272727	False
4393	3610	0.18181818181818182	True
4393	1160	0.09090909090909091	True
2055	2375	0.9090909090909091	True
2055	340	0.8181818181818182	True
2055	637	0.7272727272727273	False
2055	1160	0.6363636363636364	True
2055	3669	0.5454545454545454	True
2055	1042	0.45454545454545453	False
2055	2388	0.36363636363636365	True
2055	3610	0.2727272727272727	True
2055	20	0.18181818181818182	True
2055	2145	0.09090909090909091	False
5084	543	0.9090909090909091	False
5084	3428	0.8181818181818182	False
5084	2145	0.7272727272727273	False
5084	1042	0.6363636363636364	False
5084	1904	0.5454545454545454	False
5084	3012	0.45454545454545453	True
5084	340	0.36363636363636365	True
5084	3024	0.2727272727272727	True
5084	3078	0.18181818181818182	True
5084	3669	0.09090909090909091	True
3216	2691	0.9090909090909091	False
3216	2145	0.8181818181818182	False
3216	533	0.7272727272727273	True
3216	1904	0.6363636363636364	False
3216	1042	0.5454545454545454	False
3216	543	0.45454545454545453	False
3216	2617	0.36363636363636365	True
3216	2388	0.2727272727272727	True
3216	637	0.18181818181818182	False
3216	3012	0.09090909090909091	True
2674	2267	0.9090909090909091	True
2674	2691	0.8181818181818182	False
2674	543	0.7272727272727273	False
2674	3428	0.6363636363636364	False
2674	1160	0.5454545454545454	True
2674	340	0.45454545454545453	True
2674	2106	0.36363636363636365	True
2674	637	0.2727272727272727	False
2674	3669	0.18181818181818182	True
2674	1675	0.09090909090909091	True
2381	3024	0.9090909090909091	True
2381	2288	0.8181818181818182	True
2381	1042	0.7272727272727273	False
2381	2145	0.6363636363636364	False
2381	1904	0.5454545454545454	False
2381	3012	0.45454545454545453	True
2381	340	0.36363636363636365	True
2381	1580	0.2727272727272727	True
2381	637	0.18181818181818182	False
2381	1771	0.09090909090909091	True
1383	2691	0.9090909090909091	False
1383	3610	0.8181818181818182	True
1383	2548	0.7272727272727273	True
1383	3428	0.6363636363636364	False
1383	3167	0.5454545454545454	True
1383	2145	0.45454545454545453	False
1383	2267	0.36363636363636365	True
1383	340	0.2727272727272727	True
1383	3669	0.18181818181818182	True
1383	543	0.09090909090909091	False
2739	3024	0.9090909090909091	True
2739	637	0.8181818181818182	False
2739	2691	0.7272727272727273	False
2739	2375	0.6363636363636364	True
2739	3669	0.5454545454545454	True
2739	1042	0.45454545454545453	False
2739	3428	0.36363636363636365	False
2739	2288	0.2727272727272727	True
2739	20	0.18181818181818182	True
2739	543	0.09090909090909091	False
1875	2388	0.9090909090909091	True
1875	1904	0.8181818181818182	False
1875	543	0.7272727272727273	False
1875	2267	0.6363636363636364	True
1875	1675	0.5454545454545454	True
1875	3669	0.45454545454545453	True
1875	1771	0.36363636363636365	True
1875	637	0.2727272727272727	False
1875	2691	0.18181818181818182	False
1875	1160	0.09090909090909091	True
1390	543	0.9090909090909091	False
1390	2388	0.8181818181818182	True
1390	3078	0.7272727272727273	True
1390	2145	0.6363636363636364	False
1390	2691	0.5454545454545454	False
1390	20	0.45454545454545453	True
1390	1904	0.36363636363636365	False
1390	3428	0.2727272727272727	False
1390	3610	0.18181818181818182	True
1390	637	0.09090909090909091	False
2626	543	0.9090909090909091	False
2626	3012	0.8181818181818182	True
2626	2145	0.7272727272727273	False
2626	2691	0.6363636363636364	False
2626	1665	0.5454545454545454	True
2626	340	0.45454545454545453	True
2626	2267	0.36363636363636365	True
2626	3024	0.2727272727272727	True
2626	2617	0.18181818181818182	True
2626	1904	0.09090909090909091	False
3824	20	0.9090909090909091	True
3824	2145	0.8181818181818182	False
3824	3669	0.7272727272727273	True
3824	2288	0.6363636363636364	True
3824	3428	0.5454545454545454	False
3824	1904	0.45454545454545453	False
3824	2375	0.36363636363636365	True
3824	340	0.2727272727272727	True
3824	1042	0.18181818181818182	False
3824	3167	0.09090909090909091	True
2827	2145	0.9090909090909091	False
2827	2106	0.8181818181818182	True
2827	2691	0.7272727272727273	False
2827	543	0.6363636363636364	False
2827	3768	0.5454545454545454	True
2827	2388	0.45454545454545453	True
2827	1977	0.36363636363636365	True
2827	3428	0.2727272727272727	False
2827	3610	0.18181818181818182	True
2827	637	0.09090909090909091	False
3918	1160	0.9090909090909091	True
3918	3428	0.8181818181818182	False
3918	3669	0.7272727272727273	True
3918	1904	0.6363636363636364	False
3918	2145	0.5454545454545454	False
3918	20	0.45454545454545453	True
3918	3078	0.36363636363636365	True
3918	3167	0.2727272727272727	True
3918	543	0.18181818181818182	False
3918	2375	0.09090909090909091	True
4443	2145	0.9090909090909091	False
4443	1042	0.8181818181818182	False
4443	1904	0.7272727272727273	False
4443	2288	0.6363636363636364	True
4443	340	0.5454545454545454	True
4443	20	0.45454545454545453	True
4443	3012	0.36363636363636365	True
4443	2375	0.2727272727272727	True
4443	736	0.18181818181818182	True
4443	3669	0.09090909090909091	True
3904	2691	0.9090909090909091	False
3904	2267	0.8181818181818182	True
3904	2288	0.7272727272727273	True
3904	1042	0.6363636363636364	False
3904	2375	0.5454545454545454	True
3904	3610	0.45454545454545453	True
3904	20	0.36363636363636365	True
3904	888	0.2727272727272727	True
3904	2826	0.18181818181818182	True
3904	637	0.09090909090909091	False
5797	3024	0.9090909090909091	True
5797	340	0.8181818181818182	True
5797	2145	0.7272727272727273	False
5797	637	0.6363636363636364	False
5797	3012	0.5454545454545454	True
5797	1771	0.45454545454545453	True
5797	2288	0.36363636363636365	True
5797	1042	0.2727272727272727	False
5797	1580	0.18181818181818182	True
5797	543	0.09090909090909091	False
636	543	0.9090909090909091	False
636	3024	0.8181818181818182	True
636	3078	0.7272727272727273	True
636	1042	0.6363636363636364	False
636	736	0.5454545454545454	True
636	2145	0.45454545454545453	False
636	2691	0.36363636363636365	False
636	3428	0.2727272727272727	False
636	1771	0.18181818181818182	True
636	2522	0.09090909090909091	True
2596	1042	0.9090909090909091	False
2596	637	0.8181818181818182	False
2596	2691	0.7272727272727273	False
2596	736	0.6363636363636364	True
2596	2145	0.5454545454545454	False
2596	20	0.45454545454545453	True
2596	3669	0.36363636363636365	True
2596	2388	0.2727272727272727	True
2596	2522	0.18181818181818182	True
2596	1160	0.09090909090909091	True
5349	543	0.9090909090909091	False
5349	2691	0.8181818181818182	False
5349	3428	0.7272727272727273	False
5349	2267	0.6363636363636364	True
5349	1042	0.5454545454545454	False
5349	1771	0.45454545454545453	True
5349	2388	0.36363636363636365	True
5349	2145	0.2727272727272727	False
5349	637	0.18181818181818182	False
5349	1904	0.09090909090909091	False
4868	3669	0.9090909090909091	True
4868	2145	0.8181818181818182	False
4868	3610	0.7272727272727273	True
4868	2388	0.6363636363636364	True
4868	2548	0.5454545454545454	True
4868	736	0.45454545454545453	True
4868	20	0.36363636363636365	True
4868	2691	0.2727272727272727	False
4868	543	0.18181818181818182	False
4868	1042	0.09090909090909091	False
4420	3078	0.9090909090909091	True
4420	543	0.8181818181818182	False
4420	637	0.7272727272727273	False
4420	2691	0.6363636363636364	False
4420	3428	0.5454545454545454	False
4420	3012	0.45454545454545453	True
4420	340	0.36363636363636365	True
4420	3167	0.2727272727272727	True
4420	2375	0.18181818181818182	True
4420	2267	0.09090909090909091	True
5414	2145	0.9090909090909091	False
5414	1042	0.8181818181818182	False
5414	1904	0.7272727272727273	False
5414	1665	0.6363636363636364	True
5414	2691	0.5454545454545454	False
5414	3024	0.45454545454545453	True
5414	340	0.36363636363636365	True
5414	2267	0.2727272727272727	True
5414	3012	0.18181818181818182	True
5414	2288	0.09090909090909091	True
2222	2388	0.9090909090909091	True
2222	1904	0.8181818181818182	False
2222	736	0.7272727272727273	True
2222	3078	0.6363636363636364	True
2222	543	0.5454545454545454	False
2222	2288	0.45454545454545453	True
2222	1771	0.36363636363636365	True
2222	2448	0.2727272727272727	True
2222	637	0.18181818181818182	False
2222	2762	0.09090909090909091	True
1776	1160	0.9090909090909091	True
1776	2691	0.8181818181818182	False
1776	1042	0.7272727272727273	False
1776	2145	0.6363636363636364	False
1776	1904	0.5454545454545454	False
1776	3428	0.45454545454545453	False
1776	3012	0.36363636363636365	True
1776	543	0.2727272727272727	False
1776	637	0.18181818181818182	False
1776	2617	0.09090909090909091	True
5540	1580	0.9090909090909091	True
5540	2388	0.8181818181818182	True
5540	2288	0.7272727272727273	True
5540	736	0.6363636363636364	True
5540	637	0.5454545454545454	False
5540	3024	0.45454545454545453	True
5540	2145	0.36363636363636365	False
5540	2522	0.2727272727272727	True
5540	543	0.18181818181818182	False
5540	20	0.09090909090909091	True
4252	1042	0.9090909090909091	False
4252	2691	0.8181818181818182	False
4252	3428	0.7272727272727273	False
4252	3167	0.6363636363636364	True
4252	2375	0.5454545454545454	True
4252	20	0.45454545454545453	True
4252	3669	0.36363636363636365	True
4252	340	0.2727272727272727	True
4252	2548	0.18181818181818182	True
4252	3610	0.09090909090909091	True
1521	2267	0.9090909090909091	True
1521	543	0.8181818181818182	False
1521	637	0.7272727272727273	False
1521	2691	0.6363636363636364	False
1521	736	0.5454545454545454	True
1521	2231	0.45454545454545453	True
1521	1771	0.36363636363636365	True
1521	1160	0.2727272727272727	True
1521	2388	0.18181818181818182	True
1521	2145	0.09090909090909091	False
5464	533	0.9090909090909091	True
5464	2691	0.8181818181818182	False
5464	2145	0.7272727272727273	False
5464	2617	0.6363636363636364	True
5464	637	0.5454545454545454	False
5464	2548	0.45454545454545453	True
5464	1665	0.36363636363636365	True
5464	3610	0.2727272727272727	True
5464	1904	0.18181818181818182	False
5464	2288	0.09090909090909091	True
2236	543	0.9090909090909091	False
2236	1042	0.8181818181818182	False
2236	2267	0.7272727272727273	True
2236	3428	0.6363636363636364	False
2236	2231	0.5454545454545454	True
2236	2691	0.45454545454545453	False
2236	736	0.36363636363636365	True
2236	3012	0.2727272727272727	True
2236	3610	0.18181818181818182	True
2236	2145	0.09090909090909091	False
3873	543	0.9090909090909091	False
3873	2267	0.8181818181818182	True
3873	1675	0.7272727272727273	True
3873	340	0.6363636363636364	True
3873	1771	0.5454545454545454	True
3873	2691	0.45454545454545453	False
3873	637	0.36363636363636365	False
3873	3428	0.2727272727272727	False
3873	1160	0.18181818181818182	True
3873	2375	0.09090909090909091	True
4828	2145	0.9090909090909091	False
4828	3078	0.8181818181818182	True
4828	1042	0.7272727272727273	False
4828	736	0.6363636363636364	True
4828	1904	0.5454545454545454	False
4828	543	0.45454545454545453	False
4828	2267	0.36363636363636365	True
4828	3428	0.2727272727272727	False
4828	2448	0.18181818181818182	True
4828	20	0.09090909090909091	True
3652	2691	0.9090909090909091	False
3652	543	0.8181818181818182	False
3652	3768	0.7272727272727273	True
3652	637	0.6363636363636364	False
3652	2522	0.5454545454545454	True
3652	2145	0.45454545454545453	False
3652	3078	0.36363636363636365	True
3652	533	0.2727272727272727	True
3652	2388	0.18181818181818182	True
3652	2288	0.09090909090909091	True
4139	3167	0.9090909090909091	True
4139	2691	0.8181818181818182	False
4139	637	0.7272727272727273	False
4139	3024	0.6363636363636364	True
4139	543	0.5454545454545454	False
4139	2267	0.45454545454545453	True
4139	1580	0.36363636363636365	True
4139	2548	0.2727272727272727	True
4139	3610	0.18181818181818182	True
4139	1042	0.09090909090909091	False
2639	1904	0.9090909090909091	False
2639	2288	0.8181818181818182	True
2639	20	0.7272727272727273	True
2639	3167	0.6363636363636364	True
2639	637	0.5454545454545454	False
2639	3669	0.45454545454545453	True
2639	1675	0.36363636363636365	True
2639	1042	0.2727272727272727	False
2639	1160	0.18181818181818182	True
2639	1977	0.09090909090909091	True
5866	1904	0.9090909090909091	False
5866	20	0.8181818181818182	True
5866	1042	0.7272727272727273	False
5866	2145	0.6363636363636364	False
5866	1665	0.5454545454545454	True
5866	2388	0.45454545454545453	True
5866	736	0.36363636363636365	True
5866	3012	0.2727272727272727	True
5866	2826	0.18181818181818182	True
5866	1160	0.09090909090909091	True
5406	2691	0.9090909090909091	False
5406	543	0.8181818181818182	False
5406	2145	0.7272727272727273	False
5406	3428	0.6363636363636364	False
5406	1042	0.5454545454545454	False
5406	2522	0.45454545454545453	True
5406	1904	0.36363636363636365	False
5406	3024	0.2727272727272727	True
5406	533	0.18181818181818182	True
5406	1771	0.09090909090909091	True
4381	2691	0.9090909090909091	False
4381	1042	0.8181818181818182	False
4381	20	0.7272727272727273	True
4381	2267	0.6363636363636364	True
4381	3428	0.5454545454545454	False
4381	2375	0.45454545454545453	True
4381	543	0.36363636363636365	False
4381	2388	0.2727272727272727	True
4381	637	0.18181818181818182	False
4381	340	0.09090909090909091	True
1556	2691	0.9090909090909091	False
1556	543	0.8181818181818182	False
1556	340	0.7272727272727273	True
1556	3428	0.6363636363636364	False
1556	3012	0.5454545454545454	True
1556	1042	0.45454545454545453	False
1556	2145	0.36363636363636365	False
1556	2106	0.2727272727272727	True
1556	2548	0.18181818181818182	True
1556	2375	0.09090909090909091	True
2447	3024	0.9090909090909091	True
2447	736	0.8181818181818182	True
2447	543	0.7272727272727273	False
2447	340	0.6363636363636364	True
2447	637	0.5454545454545454	False
2447	1771	0.45454545454545453	True
2447	2388	0.36363636363636365	True
2447	2375	0.2727272727272727	True
2447	3669	0.18181818181818182	True
2447	2145	0.09090909090909091	False
4906	1904	0.9090909090909091	False
4906	1580	0.8181818181818182	True
4906	2145	0.7272727272727273	False
4906	637	0.6363636363636364	False
4906	1160	0.5454545454545454	True
4906	3012	0.45454545454545453	True
4906	2691	0.36363636363636365	False
4906	2288	0.2727272727272727	True
4906	2617	0.18181818181818182	True
4906	1042	0.09090909090909091	False
1993	2145	0.9090909090909091	False
1993	2267	0.8181818181818182	True
1993	637	0.7272727272727273	False
1993	543	0.6363636363636364	False
1993	2288	0.5454545454545454	True
1993	20	0.45454545454545453	True
1993	1904	0.36363636363636365	False
1993	1160	0.2727272727272727	True
1993	340	0.18181818181818182	True
1993	3610	0.09090909090909091	True
259	2145	0.9090909090909091	False
259	3669	0.8181818181818182	True
259	736	0.7272727272727273	True
259	1904	0.6363636363636364	False
259	1042	0.5454545454545454	False
259	543	0.45454545454545453	False
259	20	0.36363636363636365	True
259	3428	0.2727272727272727	False
259	3167	0.18181818181818182	True
259	2388	0.09090909090909091	True
1396	2267	0.9090909090909091	True
1396	1904	0.8181818181818182	False
1396	3024	0.7272727272727273	True
1396	1042	0.6363636363636364	False
1396	2145	0.5454545454545454	False
1396	3012	0.45454545454545453	True
1396	3078	0.36363636363636365	True
1396	736	0.2727272727272727	True
1396	1675	0.18181818181818182	True
1396	3428	0.09090909090909091	False
5651	1904	0.9090909090909091	False
5651	3078	0.8181818181818182	True
5651	543	0.7272727272727273	False
5651	2145	0.6363636363636364	False
5651	2448	0.5454545454545454	True
5651	3012	0.45454545454545453	True
5651	1042	0.36363636363636365	False
5651	736	0.2727272727272727	True
5651	2691	0.18181818181818182	False
5651	2288	0.09090909090909091	True
2061	543	0.9090909090909091	False
2061	1160	0.8181818181818182	True
2061	3012	0.7272727272727273	True
2061	637	0.6363636363636364	False
2061	2691	0.5454545454545454	False
2061	2267	0.45454545454545453	True
2061	340	0.36363636363636365	True
2061	736	0.2727272727272727	True
2061	1904	0.18181818181818182	False
2061	2145	0.09090909090909091	False
5515	3024	0.9090909090909091	True
5515	340	0.8181818181818182	True
5515	2145	0.7272727272727273	False
5515	1771	0.6363636363636364	True
5515	736	0.5454545454545454	True
5515	2267	0.45454545454545453	True
5515	3610	0.36363636363636365	True
5515	1042	0.2727272727272727	False
5515	543	0.18181818181818182	False
5515	2288	0.09090909090909091	True
2885	543	0.9090909090909091	False
2885	3024	0.8181818181818182	True
2885	2388	0.7272727272727273	True
2885	1771	0.6363636363636364	True
2885	2267	0.5454545454545454	True
2885	2288	0.45454545454545453	True
2885	1160	0.36363636363636365	True
2885	3012	0.2727272727272727	True
2885	637	0.18181818181818182	False
2885	2522	0.09090909090909091	True
5864	2691	0.9090909090909091	False
5864	637	0.8181818181818182	False
5864	20	0.7272727272727273	True
5864	2267	0.6363636363636364	True
5864	3078	0.5454545454545454	True
5864	2375	0.45454545454545453	True
5864	543	0.36363636363636365	False
5864	3428	0.2727272727272727	False
5864	3610	0.18181818181818182	True
5864	736	0.09090909090909091	True
4465	1042	0.9090909090909091	False
4465	1904	0.8181818181818182	False
4465	2267	0.7272727272727273	True
4465	1675	0.6363636363636364	True
4465	2388	0.5454545454545454	True
4465	2691	0.45454545454545453	False
4465	2145	0.36363636363636365	False
4465	3024	0.2727272727272727	True
4465	543	0.18181818181818182	False
4465	736	0.09090909090909091	True
