643	3617	0.9090909090909091	False
643	1520	0.8181818181818182	False
643	3812	0.7272727272727273	False
643	563	0.6363636363636364	False
643	1772	0.5454545454545454	False
643	1926	0.45454545454545453	True
643	2828	0.36363636363636365	True
643	2746	0.2727272727272727	True
643	1053	0.18181818181818182	True
643	2295	0.09090909090909091	True
3804	3617	0.9090909090909091	False
3804	1520	0.8181818181818182	False
3804	3812	0.7272727272727273	False
3804	1053	0.6363636363636364	True
3804	1772	0.5454545454545454	False
3804	563	0.45454545454545453	False
3804	2828	0.36363636363636365	True
3804	2746	0.2727272727272727	True
3804	637	0.18181818181818182	True
3804	1926	0.09090909090909091	True
267	1520	0.9090909090909091	False
267	3617	0.8181818181818182	False
267	3812	0.7272727272727273	False
267	1053	0.6363636363636364	True
267	1772	0.5454545454545454	False
267	563	0.45454545454545453	False
267	637	0.36363636363636365	True
267	1926	0.2727272727272727	True
267	2746	0.18181818181818182	True
267	2828	0.09090909090909091	True
4589	3617	0.9090909090909091	False
4589	1053	0.8181818181818182	True
4589	3812	0.7272727272727273	False
4589	1772	0.6363636363636364	False
4589	2746	0.5454545454545454	True
4589	1520	0.45454545454545453	False
4589	2828	0.36363636363636365	True
4589	563	0.2727272727272727	False
4589	1926	0.18181818181818182	True
4589	2295	0.09090909090909091	True
1674	3617	0.9090909090909091	False
1674	1520	0.8181818181818182	False
1674	1053	0.7272727272727273	True
1674	637	0.6363636363636364	True
1674	2828	0.5454545454545454	True
1674	563	0.45454545454545453	False
1674	3812	0.36363636363636365	False
1674	2746	0.2727272727272727	True
1674	1772	0.18181818181818182	False
1674	1926	0.09090909090909091	True
4648	3617	0.9090909090909091	False
4648	1772	0.8181818181818182	False
4648	1520	0.7272727272727273	False
4648	3812	0.6363636363636364	False
4648	2828	0.5454545454545454	True
4648	2746	0.45454545454545453	True
4648	1053	0.36363636363636365	True
4648	2295	0.2727272727272727	True
4648	563	0.18181818181818182	False
4648	1926	0.09090909090909091	True
4638	1053	0.9090909090909091	True
4638	1772	0.8181818181818182	False
4638	3812	0.7272727272727273	False
4638	1520	0.6363636363636364	False
4638	3617	0.5454545454545454	False
4638	2828	0.45454545454545453	True
4638	2746	0.36363636363636365	True
4638	563	0.2727272727272727	False
4638	1926	0.18181818181818182	True
4638	2295	0.09090909090909091	True
97	3812	0.9090909090909091	False
97	563	0.8181818181818182	False
97	1520	0.7272727272727273	False
97	3617	0.6363636363636364	False
97	2746	0.5454545454545454	True
97	2828	0.45454545454545453	True
97	1772	0.36363636363636365	False
97	1053	0.2727272727272727	True
97	1926	0.18181818181818182	True
97	1920	0.09090909090909091	True
5793	3617	0.9090909090909091	False
5793	1772	0.8181818181818182	False
5793	563	0.7272727272727273	False
5793	1520	0.6363636363636364	False
5793	3812	0.5454545454545454	False
5793	1053	0.45454545454545453	True
5793	2828	0.36363636363636365	True
5793	1926	0.2727272727272727	True
5793	2295	0.18181818181818182	True
5793	2746	0.09090909090909091	True
458	3812	0.9090909090909091	False
458	3617	0.8181818181818182	False
458	1053	0.7272727272727273	True
458	1520	0.6363636363636364	False
458	2828	0.5454545454545454	True
458	1772	0.45454545454545453	False
458	563	0.36363636363636365	False
458	2746	0.2727272727272727	True
458	1926	0.18181818181818182	True
458	2449	0.09090909090909091	True
5955	3617	0.9090909090909091	False
5955	3812	0.8181818181818182	False
5955	1520	0.7272727272727273	False
5955	563	0.6363636363636364	False
5955	1772	0.5454545454545454	False
5955	2828	0.45454545454545453	True
5955	1926	0.36363636363636365	True
5955	1053	0.2727272727272727	True
5955	2746	0.18181818181818182	True
5955	1920	0.09090909090909091	True
6000	3812	0.9090909090909091	False
6000	3617	0.8181818181818182	False
6000	1772	0.7272727272727273	False
6000	563	0.6363636363636364	False
6000	1520	0.5454545454545454	False
6000	1053	0.45454545454545453	True
6000	2828	0.36363636363636365	True
6000	2746	0.2727272727272727	True
6000	1926	0.18181818181818182	True
6000	2449	0.09090909090909091	True
1740	3617	0.9090909090909091	False
1740	3812	0.8181818181818182	False
1740	1520	0.7272727272727273	False
1740	2828	0.6363636363636364	True
1740	1053	0.5454545454545454	True
1740	563	0.45454545454545453	False
1740	1772	0.36363636363636365	False
1740	2746	0.2727272727272727	True
1740	1926	0.18181818181818182	True
1740	637	0.09090909090909091	True
3378	563	0.9090909090909091	False
3378	3617	0.8181818181818182	False
3378	1772	0.7272727272727273	False
3378	3812	0.6363636363636364	False
3378	1053	0.5454545454545454	True
3378	2828	0.45454545454545453	True
3378	1520	0.36363636363636365	False
3378	2746	0.2727272727272727	True
3378	637	0.18181818181818182	True
3378	2449	0.09090909090909091	True
2074	1520	0.9090909090909091	False
2074	3617	0.8181818181818182	False
2074	1772	0.7272727272727273	False
2074	3812	0.6363636363636364	False
2074	563	0.5454545454545454	False
2074	1053	0.45454545454545453	True
2074	2746	0.36363636363636365	True
2074	1926	0.2727272727272727	True
2074	2828	0.18181818181818182	True
2074	637	0.09090909090909091	True
3215	1520	0.9090909090909091	False
3215	563	0.8181818181818182	False
3215	1053	0.7272727272727273	True
3215	1772	0.6363636363636364	False
3215	3812	0.5454545454545454	False
3215	3617	0.45454545454545453	False
3215	2746	0.36363636363636365	True
3215	637	0.2727272727272727	True
3215	2828	0.18181818181818182	True
3215	1926	0.09090909090909091	True
3393	3812	0.9090909090909091	False
3393	1520	0.8181818181818182	False
3393	3617	0.7272727272727273	False
3393	563	0.6363636363636364	False
3393	1772	0.5454545454545454	False
3393	1053	0.45454545454545453	True
3393	2828	0.36363636363636365	True
3393	1926	0.2727272727272727	True
3393	2746	0.18181818181818182	True
3393	2295	0.09090909090909091	True
3680	1520	0.9090909090909091	False
3680	3617	0.8181818181818182	False
3680	3812	0.7272727272727273	False
3680	1772	0.6363636363636364	False
3680	563	0.5454545454545454	False
3680	1053	0.45454545454545453	True
3680	2828	0.36363636363636365	True
3680	2746	0.2727272727272727	True
3680	1926	0.18181818181818182	True
3680	637	0.09090909090909091	True
2596	1772	0.9090909090909091	False
2596	3617	0.8181818181818182	False
2596	2828	0.7272727272727273	True
2596	3812	0.6363636363636364	False
2596	2746	0.5454545454545454	True
2596	563	0.45454545454545453	False
2596	1053	0.36363636363636365	True
2596	1520	0.2727272727272727	False
2596	1926	0.18181818181818182	True
2596	2295	0.09090909090909091	True
244	3812	0.9090909090909091	False
244	3617	0.8181818181818182	False
244	2828	0.7272727272727273	True
244	1772	0.6363636363636364	False
244	563	0.5454545454545454	False
244	1520	0.45454545454545453	False
244	2746	0.36363636363636365	True
244	1926	0.2727272727272727	True
244	1053	0.18181818181818182	True
244	147	0.09090909090909091	True
2748	1053	0.9090909090909091	True
2748	1520	0.8181818181818182	False
2748	3812	0.7272727272727273	False
2748	563	0.6363636363636364	False
2748	2746	0.5454545454545454	True
2748	3617	0.45454545454545453	False
2748	1772	0.36363636363636365	False
2748	2828	0.2727272727272727	True
2748	637	0.18181818181818182	True
2748	1926	0.09090909090909091	True
3569	1772	0.9090909090909091	False
3569	1520	0.8181818181818182	False
3569	3617	0.7272727272727273	False
3569	3812	0.6363636363636364	False
3569	1053	0.5454545454545454	True
3569	563	0.45454545454545453	False
3569	2828	0.36363636363636365	True
3569	2746	0.2727272727272727	True
3569	2449	0.18181818181818182	True
3569	1926	0.09090909090909091	True
1931	1520	0.9090909090909091	False
1931	3617	0.8181818181818182	False
1931	1772	0.7272727272727273	False
1931	3812	0.6363636363636364	False
1931	1053	0.5454545454545454	True
1931	563	0.45454545454545453	False
1931	1926	0.36363636363636365	True
1931	2828	0.2727272727272727	True
1931	147	0.18181818181818182	True
1931	2746	0.09090909090909091	True
4572	3617	0.9090909090909091	False
4572	1520	0.8181818181818182	False
4572	563	0.7272727272727273	False
4572	1053	0.6363636363636364	True
4572	3812	0.5454545454545454	False
4572	1772	0.45454545454545453	False
4572	1926	0.36363636363636365	True
4572	2746	0.2727272727272727	True
4572	2828	0.18181818181818182	True
4572	2295	0.09090909090909091	True
5631	3617	0.9090909090909091	False
5631	1772	0.8181818181818182	False
5631	2828	0.7272727272727273	True
5631	3812	0.6363636363636364	False
5631	1053	0.5454545454545454	True
5631	1520	0.45454545454545453	False
5631	563	0.36363636363636365	False
5631	1926	0.2727272727272727	True
5631	2746	0.18181818181818182	True
5631	2295	0.09090909090909091	True
538	3617	0.9090909090909091	False
538	1520	0.8181818181818182	False
538	1053	0.7272727272727273	True
538	3812	0.6363636363636364	False
538	563	0.5454545454545454	False
538	2828	0.45454545454545453	True
538	1772	0.36363636363636365	False
538	2746	0.2727272727272727	True
538	1926	0.18181818181818182	True
538	637	0.09090909090909091	True
1628	3617	0.9090909090909091	False
1628	3812	0.8181818181818182	False
1628	563	0.7272727272727273	False
1628	1772	0.6363636363636364	False
1628	1520	0.5454545454545454	False
1628	1053	0.45454545454545453	True
1628	2828	0.36363636363636365	True
1628	1926	0.2727272727272727	True
1628	1920	0.18181818181818182	True
1628	2449	0.09090909090909091	True
3933	3617	0.9090909090909091	False
3933	563	0.8181818181818182	False
3933	1772	0.7272727272727273	False
3933	3812	0.6363636363636364	False
3933	1520	0.5454545454545454	False
3933	2828	0.45454545454545453	True
3933	1926	0.36363636363636365	True
3933	2746	0.2727272727272727	True
3933	1053	0.18181818181818182	True
3933	2764	0.09090909090909091	True
5606	3812	0.9090909090909091	False
5606	3617	0.8181818181818182	False
5606	563	0.7272727272727273	False
5606	1520	0.6363636363636364	False
5606	2746	0.5454545454545454	True
5606	2828	0.45454545454545453	True
5606	1772	0.36363636363636365	False
5606	1053	0.2727272727272727	True
5606	2295	0.18181818181818182	True
5606	1926	0.09090909090909091	True
5248	3617	0.9090909090909091	False
5248	3812	0.8181818181818182	False
5248	1520	0.7272727272727273	False
5248	2828	0.6363636363636364	True
5248	563	0.5454545454545454	False
5248	1772	0.45454545454545453	False
5248	1053	0.36363636363636365	True
5248	1926	0.2727272727272727	True
5248	2746	0.18181818181818182	True
5248	2449	0.09090909090909091	True
4296	3617	0.9090909090909091	False
4296	1520	0.8181818181818182	False
4296	3812	0.7272727272727273	False
4296	563	0.6363636363636364	False
4296	2828	0.5454545454545454	True
4296	1772	0.45454545454545453	False
4296	2746	0.36363636363636365	True
4296	1053	0.2727272727272727	True
4296	1926	0.18181818181818182	True
4296	147	0.09090909090909091	True
2363	3617	0.9090909090909091	False
2363	1772	0.8181818181818182	False
2363	1520	0.7272727272727273	False
2363	1053	0.6363636363636364	True
2363	3812	0.5454545454545454	False
2363	563	0.45454545454545453	False
2363	2828	0.36363636363636365	True
2363	2746	0.2727272727272727	True
2363	1926	0.18181818181818182	True
2363	2295	0.09090909090909091	True
4847	3617	0.9090909090909091	False
4847	1520	0.8181818181818182	False
4847	2828	0.7272727272727273	True
4847	3812	0.6363636363636364	False
4847	1772	0.5454545454545454	False
4847	1053	0.45454545454545453	True
4847	2746	0.36363636363636365	True
4847	563	0.2727272727272727	False
4847	2449	0.18181818181818182	True
4847	1926	0.09090909090909091	True
3613	1053	0.9090909090909091	True
3613	1772	0.8181818181818182	False
3613	2746	0.7272727272727273	True
3613	3617	0.6363636363636364	False
3613	3812	0.5454545454545454	False
3613	1520	0.45454545454545453	False
3613	2828	0.36363636363636365	True
3613	563	0.2727272727272727	False
3613	1926	0.18181818181818182	True
3613	2295	0.09090909090909091	True
2784	1772	0.9090909090909091	False
2784	3617	0.8181818181818182	False
2784	1053	0.7272727272727273	True
2784	1520	0.6363636363636364	False
2784	3812	0.5454545454545454	False
2784	563	0.45454545454545453	False
2784	2828	0.36363636363636365	True
2784	2295	0.2727272727272727	True
2784	2746	0.18181818181818182	True
2784	1926	0.09090909090909091	True
4961	1772	0.9090909090909091	False
4961	1053	0.8181818181818182	True
4961	3812	0.7272727272727273	False
4961	1520	0.6363636363636364	False
4961	3617	0.5454545454545454	False
4961	563	0.45454545454545453	False
4961	2746	0.36363636363636365	True
4961	2828	0.2727272727272727	True
4961	637	0.18181818181818182	True
4961	147	0.09090909090909091	True
2306	3617	0.9090909090909091	False
2306	3812	0.8181818181818182	False
2306	2828	0.7272727272727273	True
2306	563	0.6363636363636364	False
2306	2746	0.5454545454545454	True
2306	1520	0.45454545454545453	False
2306	1772	0.36363636363636365	False
2306	1926	0.2727272727272727	True
2306	1053	0.18181818181818182	True
2306	1920	0.09090909090909091	True
1716	3812	0.9090909090909091	False
1716	1520	0.8181818181818182	False
1716	3617	0.7272727272727273	False
1716	1772	0.6363636363636364	False
1716	563	0.5454545454545454	False
1716	1053	0.45454545454545453	True
1716	2746	0.36363636363636365	True
1716	2828	0.2727272727272727	True
1716	1926	0.18181818181818182	True
1716	1920	0.09090909090909091	True
1713	1772	0.9090909090909091	False
1713	3617	0.8181818181818182	False
1713	1520	0.7272727272727273	False
1713	563	0.6363636363636364	False
1713	1053	0.5454545454545454	True
1713	3812	0.45454545454545453	False
1713	2828	0.36363636363636365	True
1713	2746	0.2727272727272727	True
1713	2449	0.18181818181818182	True
1713	1926	0.09090909090909091	True
2209	3617	0.9090909090909091	False
2209	1772	0.8181818181818182	False
2209	1520	0.7272727272727273	False
2209	2828	0.6363636363636364	True
2209	3812	0.5454545454545454	False
2209	1053	0.45454545454545453	True
2209	563	0.36363636363636365	False
2209	1926	0.2727272727272727	True
2209	2449	0.18181818181818182	True
2209	2746	0.09090909090909091	True
5741	3617	0.9090909090909091	False
5741	1520	0.8181818181818182	False
5741	3812	0.7272727272727273	False
5741	563	0.6363636363636364	False
5741	1772	0.5454545454545454	False
5741	1053	0.45454545454545453	True
5741	2828	0.36363636363636365	True
5741	1926	0.2727272727272727	True
5741	2746	0.18181818181818182	True
5741	2295	0.09090909090909091	True
2850	1053	0.9090909090909091	True
2850	1772	0.8181818181818182	False
2850	3617	0.7272727272727273	False
2850	1520	0.6363636363636364	False
2850	563	0.5454545454545454	False
2850	3812	0.45454545454545453	False
2850	2828	0.36363636363636365	True
2850	2746	0.2727272727272727	True
2850	1926	0.18181818181818182	True
2850	637	0.09090909090909091	True
2891	3617	0.9090909090909091	False
2891	1520	0.8181818181818182	False
2891	3812	0.7272727272727273	False
2891	563	0.6363636363636364	False
2891	1772	0.5454545454545454	False
2891	1053	0.45454545454545453	True
2891	2746	0.36363636363636365	True
2891	2828	0.2727272727272727	True
2891	1926	0.18181818181818182	True
2891	2295	0.09090909090909091	True
1770	1520	0.9090909090909091	False
1770	3617	0.8181818181818182	False
1770	3812	0.7272727272727273	False
1770	1053	0.6363636363636364	True
1770	563	0.5454545454545454	False
1770	1772	0.45454545454545453	False
1770	1926	0.36363636363636365	True
1770	2828	0.2727272727272727	True
1770	2295	0.18181818181818182	True
1770	2746	0.09090909090909091	True
5652	1053	0.9090909090909091	True
5652	1520	0.8181818181818182	False
5652	1772	0.7272727272727273	False
5652	637	0.6363636363636364	True
5652	563	0.5454545454545454	False
5652	3617	0.45454545454545453	False
5652	3812	0.36363636363636365	False
5652	1926	0.2727272727272727	True
5652	2746	0.18181818181818182	True
5652	2828	0.09090909090909091	True
3984	3812	0.9090909090909091	False
3984	3617	0.8181818181818182	False
3984	1520	0.7272727272727273	False
3984	1772	0.6363636363636364	False
3984	563	0.5454545454545454	False
3984	2828	0.45454545454545453	True
3984	1926	0.36363636363636365	True
3984	2746	0.2727272727272727	True
3984	1053	0.18181818181818182	True
3984	637	0.09090909090909091	True
1796	3617	0.9090909090909091	False
1796	3812	0.8181818181818182	False
1796	1520	0.7272727272727273	False
1796	1772	0.6363636363636364	False
1796	1926	0.5454545454545454	True
1796	563	0.45454545454545453	False
1796	2828	0.36363636363636365	True
1796	2449	0.2727272727272727	True
1796	1920	0.18181818181818182	True
1796	2746	0.09090909090909091	True
5499	1053	0.9090909090909091	True
5499	563	0.8181818181818182	False
5499	3812	0.7272727272727273	False
5499	1520	0.6363636363636364	False
5499	3617	0.5454545454545454	False
5499	1772	0.45454545454545453	False
5499	2828	0.36363636363636365	True
5499	1926	0.2727272727272727	True
5499	2746	0.18181818181818182	True
5499	637	0.09090909090909091	True
1633	1520	0.9090909090909091	False
1633	3812	0.8181818181818182	False
1633	3617	0.7272727272727273	False
1633	1772	0.6363636363636364	False
1633	563	0.5454545454545454	False
1633	1053	0.45454545454545453	True
1633	2746	0.36363636363636365	True
1633	2449	0.2727272727272727	True
1633	2828	0.18181818181818182	True
1633	1926	0.09090909090909091	True
5291	1772	0.9090909090909091	False
5291	3617	0.8181818181818182	False
5291	1520	0.7272727272727273	False
5291	3812	0.6363636363636364	False
5291	1053	0.5454545454545454	True
5291	563	0.45454545454545453	False
5291	2746	0.36363636363636365	True
5291	2828	0.2727272727272727	True
5291	1926	0.18181818181818182	True
5291	2764	0.09090909090909091	True
5364	3617	0.9090909090909091	False
5364	1053	0.8181818181818182	True
5364	1772	0.7272727272727273	False
5364	3812	0.6363636363636364	False
5364	2828	0.5454545454545454	True
5364	563	0.45454545454545453	False
5364	2746	0.36363636363636365	True
5364	1520	0.2727272727272727	False
5364	1926	0.18181818181818182	True
5364	637	0.09090909090909091	True
5229	3812	0.9090909090909091	False
5229	1772	0.8181818181818182	False
5229	1053	0.7272727272727273	True
5229	3617	0.6363636363636364	False
5229	1520	0.5454545454545454	False
5229	2746	0.45454545454545453	True
5229	563	0.36363636363636365	False
5229	2828	0.2727272727272727	True
5229	1926	0.18181818181818182	True
5229	2295	0.09090909090909091	True
990	1520	0.9090909090909091	False
990	1772	0.8181818181818182	False
990	3617	0.7272727272727273	False
990	563	0.6363636363636364	False
990	1053	0.5454545454545454	True
990	2746	0.45454545454545453	True
990	3812	0.36363636363636365	False
990	2828	0.2727272727272727	True
990	2449	0.18181818181818182	True
990	1926	0.09090909090909091	True
753	3812	0.9090909090909091	False
753	1520	0.8181818181818182	False
753	3617	0.7272727272727273	False
753	1772	0.6363636363636364	False
753	1053	0.5454545454545454	True
753	563	0.45454545454545453	False
753	1926	0.36363636363636365	True
753	2746	0.2727272727272727	True
753	2828	0.18181818181818182	True
753	637	0.09090909090909091	True
3514	1772	0.9090909090909091	False
3514	3812	0.8181818181818182	False
3514	1520	0.7272727272727273	False
3514	3617	0.6363636363636364	False
3514	563	0.5454545454545454	False
3514	2746	0.45454545454545453	True
3514	2828	0.36363636363636365	True
3514	1053	0.2727272727272727	True
3514	1926	0.18181818181818182	True
3514	2295	0.09090909090909091	True
4006	3617	0.9090909090909091	False
4006	1053	0.8181818181818182	True
4006	1520	0.7272727272727273	False
4006	1772	0.6363636363636364	False
4006	3812	0.5454545454545454	False
4006	2828	0.45454545454545453	True
4006	563	0.36363636363636365	False
4006	2746	0.2727272727272727	True
4006	637	0.18181818181818182	True
4006	1926	0.09090909090909091	True
865	3617	0.9090909090909091	False
865	1520	0.8181818181818182	False
865	1772	0.7272727272727273	False
865	563	0.6363636363636364	False
865	3812	0.5454545454545454	False
865	1053	0.45454545454545453	True
865	1926	0.36363636363636365	True
865	2828	0.2727272727272727	True
865	637	0.18181818181818182	True
865	2295	0.09090909090909091	True
5966	3812	0.9090909090909091	False
5966	3617	0.8181818181818182	False
5966	1053	0.7272727272727273	True
5966	1772	0.6363636363636364	False
5966	1520	0.5454545454545454	False
5966	2828	0.45454545454545453	True
5966	2746	0.36363636363636365	True
5966	1926	0.2727272727272727	True
5966	563	0.18181818181818182	False
5966	2295	0.09090909090909091	True
4226	1053	0.9090909090909091	True
4226	1772	0.8181818181818182	False
4226	1520	0.7272727272727273	False
4226	563	0.6363636363636364	False
4226	3812	0.5454545454545454	False
4226	3617	0.45454545454545453	False
4226	2828	0.36363636363636365	True
4226	2746	0.2727272727272727	True
4226	2449	0.18181818181818182	True
4226	1926	0.09090909090909091	True
1094	1520	0.9090909090909091	False
1094	3617	0.8181818181818182	False
1094	1772	0.7272727272727273	False
1094	563	0.6363636363636364	False
1094	3812	0.5454545454545454	False
1094	1053	0.45454545454545453	True
1094	1926	0.36363636363636365	True
1094	2746	0.2727272727272727	True
1094	2828	0.18181818181818182	True
1094	2449	0.09090909090909091	True
3117	3812	0.9090909090909091	False
3117	563	0.8181818181818182	False
3117	1520	0.7272727272727273	False
3117	3617	0.6363636363636364	False
3117	1772	0.5454545454545454	False
3117	2828	0.45454545454545453	True
3117	1053	0.36363636363636365	True
3117	2746	0.2727272727272727	True
3117	1926	0.18181818181818182	True
3117	2449	0.09090909090909091	True
5298	3617	0.9090909090909091	False
5298	563	0.8181818181818182	False
5298	3812	0.7272727272727273	False
5298	1520	0.6363636363636364	False
5298	1772	0.5454545454545454	False
5298	2828	0.45454545454545453	True
5298	1053	0.36363636363636365	True
5298	2746	0.2727272727272727	True
5298	1926	0.18181818181818182	True
5298	2449	0.09090909090909091	True
4920	3617	0.9090909090909091	False
4920	1520	0.8181818181818182	False
4920	1772	0.7272727272727273	False
4920	2828	0.6363636363636364	True
4920	3812	0.5454545454545454	False
4920	563	0.45454545454545453	False
4920	1920	0.36363636363636365	True
4920	2449	0.2727272727272727	True
4920	1053	0.18181818181818182	True
4920	1926	0.09090909090909091	True
3579	1520	0.9090909090909091	False
3579	1053	0.8181818181818182	True
3579	3617	0.7272727272727273	False
3579	1772	0.6363636363636364	False
3579	563	0.5454545454545454	False
3579	3812	0.45454545454545453	False
3579	2828	0.36363636363636365	True
3579	2746	0.2727272727272727	True
3579	1926	0.18181818181818182	True
3579	2295	0.09090909090909091	True
1199	3812	0.9090909090909091	False
1199	1772	0.8181818181818182	False
1199	3617	0.7272727272727273	False
1199	1053	0.6363636363636364	True
1199	2828	0.5454545454545454	True
1199	563	0.45454545454545453	False
1199	2746	0.36363636363636365	True
1199	1520	0.2727272727272727	False
1199	1926	0.18181818181818182	True
1199	1920	0.09090909090909091	True
5524	3617	0.9090909090909091	False
5524	1053	0.8181818181818182	True
5524	3812	0.7272727272727273	False
5524	1520	0.6363636363636364	False
5524	1772	0.5454545454545454	False
5524	563	0.45454545454545453	False
5524	2828	0.36363636363636365	True
5524	2746	0.2727272727272727	True
5524	637	0.18181818181818182	True
5524	1926	0.09090909090909091	True
3331	1520	0.9090909090909091	False
3331	3812	0.8181818181818182	False
3331	3617	0.7272727272727273	False
3331	1053	0.6363636363636364	True
3331	1772	0.5454545454545454	False
3331	563	0.45454545454545453	False
3331	637	0.36363636363636365	True
3331	1926	0.2727272727272727	True
3331	2746	0.18181818181818182	True
3331	2828	0.09090909090909091	True
2680	3617	0.9090909090909091	False
2680	1520	0.8181818181818182	False
2680	1772	0.7272727272727273	False
2680	1053	0.6363636363636364	True
2680	563	0.5454545454545454	False
2680	3812	0.45454545454545453	False
2680	2828	0.36363636363636365	True
2680	1926	0.2727272727272727	True
2680	637	0.18181818181818182	True
2680	2746	0.09090909090909091	True
137	1772	0.9090909090909091	False
137	3812	0.8181818181818182	False
137	1520	0.7272727272727273	False
137	3617	0.6363636363636364	False
137	563	0.5454545454545454	False
137	1053	0.45454545454545453	True
137	2828	0.36363636363636365	True
137	1926	0.2727272727272727	True
137	2746	0.18181818181818182	True
137	637	0.09090909090909091	True
5151	563	0.9090909090909091	False
5151	3812	0.8181818181818182	False
5151	1520	0.7272727272727273	False
5151	3617	0.6363636363636364	False
5151	2828	0.5454545454545454	True
5151	1772	0.45454545454545453	False
5151	1053	0.36363636363636365	True
5151	2746	0.2727272727272727	True
5151	2449	0.18181818181818182	True
5151	1926	0.09090909090909091	True
981	3617	0.9090909090909091	False
981	3812	0.8181818181818182	False
981	1053	0.7272727272727273	True
981	1520	0.6363636363636364	False
981	1772	0.5454545454545454	False
981	2828	0.45454545454545453	True
981	563	0.36363636363636365	False
981	2746	0.2727272727272727	True
981	2449	0.18181818181818182	True
981	1926	0.09090909090909091	True
1947	3617	0.9090909090909091	False
1947	1520	0.8181818181818182	False
1947	1772	0.7272727272727273	False
1947	3812	0.6363636363636364	False
1947	1053	0.5454545454545454	True
1947	563	0.45454545454545453	False
1947	2828	0.36363636363636365	True
1947	1926	0.2727272727272727	True
1947	2746	0.18181818181818182	True
1947	2449	0.09090909090909091	True
2341	1520	0.9090909090909091	False
2341	1053	0.8181818181818182	True
2341	563	0.7272727272727273	False
2341	3812	0.6363636363636364	False
2341	2746	0.5454545454545454	True
2341	3617	0.45454545454545453	False
2341	1772	0.36363636363636365	False
2341	2828	0.2727272727272727	True
2341	1926	0.18181818181818182	True
2341	973	0.09090909090909091	True
127	3617	0.9090909090909091	False
127	2828	0.8181818181818182	True
127	1772	0.7272727272727273	False
127	3812	0.6363636363636364	False
127	1520	0.5454545454545454	False
127	1053	0.45454545454545453	True
127	1926	0.36363636363636365	True
127	563	0.2727272727272727	False
127	2746	0.18181818181818182	True
127	2449	0.09090909090909091	True
3499	1053	0.9090909090909091	True
3499	1772	0.8181818181818182	False
3499	3617	0.7272727272727273	False
3499	1520	0.6363636363636364	False
3499	3812	0.5454545454545454	False
3499	2746	0.45454545454545453	True
3499	563	0.36363636363636365	False
3499	637	0.2727272727272727	True
3499	2828	0.18181818181818182	True
3499	1926	0.09090909090909091	True
1387	3617	0.9090909090909091	False
1387	1520	0.8181818181818182	False
1387	2828	0.7272727272727273	True
1387	3812	0.6363636363636364	False
1387	563	0.5454545454545454	False
1387	1772	0.45454545454545453	False
1387	1926	0.36363636363636365	True
1387	2449	0.2727272727272727	True
1387	2746	0.18181818181818182	True
1387	637	0.09090909090909091	True
3263	3617	0.9090909090909091	False
3263	1520	0.8181818181818182	False
3263	3812	0.7272727272727273	False
3263	563	0.6363636363636364	False
3263	1772	0.5454545454545454	False
3263	2828	0.45454545454545453	True
3263	1053	0.36363636363636365	True
3263	2746	0.2727272727272727	True
3263	1926	0.18181818181818182	True
3263	2449	0.09090909090909091	True
1919	1053	0.9090909090909091	True
1919	1772	0.8181818181818182	False
1919	3617	0.7272727272727273	False
1919	3812	0.6363636363636364	False
1919	2746	0.5454545454545454	True
1919	2828	0.45454545454545453	True
1919	1520	0.36363636363636365	False
1919	563	0.2727272727272727	False
1919	2295	0.18181818181818182	True
1919	1926	0.09090909090909091	True
3772	3617	0.9090909090909091	False
3772	1053	0.8181818181818182	True
3772	1772	0.7272727272727273	False
3772	2746	0.6363636363636364	True
3772	2828	0.5454545454545454	True
3772	1520	0.45454545454545453	False
3772	3812	0.36363636363636365	False
3772	563	0.2727272727272727	False
3772	637	0.18181818181818182	True
3772	1926	0.09090909090909091	True
474	3812	0.9090909090909091	False
474	1772	0.8181818181818182	False
474	1053	0.7272727272727273	True
474	2746	0.6363636363636364	True
474	563	0.5454545454545454	False
474	1520	0.45454545454545453	False
474	3617	0.36363636363636365	False
474	2828	0.2727272727272727	True
474	637	0.18181818181818182	True
474	1926	0.09090909090909091	True
2832	3617	0.9090909090909091	False
2832	1772	0.8181818181818182	False
2832	563	0.7272727272727273	False
2832	3812	0.6363636363636364	False
2832	2828	0.5454545454545454	True
2832	1520	0.45454545454545453	False
2832	2746	0.36363636363636365	True
2832	1053	0.2727272727272727	True
2832	1926	0.18181818181818182	True
2832	2449	0.09090909090909091	True
809	3617	0.9090909090909091	False
809	1520	0.8181818181818182	False
809	3812	0.7272727272727273	False
809	1772	0.6363636363636364	False
809	563	0.5454545454545454	False
809	2828	0.45454545454545453	True
809	1053	0.36363636363636365	True
809	2746	0.2727272727272727	True
809	1926	0.18181818181818182	True
809	637	0.09090909090909091	True
5756	1772	0.9090909090909091	False
5756	1520	0.8181818181818182	False
5756	1053	0.7272727272727273	True
5756	3812	0.6363636363636364	False
5756	3617	0.5454545454545454	False
5756	563	0.45454545454545453	False
5756	1926	0.36363636363636365	True
5756	2828	0.2727272727272727	True
5756	2746	0.18181818181818182	True
5756	2449	0.09090909090909091	True
2572	3617	0.9090909090909091	False
2572	1520	0.8181818181818182	False
2572	1772	0.7272727272727273	False
2572	1053	0.6363636363636364	True
2572	3812	0.5454545454545454	False
2572	2828	0.45454545454545453	True
2572	563	0.36363636363636365	False
2572	2746	0.2727272727272727	True
2572	1926	0.18181818181818182	True
2572	637	0.09090909090909091	True
1667	1053	0.9090909090909091	True
1667	3617	0.8181818181818182	False
1667	1520	0.7272727272727273	False
1667	1772	0.6363636363636364	False
1667	563	0.5454545454545454	False
1667	3812	0.45454545454545453	False
1667	2746	0.36363636363636365	True
1667	637	0.2727272727272727	True
1667	2828	0.18181818181818182	True
1667	1926	0.09090909090909091	True
3705	1772	0.9090909090909091	False
3705	3617	0.8181818181818182	False
3705	1520	0.7272727272727273	False
3705	563	0.6363636363636364	False
3705	3812	0.5454545454545454	False
3705	1053	0.45454545454545453	True
3705	1926	0.36363636363636365	True
3705	2828	0.2727272727272727	True
3705	637	0.18181818181818182	True
3705	2746	0.09090909090909091	True
2213	3812	0.9090909090909091	False
2213	1053	0.8181818181818182	True
2213	3617	0.7272727272727273	False
2213	2828	0.6363636363636364	True
2213	1772	0.5454545454545454	False
2213	1520	0.45454545454545453	False
2213	563	0.36363636363636365	False
2213	2746	0.2727272727272727	True
2213	1926	0.18181818181818182	True
2213	2295	0.09090909090909091	True
5063	3617	0.9090909090909091	False
5063	2828	0.8181818181818182	True
5063	1772	0.7272727272727273	False
5063	563	0.6363636363636364	False
5063	1053	0.5454545454545454	True
5063	1520	0.45454545454545453	False
5063	3812	0.36363636363636365	False
5063	2746	0.2727272727272727	True
5063	1926	0.18181818181818182	True
5063	2449	0.09090909090909091	True
1417	1520	0.9090909090909091	False
1417	3617	0.8181818181818182	False
1417	3812	0.7272727272727273	False
1417	563	0.6363636363636364	False
1417	1772	0.5454545454545454	False
1417	2746	0.45454545454545453	True
1417	1053	0.36363636363636365	True
1417	2828	0.2727272727272727	True
1417	1926	0.18181818181818182	True
1417	637	0.09090909090909091	True
2328	3812	0.9090909090909091	False
2328	563	0.8181818181818182	False
2328	1772	0.7272727272727273	False
2328	1520	0.6363636363636364	False
2328	3617	0.5454545454545454	False
2328	2828	0.45454545454545453	True
2328	2746	0.36363636363636365	True
2328	1053	0.2727272727272727	True
2328	1926	0.18181818181818182	True
2328	2449	0.09090909090909091	True
4497	1053	0.9090909090909091	True
4497	1520	0.8181818181818182	False
4497	563	0.7272727272727273	False
4497	3617	0.6363636363636364	False
4497	1772	0.5454545454545454	False
4497	3812	0.45454545454545453	False
4497	1926	0.36363636363636365	True
4497	2828	0.2727272727272727	True
4497	2746	0.18181818181818182	True
4497	637	0.09090909090909091	True
2351	3617	0.9090909090909091	False
2351	1520	0.8181818181818182	False
2351	1053	0.7272727272727273	True
2351	3812	0.6363636363636364	False
2351	563	0.5454545454545454	False
2351	1772	0.45454545454545453	False
2351	1926	0.36363636363636365	True
2351	1920	0.2727272727272727	True
2351	2828	0.18181818181818182	True
2351	637	0.09090909090909091	True
2999	3617	0.9090909090909091	False
2999	1520	0.8181818181818182	False
2999	1053	0.7272727272727273	True
2999	563	0.6363636363636364	False
2999	3812	0.5454545454545454	False
2999	1772	0.45454545454545453	False
2999	1926	0.36363636363636365	True
2999	2828	0.2727272727272727	True
2999	2746	0.18181818181818182	True
2999	2295	0.09090909090909091	True
1000	1772	0.9090909090909091	False
1000	3617	0.8181818181818182	False
1000	3812	0.7272727272727273	False
1000	1520	0.6363636363636364	False
1000	1053	0.5454545454545454	True
1000	2828	0.45454545454545453	True
1000	563	0.36363636363636365	False
1000	2746	0.2727272727272727	True
1000	637	0.18181818181818182	True
1000	2449	0.09090909090909091	True
481	3617	0.9090909090909091	False
481	1772	0.8181818181818182	False
481	3812	0.7272727272727273	False
481	1520	0.6363636363636364	False
481	563	0.5454545454545454	False
481	1053	0.45454545454545453	True
481	2828	0.36363636363636365	True
481	2449	0.2727272727272727	True
481	637	0.18181818181818182	True
481	2746	0.09090909090909091	True
4577	3617	0.9090909090909091	False
4577	563	0.8181818181818182	False
4577	1772	0.7272727272727273	False
4577	2828	0.6363636363636364	True
4577	3812	0.5454545454545454	False
4577	2746	0.45454545454545453	True
4577	1520	0.36363636363636365	False
4577	1053	0.2727272727272727	True
4577	637	0.18181818181818182	True
4577	1926	0.09090909090909091	True
5657	1520	0.9090909090909091	False
5657	3617	0.8181818181818182	False
5657	1772	0.7272727272727273	False
5657	3812	0.6363636363636364	False
5657	563	0.5454545454545454	False
5657	1053	0.45454545454545453	True
5657	1926	0.36363636363636365	True
5657	637	0.2727272727272727	True
5657	2746	0.18181818181818182	True
5657	2828	0.09090909090909091	True
636	3617	0.9090909090909091	False
636	1772	0.8181818181818182	False
636	1520	0.7272727272727273	False
636	563	0.6363636363636364	False
636	2828	0.5454545454545454	True
636	3812	0.45454545454545453	False
636	1926	0.36363636363636365	True
636	1053	0.2727272727272727	True
636	2746	0.18181818181818182	True
636	2295	0.09090909090909091	True
