4098	1744	0.9090909090909091	False
4098	3103	0.8181818181818182	False
4098	1179	0.7272727272727273	False
4098	2335	0.6363636363636364	False
4098	48	0.5454545454545454	True
4098	1493	0.45454545454545453	False
4098	2450	0.36363636363636365	True
4098	2573	0.2727272727272727	True
4098	3440	0.18181818181818182	True
4098	3451	0.09090909090909091	True
1146	1493	0.9090909090909091	False
1146	1179	0.8181818181818182	False
1146	3440	0.7272727272727273	True
1146	2335	0.6363636363636364	False
1146	1744	0.5454545454545454	False
1146	3103	0.45454545454545453	False
1146	828	0.36363636363636365	True
1146	1000	0.2727272727272727	True
1146	2573	0.18181818181818182	True
1146	2450	0.09090909090909091	True
4171	1179	0.9090909090909091	False
4171	1744	0.8181818181818182	False
4171	1493	0.7272727272727273	False
4171	48	0.6363636363636364	True
4171	3103	0.5454545454545454	False
4171	3440	0.45454545454545453	True
4171	1962	0.36363636363636365	True
4171	2573	0.2727272727272727	True
4171	2450	0.18181818181818182	True
4171	3451	0.09090909090909091	True
1914	3103	0.9090909090909091	False
1914	1744	0.8181818181818182	False
1914	1493	0.7272727272727273	False
1914	2573	0.6363636363636364	True
1914	48	0.5454545454545454	True
1914	1179	0.45454545454545453	False
1914	2764	0.36363636363636365	True
1914	828	0.2727272727272727	True
1914	2450	0.18181818181818182	True
1914	3440	0.09090909090909091	True
5526	1744	0.9090909090909091	False
5526	1179	0.8181818181818182	False
5526	1493	0.7272727272727273	False
5526	3103	0.6363636363636364	False
5526	48	0.5454545454545454	True
5526	2450	0.45454545454545453	True
5526	2335	0.36363636363636365	False
5526	2573	0.2727272727272727	True
5526	3440	0.18181818181818182	True
5526	1000	0.09090909090909091	True
5051	1962	0.9090909090909091	True
5051	2573	0.8181818181818182	True
5051	2335	0.7272727272727273	False
5051	1179	0.6363636363636364	False
5051	1744	0.5454545454545454	False
5051	1493	0.45454545454545453	False
5051	3103	0.36363636363636365	False
5051	48	0.2727272727272727	True
5051	3263	0.18181818181818182	True
5051	497	0.09090909090909091	True
3557	1744	0.9090909090909091	False
3557	1493	0.8181818181818182	False
3557	3451	0.7272727272727273	True
3557	1179	0.6363636363636364	False
3557	3103	0.5454545454545454	False
3557	3440	0.45454545454545453	True
3557	497	0.36363636363636365	True
3557	48	0.2727272727272727	True
3557	2573	0.18181818181818182	True
3557	1000	0.09090909090909091	True
3659	48	0.9090909090909091	True
3659	1493	0.8181818181818182	False
3659	1744	0.7272727272727273	False
3659	2450	0.6363636363636364	True
3659	2335	0.5454545454545454	False
3659	1179	0.45454545454545453	False
3659	3440	0.36363636363636365	True
3659	3103	0.2727272727272727	False
3659	828	0.18181818181818182	True
3659	2573	0.09090909090909091	True
3418	1744	0.9090909090909091	False
3418	2573	0.8181818181818182	True
3418	1179	0.7272727272727273	False
3418	3103	0.6363636363636364	False
3418	1493	0.5454545454545454	False
3418	497	0.45454545454545453	True
3418	3440	0.36363636363636365	True
3418	2335	0.2727272727272727	False
3418	3451	0.18181818181818182	True
3418	1000	0.09090909090909091	True
1156	1744	0.9090909090909091	False
1156	1179	0.8181818181818182	False
1156	3440	0.7272727272727273	True
1156	1493	0.6363636363636364	False
1156	3103	0.5454545454545454	False
1156	1000	0.45454545454545453	True
1156	48	0.36363636363636365	True
1156	2573	0.2727272727272727	True
1156	2450	0.18181818181818182	True
1156	3451	0.09090909090909091	True
4207	2573	0.9090909090909091	True
4207	1744	0.8181818181818182	False
4207	2335	0.7272727272727273	False
4207	1179	0.6363636363636364	False
4207	1493	0.5454545454545454	False
4207	3263	0.45454545454545453	True
4207	2450	0.36363636363636365	True
4207	3103	0.2727272727272727	False
4207	48	0.18181818181818182	True
4207	1962	0.09090909090909091	True
3369	1493	0.9090909090909091	False
3369	3103	0.8181818181818182	False
3369	2573	0.7272727272727273	True
3369	1744	0.6363636363636364	False
3369	2450	0.5454545454545454	True
3369	2335	0.45454545454545453	False
3369	3440	0.36363636363636365	True
3369	1000	0.2727272727272727	True
3369	694	0.18181818181818182	True
3369	1179	0.09090909090909091	False
2869	1493	0.9090909090909091	False
2869	2335	0.8181818181818182	False
2869	3103	0.7272727272727273	False
2869	1179	0.6363636363636364	False
2869	2450	0.5454545454545454	True
2869	1962	0.45454545454545453	True
2869	2573	0.36363636363636365	True
2869	48	0.2727272727272727	True
2869	497	0.18181818181818182	True
2869	1744	0.09090909090909091	False
5989	1744	0.9090909090909091	False
5989	1493	0.8181818181818182	False
5989	3103	0.7272727272727273	False
5989	2335	0.6363636363636364	False
5989	1179	0.5454545454545454	False
5989	3451	0.45454545454545453	True
5989	1962	0.36363636363636365	True
5989	1000	0.2727272727272727	True
5989	3440	0.18181818181818182	True
5989	2573	0.09090909090909091	True
5402	1744	0.9090909090909091	False
5402	3103	0.8181818181818182	False
5402	1493	0.7272727272727273	False
5402	2573	0.6363636363636364	True
5402	497	0.5454545454545454	True
5402	1962	0.45454545454545453	True
5402	2335	0.36363636363636365	False
5402	3451	0.2727272727272727	True
5402	1179	0.18181818181818182	False
5402	1000	0.09090909090909091	True
858	1744	0.9090909090909091	False
858	3103	0.8181818181818182	False
858	3263	0.7272727272727273	True
858	2573	0.6363636363636364	True
858	48	0.5454545454545454	True
858	2450	0.45454545454545453	True
858	1000	0.36363636363636365	True
858	2764	0.2727272727272727	True
858	1066	0.18181818181818182	True
858	1493	0.09090909090909091	False
3432	1493	0.9090909090909091	False
3432	3103	0.8181818181818182	False
3432	2335	0.7272727272727273	False
3432	1744	0.6363636363636364	False
3432	3451	0.5454545454545454	True
3432	497	0.45454545454545453	True
3432	2764	0.36363636363636365	True
3432	1000	0.2727272727272727	True
3432	2573	0.18181818181818182	True
3432	2450	0.09090909090909091	True
2580	3103	0.9090909090909091	False
2580	1744	0.8181818181818182	False
2580	1493	0.7272727272727273	False
2580	1000	0.6363636363636364	True
2580	828	0.5454545454545454	True
2580	1179	0.45454545454545453	False
2580	694	0.36363636363636365	True
2580	3440	0.2727272727272727	True
2580	3451	0.18181818181818182	True
2580	2335	0.09090909090909091	False
1443	3103	0.9090909090909091	False
1443	1744	0.8181818181818182	False
1443	1493	0.7272727272727273	False
1443	1179	0.6363636363636364	False
1443	3440	0.5454545454545454	True
1443	3451	0.45454545454545453	True
1443	1000	0.36363636363636365	True
1443	2335	0.2727272727272727	False
1443	2573	0.18181818181818182	True
1443	847	0.09090909090909091	True
2970	2573	0.9090909090909091	True
2970	1744	0.8181818181818182	False
2970	48	0.7272727272727273	True
2970	1962	0.6363636363636364	True
2970	1179	0.5454545454545454	False
2970	3103	0.45454545454545453	False
2970	3263	0.36363636363636365	True
2970	2450	0.2727272727272727	True
2970	3451	0.18181818181818182	True
2970	1000	0.09090909090909091	True
5695	1744	0.9090909090909091	False
5695	1493	0.8181818181818182	False
5695	3103	0.7272727272727273	False
5695	2335	0.6363636363636364	False
5695	1000	0.5454545454545454	True
5695	2450	0.45454545454545453	True
5695	3440	0.36363636363636365	True
5695	1179	0.2727272727272727	False
5695	1962	0.18181818181818182	True
5695	828	0.09090909090909091	True
5223	1744	0.9090909090909091	False
5223	1493	0.8181818181818182	False
5223	1179	0.7272727272727273	False
5223	3451	0.6363636363636364	True
5223	3103	0.5454545454545454	False
5223	2573	0.45454545454545453	True
5223	2335	0.36363636363636365	False
5223	1000	0.2727272727272727	True
5223	497	0.18181818181818182	True
5223	3263	0.09090909090909091	True
2253	3103	0.9090909090909091	False
2253	1744	0.8181818181818182	False
2253	3451	0.7272727272727273	True
2253	3440	0.6363636363636364	True
2253	1493	0.5454545454545454	False
2253	1000	0.45454545454545453	True
2253	694	0.36363636363636365	True
2253	48	0.2727272727272727	True
2253	2335	0.18181818181818182	False
2253	3263	0.09090909090909091	True
1376	3103	0.9090909090909091	False
1376	1744	0.8181818181818182	False
1376	1493	0.7272727272727273	False
1376	3440	0.6363636363636364	True
1376	2335	0.5454545454545454	False
1376	1179	0.45454545454545453	False
1376	694	0.36363636363636365	True
1376	3451	0.2727272727272727	True
1376	2573	0.18181818181818182	True
1376	1000	0.09090909090909091	True
1430	1179	0.9090909090909091	False
1430	1493	0.8181818181818182	False
1430	1744	0.7272727272727273	False
1430	1000	0.6363636363636364	True
1430	3440	0.5454545454545454	True
1430	3103	0.45454545454545453	False
1430	2573	0.36363636363636365	True
1430	1962	0.2727272727272727	True
1430	3451	0.18181818181818182	True
1430	2335	0.09090909090909091	False
2633	1744	0.9090909090909091	False
2633	1493	0.8181818181818182	False
2633	2573	0.7272727272727273	True
2633	3103	0.6363636363636364	False
2633	3451	0.5454545454545454	True
2633	1179	0.45454545454545453	False
2633	847	0.36363636363636365	True
2633	497	0.2727272727272727	True
2633	3440	0.18181818181818182	True
2633	1000	0.09090909090909091	True
2906	1744	0.9090909090909091	False
2906	1000	0.8181818181818182	True
2906	1493	0.7272727272727273	False
2906	3103	0.6363636363636364	False
2906	1066	0.5454545454545454	True
2906	3451	0.45454545454545453	True
2906	3440	0.36363636363636365	True
2906	338	0.2727272727272727	True
2906	1179	0.18181818181818182	False
2906	2764	0.09090909090909091	True
3038	1744	0.9090909090909091	False
3038	1493	0.8181818181818182	False
3038	3103	0.7272727272727273	False
3038	2335	0.6363636363636364	False
3038	1179	0.5454545454545454	False
3038	2573	0.45454545454545453	True
3038	3451	0.36363636363636365	True
3038	3440	0.2727272727272727	True
3038	48	0.18181818181818182	True
3038	497	0.09090909090909091	True
4005	2573	0.9090909090909091	True
4005	1179	0.8181818181818182	False
4005	1744	0.7272727272727273	False
4005	3103	0.6363636363636364	False
4005	48	0.5454545454545454	True
4005	1962	0.45454545454545453	True
4005	1000	0.36363636363636365	True
4005	2450	0.2727272727272727	True
4005	1493	0.18181818181818182	False
4005	3451	0.09090909090909091	True
2654	1744	0.9090909090909091	False
2654	1493	0.8181818181818182	False
2654	3103	0.7272727272727273	False
2654	3440	0.6363636363636364	True
2654	1000	0.5454545454545454	True
2654	1179	0.45454545454545453	False
2654	3451	0.36363636363636365	True
2654	1066	0.2727272727272727	True
2654	497	0.18181818181818182	True
2654	3263	0.09090909090909091	True
4929	2573	0.9090909090909091	True
4929	3103	0.8181818181818182	False
4929	1744	0.7272727272727273	False
4929	497	0.6363636363636364	True
4929	48	0.5454545454545454	True
4929	1493	0.45454545454545453	False
4929	1179	0.36363636363636365	False
4929	2335	0.2727272727272727	False
4929	1962	0.18181818181818182	True
4929	2450	0.09090909090909091	True
4714	1493	0.9090909090909091	False
4714	1744	0.8181818181818182	False
4714	1179	0.7272727272727273	False
4714	3103	0.6363636363636364	False
4714	2573	0.5454545454545454	True
4714	2335	0.45454545454545453	False
4714	1000	0.36363636363636365	True
4714	497	0.2727272727272727	True
4714	1962	0.18181818181818182	True
4714	3451	0.09090909090909091	True
3044	1744	0.9090909090909091	False
3044	3440	0.8181818181818182	True
3044	3103	0.7272727272727273	False
3044	1493	0.6363636363636364	False
3044	2573	0.5454545454545454	True
3044	1000	0.45454545454545453	True
3044	3263	0.36363636363636365	True
3044	1179	0.2727272727272727	False
3044	2335	0.18181818181818182	False
3044	48	0.09090909090909091	True
4783	2573	0.9090909090909091	True
4783	1493	0.8181818181818182	False
4783	3103	0.7272727272727273	False
4783	1744	0.6363636363636364	False
4783	1179	0.5454545454545454	False
4783	497	0.45454545454545453	True
4783	2335	0.36363636363636365	False
4783	3263	0.2727272727272727	True
4783	1962	0.18181818181818182	True
4783	847	0.09090909090909091	True
4975	3103	0.9090909090909091	False
4975	2573	0.8181818181818182	True
4975	1744	0.7272727272727273	False
4975	1179	0.6363636363636364	False
4975	48	0.5454545454545454	True
4975	3440	0.45454545454545453	True
4975	1493	0.36363636363636365	False
4975	3263	0.2727272727272727	True
4975	2335	0.18181818181818182	False
4975	3451	0.09090909090909091	True
4473	1744	0.9090909090909091	False
4473	1179	0.8181818181818182	False
4473	3103	0.7272727272727273	False
4473	3440	0.6363636363636364	True
4473	1000	0.5454545454545454	True
4473	1493	0.45454545454545453	False
4473	2573	0.36363636363636365	True
4473	2335	0.2727272727272727	False
4473	3263	0.18181818181818182	True
4473	1066	0.09090909090909091	True
3714	1744	0.9090909090909091	False
3714	3440	0.8181818181818182	True
3714	3103	0.7272727272727273	False
3714	1179	0.6363636363636364	False
3714	1000	0.5454545454545454	True
3714	1493	0.45454545454545453	False
3714	2335	0.36363636363636365	False
3714	2573	0.2727272727272727	True
3714	828	0.18181818181818182	True
3714	3263	0.09090909090909091	True
5996	1179	0.9090909090909091	False
5996	1744	0.8181818181818182	False
5996	3103	0.7272727272727273	False
5996	1493	0.6363636363636364	False
5996	2573	0.5454545454545454	True
5996	3440	0.45454545454545453	True
5996	1000	0.36363636363636365	True
5996	2335	0.2727272727272727	False
5996	3263	0.18181818181818182	True
5996	48	0.09090909090909091	True
3520	1744	0.9090909090909091	False
3520	3103	0.8181818181818182	False
3520	1493	0.7272727272727273	False
3520	1179	0.6363636363636364	False
3520	3440	0.5454545454545454	True
3520	2335	0.45454545454545453	False
3520	2573	0.36363636363636365	True
3520	48	0.2727272727272727	True
3520	3451	0.18181818181818182	True
3520	1000	0.09090909090909091	True
5847	1744	0.9090909090909091	False
5847	3440	0.8181818181818182	True
5847	3103	0.7272727272727273	False
5847	1179	0.6363636363636364	False
5847	1000	0.5454545454545454	True
5847	1493	0.45454545454545453	False
5847	3263	0.36363636363636365	True
5847	1962	0.2727272727272727	True
5847	2573	0.18181818181818182	True
5847	48	0.09090909090909091	True
4637	1744	0.9090909090909091	False
4637	3103	0.8181818181818182	False
4637	1179	0.7272727272727273	False
4637	3440	0.6363636363636364	True
4637	1000	0.5454545454545454	True
4637	2335	0.45454545454545453	False
4637	1493	0.36363636363636365	False
4637	3451	0.2727272727272727	True
4637	3263	0.18181818181818182	True
4637	2573	0.09090909090909091	True
1500	1744	0.9090909090909091	False
1500	1493	0.8181818181818182	False
1500	48	0.7272727272727273	True
1500	497	0.6363636363636364	True
1500	3451	0.5454545454545454	True
1500	2335	0.45454545454545453	False
1500	1962	0.36363636363636365	True
1500	3103	0.2727272727272727	False
1500	2764	0.18181818181818182	True
1500	2450	0.09090909090909091	True
4755	2450	0.9090909090909091	True
4755	1744	0.8181818181818182	False
4755	1179	0.7272727272727273	False
4755	2573	0.6363636363636364	True
4755	1493	0.5454545454545454	False
4755	48	0.45454545454545453	True
4755	1000	0.36363636363636365	True
4755	3103	0.2727272727272727	False
4755	3440	0.18181818181818182	True
4755	2335	0.09090909090909091	False
418	1493	0.9090909090909091	False
418	3103	0.8181818181818182	False
418	2573	0.7272727272727273	True
418	1179	0.6363636363636364	False
418	2335	0.5454545454545454	False
418	1744	0.45454545454545453	False
418	2450	0.36363636363636365	True
418	48	0.2727272727272727	True
418	3440	0.18181818181818182	True
418	497	0.09090909090909091	True
2362	1744	0.9090909090909091	False
2362	1493	0.8181818181818182	False
2362	1000	0.7272727272727273	True
2362	3103	0.6363636363636364	False
2362	2450	0.5454545454545454	True
2362	1066	0.45454545454545453	True
2362	2573	0.36363636363636365	True
2362	3440	0.2727272727272727	True
2362	3451	0.18181818181818182	True
2362	48	0.09090909090909091	True
135	1744	0.9090909090909091	False
135	3440	0.8181818181818182	True
135	1179	0.7272727272727273	False
135	3103	0.6363636363636364	False
135	1493	0.5454545454545454	False
135	1000	0.45454545454545453	True
135	3451	0.36363636363636365	True
135	2335	0.2727272727272727	False
135	921	0.18181818181818182	True
135	828	0.09090909090909091	True
195	1179	0.9090909090909091	False
195	1744	0.8181818181818182	False
195	1493	0.7272727272727273	False
195	3103	0.6363636363636364	False
195	2335	0.5454545454545454	False
195	1000	0.45454545454545453	True
195	1962	0.36363636363636365	True
195	2801	0.2727272727272727	True
195	3451	0.18181818181818182	True
195	3440	0.09090909090909091	True
1836	1744	0.9090909090909091	False
1836	3440	0.8181818181818182	True
1836	1493	0.7272727272727273	False
1836	1179	0.6363636363636364	False
1836	3103	0.5454545454545454	False
1836	2335	0.45454545454545453	False
1836	1000	0.36363636363636365	True
1836	3451	0.2727272727272727	True
1836	497	0.18181818181818182	True
1836	2573	0.09090909090909091	True
4392	3103	0.9090909090909091	False
4392	1744	0.8181818181818182	False
4392	48	0.7272727272727273	True
4392	1962	0.6363636363636364	True
4392	3451	0.5454545454545454	True
4392	2764	0.45454545454545453	True
4392	3263	0.36363636363636365	True
4392	1000	0.2727272727272727	True
4392	1179	0.18181818181818182	False
4392	2335	0.09090909090909091	False
5272	1744	0.9090909090909091	False
5272	1493	0.8181818181818182	False
5272	2335	0.7272727272727273	False
5272	2573	0.6363636363636364	True
5272	1000	0.5454545454545454	True
5272	48	0.45454545454545453	True
5272	3103	0.36363636363636365	False
5272	1179	0.2727272727272727	False
5272	338	0.18181818181818182	True
5272	2450	0.09090909090909091	True
4697	1744	0.9090909090909091	False
4697	3103	0.8181818181818182	False
4697	1179	0.7272727272727273	False
4697	1000	0.6363636363636364	True
4697	3440	0.5454545454545454	True
4697	1493	0.45454545454545453	False
4697	1962	0.36363636363636365	True
4697	3263	0.2727272727272727	True
4697	3451	0.18181818181818182	True
4697	2335	0.09090909090909091	False
5184	1493	0.9090909090909091	False
5184	1744	0.8181818181818182	False
5184	1179	0.7272727272727273	False
5184	2335	0.6363636363636364	False
5184	2450	0.5454545454545454	True
5184	3103	0.45454545454545453	False
5184	3451	0.36363636363636365	True
5184	48	0.2727272727272727	True
5184	1962	0.18181818181818182	True
5184	3440	0.09090909090909091	True
3625	1493	0.9090909090909091	False
3625	2573	0.8181818181818182	True
3625	497	0.7272727272727273	True
3625	1744	0.6363636363636364	False
3625	1179	0.5454545454545454	False
3625	3103	0.45454545454545453	False
3625	3440	0.36363636363636365	True
3625	3451	0.2727272727272727	True
3625	2335	0.18181818181818182	False
3625	1962	0.09090909090909091	True
892	1179	0.9090909090909091	False
892	1962	0.8181818181818182	True
892	1744	0.7272727272727273	False
892	3103	0.6363636363636364	False
892	2573	0.5454545454545454	True
892	2335	0.45454545454545453	False
892	48	0.36363636363636365	True
892	1493	0.2727272727272727	False
892	3263	0.18181818181818182	True
892	3440	0.09090909090909091	True
4193	1493	0.9090909090909091	False
4193	3103	0.8181818181818182	False
4193	2573	0.7272727272727273	True
4193	3440	0.6363636363636364	True
4193	1179	0.5454545454545454	False
4193	2335	0.45454545454545453	False
4193	1000	0.36363636363636365	True
4193	847	0.2727272727272727	True
4193	3451	0.18181818181818182	True
4193	2051	0.09090909090909091	True
3017	3103	0.9090909090909091	False
3017	1744	0.8181818181818182	False
3017	1000	0.7272727272727273	True
3017	1493	0.6363636363636364	False
3017	2573	0.5454545454545454	True
3017	3440	0.45454545454545453	True
3017	1179	0.36363636363636365	False
3017	2335	0.2727272727272727	False
3017	2450	0.18181818181818182	True
3017	497	0.09090909090909091	True
2948	1493	0.9090909090909091	False
2948	1000	0.8181818181818182	True
2948	1744	0.7272727272727273	False
2948	3103	0.6363636363636364	False
2948	3440	0.5454545454545454	True
2948	2335	0.45454545454545453	False
2948	2450	0.36363636363636365	True
2948	1179	0.2727272727272727	False
2948	1066	0.18181818181818182	True
2948	48	0.09090909090909091	True
5164	1493	0.9090909090909091	False
5164	1179	0.8181818181818182	False
5164	1000	0.7272727272727273	True
5164	2335	0.6363636363636364	False
5164	1744	0.5454545454545454	False
5164	3440	0.45454545454545453	True
5164	3103	0.36363636363636365	False
5164	2573	0.2727272727272727	True
5164	497	0.18181818181818182	True
5164	48	0.09090909090909091	True
1075	1744	0.9090909090909091	False
1075	3103	0.8181818181818182	False
1075	1000	0.7272727272727273	True
1075	3440	0.6363636363636364	True
1075	1179	0.5454545454545454	False
1075	1493	0.45454545454545453	False
1075	3263	0.36363636363636365	True
1075	2704	0.2727272727272727	True
1075	828	0.18181818181818182	True
1075	1066	0.09090909090909091	True
3483	1744	0.9090909090909091	False
3483	3103	0.8181818181818182	False
3483	48	0.7272727272727273	True
3483	1493	0.6363636363636364	False
3483	3440	0.5454545454545454	True
3483	1000	0.45454545454545453	True
3483	2573	0.36363636363636365	True
3483	3451	0.2727272727272727	True
3483	1179	0.18181818181818182	False
3483	2764	0.09090909090909091	True
327	1744	0.9090909090909091	False
327	3103	0.8181818181818182	False
327	3451	0.7272727272727273	True
327	1493	0.6363636363636364	False
327	2573	0.5454545454545454	True
327	48	0.45454545454545453	True
327	1179	0.36363636363636365	False
327	2450	0.2727272727272727	True
327	3263	0.18181818181818182	True
327	1000	0.09090909090909091	True
2169	1744	0.9090909090909091	False
2169	1179	0.8181818181818182	False
2169	2573	0.7272727272727273	True
2169	3263	0.6363636363636364	True
2169	1493	0.5454545454545454	False
2169	2335	0.45454545454545453	False
2169	3440	0.36363636363636365	True
2169	3103	0.2727272727272727	False
2169	1066	0.18181818181818182	True
2169	3451	0.09090909090909091	True
5968	1744	0.9090909090909091	False
5968	1493	0.8181818181818182	False
5968	3103	0.7272727272727273	False
5968	1179	0.6363636363636364	False
5968	3451	0.5454545454545454	True
5968	497	0.45454545454545453	True
5968	48	0.36363636363636365	True
5968	1962	0.2727272727272727	True
5968	2573	0.18181818181818182	True
5968	3440	0.09090909090909091	True
2658	1744	0.9090909090909091	False
2658	1000	0.8181818181818182	True
2658	3103	0.7272727272727273	False
2658	1493	0.6363636363636364	False
2658	1179	0.5454545454545454	False
2658	2335	0.45454545454545453	False
2658	3263	0.36363636363636365	True
2658	2573	0.2727272727272727	True
2658	3440	0.18181818181818182	True
2658	1066	0.09090909090909091	True
4350	1000	0.9090909090909091	True
4350	1744	0.8181818181818182	False
4350	3103	0.7272727272727273	False
4350	3440	0.6363636363636364	True
4350	1493	0.5454545454545454	False
4350	1179	0.45454545454545453	False
4350	2335	0.36363636363636365	False
4350	2573	0.2727272727272727	True
4350	921	0.18181818181818182	True
4350	2752	0.09090909090909091	True
1818	1744	0.9090909090909091	False
1818	1179	0.8181818181818182	False
1818	1000	0.7272727272727273	True
1818	3103	0.6363636363636364	False
1818	2573	0.5454545454545454	True
1818	2335	0.45454545454545453	False
1818	3440	0.36363636363636365	True
1818	2752	0.2727272727272727	True
1818	3451	0.18181818181818182	True
1818	694	0.09090909090909091	True
5601	1744	0.9090909090909091	False
5601	3103	0.8181818181818182	False
5601	1000	0.7272727272727273	True
5601	1179	0.6363636363636364	False
5601	3263	0.5454545454545454	True
5601	3440	0.45454545454545453	True
5601	2573	0.36363636363636365	True
5601	3451	0.2727272727272727	True
5601	2335	0.18181818181818182	False
5601	1066	0.09090909090909091	True
3905	1744	0.9090909090909091	False
3905	2335	0.8181818181818182	False
3905	1000	0.7272727272727273	True
3905	1493	0.6363636363636364	False
3905	1179	0.5454545454545454	False
3905	3103	0.45454545454545453	False
3905	3440	0.36363636363636365	True
3905	3263	0.2727272727272727	True
3905	1066	0.18181818181818182	True
3905	828	0.09090909090909091	True
1360	1744	0.9090909090909091	False
1360	2335	0.8181818181818182	False
1360	1493	0.7272727272727273	False
1360	48	0.6363636363636364	True
1360	3103	0.5454545454545454	False
1360	1000	0.45454545454545453	True
1360	2450	0.36363636363636365	True
1360	1066	0.2727272727272727	True
1360	2752	0.18181818181818182	True
1360	3440	0.09090909090909091	True
4643	1493	0.9090909090909091	False
4643	3103	0.8181818181818182	False
4643	48	0.7272727272727273	True
4643	1179	0.6363636363636364	False
4643	2573	0.5454545454545454	True
4643	497	0.45454545454545453	True
4643	2335	0.36363636363636365	False
4643	1744	0.2727272727272727	False
4643	2450	0.18181818181818182	True
4643	2764	0.09090909090909091	True
5564	1744	0.9090909090909091	False
5564	3103	0.8181818181818182	False
5564	1000	0.7272727272727273	True
5564	1493	0.6363636363636364	False
5564	3440	0.5454545454545454	True
5564	3451	0.45454545454545453	True
5564	1179	0.36363636363636365	False
5564	2335	0.2727272727272727	False
5564	2573	0.18181818181818182	True
5564	497	0.09090909090909091	True
1299	3103	0.9090909090909091	False
1299	1744	0.8181818181818182	False
1299	2573	0.7272727272727273	True
1299	1493	0.6363636363636364	False
1299	3440	0.5454545454545454	True
1299	2113	0.45454545454545453	True
1299	1000	0.36363636363636365	True
1299	1179	0.2727272727272727	False
1299	2335	0.18181818181818182	False
1299	48	0.09090909090909091	True
458	3103	0.9090909090909091	False
458	1493	0.8181818181818182	False
458	2335	0.7272727272727273	False
458	1744	0.6363636363636364	False
458	1179	0.5454545454545454	False
458	694	0.45454545454545453	True
458	3440	0.36363636363636365	True
458	2573	0.2727272727272727	True
458	3451	0.18181818181818182	True
458	828	0.09090909090909091	True
4730	3103	0.9090909090909091	False
4730	1493	0.8181818181818182	False
4730	2573	0.7272727272727273	True
4730	1179	0.6363636363636364	False
4730	2335	0.5454545454545454	False
4730	1744	0.45454545454545453	False
4730	828	0.36363636363636365	True
4730	3440	0.2727272727272727	True
4730	48	0.18181818181818182	True
4730	3263	0.09090909090909091	True
3824	1744	0.9090909090909091	False
3824	3103	0.8181818181818182	False
3824	3440	0.7272727272727273	True
3824	1179	0.6363636363636364	False
3824	1000	0.5454545454545454	True
3824	3263	0.45454545454545453	True
3824	2573	0.36363636363636365	True
3824	3451	0.2727272727272727	True
3824	48	0.18181818181818182	True
3824	1066	0.09090909090909091	True
2964	1744	0.9090909090909091	False
2964	3103	0.8181818181818182	False
2964	1000	0.7272727272727273	True
2964	1493	0.6363636363636364	False
2964	1179	0.5454545454545454	False
2964	2573	0.45454545454545453	True
2964	1962	0.36363636363636365	True
2964	2335	0.2727272727272727	False
2964	3263	0.18181818181818182	True
2964	497	0.09090909090909091	True
5451	3103	0.9090909090909091	False
5451	1744	0.8181818181818182	False
5451	1493	0.7272727272727273	False
5451	2573	0.6363636363636364	True
5451	2335	0.5454545454545454	False
5451	1000	0.45454545454545453	True
5451	3451	0.36363636363636365	True
5451	3440	0.2727272727272727	True
5451	497	0.18181818181818182	True
5451	48	0.09090909090909091	True
4658	1744	0.9090909090909091	False
4658	2335	0.8181818181818182	False
4658	3103	0.7272727272727273	False
4658	1179	0.6363636363636364	False
4658	1493	0.5454545454545454	False
4658	3440	0.45454545454545453	True
4658	1000	0.36363636363636365	True
4658	828	0.2727272727272727	True
4658	497	0.18181818181818182	True
4658	2573	0.09090909090909091	True
2767	1744	0.9090909090909091	False
2767	1179	0.8181818181818182	False
2767	1962	0.7272727272727273	True
2767	3263	0.6363636363636364	True
2767	3103	0.5454545454545454	False
2767	3451	0.45454545454545453	True
2767	3440	0.36363636363636365	True
2767	1000	0.2727272727272727	True
2767	1493	0.18181818181818182	False
2767	2573	0.09090909090909091	True
4072	1493	0.9090909090909091	False
4072	2335	0.8181818181818182	False
4072	2450	0.7272727272727273	True
4072	2573	0.6363636363636364	True
4072	48	0.5454545454545454	True
4072	3103	0.45454545454545453	False
4072	338	0.36363636363636365	True
4072	1179	0.2727272727272727	False
4072	1744	0.18181818181818182	False
4072	828	0.09090909090909091	True
319	1744	0.9090909090909091	False
319	1000	0.8181818181818182	True
319	1493	0.7272727272727273	False
319	2335	0.6363636363636364	False
319	3440	0.5454545454545454	True
319	497	0.45454545454545453	True
319	48	0.36363636363636365	True
319	3103	0.2727272727272727	False
319	1962	0.18181818181818182	True
319	1179	0.09090909090909091	False
3287	1744	0.9090909090909091	False
3287	1179	0.8181818181818182	False
3287	3103	0.7272727272727273	False
3287	1493	0.6363636363636364	False
3287	3451	0.5454545454545454	True
3287	3263	0.45454545454545453	True
3287	2573	0.36363636363636365	True
3287	1066	0.2727272727272727	True
3287	2335	0.18181818181818182	False
3287	1000	0.09090909090909091	True
1446	1744	0.9090909090909091	False
1446	3263	0.8181818181818182	True
1446	1000	0.7272727272727273	True
1446	3103	0.6363636363636364	False
1446	2335	0.5454545454545454	False
1446	2573	0.45454545454545453	True
1446	1493	0.36363636363636365	False
1446	1179	0.2727272727272727	False
1446	828	0.18181818181818182	True
1446	1066	0.09090909090909091	True
4369	1493	0.9090909090909091	False
4369	3103	0.8181818181818182	False
4369	497	0.7272727272727273	True
4369	2450	0.6363636363636364	True
4369	1744	0.5454545454545454	False
4369	847	0.45454545454545453	True
4369	2335	0.36363636363636365	False
4369	3451	0.2727272727272727	True
4369	2573	0.18181818181818182	True
4369	2764	0.09090909090909091	True
1571	2335	0.9090909090909091	False
1571	2573	0.8181818181818182	True
1571	1493	0.7272727272727273	False
1571	1744	0.6363636363636364	False
1571	3103	0.5454545454545454	False
1571	48	0.45454545454545453	True
1571	1179	0.36363636363636365	False
1571	3263	0.2727272727272727	True
1571	828	0.18181818181818182	True
1571	2450	0.09090909090909091	True
316	1744	0.9090909090909091	False
316	3103	0.8181818181818182	False
316	2573	0.7272727272727273	True
316	1179	0.6363636363636364	False
316	1493	0.5454545454545454	False
316	497	0.45454545454545453	True
316	2335	0.36363636363636365	False
316	828	0.2727272727272727	True
316	48	0.18181818181818182	True
316	3440	0.09090909090909091	True
1309	3103	0.9090909090909091	False
1309	1493	0.8181818181818182	False
1309	1744	0.7272727272727273	False
1309	1000	0.6363636363636364	True
1309	2335	0.5454545454545454	False
1309	828	0.45454545454545453	True
1309	48	0.36363636363636365	True
1309	2450	0.2727272727272727	True
1309	3440	0.18181818181818182	True
1309	338	0.09090909090909091	True
2291	1744	0.9090909090909091	False
2291	3103	0.8181818181818182	False
2291	3440	0.7272727272727273	True
2291	1179	0.6363636363636364	False
2291	1493	0.5454545454545454	False
2291	2335	0.45454545454545453	False
2291	48	0.36363636363636365	True
2291	1000	0.2727272727272727	True
2291	3451	0.18181818181818182	True
2291	2573	0.09090909090909091	True
4222	1744	0.9090909090909091	False
4222	3103	0.8181818181818182	False
4222	1179	0.7272727272727273	False
4222	1962	0.6363636363636364	True
4222	2573	0.5454545454545454	True
4222	3451	0.45454545454545453	True
4222	1493	0.36363636363636365	False
4222	3440	0.2727272727272727	True
4222	48	0.18181818181818182	True
4222	3263	0.09090909090909091	True
421	1493	0.9090909090909091	False
421	2335	0.8181818181818182	False
421	2450	0.7272727272727273	True
421	2573	0.6363636363636364	True
421	1179	0.5454545454545454	False
421	1962	0.45454545454545453	True
421	1000	0.36363636363636365	True
421	48	0.2727272727272727	True
421	338	0.18181818181818182	True
421	497	0.09090909090909091	True
3445	1000	0.9090909090909091	True
3445	1744	0.8181818181818182	False
3445	3103	0.7272727272727273	False
3445	1179	0.6363636363636364	False
3445	1493	0.5454545454545454	False
3445	3440	0.45454545454545453	True
3445	2335	0.36363636363636365	False
3445	2573	0.2727272727272727	True
3445	1066	0.18181818181818182	True
3445	3263	0.09090909090909091	True
5870	1744	0.9090909090909091	False
5870	1493	0.8181818181818182	False
5870	2450	0.7272727272727273	True
5870	2573	0.6363636363636364	True
5870	1179	0.5454545454545454	False
5870	2335	0.45454545454545453	False
5870	48	0.36363636363636365	True
5870	3103	0.2727272727272727	False
5870	497	0.18181818181818182	True
5870	3451	0.09090909090909091	True
3345	1744	0.9090909090909091	False
3345	1179	0.8181818181818182	False
3345	3103	0.7272727272727273	False
3345	3263	0.6363636363636364	True
3345	2573	0.5454545454545454	True
3345	3440	0.45454545454545453	True
3345	1493	0.36363636363636365	False
3345	48	0.2727272727272727	True
3345	2335	0.18181818181818182	False
3345	2113	0.09090909090909091	True
3136	1179	0.9090909090909091	False
3136	1744	0.8181818181818182	False
3136	2573	0.7272727272727273	True
3136	3103	0.6363636363636364	False
3136	1493	0.5454545454545454	False
3136	2113	0.45454545454545453	True
3136	48	0.36363636363636365	True
3136	3263	0.2727272727272727	True
3136	3440	0.18181818181818182	True
3136	2335	0.09090909090909091	False
5592	1493	0.9090909090909091	False
5592	2573	0.8181818181818182	True
5592	2450	0.7272727272727273	True
5592	1744	0.6363636363636364	False
5592	1179	0.5454545454545454	False
5592	3103	0.45454545454545453	False
5592	2335	0.36363636363636365	False
5592	497	0.2727272727272727	True
5592	48	0.18181818181818182	True
5592	3440	0.09090909090909091	True
5782	1744	0.9090909090909091	False
5782	1179	0.8181818181818182	False
5782	1493	0.7272727272727273	False
5782	2573	0.6363636363636364	True
5782	3440	0.5454545454545454	True
5782	3103	0.45454545454545453	False
5782	3451	0.36363636363636365	True
5782	48	0.2727272727272727	True
5782	2335	0.18181818181818182	False
5782	2450	0.09090909090909091	True
3653	1179	0.9090909090909091	False
3653	1744	0.8181818181818182	False
3653	3103	0.7272727272727273	False
3653	1493	0.6363636363636364	False
3653	48	0.5454545454545454	True
3653	1000	0.45454545454545453	True
3653	2450	0.36363636363636365	True
3653	2335	0.2727272727272727	False
3653	2573	0.18181818181818182	True
3653	3451	0.09090909090909091	True
5431	1493	0.9090909090909091	False
5431	3103	0.8181818181818182	False
5431	2573	0.7272727272727273	True
5431	1744	0.6363636363636364	False
5431	2335	0.5454545454545454	False
5431	1179	0.45454545454545453	False
5431	3440	0.36363636363636365	True
5431	497	0.2727272727272727	True
5431	2450	0.18181818181818182	True
5431	48	0.09090909090909091	True
1629	1744	0.9090909090909091	False
1629	3103	0.8181818181818182	False
1629	48	0.7272727272727273	True
1629	1493	0.6363636363636364	False
1629	3451	0.5454545454545454	True
1629	2335	0.45454545454545453	False
1629	2573	0.36363636363636365	True
1629	1962	0.2727272727272727	True
1629	1179	0.18181818181818182	False
1629	3440	0.09090909090909091	True
5465	1744	0.9090909090909091	False
5465	1000	0.8181818181818182	True
5465	1493	0.7272727272727273	False
5465	3440	0.6363636363636364	True
5465	3103	0.5454545454545454	False
5465	2573	0.45454545454545453	True
5465	1179	0.36363636363636365	False
5465	3451	0.2727272727272727	True
5465	2752	0.18181818181818182	True
5465	48	0.09090909090909091	True
