4844	1014	0.9090909090909091	False
4844	2562	0.8181818181818182	False
4844	2127	0.7272727272727273	False
4844	77	0.6363636363636364	False
4844	2517	0.5454545454545454	True
4844	1261	0.45454545454545453	True
4844	1334	0.36363636363636365	False
4844	3520	0.2727272727272727	True
4844	461	0.18181818181818182	True
4844	2069	0.09090909090909091	True
1958	1334	0.9090909090909091	False
1958	1014	0.8181818181818182	False
1958	77	0.7272727272727273	False
1958	461	0.6363636363636364	True
1958	2517	0.5454545454545454	True
1958	1261	0.45454545454545453	True
1958	2562	0.36363636363636365	False
1958	3520	0.2727272727272727	True
1958	1649	0.18181818181818182	True
1958	2127	0.09090909090909091	False
1429	2562	0.9090909090909091	False
1429	77	0.8181818181818182	False
1429	1334	0.7272727272727273	False
1429	461	0.6363636363636364	True
1429	1014	0.5454545454545454	False
1429	2517	0.45454545454545453	True
1429	2127	0.36363636363636365	False
1429	3520	0.2727272727272727	True
1429	195	0.18181818181818182	True
1429	3685	0.09090909090909091	True
2505	77	0.9090909090909091	False
2505	1334	0.8181818181818182	False
2505	2517	0.7272727272727273	True
2505	2562	0.6363636363636364	False
2505	1649	0.5454545454545454	True
2505	2127	0.45454545454545453	False
2505	461	0.36363636363636365	True
2505	195	0.2727272727272727	True
2505	1014	0.18181818181818182	False
2505	2416	0.09090909090909091	True
1279	1014	0.9090909090909091	False
1279	2562	0.8181818181818182	False
1279	2517	0.7272727272727273	True
1279	77	0.6363636363636364	False
1279	1261	0.5454545454545454	True
1279	1649	0.45454545454545453	True
1279	461	0.36363636363636365	True
1279	2127	0.2727272727272727	False
1279	1334	0.18181818181818182	False
1279	491	0.09090909090909091	True
4481	77	0.9090909090909091	False
4481	1014	0.8181818181818182	False
4481	2127	0.7272727272727273	False
4481	1334	0.6363636363636364	False
4481	1649	0.5454545454545454	True
4481	2517	0.45454545454545453	True
4481	1261	0.36363636363636365	True
4481	2562	0.2727272727272727	False
4481	3520	0.18181818181818182	True
4481	2416	0.09090909090909091	True
3006	1334	0.9090909090909091	False
3006	77	0.8181818181818182	False
3006	3520	0.7272727272727273	True
3006	2127	0.6363636363636364	False
3006	461	0.5454545454545454	True
3006	2517	0.45454545454545453	True
3006	1014	0.36363636363636365	False
3006	1261	0.2727272727272727	True
3006	2562	0.18181818181818182	False
3006	1649	0.09090909090909091	True
441	77	0.9090909090909091	False
441	1649	0.8181818181818182	True
441	2562	0.7272727272727273	False
441	2127	0.6363636363636364	False
441	1014	0.5454545454545454	False
441	2517	0.45454545454545453	True
441	195	0.36363636363636365	True
441	3520	0.2727272727272727	True
441	3261	0.18181818181818182	True
441	3729	0.09090909090909091	True
4460	77	0.9090909090909091	False
4460	2562	0.8181818181818182	False
4460	1014	0.7272727272727273	False
4460	1334	0.6363636363636364	False
4460	2127	0.5454545454545454	False
4460	3520	0.45454545454545453	True
4460	1649	0.36363636363636365	True
4460	2517	0.2727272727272727	True
4460	2488	0.18181818181818182	True
4460	195	0.09090909090909091	True
2721	77	0.9090909090909091	False
2721	461	0.8181818181818182	True
2721	1334	0.7272727272727273	False
2721	2069	0.6363636363636364	True
2721	2517	0.5454545454545454	True
2721	2562	0.45454545454545453	False
2721	1014	0.36363636363636365	False
2721	3520	0.2727272727272727	True
2721	2127	0.18181818181818182	False
2721	3729	0.09090909090909091	True
2146	77	0.9090909090909091	False
2146	1334	0.8181818181818182	False
2146	1014	0.7272727272727273	False
2146	2127	0.6363636363636364	False
2146	2562	0.5454545454545454	False
2146	461	0.45454545454545453	True
2146	2517	0.36363636363636365	True
2146	2416	0.2727272727272727	True
2146	1649	0.18181818181818182	True
2146	2342	0.09090909090909091	True
3894	77	0.9090909090909091	False
3894	461	0.8181818181818182	True
3894	3520	0.7272727272727273	True
3894	1334	0.6363636363636364	False
3894	2517	0.5454545454545454	True
3894	2127	0.45454545454545453	False
3894	2562	0.36363636363636365	False
3894	1261	0.2727272727272727	True
3894	1649	0.18181818181818182	True
3894	195	0.09090909090909091	True
4445	77	0.9090909090909091	False
4445	1014	0.8181818181818182	False
4445	461	0.7272727272727273	True
4445	2562	0.6363636363636364	False
4445	2127	0.5454545454545454	False
4445	1334	0.45454545454545453	False
4445	3520	0.36363636363636365	True
4445	1649	0.2727272727272727	True
4445	1261	0.18181818181818182	True
4445	2517	0.09090909090909091	True
404	77	0.9090909090909091	False
404	1334	0.8181818181818182	False
404	2127	0.7272727272727273	False
404	1261	0.6363636363636364	True
404	2562	0.5454545454545454	False
404	1014	0.45454545454545453	False
404	461	0.36363636363636365	True
404	3004	0.2727272727272727	True
404	866	0.18181818181818182	True
404	2416	0.09090909090909091	True
2859	2562	0.9090909090909091	False
2859	77	0.8181818181818182	False
2859	1014	0.7272727272727273	False
2859	461	0.6363636363636364	True
2859	195	0.5454545454545454	True
2859	2127	0.45454545454545453	False
2859	2168	0.36363636363636365	True
2859	1334	0.2727272727272727	False
2859	2517	0.18181818181818182	True
2859	1261	0.09090909090909091	True
714	1334	0.9090909090909091	False
714	1014	0.8181818181818182	False
714	77	0.7272727272727273	False
714	461	0.6363636363636364	True
714	2562	0.5454545454545454	False
714	1261	0.45454545454545453	True
714	2127	0.36363636363636365	False
714	2517	0.2727272727272727	True
714	2069	0.18181818181818182	True
714	1649	0.09090909090909091	True
799	77	0.9090909090909091	False
799	2127	0.8181818181818182	False
799	1334	0.7272727272727273	False
799	1261	0.6363636363636364	True
799	1014	0.5454545454545454	False
799	2562	0.45454545454545453	False
799	461	0.36363636363636365	True
799	3520	0.2727272727272727	True
799	2517	0.18181818181818182	True
799	3004	0.09090909090909091	True
232	2562	0.9090909090909091	False
232	77	0.8181818181818182	False
232	1334	0.7272727272727273	False
232	1014	0.6363636363636364	False
232	2517	0.5454545454545454	True
232	461	0.45454545454545453	True
232	2127	0.36363636363636365	False
232	2069	0.2727272727272727	True
232	195	0.18181818181818182	True
232	1261	0.09090909090909091	True
3106	1334	0.9090909090909091	False
3106	2562	0.8181818181818182	False
3106	1649	0.7272727272727273	True
3106	77	0.6363636363636364	False
3106	1014	0.5454545454545454	False
3106	2517	0.45454545454545453	True
3106	461	0.36363636363636365	True
3106	2069	0.2727272727272727	True
3106	3520	0.18181818181818182	True
3106	2127	0.09090909090909091	False
4066	1014	0.9090909090909091	False
4066	1261	0.8181818181818182	True
4066	1334	0.7272727272727273	False
4066	77	0.6363636363636364	False
4066	2562	0.5454545454545454	False
4066	2127	0.45454545454545453	False
4066	2517	0.36363636363636365	True
4066	491	0.2727272727272727	True
4066	2168	0.18181818181818182	True
4066	461	0.09090909090909091	True
535	77	0.9090909090909091	False
535	1334	0.8181818181818182	False
535	1014	0.7272727272727273	False
535	2562	0.6363636363636364	False
535	461	0.5454545454545454	True
535	2127	0.45454545454545453	False
535	1261	0.36363636363636365	True
535	2517	0.2727272727272727	True
535	2416	0.18181818181818182	True
535	2168	0.09090909090909091	True
5575	77	0.9090909090909091	False
5575	1014	0.8181818181818182	False
5575	461	0.7272727272727273	True
5575	2562	0.6363636363636364	False
5575	1334	0.5454545454545454	False
5575	2517	0.45454545454545453	True
5575	2127	0.36363636363636365	False
5575	3520	0.2727272727272727	True
5575	1261	0.18181818181818182	True
5575	3004	0.09090909090909091	True
152	2562	0.9090909090909091	False
152	77	0.8181818181818182	False
152	1334	0.7272727272727273	False
152	2517	0.6363636363636364	True
152	2127	0.5454545454545454	False
152	3520	0.45454545454545453	True
152	195	0.36363636363636365	True
152	1649	0.2727272727272727	True
152	461	0.18181818181818182	True
152	1014	0.09090909090909091	False
4252	77	0.9090909090909091	False
4252	2562	0.8181818181818182	False
4252	461	0.7272727272727273	True
4252	1334	0.6363636363636364	False
4252	3520	0.5454545454545454	True
4252	1014	0.45454545454545453	False
4252	2127	0.36363636363636365	False
4252	2517	0.2727272727272727	True
4252	1649	0.18181818181818182	True
4252	2069	0.09090909090909091	True
3744	77	0.9090909090909091	False
3744	2127	0.8181818181818182	False
3744	2562	0.7272727272727273	False
3744	1014	0.6363636363636364	False
3744	2517	0.5454545454545454	True
3744	1334	0.45454545454545453	False
3744	3520	0.36363636363636365	True
3744	461	0.2727272727272727	True
3744	3004	0.18181818181818182	True
3744	2168	0.09090909090909091	True
4184	2562	0.9090909090909091	False
4184	77	0.8181818181818182	False
4184	461	0.7272727272727273	True
4184	2127	0.6363636363636364	False
4184	1014	0.5454545454545454	False
4184	2517	0.45454545454545453	True
4184	1334	0.36363636363636365	False
4184	195	0.2727272727272727	True
4184	491	0.18181818181818182	True
4184	3520	0.09090909090909091	True
5733	1014	0.9090909090909091	False
5733	1261	0.8181818181818182	True
5733	2069	0.7272727272727273	True
5733	461	0.6363636363636364	True
5733	77	0.5454545454545454	False
5733	1334	0.45454545454545453	False
5733	1649	0.36363636363636365	True
5733	2562	0.2727272727272727	False
5733	2127	0.18181818181818182	False
5733	2517	0.09090909090909091	True
2492	77	0.9090909090909091	False
2492	2562	0.8181818181818182	False
2492	1014	0.7272727272727273	False
2492	195	0.6363636363636364	True
2492	2517	0.5454545454545454	True
2492	461	0.45454545454545453	True
2492	2127	0.36363636363636365	False
2492	1334	0.2727272727272727	False
2492	1649	0.18181818181818182	True
2492	2069	0.09090909090909091	True
1327	3520	0.9090909090909091	True
1327	77	0.8181818181818182	False
1327	1334	0.7272727272727273	False
1327	2127	0.6363636363636364	False
1327	1014	0.5454545454545454	False
1327	2562	0.45454545454545453	False
1327	461	0.36363636363636365	True
1327	2517	0.2727272727272727	True
1327	1649	0.18181818181818182	True
1327	1261	0.09090909090909091	True
335	1014	0.9090909090909091	False
335	77	0.8181818181818182	False
335	1334	0.7272727272727273	False
335	2127	0.6363636363636364	False
335	1649	0.5454545454545454	True
335	1261	0.45454545454545453	True
335	2517	0.36363636363636365	True
335	2562	0.2727272727272727	False
335	2069	0.18181818181818182	True
335	2261	0.09090909090909091	True
77	2562	0.9090909090909091	False
77	1014	0.8181818181818182	False
77	77	0.7272727272727273	False
77	2127	0.6363636363636364	False
77	1334	0.5454545454545454	False
77	1261	0.45454545454545453	True
77	461	0.36363636363636365	True
77	491	0.2727272727272727	True
77	195	0.18181818181818182	True
77	1649	0.09090909090909091	True
1399	77	0.9090909090909091	False
1399	2127	0.8181818181818182	False
1399	3520	0.7272727272727273	True
1399	2562	0.6363636363636364	False
1399	1261	0.5454545454545454	True
1399	1334	0.45454545454545453	False
1399	461	0.36363636363636365	True
1399	1014	0.2727272727272727	False
1399	2517	0.18181818181818182	True
1399	3004	0.09090909090909091	True
5381	77	0.9090909090909091	False
5381	1334	0.8181818181818182	False
5381	461	0.7272727272727273	True
5381	1014	0.6363636363636364	False
5381	2069	0.5454545454545454	True
5381	2562	0.45454545454545453	False
5381	2517	0.36363636363636365	True
5381	2127	0.2727272727272727	False
5381	1261	0.18181818181818182	True
5381	1649	0.09090909090909091	True
5331	1334	0.9090909090909091	False
5331	2562	0.8181818181818182	False
5331	77	0.7272727272727273	False
5331	1014	0.6363636363636364	False
5331	2069	0.5454545454545454	True
5331	1649	0.45454545454545453	True
5331	461	0.36363636363636365	True
5331	2517	0.2727272727272727	True
5331	2127	0.18181818181818182	False
5331	195	0.09090909090909091	True
4692	77	0.9090909090909091	False
4692	1014	0.8181818181818182	False
4692	2562	0.7272727272727273	False
4692	1334	0.6363636363636364	False
4692	2127	0.5454545454545454	False
4692	2168	0.45454545454545453	True
4692	461	0.36363636363636365	True
4692	2937	0.2727272727272727	True
4692	1261	0.18181818181818182	True
4692	2517	0.09090909090909091	True
3196	2562	0.9090909090909091	False
3196	77	0.8181818181818182	False
3196	2517	0.7272727272727273	True
3196	1334	0.6363636363636364	False
3196	1014	0.5454545454545454	False
3196	2127	0.45454545454545453	False
3196	3729	0.36363636363636365	True
3196	1649	0.2727272727272727	True
3196	2168	0.18181818181818182	True
3196	461	0.09090909090909091	True
2068	77	0.9090909090909091	False
2068	2562	0.8181818181818182	False
2068	1014	0.7272727272727273	False
2068	1334	0.6363636363636364	False
2068	461	0.5454545454545454	True
2068	2127	0.45454545454545453	False
2068	2517	0.36363636363636365	True
2068	1261	0.2727272727272727	True
2068	2069	0.18181818181818182	True
2068	3520	0.09090909090909091	True
1302	77	0.9090909090909091	False
1302	2127	0.8181818181818182	False
1302	461	0.7272727272727273	True
1302	2562	0.6363636363636364	False
1302	3004	0.5454545454545454	True
1302	1014	0.45454545454545453	False
1302	1261	0.36363636363636365	True
1302	1334	0.2727272727272727	False
1302	2517	0.18181818181818182	True
1302	3520	0.09090909090909091	True
2263	2562	0.9090909090909091	False
2263	1334	0.8181818181818182	False
2263	2069	0.7272727272727273	True
2263	1014	0.6363636363636364	False
2263	2517	0.5454545454545454	True
2263	77	0.45454545454545453	False
2263	461	0.36363636363636365	True
2263	2127	0.2727272727272727	False
2263	1261	0.18181818181818182	True
2263	491	0.09090909090909091	True
1930	1334	0.9090909090909091	False
1930	2562	0.8181818181818182	False
1930	77	0.7272727272727273	False
1930	461	0.6363636363636364	True
1930	2517	0.5454545454545454	True
1930	1014	0.45454545454545453	False
1930	195	0.36363636363636365	True
1930	2127	0.2727272727272727	False
1930	1649	0.18181818181818182	True
1930	2069	0.09090909090909091	True
1144	77	0.9090909090909091	False
1144	2127	0.8181818181818182	False
1144	1334	0.7272727272727273	False
1144	1261	0.6363636363636364	True
1144	2517	0.5454545454545454	True
1144	1014	0.45454545454545453	False
1144	461	0.36363636363636365	True
1144	2416	0.2727272727272727	True
1144	1649	0.18181818181818182	True
1144	2562	0.09090909090909091	False
3393	1014	0.9090909090909091	False
3393	77	0.8181818181818182	False
3393	461	0.7272727272727273	True
3393	2562	0.6363636363636364	False
3393	1261	0.5454545454545454	True
3393	1334	0.45454545454545453	False
3393	2127	0.36363636363636365	False
3393	195	0.2727272727272727	True
3393	2517	0.18181818181818182	True
3393	2069	0.09090909090909091	True
2254	77	0.9090909090909091	False
2254	461	0.8181818181818182	True
2254	2562	0.7272727272727273	False
2254	1014	0.6363636363636364	False
2254	1334	0.5454545454545454	False
2254	2517	0.45454545454545453	True
2254	2127	0.36363636363636365	False
2254	1175	0.2727272727272727	True
2254	1261	0.18181818181818182	True
2254	3004	0.09090909090909091	True
960	77	0.9090909090909091	False
960	461	0.8181818181818182	True
960	1334	0.7272727272727273	False
960	2562	0.6363636363636364	False
960	1014	0.5454545454545454	False
960	1649	0.45454545454545453	True
960	3520	0.36363636363636365	True
960	2127	0.2727272727272727	False
960	195	0.18181818181818182	True
960	2517	0.09090909090909091	True
2802	1334	0.9090909090909091	False
2802	77	0.8181818181818182	False
2802	461	0.7272727272727273	True
2802	2562	0.6363636363636364	False
2802	2127	0.5454545454545454	False
2802	1014	0.45454545454545453	False
2802	2517	0.36363636363636365	True
2802	2069	0.2727272727272727	True
2802	3520	0.18181818181818182	True
2802	1261	0.09090909090909091	True
134	1334	0.9090909090909091	False
134	77	0.8181818181818182	False
134	1014	0.7272727272727273	False
134	2127	0.6363636363636364	False
134	2517	0.5454545454545454	True
134	2562	0.45454545454545453	False
134	1649	0.36363636363636365	True
134	1261	0.2727272727272727	True
134	461	0.18181818181818182	True
134	2069	0.09090909090909091	True
4216	77	0.9090909090909091	False
4216	1014	0.8181818181818182	False
4216	1261	0.7272727272727273	True
4216	2562	0.6363636363636364	False
4216	2127	0.5454545454545454	False
4216	1334	0.45454545454545453	False
4216	2517	0.36363636363636365	True
4216	1649	0.2727272727272727	True
4216	461	0.18181818181818182	True
4216	195	0.09090909090909091	True
1963	77	0.9090909090909091	False
1963	1014	0.8181818181818182	False
1963	2127	0.7272727272727273	False
1963	1649	0.6363636363636364	True
1963	1334	0.5454545454545454	False
1963	2562	0.45454545454545453	False
1963	1261	0.36363636363636365	True
1963	461	0.2727272727272727	True
1963	3520	0.18181818181818182	True
1963	195	0.09090909090909091	True
2003	77	0.9090909090909091	False
2003	461	0.8181818181818182	True
2003	1014	0.7272727272727273	False
2003	2517	0.6363636363636364	True
2003	2069	0.5454545454545454	True
2003	2562	0.45454545454545453	False
2003	1334	0.36363636363636365	False
2003	1649	0.2727272727272727	True
2003	1261	0.18181818181818182	True
2003	3520	0.09090909090909091	True
5762	77	0.9090909090909091	False
5762	2127	0.8181818181818182	False
5762	1334	0.7272727272727273	False
5762	2562	0.6363636363636364	False
5762	461	0.5454545454545454	True
5762	3520	0.45454545454545453	True
5762	1014	0.36363636363636365	False
5762	2517	0.2727272727272727	True
5762	1261	0.18181818181818182	True
5762	1649	0.09090909090909091	True
4561	1014	0.9090909090909091	False
4561	2562	0.8181818181818182	False
4561	2127	0.7272727272727273	False
4561	77	0.6363636363636364	False
4561	1334	0.5454545454545454	False
4561	2517	0.45454545454545453	True
4561	1261	0.36363636363636365	True
4561	3520	0.2727272727272727	True
4561	1649	0.18181818181818182	True
4561	2937	0.09090909090909091	True
3645	77	0.9090909090909091	False
3645	2127	0.8181818181818182	False
3645	1334	0.7272727272727273	False
3645	461	0.6363636363636364	True
3645	1649	0.5454545454545454	True
3645	1014	0.45454545454545453	False
3645	1261	0.36363636363636365	True
3645	2562	0.2727272727272727	False
3645	3520	0.18181818181818182	True
3645	2517	0.09090909090909091	True
887	2127	0.9090909090909091	False
887	77	0.8181818181818182	False
887	2562	0.7272727272727273	False
887	1649	0.6363636363636364	True
887	3520	0.5454545454545454	True
887	2517	0.45454545454545453	True
887	1014	0.36363636363636365	False
887	2069	0.2727272727272727	True
887	3097	0.18181818181818182	True
887	491	0.09090909090909091	True
4928	77	0.9090909090909091	False
4928	461	0.8181818181818182	True
4928	2562	0.7272727272727273	False
4928	3520	0.6363636363636364	True
4928	1014	0.5454545454545454	False
4928	2517	0.45454545454545453	True
4928	1334	0.36363636363636365	False
4928	2127	0.2727272727272727	False
4928	195	0.18181818181818182	True
4928	3729	0.09090909090909091	True
5883	77	0.9090909090909091	False
5883	1334	0.8181818181818182	False
5883	1014	0.7272727272727273	False
5883	461	0.6363636363636364	True
5883	2562	0.5454545454545454	False
5883	2127	0.45454545454545453	False
5883	1649	0.36363636363636365	True
5883	2517	0.2727272727272727	True
5883	1261	0.18181818181818182	True
5883	2069	0.09090909090909091	True
5620	77	0.9090909090909091	False
5620	2562	0.8181818181818182	False
5620	461	0.7272727272727273	True
5620	3004	0.6363636363636364	True
5620	1014	0.5454545454545454	False
5620	2127	0.45454545454545453	False
5620	1334	0.36363636363636365	False
5620	2517	0.2727272727272727	True
5620	1175	0.18181818181818182	True
5620	1261	0.09090909090909091	True
1101	1334	0.9090909090909091	False
1101	77	0.8181818181818182	False
1101	2127	0.7272727272727273	False
1101	3520	0.6363636363636364	True
1101	2562	0.5454545454545454	False
1101	461	0.45454545454545453	True
1101	2517	0.36363636363636365	True
1101	1014	0.2727272727272727	False
1101	1649	0.18181818181818182	True
1101	1261	0.09090909090909091	True
1161	77	0.9090909090909091	False
1161	2562	0.8181818181818182	False
1161	2517	0.7272727272727273	True
1161	1334	0.6363636363636364	False
1161	2127	0.5454545454545454	False
1161	1014	0.45454545454545453	False
1161	461	0.36363636363636365	True
1161	1649	0.2727272727272727	True
1161	195	0.18181818181818182	True
1161	3520	0.09090909090909091	True
5070	1334	0.9090909090909091	False
5070	77	0.8181818181818182	False
5070	2127	0.7272727272727273	False
5070	3520	0.6363636363636364	True
5070	1261	0.5454545454545454	True
5070	2562	0.45454545454545453	False
5070	461	0.36363636363636365	True
5070	3004	0.2727272727272727	True
5070	2937	0.18181818181818182	True
5070	1014	0.09090909090909091	False
2227	1014	0.9090909090909091	False
2227	2562	0.8181818181818182	False
2227	77	0.7272727272727273	False
2227	2517	0.6363636363636364	True
2227	1334	0.5454545454545454	False
2227	461	0.45454545454545453	True
2227	2069	0.36363636363636365	True
2227	2127	0.2727272727272727	False
2227	1649	0.18181818181818182	True
2227	3520	0.09090909090909091	True
2137	77	0.9090909090909091	False
2137	1334	0.8181818181818182	False
2137	2562	0.7272727272727273	False
2137	1014	0.6363636363636364	False
2137	2127	0.5454545454545454	False
2137	461	0.45454545454545453	True
2137	2517	0.36363636363636365	True
2137	195	0.2727272727272727	True
2137	2168	0.18181818181818182	True
2137	1649	0.09090909090909091	True
5139	77	0.9090909090909091	False
5139	1334	0.8181818181818182	False
5139	2562	0.7272727272727273	False
5139	2127	0.6363636363636364	False
5139	1014	0.5454545454545454	False
5139	461	0.45454545454545453	True
5139	2517	0.36363636363636365	True
5139	1261	0.2727272727272727	True
5139	3520	0.18181818181818182	True
5139	195	0.09090909090909091	True
1796	77	0.9090909090909091	False
1796	195	0.8181818181818182	True
1796	1649	0.7272727272727273	True
1796	1014	0.6363636363636364	False
1796	461	0.5454545454545454	True
1796	2562	0.45454545454545453	False
1796	1261	0.36363636363636365	True
1796	3520	0.2727272727272727	True
1796	1334	0.18181818181818182	False
1796	2127	0.09090909090909091	False
4720	1334	0.9090909090909091	False
4720	77	0.8181818181818182	False
4720	1014	0.7272727272727273	False
4720	461	0.6363636363636364	True
4720	2127	0.5454545454545454	False
4720	2562	0.45454545454545453	False
4720	2069	0.36363636363636365	True
4720	1261	0.2727272727272727	True
4720	1649	0.18181818181818182	True
4720	3520	0.09090909090909091	True
705	77	0.9090909090909091	False
705	2127	0.8181818181818182	False
705	2562	0.7272727272727273	False
705	1014	0.6363636363636364	False
705	1334	0.5454545454545454	False
705	461	0.45454545454545453	True
705	3520	0.36363636363636365	True
705	1649	0.2727272727272727	True
705	2069	0.18181818181818182	True
705	1261	0.09090909090909091	True
929	77	0.9090909090909091	False
929	1334	0.8181818181818182	False
929	2562	0.7272727272727273	False
929	2127	0.6363636363636364	False
929	3520	0.5454545454545454	True
929	2517	0.45454545454545453	True
929	1014	0.36363636363636365	False
929	1649	0.2727272727272727	True
929	461	0.18181818181818182	True
929	1261	0.09090909090909091	True
1807	2562	0.9090909090909091	False
1807	1014	0.8181818181818182	False
1807	77	0.7272727272727273	False
1807	2517	0.6363636363636364	True
1807	1261	0.5454545454545454	True
1807	461	0.45454545454545453	True
1807	2127	0.36363636363636365	False
1807	1334	0.2727272727272727	False
1807	1649	0.18181818181818182	True
1807	195	0.09090909090909091	True
2061	77	0.9090909090909091	False
2061	2562	0.8181818181818182	False
2061	1014	0.7272727272727273	False
2061	1334	0.6363636363636364	False
2061	461	0.5454545454545454	True
2061	2517	0.45454545454545453	True
2061	2127	0.36363636363636365	False
2061	1261	0.2727272727272727	True
2061	195	0.18181818181818182	True
2061	3520	0.09090909090909091	True
2058	2562	0.9090909090909091	False
2058	1014	0.8181818181818182	False
2058	2069	0.7272727272727273	True
2058	2127	0.6363636363636364	False
2058	1334	0.5454545454545454	False
2058	1649	0.45454545454545453	True
2058	3520	0.36363636363636365	True
2058	2517	0.2727272727272727	True
2058	1261	0.18181818181818182	True
2058	77	0.09090909090909091	False
3492	77	0.9090909090909091	False
3492	2517	0.8181818181818182	True
3492	2562	0.7272727272727273	False
3492	1014	0.6363636363636364	False
3492	491	0.5454545454545454	True
3492	1334	0.45454545454545453	False
3492	2127	0.36363636363636365	False
3492	1649	0.2727272727272727	True
3492	461	0.18181818181818182	True
3492	1261	0.09090909090909091	True
245	1014	0.9090909090909091	False
245	2127	0.8181818181818182	False
245	77	0.7272727272727273	False
245	2562	0.6363636363636364	False
245	2517	0.5454545454545454	True
245	1261	0.45454545454545453	True
245	1334	0.36363636363636365	False
245	461	0.2727272727272727	True
245	866	0.18181818181818182	True
245	491	0.09090909090909091	True
709	77	0.9090909090909091	False
709	461	0.8181818181818182	True
709	1334	0.7272727272727273	False
709	1014	0.6363636363636364	False
709	2562	0.5454545454545454	False
709	2517	0.45454545454545453	True
709	1261	0.36363636363636365	True
709	195	0.2727272727272727	True
709	2127	0.18181818181818182	False
709	3520	0.09090909090909091	True
1495	77	0.9090909090909091	False
1495	2562	0.8181818181818182	False
1495	2127	0.7272727272727273	False
1495	2517	0.6363636363636364	True
1495	1334	0.5454545454545454	False
1495	461	0.45454545454545453	True
1495	1014	0.36363636363636365	False
1495	3520	0.2727272727272727	True
1495	3004	0.18181818181818182	True
1495	491	0.09090909090909091	True
173	2562	0.9090909090909091	False
173	1014	0.8181818181818182	False
173	77	0.7272727272727273	False
173	461	0.6363636363636364	True
173	491	0.5454545454545454	True
173	2517	0.45454545454545453	True
173	1649	0.36363636363636365	True
173	1175	0.2727272727272727	True
173	195	0.18181818181818182	True
173	2127	0.09090909090909091	False
1400	1334	0.9090909090909091	False
1400	77	0.8181818181818182	False
1400	2127	0.7272727272727273	False
1400	1014	0.6363636363636364	False
1400	1261	0.5454545454545454	True
1400	461	0.45454545454545453	True
1400	1649	0.36363636363636365	True
1400	2517	0.2727272727272727	True
1400	2342	0.18181818181818182	True
1400	3520	0.09090909090909091	True
593	77	0.9090909090909091	False
593	1014	0.8181818181818182	False
593	2127	0.7272727272727273	False
593	1334	0.6363636363636364	False
593	2517	0.5454545454545454	True
593	2069	0.45454545454545453	True
593	1261	0.36363636363636365	True
593	2562	0.2727272727272727	False
593	461	0.18181818181818182	True
593	3520	0.09090909090909091	True
1879	77	0.9090909090909091	False
1879	1014	0.8181818181818182	False
1879	2127	0.7272727272727273	False
1879	1261	0.6363636363636364	True
1879	2562	0.5454545454545454	False
1879	1649	0.45454545454545453	True
1879	1334	0.36363636363636365	False
1879	3520	0.2727272727272727	True
1879	195	0.18181818181818182	True
1879	461	0.09090909090909091	True
2684	77	0.9090909090909091	False
2684	2127	0.8181818181818182	False
2684	2517	0.7272727272727273	True
2684	1334	0.6363636363636364	False
2684	2562	0.5454545454545454	False
2684	461	0.45454545454545453	True
2684	1261	0.36363636363636365	True
2684	1014	0.2727272727272727	False
2684	1649	0.18181818181818182	True
2684	3520	0.09090909090909091	True
2810	77	0.9090909090909091	False
2810	2127	0.8181818181818182	False
2810	3520	0.7272727272727273	True
2810	2562	0.6363636363636364	False
2810	1334	0.5454545454545454	False
2810	461	0.45454545454545453	True
2810	2517	0.36363636363636365	True
2810	1014	0.2727272727272727	False
2810	1261	0.18181818181818182	True
2810	491	0.09090909090909091	True
506	77	0.9090909090909091	False
506	461	0.8181818181818182	True
506	1334	0.7272727272727273	False
506	2562	0.6363636363636364	False
506	2127	0.5454545454545454	False
506	2517	0.45454545454545453	True
506	1014	0.36363636363636365	False
506	1261	0.2727272727272727	True
506	3520	0.18181818181818182	True
506	2168	0.09090909090909091	True
2405	2562	0.9090909090909091	False
2405	1649	0.8181818181818182	True
2405	77	0.7272727272727273	False
2405	195	0.6363636363636364	True
2405	3520	0.5454545454545454	True
2405	3097	0.45454545454545453	True
2405	2517	0.36363636363636365	True
2405	2127	0.2727272727272727	False
2405	1014	0.18181818181818182	False
2405	491	0.09090909090909091	True
4340	77	0.9090909090909091	False
4340	1014	0.8181818181818182	False
4340	2517	0.7272727272727273	True
4340	2127	0.6363636363636364	False
4340	2562	0.5454545454545454	False
4340	1261	0.45454545454545453	True
4340	461	0.36363636363636365	True
4340	1334	0.2727272727272727	False
4340	3520	0.18181818181818182	True
4340	1649	0.09090909090909091	True
4324	77	0.9090909090909091	False
4324	1014	0.8181818181818182	False
4324	1334	0.7272727272727273	False
4324	2562	0.6363636363636364	False
4324	2127	0.5454545454545454	False
4324	2517	0.45454545454545453	True
4324	461	0.36363636363636365	True
4324	1261	0.2727272727272727	True
4324	2937	0.18181818181818182	True
4324	195	0.09090909090909091	True
3357	77	0.9090909090909091	False
3357	1014	0.8181818181818182	False
3357	2562	0.7272727272727273	False
3357	1334	0.6363636363636364	False
3357	2127	0.5454545454545454	False
3357	461	0.45454545454545453	True
3357	2517	0.36363636363636365	True
3357	2416	0.2727272727272727	True
3357	1261	0.18181818181818182	True
3357	2937	0.09090909090909091	True
2472	77	0.9090909090909091	False
2472	2562	0.8181818181818182	False
2472	1014	0.7272727272727273	False
2472	2127	0.6363636363636364	False
2472	2517	0.5454545454545454	True
2472	461	0.45454545454545453	True
2472	1334	0.36363636363636365	False
2472	1261	0.2727272727272727	True
2472	3004	0.18181818181818182	True
2472	195	0.09090909090909091	True
1140	77	0.9090909090909091	False
1140	1014	0.8181818181818182	False
1140	2517	0.7272727272727273	True
1140	1261	0.6363636363636364	True
1140	2562	0.5454545454545454	False
1140	1334	0.45454545454545453	False
1140	2127	0.36363636363636365	False
1140	461	0.2727272727272727	True
1140	2416	0.18181818181818182	True
1140	866	0.09090909090909091	True
4299	1014	0.9090909090909091	False
4299	77	0.8181818181818182	False
4299	1334	0.7272727272727273	False
4299	461	0.6363636363636364	True
4299	2562	0.5454545454545454	False
4299	2517	0.45454545454545453	True
4299	1649	0.36363636363636365	True
4299	1261	0.2727272727272727	True
4299	2069	0.18181818181818182	True
4299	2127	0.09090909090909091	False
3129	77	0.9090909090909091	False
3129	461	0.8181818181818182	True
3129	1334	0.7272727272727273	False
3129	2517	0.6363636363636364	True
3129	2562	0.5454545454545454	False
3129	1014	0.45454545454545453	False
3129	2127	0.36363636363636365	False
3129	3520	0.2727272727272727	True
3129	1261	0.18181818181818182	True
3129	2069	0.09090909090909091	True
5550	3520	0.9090909090909091	True
5550	77	0.8181818181818182	False
5550	2517	0.7272727272727273	True
5550	461	0.6363636363636364	True
5550	2127	0.5454545454545454	False
5550	2562	0.45454545454545453	False
5550	1334	0.36363636363636365	False
5550	1649	0.2727272727272727	True
5550	1014	0.18181818181818182	False
5550	3729	0.09090909090909091	True
575	77	0.9090909090909091	False
575	2127	0.8181818181818182	False
575	1334	0.7272727272727273	False
575	2562	0.6363636363636364	False
575	461	0.5454545454545454	True
575	1014	0.45454545454545453	False
575	2517	0.36363636363636365	True
575	1261	0.2727272727272727	True
575	3004	0.18181818181818182	True
575	3520	0.09090909090909091	True
5801	2562	0.9090909090909091	False
5801	77	0.8181818181818182	False
5801	461	0.7272727272727273	True
5801	491	0.6363636363636364	True
5801	1334	0.5454545454545454	False
5801	1014	0.45454545454545453	False
5801	2127	0.36363636363636365	False
5801	1261	0.2727272727272727	True
5801	2069	0.18181818181818182	True
5801	2517	0.09090909090909091	True
1232	77	0.9090909090909091	False
1232	2562	0.8181818181818182	False
1232	1014	0.7272727272727273	False
1232	2127	0.6363636363636364	False
1232	1334	0.5454545454545454	False
1232	2517	0.45454545454545453	True
1232	461	0.36363636363636365	True
1232	3520	0.2727272727272727	True
1232	3004	0.18181818181818182	True
1232	1261	0.09090909090909091	True
1620	1014	0.9090909090909091	False
1620	2517	0.8181818181818182	True
1620	1334	0.7272727272727273	False
1620	2562	0.6363636363636364	False
1620	1261	0.5454545454545454	True
1620	2127	0.45454545454545453	False
1620	461	0.36363636363636365	True
1620	77	0.2727272727272727	False
1620	3729	0.18181818181818182	True
1620	491	0.09090909090909091	True
4273	1014	0.9090909090909091	False
4273	77	0.8181818181818182	False
4273	461	0.7272727272727273	True
4273	1334	0.6363636363636364	False
4273	1261	0.5454545454545454	True
4273	2127	0.45454545454545453	False
4273	2562	0.36363636363636365	False
4273	2342	0.2727272727272727	True
4273	2517	0.18181818181818182	True
4273	2937	0.09090909090909091	True
4981	77	0.9090909090909091	False
4981	1334	0.8181818181818182	False
4981	2562	0.7272727272727273	False
4981	2127	0.6363636363636364	False
4981	2517	0.5454545454545454	True
4981	1014	0.45454545454545453	False
4981	2069	0.36363636363636365	True
4981	1649	0.2727272727272727	True
4981	195	0.18181818181818182	True
4981	461	0.09090909090909091	True
721	1014	0.9090909090909091	False
721	2517	0.8181818181818182	True
721	2562	0.7272727272727273	False
721	1334	0.6363636363636364	False
721	77	0.5454545454545454	False
721	2069	0.45454545454545453	True
721	461	0.36363636363636365	True
721	2127	0.2727272727272727	False
721	3729	0.18181818181818182	True
721	3520	0.09090909090909091	True
4158	77	0.9090909090909091	False
4158	2127	0.8181818181818182	False
4158	2562	0.7272727272727273	False
4158	3520	0.6363636363636364	True
4158	1014	0.5454545454545454	False
4158	461	0.45454545454545453	True
4158	3004	0.36363636363636365	True
4158	2517	0.2727272727272727	True
4158	1261	0.18181818181818182	True
4158	1334	0.09090909090909091	False
3462	77	0.9090909090909091	False
3462	1014	0.8181818181818182	False
3462	2562	0.7272727272727273	False
3462	1649	0.6363636363636364	True
3462	2517	0.5454545454545454	True
3462	2127	0.45454545454545453	False
3462	461	0.36363636363636365	True
3462	1261	0.2727272727272727	True
3462	491	0.18181818181818182	True
3462	2416	0.09090909090909091	True
1507	77	0.9090909090909091	False
1507	2127	0.8181818181818182	False
1507	1334	0.7272727272727273	False
1507	3520	0.6363636363636364	True
1507	2562	0.5454545454545454	False
1507	461	0.45454545454545453	True
1507	2517	0.36363636363636365	True
1507	1261	0.2727272727272727	True
1507	1649	0.18181818181818182	True
1507	195	0.09090909090909091	True
