1059	3902	0.9090909090909091	False
1059	2028	0.8181818181818182	False
1059	2407	0.7272727272727273	True
1059	2132	0.6363636363636364	True
1059	2047	0.5454545454545454	True
1059	3076	0.45454545454545453	False
1059	3254	0.36363636363636365	True
1059	978	0.2727272727272727	True
1059	2491	0.18181818181818182	True
1059	1585	0.09090909090909091	True
748	3902	0.9090909090909091	False
748	3076	0.8181818181818182	False
748	2407	0.7272727272727273	True
748	2028	0.6363636363636364	False
748	1485	0.5454545454545454	False
748	3912	0.45454545454545453	True
748	2047	0.36363636363636365	True
748	1688	0.2727272727272727	False
748	1519	0.18181818181818182	True
748	2491	0.09090909090909091	True
952	3902	0.9090909090909091	False
952	2028	0.8181818181818182	False
952	2407	0.7272727272727273	True
952	2047	0.6363636363636364	True
952	1252	0.5454545454545454	True
952	1485	0.45454545454545453	False
952	1688	0.36363636363636365	False
952	2491	0.2727272727272727	True
952	3076	0.18181818181818182	False
952	764	0.09090909090909091	True
1742	3902	0.9090909090909091	False
1742	2028	0.8181818181818182	False
1742	1485	0.7272727272727273	False
1742	1688	0.6363636363636364	False
1742	1585	0.5454545454545454	True
1742	2407	0.45454545454545453	True
1742	2047	0.36363636363636365	True
1742	764	0.2727272727272727	True
1742	2132	0.18181818181818182	True
1742	1519	0.09090909090909091	True
466	3902	0.9090909090909091	False
466	2028	0.8181818181818182	False
466	2407	0.7272727272727273	True
466	1485	0.6363636363636364	False
466	3076	0.5454545454545454	False
466	2047	0.45454545454545453	True
466	3912	0.36363636363636365	True
466	2491	0.2727272727272727	True
466	1688	0.18181818181818182	False
466	2132	0.09090909090909091	True
5532	3902	0.9090909090909091	False
5532	2028	0.8181818181818182	False
5532	3076	0.7272727272727273	False
5532	1688	0.6363636363636364	False
5532	2047	0.5454545454545454	True
5532	2491	0.45454545454545453	True
5532	1485	0.36363636363636365	False
5532	2407	0.2727272727272727	True
5532	2589	0.18181818181818182	True
5532	764	0.09090909090909091	True
4456	3902	0.9090909090909091	False
4456	1485	0.8181818181818182	False
4456	1688	0.7272727272727273	False
4456	1733	0.6363636363636364	True
4456	2407	0.5454545454545454	True
4456	2028	0.45454545454545453	False
4456	2132	0.36363636363636365	True
4456	3823	0.2727272727272727	True
4456	2491	0.18181818181818182	True
4456	1375	0.09090909090909091	True
5218	3902	0.9090909090909091	False
5218	2028	0.8181818181818182	False
5218	2491	0.7272727272727273	True
5218	2589	0.6363636363636364	True
5218	764	0.5454545454545454	True
5218	1688	0.45454545454545453	False
5218	2047	0.36363636363636365	True
5218	1485	0.2727272727272727	False
5218	3912	0.18181818181818182	True
5218	2132	0.09090909090909091	True
5287	3902	0.9090909090909091	False
5287	2028	0.8181818181818182	False
5287	1585	0.7272727272727273	True
5287	2047	0.6363636363636364	True
5287	1688	0.5454545454545454	False
5287	2407	0.45454545454545453	True
5287	1485	0.36363636363636365	False
5287	2491	0.2727272727272727	True
5287	3076	0.18181818181818182	False
5287	978	0.09090909090909091	True
204	3902	0.9090909090909091	False
204	1485	0.8181818181818182	False
204	2028	0.7272727272727273	False
204	3076	0.6363636363636364	False
204	1519	0.5454545454545454	True
204	714	0.45454545454545453	True
204	2589	0.36363636363636365	True
204	2407	0.2727272727272727	True
204	3823	0.18181818181818182	True
204	1688	0.09090909090909091	False
376	3902	0.9090909090909091	False
376	2028	0.8181818181818182	False
376	2491	0.7272727272727273	True
376	1375	0.6363636363636364	True
376	1733	0.5454545454545454	True
376	527	0.45454545454545453	True
376	2429	0.36363636363636365	True
376	1941	0.2727272727272727	True
376	2574	0.18181818181818182	True
376	2132	0.09090909090909091	True
2568	3902	0.9090909090909091	False
2568	2132	0.8181818181818182	True
2568	2028	0.7272727272727273	False
2568	3076	0.6363636363636364	False
2568	1485	0.5454545454545454	False
2568	1565	0.45454545454545453	True
2568	3823	0.36363636363636365	True
2568	2491	0.2727272727272727	True
2568	764	0.18181818181818182	True
2568	2589	0.09090909090909091	True
5147	3902	0.9090909090909091	False
5147	2028	0.8181818181818182	False
5147	2407	0.7272727272727273	True
5147	2491	0.6363636363636364	True
5147	1688	0.5454545454545454	False
5147	1167	0.45454545454545453	True
5147	1485	0.36363636363636365	False
5147	2589	0.2727272727272727	True
5147	3076	0.18181818181818182	False
5147	1565	0.09090909090909091	True
5340	3902	0.9090909090909091	False
5340	1485	0.8181818181818182	False
5340	2926	0.7272727272727273	True
5340	2028	0.6363636363636364	False
5340	2047	0.5454545454545454	True
5340	764	0.45454545454545453	True
5340	3823	0.36363636363636365	True
5340	2491	0.2727272727272727	True
5340	1519	0.18181818181818182	True
5340	2132	0.09090909090909091	True
658	3902	0.9090909090909091	False
658	2028	0.8181818181818182	False
658	1585	0.7272727272727273	True
658	1688	0.6363636363636364	False
658	1485	0.5454545454545454	False
658	1552	0.45454545454545453	True
658	2047	0.36363636363636365	True
658	1375	0.2727272727272727	True
658	483	0.18181818181818182	True
658	3076	0.09090909090909091	False
838	3902	0.9090909090909091	False
838	2028	0.8181818181818182	False
838	3254	0.7272727272727273	True
838	2407	0.6363636363636364	True
838	1485	0.5454545454545454	False
838	2047	0.45454545454545453	True
838	2132	0.36363636363636365	True
838	3912	0.2727272727272727	True
838	1688	0.18181818181818182	False
838	2589	0.09090909090909091	True
2007	3902	0.9090909090909091	False
2007	2028	0.8181818181818182	False
2007	2407	0.7272727272727273	True
2007	1485	0.6363636363636364	False
2007	1688	0.5454545454545454	False
2007	3076	0.45454545454545453	False
2007	2491	0.36363636363636365	True
2007	2589	0.2727272727272727	True
2007	2132	0.18181818181818182	True
2007	2047	0.09090909090909091	True
3942	3902	0.9090909090909091	False
3942	2028	0.8181818181818182	False
3942	1552	0.7272727272727273	True
3942	3076	0.6363636363636364	False
3942	1485	0.5454545454545454	False
3942	1585	0.45454545454545453	True
3942	764	0.36363636363636365	True
3942	1688	0.2727272727272727	False
3942	1519	0.18181818181818182	True
3942	2648	0.09090909090909091	True
2742	3902	0.9090909090909091	False
2742	2028	0.8181818181818182	False
2742	3076	0.7272727272727273	False
2742	2132	0.6363636363636364	True
2742	2491	0.5454545454545454	True
2742	1485	0.45454545454545453	False
2742	2589	0.36363636363636365	True
2742	1688	0.2727272727272727	False
2742	1375	0.18181818181818182	True
2742	2407	0.09090909090909091	True
4627	3902	0.9090909090909091	False
4627	2407	0.8181818181818182	True
4627	1485	0.7272727272727273	False
4627	3076	0.6363636363636364	False
4627	3823	0.5454545454545454	True
4627	2491	0.45454545454545453	True
4627	764	0.36363636363636365	True
4627	3912	0.2727272727272727	True
4627	1565	0.18181818181818182	True
4627	1519	0.09090909090909091	True
5465	3902	0.9090909090909091	False
5465	3076	0.8181818181818182	False
5465	1485	0.7272727272727273	False
5465	764	0.6363636363636364	True
5465	1519	0.5454545454545454	True
5465	1588	0.45454545454545453	True
5465	2407	0.36363636363636365	True
5465	968	0.2727272727272727	True
5465	2132	0.18181818181818182	True
5465	599	0.09090909090909091	True
1567	3902	0.9090909090909091	False
1567	2028	0.8181818181818182	False
1567	764	0.7272727272727273	True
1567	2574	0.6363636363636364	True
1567	1588	0.5454545454545454	True
1567	1552	0.45454545454545453	True
1567	2589	0.36363636363636365	True
1567	2491	0.2727272727272727	True
1567	2926	0.18181818181818182	True
1567	3912	0.09090909090909091	True
920	3902	0.9090909090909091	False
920	3076	0.8181818181818182	False
920	1485	0.7272727272727273	False
920	1519	0.6363636363636364	True
920	2028	0.5454545454545454	False
920	1688	0.45454545454545453	False
920	764	0.36363636363636365	True
920	2429	0.2727272727272727	True
920	3479	0.18181818181818182	True
920	599	0.09090909090909091	True
3736	3902	0.9090909090909091	False
3736	1485	0.8181818181818182	False
3736	3076	0.7272727272727273	False
3736	764	0.6363636363636364	True
3736	1519	0.5454545454545454	True
3736	2028	0.45454545454545453	False
3736	2574	0.36363636363636365	True
3736	3912	0.2727272727272727	True
3736	714	0.18181818181818182	True
3736	3823	0.09090909090909091	True
1486	3902	0.9090909090909091	False
1486	2028	0.8181818181818182	False
1486	2491	0.7272727272727273	True
1486	3076	0.6363636363636364	False
1486	764	0.5454545454545454	True
1486	1485	0.45454545454545453	False
1486	1688	0.36363636363636365	False
1486	2589	0.2727272727272727	True
1486	1585	0.18181818181818182	True
1486	2047	0.09090909090909091	True
2544	3902	0.9090909090909091	False
2544	3076	0.8181818181818182	False
2544	764	0.7272727272727273	True
2544	1519	0.6363636363636364	True
2544	2028	0.5454545454545454	False
2544	1485	0.45454545454545453	False
2544	2491	0.36363636363636365	True
2544	978	0.2727272727272727	True
2544	2574	0.18181818181818182	True
2544	1941	0.09090909090909091	True
4450	3902	0.9090909090909091	False
4450	2028	0.8181818181818182	False
4450	1485	0.7272727272727273	False
4450	1519	0.6363636363636364	True
4450	2589	0.5454545454545454	True
4450	1688	0.45454545454545453	False
4450	1733	0.36363636363636365	True
4450	1552	0.2727272727272727	True
4450	978	0.18181818181818182	True
4450	3823	0.09090909090909091	True
5778	3902	0.9090909090909091	False
5778	2028	0.8181818181818182	False
5778	3076	0.7272727272727273	False
5778	2589	0.6363636363636364	True
5778	1688	0.5454545454545454	False
5778	2491	0.45454545454545453	True
5778	764	0.36363636363636365	True
5778	1485	0.2727272727272727	False
5778	2407	0.18181818181818182	True
5778	978	0.09090909090909091	True
270	2028	0.9090909090909091	False
270	3076	0.8181818181818182	False
270	3902	0.7272727272727273	False
270	1688	0.6363636363636364	False
270	2589	0.5454545454545454	True
270	1585	0.45454545454545453	True
270	2574	0.36363636363636365	True
270	162	0.2727272727272727	True
270	2429	0.18181818181818182	True
270	1485	0.09090909090909091	False
932	3902	0.9090909090909091	False
932	2028	0.8181818181818182	False
932	3076	0.7272727272727273	False
932	1585	0.6363636363636364	True
932	1688	0.5454545454545454	False
932	1485	0.45454545454545453	False
932	978	0.36363636363636365	True
932	2589	0.2727272727272727	True
932	2047	0.18181818181818182	True
932	2491	0.09090909090909091	True
5001	3902	0.9090909090909091	False
5001	1485	0.8181818181818182	False
5001	2028	0.7272727272727273	False
5001	3076	0.6363636363636364	False
5001	764	0.5454545454545454	True
5001	1519	0.45454545454545453	True
5001	1552	0.36363636363636365	True
5001	3912	0.2727272727272727	True
5001	2407	0.18181818181818182	True
5001	1688	0.09090909090909091	False
5521	3902	0.9090909090909091	False
5521	2028	0.8181818181818182	False
5521	3076	0.7272727272727273	False
5521	3912	0.6363636363636364	True
5521	2407	0.5454545454545454	True
5521	1688	0.45454545454545453	False
5521	1485	0.36363636363636365	False
5521	714	0.2727272727272727	True
5521	2047	0.18181818181818182	True
5521	1585	0.09090909090909091	True
2629	3902	0.9090909090909091	False
2629	3076	0.8181818181818182	False
2629	1485	0.7272727272727273	False
2629	2028	0.6363636363636364	False
2629	1733	0.5454545454545454	True
2629	2429	0.45454545454545453	True
2629	2491	0.36363636363636365	True
2629	2574	0.2727272727272727	True
2629	1585	0.18181818181818182	True
2629	1519	0.09090909090909091	True
1612	3902	0.9090909090909091	False
1612	2028	0.8181818181818182	False
1612	1485	0.7272727272727273	False
1612	2047	0.6363636363636364	True
1612	1167	0.5454545454545454	True
1612	2407	0.45454545454545453	True
1612	2926	0.36363636363636365	True
1612	3076	0.2727272727272727	False
1612	599	0.18181818181818182	True
1612	764	0.09090909090909091	True
2381	3902	0.9090909090909091	False
2381	2028	0.8181818181818182	False
2381	3076	0.7272727272727273	False
2381	1688	0.6363636363636364	False
2381	1485	0.5454545454545454	False
2381	764	0.45454545454545453	True
2381	2491	0.36363636363636365	True
2381	2589	0.2727272727272727	True
2381	2132	0.18181818181818182	True
2381	3479	0.09090909090909091	True
3400	3902	0.9090909090909091	False
3400	2028	0.8181818181818182	False
3400	2491	0.7272727272727273	True
3400	1485	0.6363636363636364	False
3400	2407	0.5454545454545454	True
3400	1688	0.45454545454545453	False
3400	3076	0.36363636363636365	False
3400	2132	0.2727272727272727	True
3400	3912	0.18181818181818182	True
3400	764	0.09090909090909091	True
955	3902	0.9090909090909091	False
955	2028	0.8181818181818182	False
955	2047	0.7272727272727273	True
955	2407	0.6363636363636364	True
955	2589	0.5454545454545454	True
955	1688	0.45454545454545453	False
955	3076	0.36363636363636365	False
955	2132	0.2727272727272727	True
955	1585	0.18181818181818182	True
955	968	0.09090909090909091	True
3718	3902	0.9090909090909091	False
3718	2491	0.8181818181818182	True
3718	764	0.7272727272727273	True
3718	1375	0.6363636363636364	True
3718	1252	0.5454545454545454	True
3718	1485	0.45454545454545453	False
3718	1941	0.36363636363636365	True
3718	2047	0.2727272727272727	True
3718	2407	0.18181818181818182	True
3718	599	0.09090909090909091	True
4955	2491	0.9090909090909091	True
4955	2028	0.8181818181818182	False
4955	3902	0.7272727272727273	False
4955	2407	0.6363636363636364	True
4955	3254	0.5454545454545454	True
4955	978	0.45454545454545453	True
4955	3912	0.36363636363636365	True
4955	2132	0.2727272727272727	True
4955	1585	0.18181818181818182	True
4955	968	0.09090909090909091	True
2644	3902	0.9090909090909091	False
2644	764	0.8181818181818182	True
2644	2491	0.7272727272727273	True
2644	3076	0.6363636363636364	False
2644	2574	0.5454545454545454	True
2644	2028	0.45454545454545453	False
2644	2407	0.36363636363636365	True
2644	3912	0.2727272727272727	True
2644	1688	0.18181818181818182	False
2644	1252	0.09090909090909091	True
556	3902	0.9090909090909091	False
556	1485	0.8181818181818182	False
556	2028	0.7272727272727273	False
556	3076	0.6363636363636364	False
556	1519	0.5454545454545454	True
556	1552	0.45454545454545453	True
556	3254	0.36363636363636365	True
556	764	0.2727272727272727	True
556	3823	0.18181818181818182	True
556	2429	0.09090909090909091	True
3154	3902	0.9090909090909091	False
3154	3076	0.8181818181818182	False
3154	1733	0.7272727272727273	True
3154	2429	0.6363636363636364	True
3154	1585	0.5454545454545454	True
3154	2491	0.45454545454545453	True
3154	1485	0.36363636363636365	False
3154	1519	0.2727272727272727	True
3154	978	0.18181818181818182	True
3154	2028	0.09090909090909091	False
3666	3902	0.9090909090909091	False
3666	2407	0.8181818181818182	True
3666	1688	0.7272727272727273	False
3666	764	0.6363636363636364	True
3666	3076	0.5454545454545454	False
3666	1585	0.45454545454545453	True
3666	1485	0.36363636363636365	False
3666	3912	0.2727272727272727	True
3666	1252	0.18181818181818182	True
3666	599	0.09090909090909091	True
3728	3902	0.9090909090909091	False
3728	1519	0.8181818181818182	True
3728	2574	0.7272727272727273	True
3728	2028	0.6363636363636364	False
3728	2926	0.5454545454545454	True
3728	1588	0.45454545454545453	True
3728	1485	0.36363636363636365	False
3728	3254	0.2727272727272727	True
3728	764	0.18181818181818182	True
3728	3076	0.09090909090909091	False
3798	3902	0.9090909090909091	False
3798	2407	0.8181818181818182	True
3798	2028	0.7272727272727273	False
3798	1565	0.6363636363636364	True
3798	2132	0.5454545454545454	True
3798	1688	0.45454545454545453	False
3798	2648	0.36363636363636365	True
3798	1485	0.2727272727272727	False
3798	3076	0.18181818181818182	False
3798	3912	0.09090909090909091	True
2740	3902	0.9090909090909091	False
2740	2028	0.8181818181818182	False
2740	1688	0.7272727272727273	False
2740	1485	0.6363636363636364	False
2740	2491	0.5454545454545454	True
2740	3912	0.45454545454545453	True
2740	2132	0.36363636363636365	True
2740	764	0.2727272727272727	True
2740	2407	0.18181818181818182	True
2740	2589	0.09090909090909091	True
3546	3902	0.9090909090909091	False
3546	3076	0.8181818181818182	False
3546	2028	0.7272727272727273	False
3546	1585	0.6363636363636364	True
3546	1688	0.5454545454545454	False
3546	1552	0.45454545454545453	True
3546	764	0.36363636363636365	True
3546	978	0.2727272727272727	True
3546	1485	0.18181818181818182	False
3546	2047	0.09090909090909091	True
5292	3902	0.9090909090909091	False
5292	2028	0.8181818181818182	False
5292	1552	0.7272727272727273	True
5292	1485	0.6363636363636364	False
5292	1733	0.5454545454545454	True
5292	1519	0.45454545454545453	True
5292	1585	0.36363636363636365	True
5292	978	0.2727272727272727	True
5292	1688	0.18181818181818182	False
5292	2407	0.09090909090909091	True
4550	3902	0.9090909090909091	False
4550	2028	0.8181818181818182	False
4550	1585	0.7272727272727273	True
4550	1688	0.6363636363636364	False
4550	2407	0.5454545454545454	True
4550	2047	0.45454545454545453	True
4550	2491	0.36363636363636365	True
4550	3076	0.2727272727272727	False
4550	1485	0.18181818181818182	False
4550	2648	0.09090909090909091	True
980	3902	0.9090909090909091	False
980	3076	0.8181818181818182	False
980	1485	0.7272727272727273	False
980	2028	0.6363636363636364	False
980	1688	0.5454545454545454	False
980	764	0.45454545454545453	True
980	2132	0.36363636363636365	True
980	3912	0.2727272727272727	True
980	2589	0.18181818181818182	True
980	2407	0.09090909090909091	True
1835	3902	0.9090909090909091	False
1835	968	0.8181818181818182	True
1835	2028	0.7272727272727273	False
1835	3076	0.6363636363636364	False
1835	2132	0.5454545454545454	True
1835	1552	0.45454545454545453	True
1835	2491	0.36363636363636365	True
1835	2047	0.2727272727272727	True
1835	1688	0.18181818181818182	False
1835	2407	0.09090909090909091	True
3275	2028	0.9090909090909091	False
3275	3902	0.8181818181818182	False
3275	1485	0.7272727272727273	False
3275	1688	0.6363636363636364	False
3275	1585	0.5454545454545454	True
3275	2047	0.45454545454545453	True
3275	1552	0.36363636363636365	True
3275	3823	0.2727272727272727	True
3275	2407	0.18181818181818182	True
3275	3076	0.09090909090909091	False
262	3902	0.9090909090909091	False
262	2028	0.8181818181818182	False
262	764	0.7272727272727273	True
262	2491	0.6363636363636364	True
262	599	0.5454545454545454	True
262	1585	0.45454545454545453	True
262	1688	0.36363636363636365	False
262	1485	0.2727272727272727	False
262	3479	0.18181818181818182	True
262	2407	0.09090909090909091	True
3498	3902	0.9090909090909091	False
3498	2028	0.8181818181818182	False
3498	2589	0.7272727272727273	True
3498	3254	0.6363636363636364	True
3498	1688	0.5454545454545454	False
3498	2574	0.45454545454545453	True
3498	2491	0.36363636363636365	True
3498	2132	0.2727272727272727	True
3498	3076	0.18181818181818182	False
3498	2047	0.09090909090909091	True
1927	3902	0.9090909090909091	False
1927	3076	0.8181818181818182	False
1927	2407	0.7272727272727273	True
1927	2028	0.6363636363636364	False
1927	3912	0.5454545454545454	True
1927	1485	0.45454545454545453	False
1927	3823	0.36363636363636365	True
1927	2491	0.2727272727272727	True
1927	2132	0.18181818181818182	True
1927	1519	0.09090909090909091	True
309	3902	0.9090909090909091	False
309	2028	0.8181818181818182	False
309	3076	0.7272727272727273	False
309	1485	0.6363636363636364	False
309	1519	0.5454545454545454	True
309	764	0.45454545454545453	True
309	2047	0.36363636363636365	True
309	2132	0.2727272727272727	True
309	2407	0.18181818181818182	True
309	1585	0.09090909090909091	True
181	3902	0.9090909090909091	False
181	2028	0.8181818181818182	False
181	2407	0.7272727272727273	True
181	764	0.6363636363636364	True
181	1485	0.5454545454545454	False
181	3912	0.45454545454545453	True
181	2589	0.36363636363636365	True
181	2491	0.2727272727272727	True
181	2132	0.18181818181818182	True
181	3076	0.09090909090909091	False
1500	3902	0.9090909090909091	False
1500	2028	0.8181818181818182	False
1500	527	0.7272727272727273	True
1500	2491	0.6363636363636364	True
1500	2407	0.5454545454545454	True
1500	2589	0.45454545454545453	True
1500	2574	0.36363636363636365	True
1500	2132	0.2727272727272727	True
1500	3076	0.18181818181818182	False
1500	3254	0.09090909090909091	True
2474	2491	0.9090909090909091	True
2474	3902	0.8181818181818182	False
2474	2028	0.7272727272727273	False
2474	3076	0.6363636363636364	False
2474	3823	0.5454545454545454	True
2474	2574	0.45454545454545453	True
2474	978	0.36363636363636365	True
2474	1688	0.2727272727272727	False
2474	2429	0.18181818181818182	True
2474	2407	0.09090909090909091	True
5576	2028	0.9090909090909091	False
5576	3902	0.8181818181818182	False
5576	2589	0.7272727272727273	True
5576	3823	0.6363636363636364	True
5576	1485	0.5454545454545454	False
5576	2132	0.45454545454545453	True
5576	3076	0.36363636363636365	False
5576	1519	0.2727272727272727	True
5576	2407	0.18181818181818182	True
5576	2491	0.09090909090909091	True
2069	3902	0.9090909090909091	False
2069	2028	0.8181818181818182	False
2069	3076	0.7272727272727273	False
2069	764	0.6363636363636364	True
2069	1485	0.5454545454545454	False
2069	2271	0.45454545454545453	True
2069	2589	0.36363636363636365	True
2069	2047	0.2727272727272727	True
2069	1519	0.18181818181818182	True
2069	714	0.09090909090909091	True
2593	3902	0.9090909090909091	False
2593	3076	0.8181818181818182	False
2593	1485	0.7272727272727273	False
2593	2028	0.6363636363636364	False
2593	3823	0.5454545454545454	True
2593	2574	0.45454545454545453	True
2593	1688	0.36363636363636365	False
2593	1585	0.2727272727272727	True
2593	1552	0.18181818181818182	True
2593	764	0.09090909090909091	True
1257	3902	0.9090909090909091	False
1257	3076	0.8181818181818182	False
1257	1485	0.7272727272727273	False
1257	2028	0.6363636363636364	False
1257	1519	0.5454545454545454	True
1257	1688	0.45454545454545453	False
1257	2047	0.36363636363636365	True
1257	2429	0.2727272727272727	True
1257	1585	0.18181818181818182	True
1257	3823	0.09090909090909091	True
4691	3902	0.9090909090909091	False
4691	1485	0.8181818181818182	False
4691	1688	0.7272727272727273	False
4691	3076	0.6363636363636364	False
4691	3823	0.5454545454545454	True
4691	2132	0.45454545454545453	True
4691	2028	0.36363636363636365	False
4691	2407	0.2727272727272727	True
4691	1733	0.18181818181818182	True
4691	978	0.09090909090909091	True
306	3902	0.9090909090909091	False
306	3076	0.8181818181818182	False
306	1485	0.7272727272727273	False
306	2028	0.6363636363636364	False
306	3823	0.5454545454545454	True
306	1519	0.45454545454545453	True
306	1585	0.36363636363636365	True
306	2407	0.2727272727272727	True
306	1733	0.18181818181818182	True
306	2926	0.09090909090909091	True
458	3902	0.9090909090909091	False
458	2028	0.8181818181818182	False
458	2491	0.7272727272727273	True
458	1485	0.6363636363636364	False
458	978	0.5454545454545454	True
458	2047	0.45454545454545453	True
458	3076	0.36363636363636365	False
458	2407	0.2727272727272727	True
458	3912	0.18181818181818182	True
458	764	0.09090909090909091	True
3750	3902	0.9090909090909091	False
3750	2028	0.8181818181818182	False
3750	3076	0.7272727272727273	False
3750	1688	0.6363636363636364	False
3750	1519	0.5454545454545454	True
3750	3823	0.45454545454545453	True
3750	1485	0.36363636363636365	False
3750	1585	0.2727272727272727	True
3750	2047	0.18181818181818182	True
3750	714	0.09090909090909091	True
2802	3902	0.9090909090909091	False
2802	2028	0.8181818181818182	False
2802	1485	0.7272727272727273	False
2802	2926	0.6363636363636364	True
2802	1588	0.5454545454545454	True
2802	2589	0.45454545454545453	True
2802	2407	0.36363636363636365	True
2802	3912	0.2727272727272727	True
2802	1688	0.18181818181818182	False
2802	3076	0.09090909090909091	False
5827	3902	0.9090909090909091	False
5827	3076	0.8181818181818182	False
5827	2028	0.7272727272727273	False
5827	1585	0.6363636363636364	True
5827	2132	0.5454545454545454	True
5827	2491	0.45454545454545453	True
5827	2407	0.36363636363636365	True
5827	1485	0.2727272727272727	False
5827	978	0.18181818181818182	True
5827	1519	0.09090909090909091	True
3450	3902	0.9090909090909091	False
3450	2028	0.8181818181818182	False
3450	2491	0.7272727272727273	True
3450	1585	0.6363636363636364	True
3450	3076	0.5454545454545454	False
3450	2407	0.45454545454545453	True
3450	2047	0.36363636363636365	True
3450	2132	0.2727272727272727	True
3450	978	0.18181818181818182	True
3450	1688	0.09090909090909091	False
4826	3902	0.9090909090909091	False
4826	2028	0.8181818181818182	False
4826	1485	0.7272727272727273	False
4826	2491	0.6363636363636364	True
4826	1688	0.5454545454545454	False
4826	2132	0.45454545454545453	True
4826	3076	0.36363636363636365	False
4826	1585	0.2727272727272727	True
4826	2407	0.18181818181818182	True
4826	764	0.09090909090909091	True
1132	3902	0.9090909090909091	False
1132	2028	0.8181818181818182	False
1132	2589	0.7272727272727273	True
1132	2491	0.6363636363636364	True
1132	2574	0.5454545454545454	True
1132	1688	0.45454545454545453	False
1132	764	0.36363636363636365	True
1132	3254	0.2727272727272727	True
1132	1585	0.18181818181818182	True
1132	3823	0.09090909090909091	True
5485	3902	0.9090909090909091	False
5485	2028	0.8181818181818182	False
5485	1485	0.7272727272727273	False
5485	1519	0.6363636363636364	True
5485	3076	0.5454545454545454	False
5485	1688	0.45454545454545453	False
5485	2047	0.36363636363636365	True
5485	764	0.2727272727272727	True
5485	2589	0.18181818181818182	True
5485	2407	0.09090909090909091	True
1099	3902	0.9090909090909091	False
1099	3076	0.8181818181818182	False
1099	1485	0.7272727272727273	False
1099	764	0.6363636363636364	True
1099	2491	0.5454545454545454	True
1099	978	0.45454545454545453	True
1099	3823	0.36363636363636365	True
1099	3912	0.2727272727272727	True
1099	2271	0.18181818181818182	True
1099	2407	0.09090909090909091	True
4294	3902	0.9090909090909091	False
4294	3076	0.8181818181818182	False
4294	2132	0.7272727272727273	True
4294	1485	0.6363636363636364	False
4294	2028	0.5454545454545454	False
4294	2429	0.45454545454545453	True
4294	2926	0.36363636363636365	True
4294	2047	0.2727272727272727	True
4294	1565	0.18181818181818182	True
4294	2407	0.09090909090909091	True
213	3902	0.9090909090909091	False
213	2028	0.8181818181818182	False
213	2574	0.7272727272727273	True
213	1485	0.6363636363636364	False
213	2926	0.5454545454545454	True
213	527	0.45454545454545453	True
213	2589	0.36363636363636365	True
213	2491	0.2727272727272727	True
213	1519	0.18181818181818182	True
213	764	0.09090909090909091	True
2824	3902	0.9090909090909091	False
2824	2589	0.8181818181818182	True
2824	1485	0.7272727272727273	False
2824	2028	0.6363636363636364	False
2824	764	0.5454545454545454	True
2824	3912	0.45454545454545453	True
2824	3254	0.36363636363636365	True
2824	1688	0.2727272727272727	False
2824	1588	0.18181818181818182	True
2824	2407	0.09090909090909091	True
4745	3902	0.9090909090909091	False
4745	2028	0.8181818181818182	False
4745	2407	0.7272727272727273	True
4745	3076	0.6363636363636364	False
4745	1585	0.5454545454545454	True
4745	1688	0.45454545454545453	False
4745	1733	0.36363636363636365	True
4745	1485	0.2727272727272727	False
4745	3823	0.18181818181818182	True
4745	527	0.09090909090909091	True
4103	3902	0.9090909090909091	False
4103	2028	0.8181818181818182	False
4103	2491	0.7272727272727273	True
4103	1688	0.6363636363636364	False
4103	2407	0.5454545454545454	True
4103	599	0.45454545454545453	True
4103	764	0.36363636363636365	True
4103	1585	0.2727272727272727	True
4103	3076	0.18181818181818182	False
4103	1485	0.09090909090909091	False
4984	3902	0.9090909090909091	False
4984	3076	0.8181818181818182	False
4984	1485	0.7272727272727273	False
4984	1519	0.6363636363636364	True
4984	2429	0.5454545454545454	True
4984	764	0.45454545454545453	True
4984	599	0.36363636363636365	True
4984	2028	0.2727272727272727	False
4984	2271	0.18181818181818182	True
4984	1588	0.09090909090909091	True
3308	3902	0.9090909090909091	False
3308	2028	0.8181818181818182	False
3308	1485	0.7272727272727273	False
3308	2491	0.6363636363636364	True
3308	1733	0.5454545454545454	True
3308	978	0.45454545454545453	True
3308	1585	0.36363636363636365	True
3308	1552	0.2727272727272727	True
3308	3076	0.18181818181818182	False
3308	2132	0.09090909090909091	True
5776	3902	0.9090909090909091	False
5776	2028	0.8181818181818182	False
5776	1485	0.7272727272727273	False
5776	1519	0.6363636363636364	True
5776	2491	0.5454545454545454	True
5776	1733	0.45454545454545453	True
5776	3076	0.36363636363636365	False
5776	2589	0.2727272727272727	True
5776	764	0.18181818181818182	True
5776	3823	0.09090909090909091	True
3261	3902	0.9090909090909091	False
3261	2491	0.8181818181818182	True
3261	978	0.7272727272727273	True
3261	2047	0.6363636363636364	True
3261	1941	0.5454545454545454	True
3261	764	0.45454545454545453	True
3261	2429	0.36363636363636365	True
3261	3076	0.2727272727272727	False
3261	2271	0.18181818181818182	True
3261	2028	0.09090909090909091	False
5043	3902	0.9090909090909091	False
5043	2028	0.8181818181818182	False
5043	3076	0.7272727272727273	False
5043	1485	0.6363636363636364	False
5043	2407	0.5454545454545454	True
5043	2047	0.45454545454545453	True
5043	1688	0.36363636363636365	False
5043	2491	0.2727272727272727	True
5043	1519	0.18181818181818182	True
5043	2589	0.09090909090909091	True
4309	3902	0.9090909090909091	False
4309	2589	0.8181818181818182	True
4309	2028	0.7272727272727273	False
4309	1519	0.6363636363636364	True
4309	1485	0.5454545454545454	False
4309	2429	0.45454545454545453	True
4309	3076	0.36363636363636365	False
4309	2132	0.2727272727272727	True
4309	764	0.18181818181818182	True
4309	2574	0.09090909090909091	True
3994	3902	0.9090909090909091	False
3994	2407	0.8181818181818182	True
3994	2028	0.7272727272727273	False
3994	2491	0.6363636363636364	True
3994	1485	0.5454545454545454	False
3994	1688	0.45454545454545453	False
3994	2132	0.36363636363636365	True
3994	978	0.2727272727272727	True
3994	3912	0.18181818181818182	True
3994	1552	0.09090909090909091	True
5740	3902	0.9090909090909091	False
5740	2028	0.8181818181818182	False
5740	2407	0.7272727272727273	True
5740	1688	0.6363636363636364	False
5740	2491	0.5454545454545454	True
5740	2132	0.45454545454545453	True
5740	3076	0.36363636363636365	False
5740	2574	0.2727272727272727	True
5740	2648	0.18181818181818182	True
5740	3912	0.09090909090909091	True
1905	3902	0.9090909090909091	False
1905	2491	0.8181818181818182	True
1905	1733	0.7272727272727273	True
1905	2407	0.6363636363636364	True
1905	2132	0.5454545454545454	True
1905	1485	0.45454545454545453	False
1905	978	0.36363636363636365	True
1905	1519	0.2727272727272727	True
1905	2028	0.18181818181818182	False
1905	764	0.09090909090909091	True
5591	3902	0.9090909090909091	False
5591	2028	0.8181818181818182	False
5591	3076	0.7272727272727273	False
5591	1485	0.6363636363636364	False
5591	2047	0.5454545454545454	True
5591	1585	0.45454545454545453	True
5591	978	0.36363636363636365	True
5591	1688	0.2727272727272727	False
5591	3912	0.18181818181818182	True
5591	1519	0.09090909090909091	True
1518	3902	0.9090909090909091	False
1518	2028	0.8181818181818182	False
1518	2491	0.7272727272727273	True
1518	2047	0.6363636363636364	True
1518	2407	0.5454545454545454	True
1518	1585	0.45454545454545453	True
1518	978	0.36363636363636365	True
1518	3076	0.2727272727272727	False
1518	1688	0.18181818181818182	False
1518	3912	0.09090909090909091	True
1079	3902	0.9090909090909091	False
1079	3076	0.8181818181818182	False
1079	1585	0.7272727272727273	True
1079	2028	0.6363636363636364	False
1079	1519	0.5454545454545454	True
1079	1688	0.45454545454545453	False
1079	2407	0.36363636363636365	True
1079	968	0.2727272727272727	True
1079	2574	0.18181818181818182	True
1079	2491	0.09090909090909091	True
2489	3902	0.9090909090909091	False
2489	764	0.8181818181818182	True
2489	2491	0.7272727272727273	True
2489	1485	0.6363636363636364	False
2489	1733	0.5454545454545454	True
2489	3823	0.45454545454545453	True
2489	2028	0.36363636363636365	False
2489	1375	0.2727272727272727	True
2489	2132	0.18181818181818182	True
2489	978	0.09090909090909091	True
3974	3902	0.9090909090909091	False
3974	1485	0.8181818181818182	False
3974	2407	0.7272727272727273	True
3974	3823	0.6363636363636364	True
3974	764	0.5454545454545454	True
3974	2028	0.45454545454545453	False
3974	3912	0.36363636363636365	True
3974	1688	0.2727272727272727	False
3974	2491	0.18181818181818182	True
3974	2132	0.09090909090909091	True
4538	3902	0.9090909090909091	False
4538	2028	0.8181818181818182	False
4538	3076	0.7272727272727273	False
4538	764	0.6363636363636364	True
4538	1485	0.5454545454545454	False
4538	1519	0.45454545454545453	True
4538	2132	0.36363636363636365	True
4538	2429	0.2727272727272727	True
4538	1688	0.18181818181818182	False
4538	2407	0.09090909090909091	True
2486	3902	0.9090909090909091	False
2486	1485	0.8181818181818182	False
2486	2028	0.7272727272727273	False
2486	1733	0.6363636363636364	True
2486	2132	0.5454545454545454	True
2486	1519	0.45454545454545453	True
2486	1588	0.36363636363636365	True
2486	3076	0.2727272727272727	False
2486	2407	0.18181818181818182	True
2486	764	0.09090909090909091	True
2475	3902	0.9090909090909091	False
2475	2491	0.8181818181818182	True
2475	2028	0.7272727272727273	False
2475	1585	0.6363636363636364	True
2475	764	0.5454545454545454	True
2475	968	0.45454545454545453	True
2475	1733	0.36363636363636365	True
2475	2407	0.2727272727272727	True
2475	2132	0.18181818181818182	True
2475	1519	0.09090909090909091	True
1958	3902	0.9090909090909091	False
1958	1485	0.8181818181818182	False
1958	1688	0.7272727272727273	False
1958	2028	0.6363636363636364	False
1958	764	0.5454545454545454	True
1958	1519	0.45454545454545453	True
1958	2407	0.36363636363636365	True
1958	3076	0.2727272727272727	False
1958	2429	0.18181818181818182	True
1958	2047	0.09090909090909091	True
576	3902	0.9090909090909091	False
576	1485	0.8181818181818182	False
576	2028	0.7272727272727273	False
576	978	0.6363636363636364	True
576	1733	0.5454545454545454	True
576	3076	0.45454545454545453	False
576	2407	0.36363636363636365	True
576	2926	0.2727272727272727	True
576	2132	0.18181818181818182	True
576	1688	0.09090909090909091	False
3460	3902	0.9090909090909091	False
3460	2407	0.8181818181818182	True
3460	2491	0.7272727272727273	True
3460	2132	0.6363636363636364	True
3460	3823	0.5454545454545454	True
3460	2028	0.45454545454545453	False
3460	764	0.36363636363636365	True
3460	3912	0.2727272727272727	True
3460	2047	0.18181818181818182	True
3460	968	0.09090909090909091	True
4297	3902	0.9090909090909091	False
4297	2028	0.8181818181818182	False
4297	1485	0.7272727272727273	False
4297	3076	0.6363636363636364	False
4297	3823	0.5454545454545454	True
4297	1688	0.45454545454545453	False
4297	1519	0.36363636363636365	True
4297	2491	0.2727272727272727	True
4297	2574	0.18181818181818182	True
4297	764	0.09090909090909091	True
