1484	492	0.9090909090909091	False
1484	2645	0.8181818181818182	False
1484	921	0.7272727272727273	True
1484	2650	0.6363636363636364	False
1484	2692	0.5454545454545454	True
1484	266	0.45454545454545453	False
1484	2976	0.36363636363636365	True
1484	2399	0.2727272727272727	False
1484	2822	0.18181818181818182	True
1484	2949	0.09090909090909091	True
5168	921	0.9090909090909091	True
5168	492	0.8181818181818182	False
5168	2692	0.7272727272727273	True
5168	266	0.6363636363636364	False
5168	2399	0.5454545454545454	False
5168	2650	0.45454545454545453	False
5168	2645	0.36363636363636365	False
5168	2695	0.2727272727272727	True
5168	2976	0.18181818181818182	True
5168	3819	0.09090909090909091	True
2319	2650	0.9090909090909091	False
2319	492	0.8181818181818182	False
2319	266	0.7272727272727273	False
2319	2645	0.6363636363636364	False
2319	2692	0.5454545454545454	True
2319	2399	0.45454545454545453	False
2319	921	0.36363636363636365	True
2319	2976	0.2727272727272727	True
2319	2695	0.18181818181818182	True
2319	3508	0.09090909090909091	True
1610	2650	0.9090909090909091	False
1610	2645	0.8181818181818182	False
1610	2692	0.7272727272727273	True
1610	492	0.6363636363636364	False
1610	921	0.5454545454545454	True
1610	266	0.45454545454545453	False
1610	2399	0.36363636363636365	False
1610	2976	0.2727272727272727	True
1610	3508	0.18181818181818182	True
1610	2949	0.09090909090909091	True
5943	2650	0.9090909090909091	False
5943	2692	0.8181818181818182	True
5943	2645	0.7272727272727273	False
5943	921	0.6363636363636364	True
5943	2399	0.5454545454545454	False
5943	492	0.45454545454545453	False
5943	266	0.36363636363636365	False
5943	2695	0.2727272727272727	True
5943	2976	0.18181818181818182	True
5943	918	0.09090909090909091	True
5389	2650	0.9090909090909091	False
5389	2692	0.8181818181818182	True
5389	2645	0.7272727272727273	False
5389	2399	0.6363636363636364	False
5389	266	0.5454545454545454	False
5389	492	0.45454545454545453	False
5389	2976	0.36363636363636365	True
5389	921	0.2727272727272727	True
5389	2695	0.18181818181818182	True
5389	3508	0.09090909090909091	True
1051	2645	0.9090909090909091	False
1051	2650	0.8181818181818182	False
1051	492	0.7272727272727273	False
1051	2692	0.6363636363636364	True
1051	921	0.5454545454545454	True
1051	2399	0.45454545454545453	False
1051	266	0.36363636363636365	False
1051	2976	0.2727272727272727	True
1051	918	0.18181818181818182	True
1051	2949	0.09090909090909091	True
4396	2650	0.9090909090909091	False
4396	2692	0.8181818181818182	True
4396	492	0.7272727272727273	False
4396	2645	0.6363636363636364	False
4396	2976	0.5454545454545454	True
4396	921	0.45454545454545453	True
4396	266	0.36363636363636365	False
4396	2399	0.2727272727272727	False
4396	2695	0.18181818181818182	True
4396	3819	0.09090909090909091	True
116	2650	0.9090909090909091	False
116	492	0.8181818181818182	False
116	2692	0.7272727272727273	True
116	921	0.6363636363636364	True
116	2645	0.5454545454545454	False
116	266	0.45454545454545453	False
116	2399	0.36363636363636365	False
116	2976	0.2727272727272727	True
116	2695	0.18181818181818182	True
116	918	0.09090909090909091	True
883	921	0.9090909090909091	True
883	2650	0.8181818181818182	False
883	2692	0.7272727272727273	True
883	492	0.6363636363636364	False
883	2645	0.5454545454545454	False
883	2399	0.45454545454545453	False
883	266	0.36363636363636365	False
883	2976	0.2727272727272727	True
883	2695	0.18181818181818182	True
883	918	0.09090909090909091	True
99	2650	0.9090909090909091	False
99	2692	0.8181818181818182	True
99	492	0.7272727272727273	False
99	2645	0.6363636363636364	False
99	921	0.5454545454545454	True
99	266	0.45454545454545453	False
99	2399	0.36363636363636365	False
99	2976	0.2727272727272727	True
99	2695	0.18181818181818182	True
99	3508	0.09090909090909091	True
5375	492	0.9090909090909091	False
5375	2650	0.8181818181818182	False
5375	2692	0.7272727272727273	True
5375	266	0.6363636363636364	False
5375	2399	0.5454545454545454	False
5375	2645	0.45454545454545453	False
5375	921	0.36363636363636365	True
5375	3508	0.2727272727272727	True
5375	2949	0.18181818181818182	True
5375	2695	0.09090909090909091	True
840	492	0.9090909090909091	False
840	2645	0.8181818181818182	False
840	2650	0.7272727272727273	False
840	2692	0.6363636363636364	True
840	921	0.5454545454545454	True
840	2399	0.45454545454545453	False
840	266	0.36363636363636365	False
840	2976	0.2727272727272727	True
840	2695	0.18181818181818182	True
840	918	0.09090909090909091	True
3769	2650	0.9090909090909091	False
3769	2692	0.8181818181818182	True
3769	2645	0.7272727272727273	False
3769	492	0.6363636363636364	False
3769	921	0.5454545454545454	True
3769	266	0.45454545454545453	False
3769	2399	0.36363636363636365	False
3769	2976	0.2727272727272727	True
3769	2695	0.18181818181818182	True
3769	918	0.09090909090909091	True
3579	2650	0.9090909090909091	False
3579	921	0.8181818181818182	True
3579	2692	0.7272727272727273	True
3579	492	0.6363636363636364	False
3579	2645	0.5454545454545454	False
3579	2399	0.45454545454545453	False
3579	266	0.36363636363636365	False
3579	918	0.2727272727272727	True
3579	2695	0.18181818181818182	True
3579	2949	0.09090909090909091	True
5406	2645	0.9090909090909091	False
5406	2650	0.8181818181818182	False
5406	2692	0.7272727272727273	True
5406	492	0.6363636363636364	False
5406	921	0.5454545454545454	True
5406	2399	0.45454545454545453	False
5406	266	0.36363636363636365	False
5406	2976	0.2727272727272727	True
5406	2695	0.18181818181818182	True
5406	918	0.09090909090909091	True
4079	2650	0.9090909090909091	False
4079	266	0.8181818181818182	False
4079	2692	0.7272727272727273	True
4079	2645	0.6363636363636364	False
4079	492	0.5454545454545454	False
4079	2399	0.45454545454545453	False
4079	921	0.36363636363636365	True
4079	2976	0.2727272727272727	True
4079	918	0.18181818181818182	True
4079	2695	0.09090909090909091	True
5359	2692	0.9090909090909091	True
5359	2650	0.8181818181818182	False
5359	2645	0.7272727272727273	False
5359	2399	0.6363636363636364	False
5359	921	0.5454545454545454	True
5359	266	0.45454545454545453	False
5359	2976	0.36363636363636365	True
5359	492	0.2727272727272727	False
5359	2695	0.18181818181818182	True
5359	918	0.09090909090909091	True
1189	2692	0.9090909090909091	True
1189	2650	0.8181818181818182	False
1189	2645	0.7272727272727273	False
1189	492	0.6363636363636364	False
1189	2399	0.5454545454545454	False
1189	2976	0.45454545454545453	True
1189	266	0.36363636363636365	False
1189	921	0.2727272727272727	True
1189	2695	0.18181818181818182	True
1189	918	0.09090909090909091	True
3823	492	0.9090909090909091	False
3823	2692	0.8181818181818182	True
3823	2645	0.7272727272727273	False
3823	2650	0.6363636363636364	False
3823	2399	0.5454545454545454	False
3823	921	0.45454545454545453	True
3823	2695	0.36363636363636365	True
3823	2976	0.2727272727272727	True
3823	266	0.18181818181818182	False
3823	918	0.09090909090909091	True
5776	2650	0.9090909090909091	False
5776	2692	0.8181818181818182	True
5776	921	0.7272727272727273	True
5776	492	0.6363636363636364	False
5776	2645	0.5454545454545454	False
5776	2399	0.45454545454545453	False
5776	266	0.36363636363636365	False
5776	918	0.2727272727272727	True
5776	2976	0.18181818181818182	True
5776	2695	0.09090909090909091	True
4015	921	0.9090909090909091	True
4015	2645	0.8181818181818182	False
4015	2650	0.7272727272727273	False
4015	492	0.6363636363636364	False
4015	2692	0.5454545454545454	True
4015	2399	0.45454545454545453	False
4015	266	0.36363636363636365	False
4015	2976	0.2727272727272727	True
4015	2949	0.18181818181818182	True
4015	3819	0.09090909090909091	True
4569	492	0.9090909090909091	False
4569	2645	0.8181818181818182	False
4569	266	0.7272727272727273	False
4569	2650	0.6363636363636364	False
4569	921	0.5454545454545454	True
4569	2692	0.45454545454545453	True
4569	2399	0.36363636363636365	False
4569	2695	0.2727272727272727	True
4569	2976	0.18181818181818182	True
4569	918	0.09090909090909091	True
4033	2692	0.9090909090909091	True
4033	492	0.8181818181818182	False
4033	2650	0.7272727272727273	False
4033	2645	0.6363636363636364	False
4033	266	0.5454545454545454	False
4033	2399	0.45454545454545453	False
4033	2976	0.36363636363636365	True
4033	921	0.2727272727272727	True
4033	918	0.18181818181818182	True
4033	2695	0.09090909090909091	True
5005	2692	0.9090909090909091	True
5005	492	0.8181818181818182	False
5005	2650	0.7272727272727273	False
5005	2645	0.6363636363636364	False
5005	2976	0.5454545454545454	True
5005	2399	0.45454545454545453	False
5005	266	0.36363636363636365	False
5005	921	0.2727272727272727	True
5005	918	0.18181818181818182	True
5005	2695	0.09090909090909091	True
3090	2650	0.9090909090909091	False
3090	492	0.8181818181818182	False
3090	2692	0.7272727272727273	True
3090	2645	0.6363636363636364	False
3090	921	0.5454545454545454	True
3090	2399	0.45454545454545453	False
3090	266	0.36363636363636365	False
3090	2976	0.2727272727272727	True
3090	918	0.18181818181818182	True
3090	2949	0.09090909090909091	True
745	2692	0.9090909090909091	True
745	492	0.8181818181818182	False
745	2650	0.7272727272727273	False
745	2645	0.6363636363636364	False
745	921	0.5454545454545454	True
745	2399	0.45454545454545453	False
745	2695	0.36363636363636365	True
745	2976	0.2727272727272727	True
745	266	0.18181818181818182	False
745	3819	0.09090909090909091	True
3776	2645	0.9090909090909091	False
3776	492	0.8181818181818182	False
3776	2650	0.7272727272727273	False
3776	2692	0.6363636363636364	True
3776	921	0.5454545454545454	True
3776	2399	0.45454545454545453	False
3776	266	0.36363636363636365	False
3776	2976	0.2727272727272727	True
3776	2695	0.18181818181818182	True
3776	918	0.09090909090909091	True
706	2650	0.9090909090909091	False
706	2692	0.8181818181818182	True
706	492	0.7272727272727273	False
706	2645	0.6363636363636364	False
706	921	0.5454545454545454	True
706	266	0.45454545454545453	False
706	2399	0.36363636363636365	False
706	2695	0.2727272727272727	True
706	2976	0.18181818181818182	True
706	918	0.09090909090909091	True
3649	492	0.9090909090909091	False
3649	2692	0.8181818181818182	True
3649	2645	0.7272727272727273	False
3649	2650	0.6363636363636364	False
3649	921	0.5454545454545454	True
3649	2399	0.45454545454545453	False
3649	266	0.36363636363636365	False
3649	2976	0.2727272727272727	True
3649	2695	0.18181818181818182	True
3649	3819	0.09090909090909091	True
2924	2645	0.9090909090909091	False
2924	492	0.8181818181818182	False
2924	2692	0.7272727272727273	True
2924	921	0.6363636363636364	True
2924	2650	0.5454545454545454	False
2924	2399	0.45454545454545453	False
2924	266	0.36363636363636365	False
2924	2976	0.2727272727272727	True
2924	2695	0.18181818181818182	True
2924	918	0.09090909090909091	True
76	2692	0.9090909090909091	True
76	2650	0.8181818181818182	False
76	2645	0.7272727272727273	False
76	492	0.6363636363636364	False
76	2976	0.5454545454545454	True
76	2399	0.45454545454545453	False
76	921	0.36363636363636365	True
76	266	0.2727272727272727	False
76	918	0.18181818181818182	True
76	2695	0.09090909090909091	True
2738	492	0.9090909090909091	False
2738	2692	0.8181818181818182	True
2738	2645	0.7272727272727273	False
2738	921	0.6363636363636364	True
2738	2650	0.5454545454545454	False
2738	266	0.45454545454545453	False
2738	2976	0.36363636363636365	True
2738	2399	0.2727272727272727	False
2738	2949	0.18181818181818182	True
2738	2822	0.09090909090909091	True
800	2692	0.9090909090909091	True
800	2650	0.8181818181818182	False
800	492	0.7272727272727273	False
800	921	0.6363636363636364	True
800	2645	0.5454545454545454	False
800	266	0.45454545454545453	False
800	2399	0.36363636363636365	False
800	2695	0.2727272727272727	True
800	2976	0.18181818181818182	True
800	3508	0.09090909090909091	True
2727	2692	0.9090909090909091	True
2727	2650	0.8181818181818182	False
2727	492	0.7272727272727273	False
2727	2645	0.6363636363636364	False
2727	2976	0.5454545454545454	True
2727	2399	0.45454545454545453	False
2727	921	0.36363636363636365	True
2727	266	0.2727272727272727	False
2727	2695	0.18181818181818182	True
2727	918	0.09090909090909091	True
4070	2645	0.9090909090909091	False
4070	2692	0.8181818181818182	True
4070	2399	0.7272727272727273	False
4070	2650	0.6363636363636364	False
4070	492	0.5454545454545454	False
4070	266	0.45454545454545453	False
4070	921	0.36363636363636365	True
4070	2976	0.2727272727272727	True
4070	2695	0.18181818181818182	True
4070	918	0.09090909090909091	True
4107	2650	0.9090909090909091	False
4107	2692	0.8181818181818182	True
4107	266	0.7272727272727273	False
4107	2399	0.6363636363636364	False
4107	492	0.5454545454545454	False
4107	921	0.45454545454545453	True
4107	2645	0.36363636363636365	False
4107	2976	0.2727272727272727	True
4107	918	0.18181818181818182	True
4107	3867	0.09090909090909091	True
5652	2650	0.9090909090909091	False
5652	2692	0.8181818181818182	True
5652	2645	0.7272727272727273	False
5652	492	0.6363636363636364	False
5652	266	0.5454545454545454	False
5652	921	0.45454545454545453	True
5652	2399	0.36363636363636365	False
5652	2976	0.2727272727272727	True
5652	918	0.18181818181818182	True
5652	3867	0.09090909090909091	True
885	492	0.9090909090909091	False
885	2692	0.8181818181818182	True
885	921	0.7272727272727273	True
885	2650	0.6363636363636364	False
885	266	0.5454545454545454	False
885	2645	0.45454545454545453	False
885	2399	0.36363636363636365	False
885	918	0.2727272727272727	True
885	2976	0.18181818181818182	True
885	2695	0.09090909090909091	True
113	2692	0.9090909090909091	True
113	492	0.8181818181818182	False
113	2650	0.7272727272727273	False
113	266	0.6363636363636364	False
113	2399	0.5454545454545454	False
113	2645	0.45454545454545453	False
113	2976	0.36363636363636365	True
113	2695	0.2727272727272727	True
113	921	0.18181818181818182	True
113	918	0.09090909090909091	True
2110	492	0.9090909090909091	False
2110	2650	0.8181818181818182	False
2110	266	0.7272727272727273	False
2110	2692	0.6363636363636364	True
2110	921	0.5454545454545454	True
2110	2645	0.45454545454545453	False
2110	2399	0.36363636363636365	False
2110	3508	0.2727272727272727	True
2110	2695	0.18181818181818182	True
2110	2976	0.09090909090909091	True
3566	2650	0.9090909090909091	False
3566	2692	0.8181818181818182	True
3566	921	0.7272727272727273	True
3566	492	0.6363636363636364	False
3566	2645	0.5454545454545454	False
3566	2399	0.45454545454545453	False
3566	266	0.36363636363636365	False
3566	918	0.2727272727272727	True
3566	2976	0.18181818181818182	True
3566	2949	0.09090909090909091	True
4829	492	0.9090909090909091	False
4829	2650	0.8181818181818182	False
4829	2692	0.7272727272727273	True
4829	2399	0.6363636363636364	False
4829	2645	0.5454545454545454	False
4829	921	0.45454545454545453	True
4829	266	0.36363636363636365	False
4829	2976	0.2727272727272727	True
4829	2695	0.18181818181818182	True
4829	918	0.09090909090909091	True
5352	2650	0.9090909090909091	False
5352	2692	0.8181818181818182	True
5352	2645	0.7272727272727273	False
5352	2399	0.6363636363636364	False
5352	921	0.5454545454545454	True
5352	492	0.45454545454545453	False
5352	266	0.36363636363636365	False
5352	2976	0.2727272727272727	True
5352	2695	0.18181818181818182	True
5352	918	0.09090909090909091	True
5148	2692	0.9090909090909091	True
5148	921	0.8181818181818182	True
5148	2645	0.7272727272727273	False
5148	2650	0.6363636363636364	False
5148	266	0.5454545454545454	False
5148	492	0.45454545454545453	False
5148	2399	0.36363636363636365	False
5148	2976	0.2727272727272727	True
5148	3867	0.18181818181818182	True
5148	918	0.09090909090909091	True
3349	492	0.9090909090909091	False
3349	2692	0.8181818181818182	True
3349	2645	0.7272727272727273	False
3349	2650	0.6363636363636364	False
3349	2399	0.5454545454545454	False
3349	266	0.45454545454545453	False
3349	921	0.36363636363636365	True
3349	2976	0.2727272727272727	True
3349	918	0.18181818181818182	True
3349	2695	0.09090909090909091	True
1117	2692	0.9090909090909091	True
1117	2650	0.8181818181818182	False
1117	2645	0.7272727272727273	False
1117	921	0.6363636363636364	True
1117	2399	0.5454545454545454	False
1117	492	0.45454545454545453	False
1117	266	0.36363636363636365	False
1117	2695	0.2727272727272727	True
1117	2976	0.18181818181818182	True
1117	918	0.09090909090909091	True
3896	2692	0.9090909090909091	True
3896	2650	0.8181818181818182	False
3896	921	0.7272727272727273	True
3896	492	0.6363636363636364	False
3896	2645	0.5454545454545454	False
3896	2399	0.45454545454545453	False
3896	266	0.36363636363636365	False
3896	2695	0.2727272727272727	True
3896	2976	0.18181818181818182	True
3896	3819	0.09090909090909091	True
2434	2650	0.9090909090909091	False
2434	266	0.8181818181818182	False
2434	2645	0.7272727272727273	False
2434	2692	0.6363636363636364	True
2434	492	0.5454545454545454	False
2434	2399	0.45454545454545453	False
2434	921	0.36363636363636365	True
2434	2976	0.2727272727272727	True
2434	918	0.18181818181818182	True
2434	2695	0.09090909090909091	True
4560	2650	0.9090909090909091	False
4560	2692	0.8181818181818182	True
4560	492	0.7272727272727273	False
4560	266	0.6363636363636364	False
4560	2645	0.5454545454545454	False
4560	921	0.45454545454545453	True
4560	2399	0.36363636363636365	False
4560	2976	0.2727272727272727	True
4560	3867	0.18181818181818182	True
4560	2695	0.09090909090909091	True
2556	2645	0.9090909090909091	False
2556	2692	0.8181818181818182	True
2556	492	0.7272727272727273	False
2556	2650	0.6363636363636364	False
2556	2399	0.5454545454545454	False
2556	921	0.45454545454545453	True
2556	266	0.36363636363636365	False
2556	2976	0.2727272727272727	True
2556	2695	0.18181818181818182	True
2556	3819	0.09090909090909091	True
136	492	0.9090909090909091	False
136	2692	0.8181818181818182	True
136	2645	0.7272727272727273	False
136	921	0.6363636363636364	True
136	2650	0.5454545454545454	False
136	2399	0.45454545454545453	False
136	266	0.36363636363636365	False
136	2976	0.2727272727272727	True
136	2695	0.18181818181818182	True
136	3819	0.09090909090909091	True
653	2692	0.9090909090909091	True
653	2650	0.8181818181818182	False
653	2645	0.7272727272727273	False
653	492	0.6363636363636364	False
653	2399	0.5454545454545454	False
653	2976	0.45454545454545453	True
653	266	0.36363636363636365	False
653	921	0.2727272727272727	True
653	2695	0.18181818181818182	True
653	918	0.09090909090909091	True
3408	2645	0.9090909090909091	False
3408	492	0.8181818181818182	False
3408	2399	0.7272727272727273	False
3408	2650	0.6363636363636364	False
3408	2692	0.5454545454545454	True
3408	921	0.45454545454545453	True
3408	266	0.36363636363636365	False
3408	2976	0.2727272727272727	True
3408	918	0.18181818181818182	True
3408	2949	0.09090909090909091	True
1272	2692	0.9090909090909091	True
1272	2645	0.8181818181818182	False
1272	2650	0.7272727272727273	False
1272	492	0.6363636363636364	False
1272	921	0.5454545454545454	True
1272	266	0.45454545454545453	False
1272	2399	0.36363636363636365	False
1272	2976	0.2727272727272727	True
1272	918	0.18181818181818182	True
1272	2695	0.09090909090909091	True
597	266	0.9090909090909091	False
597	2692	0.8181818181818182	True
597	2650	0.7272727272727273	False
597	492	0.6363636363636364	False
597	2645	0.5454545454545454	False
597	2399	0.45454545454545453	False
597	921	0.36363636363636365	True
597	2976	0.2727272727272727	True
597	2695	0.18181818181818182	True
597	918	0.09090909090909091	True
673	492	0.9090909090909091	False
673	2692	0.8181818181818182	True
673	2650	0.7272727272727273	False
673	921	0.6363636363636364	True
673	2645	0.5454545454545454	False
673	2399	0.45454545454545453	False
673	266	0.36363636363636365	False
673	2695	0.2727272727272727	True
673	2976	0.18181818181818182	True
673	3819	0.09090909090909091	True
5559	2692	0.9090909090909091	True
5559	2645	0.8181818181818182	False
5559	2650	0.7272727272727273	False
5559	492	0.6363636363636364	False
5559	921	0.5454545454545454	True
5559	2399	0.45454545454545453	False
5559	2976	0.36363636363636365	True
5559	266	0.2727272727272727	False
5559	2695	0.18181818181818182	True
5559	2822	0.09090909090909091	True
360	2692	0.9090909090909091	True
360	2645	0.8181818181818182	False
360	2650	0.7272727272727273	False
360	2399	0.6363636363636364	False
360	492	0.5454545454545454	False
360	921	0.45454545454545453	True
360	2976	0.36363636363636365	True
360	266	0.2727272727272727	False
360	2695	0.18181818181818182	True
360	918	0.09090909090909091	True
1877	2650	0.9090909090909091	False
1877	2645	0.8181818181818182	False
1877	492	0.7272727272727273	False
1877	2692	0.6363636363636364	True
1877	2399	0.5454545454545454	False
1877	266	0.45454545454545453	False
1877	921	0.36363636363636365	True
1877	2976	0.2727272727272727	True
1877	918	0.18181818181818182	True
1877	2695	0.09090909090909091	True
4661	2692	0.9090909090909091	True
4661	2650	0.8181818181818182	False
4661	2645	0.7272727272727273	False
4661	2399	0.6363636363636364	False
4661	492	0.5454545454545454	False
4661	921	0.45454545454545453	True
4661	2695	0.36363636363636365	True
4661	266	0.2727272727272727	False
4661	2976	0.18181818181818182	True
4661	1574	0.09090909090909091	True
1216	921	0.9090909090909091	True
1216	492	0.8181818181818182	False
1216	2645	0.7272727272727273	False
1216	2692	0.6363636363636364	True
1216	2650	0.5454545454545454	False
1216	2399	0.45454545454545453	False
1216	266	0.36363636363636365	False
1216	2695	0.2727272727272727	True
1216	2976	0.18181818181818182	True
1216	3819	0.09090909090909091	True
436	492	0.9090909090909091	False
436	2692	0.8181818181818182	True
436	921	0.7272727272727273	True
436	2645	0.6363636363636364	False
436	2650	0.5454545454545454	False
436	2399	0.45454545454545453	False
436	266	0.36363636363636365	False
436	2976	0.2727272727272727	True
436	2695	0.18181818181818182	True
436	918	0.09090909090909091	True
1396	2645	0.9090909090909091	False
1396	2692	0.8181818181818182	True
1396	492	0.7272727272727273	False
1396	2650	0.6363636363636364	False
1396	2399	0.5454545454545454	False
1396	921	0.45454545454545453	True
1396	2976	0.36363636363636365	True
1396	266	0.2727272727272727	False
1396	2949	0.18181818181818182	True
1396	2822	0.09090909090909091	True
5454	2650	0.9090909090909091	False
5454	2692	0.8181818181818182	True
5454	2645	0.7272727272727273	False
5454	492	0.6363636363636364	False
5454	266	0.5454545454545454	False
5454	921	0.45454545454545453	True
5454	2399	0.36363636363636365	False
5454	3508	0.2727272727272727	True
5454	2976	0.18181818181818182	True
5454	2695	0.09090909090909091	True
3315	2645	0.9090909090909091	False
3315	2650	0.8181818181818182	False
3315	2692	0.7272727272727273	True
3315	492	0.6363636363636364	False
3315	2399	0.5454545454545454	False
3315	266	0.45454545454545453	False
3315	921	0.36363636363636365	True
3315	2976	0.2727272727272727	True
3315	2695	0.18181818181818182	True
3315	918	0.09090909090909091	True
4184	2650	0.9090909090909091	False
4184	2692	0.8181818181818182	True
4184	2645	0.7272727272727273	False
4184	492	0.6363636363636364	False
4184	2399	0.5454545454545454	False
4184	921	0.45454545454545453	True
4184	266	0.36363636363636365	False
4184	2695	0.2727272727272727	True
4184	2976	0.18181818181818182	True
4184	918	0.09090909090909091	True
3257	2692	0.9090909090909091	True
3257	2645	0.8181818181818182	False
3257	2650	0.7272727272727273	False
3257	492	0.6363636363636364	False
3257	2399	0.5454545454545454	False
3257	921	0.45454545454545453	True
3257	266	0.36363636363636365	False
3257	2976	0.2727272727272727	True
3257	2695	0.18181818181818182	True
3257	2949	0.09090909090909091	True
3419	2650	0.9090909090909091	False
3419	2692	0.8181818181818182	True
3419	2645	0.7272727272727273	False
3419	2399	0.6363636363636364	False
3419	921	0.5454545454545454	True
3419	492	0.45454545454545453	False
3419	2695	0.36363636363636365	True
3419	266	0.2727272727272727	False
3419	2976	0.18181818181818182	True
3419	918	0.09090909090909091	True
553	492	0.9090909090909091	False
553	2692	0.8181818181818182	True
553	2645	0.7272727272727273	False
553	2650	0.6363636363636364	False
553	921	0.5454545454545454	True
553	2399	0.45454545454545453	False
553	266	0.36363636363636365	False
553	2976	0.2727272727272727	True
553	2695	0.18181818181818182	True
553	918	0.09090909090909091	True
4242	2692	0.9090909090909091	True
4242	2650	0.8181818181818182	False
4242	2645	0.7272727272727273	False
4242	492	0.6363636363636364	False
4242	2399	0.5454545454545454	False
4242	2976	0.45454545454545453	True
4242	266	0.36363636363636365	False
4242	918	0.2727272727272727	True
4242	2695	0.18181818181818182	True
4242	921	0.09090909090909091	True
1690	2650	0.9090909090909091	False
1690	2692	0.8181818181818182	True
1690	492	0.7272727272727273	False
1690	2399	0.6363636363636364	False
1690	2645	0.5454545454545454	False
1690	921	0.45454545454545453	True
1690	266	0.36363636363636365	False
1690	2976	0.2727272727272727	True
1690	2695	0.18181818181818182	True
1690	918	0.09090909090909091	True
2874	492	0.9090909090909091	False
2874	2650	0.8181818181818182	False
2874	2692	0.7272727272727273	True
2874	2645	0.6363636363636364	False
2874	921	0.5454545454545454	True
2874	2399	0.45454545454545453	False
2874	266	0.36363636363636365	False
2874	2976	0.2727272727272727	True
2874	2695	0.18181818181818182	True
2874	918	0.09090909090909091	True
3726	2645	0.9090909090909091	False
3726	2692	0.8181818181818182	True
3726	2650	0.7272727272727273	False
3726	2399	0.6363636363636364	False
3726	492	0.5454545454545454	False
3726	2976	0.45454545454545453	True
3726	921	0.36363636363636365	True
3726	266	0.2727272727272727	False
3726	918	0.18181818181818182	True
3726	2695	0.09090909090909091	True
315	2399	0.9090909090909091	False
315	2650	0.8181818181818182	False
315	492	0.7272727272727273	False
315	2692	0.6363636363636364	True
315	2645	0.5454545454545454	False
315	266	0.45454545454545453	False
315	921	0.36363636363636365	True
315	2695	0.2727272727272727	True
315	2976	0.18181818181818182	True
315	1574	0.09090909090909091	True
1499	2692	0.9090909090909091	True
1499	266	0.8181818181818182	False
1499	492	0.7272727272727273	False
1499	2650	0.6363636363636364	False
1499	2645	0.5454545454545454	False
1499	921	0.45454545454545453	True
1499	2976	0.36363636363636365	True
1499	2399	0.2727272727272727	False
1499	2695	0.18181818181818182	True
1499	918	0.09090909090909091	True
1454	2692	0.9090909090909091	True
1454	2650	0.8181818181818182	False
1454	2645	0.7272727272727273	False
1454	921	0.6363636363636364	True
1454	2399	0.5454545454545454	False
1454	266	0.45454545454545453	False
1454	492	0.36363636363636365	False
1454	2976	0.2727272727272727	True
1454	2695	0.18181818181818182	True
1454	3819	0.09090909090909091	True
5602	2692	0.9090909090909091	True
5602	2650	0.8181818181818182	False
5602	2399	0.7272727272727273	False
5602	266	0.6363636363636364	False
5602	2645	0.5454545454545454	False
5602	492	0.45454545454545453	False
5602	2976	0.36363636363636365	True
5602	921	0.2727272727272727	True
5602	918	0.18181818181818182	True
5602	2695	0.09090909090909091	True
837	2645	0.9090909090909091	False
837	2650	0.8181818181818182	False
837	492	0.7272727272727273	False
837	2692	0.6363636363636364	True
837	2399	0.5454545454545454	False
837	921	0.45454545454545453	True
837	2976	0.36363636363636365	True
837	266	0.2727272727272727	False
837	2949	0.18181818181818182	True
837	918	0.09090909090909091	True
3969	2692	0.9090909090909091	True
3969	2650	0.8181818181818182	False
3969	492	0.7272727272727273	False
3969	2399	0.6363636363636364	False
3969	2645	0.5454545454545454	False
3969	921	0.45454545454545453	True
3969	266	0.36363636363636365	False
3969	2695	0.2727272727272727	True
3969	2976	0.18181818181818182	True
3969	918	0.09090909090909091	True
3967	2692	0.9090909090909091	True
3967	2650	0.8181818181818182	False
3967	2645	0.7272727272727273	False
3967	2399	0.6363636363636364	False
3967	492	0.5454545454545454	False
3967	921	0.45454545454545453	True
3967	266	0.36363636363636365	False
3967	2976	0.2727272727272727	True
3967	2695	0.18181818181818182	True
3967	918	0.09090909090909091	True
4115	492	0.9090909090909091	False
4115	2650	0.8181818181818182	False
4115	2692	0.7272727272727273	True
4115	2645	0.6363636363636364	False
4115	2399	0.5454545454545454	False
4115	921	0.45454545454545453	True
4115	266	0.36363636363636365	False
4115	2976	0.2727272727272727	True
4115	2695	0.18181818181818182	True
4115	918	0.09090909090909091	True
2489	2692	0.9090909090909091	True
2489	2650	0.8181818181818182	False
2489	921	0.7272727272727273	True
2489	2645	0.6363636363636364	False
2489	492	0.5454545454545454	False
2489	2399	0.45454545454545453	False
2489	266	0.36363636363636365	False
2489	2976	0.2727272727272727	True
2489	918	0.18181818181818182	True
2489	3508	0.09090909090909091	True
453	2650	0.9090909090909091	False
453	492	0.8181818181818182	False
453	2692	0.7272727272727273	True
453	2645	0.6363636363636364	False
453	2399	0.5454545454545454	False
453	266	0.45454545454545453	False
453	921	0.36363636363636365	True
453	2976	0.2727272727272727	True
453	2695	0.18181818181818182	True
453	918	0.09090909090909091	True
5385	492	0.9090909090909091	False
5385	2650	0.8181818181818182	False
5385	2645	0.7272727272727273	False
5385	2692	0.6363636363636364	True
5385	266	0.5454545454545454	False
5385	2976	0.45454545454545453	True
5385	921	0.36363636363636365	True
5385	2399	0.2727272727272727	False
5385	918	0.18181818181818182	True
5385	3867	0.09090909090909091	True
4197	2645	0.9090909090909091	False
4197	2650	0.8181818181818182	False
4197	492	0.7272727272727273	False
4197	2692	0.6363636363636364	True
4197	2399	0.5454545454545454	False
4197	921	0.45454545454545453	True
4197	266	0.36363636363636365	False
4197	2976	0.2727272727272727	True
4197	2695	0.18181818181818182	True
4197	2949	0.09090909090909091	True
4754	2692	0.9090909090909091	True
4754	2645	0.8181818181818182	False
4754	2650	0.7272727272727273	False
4754	2399	0.6363636363636364	False
4754	492	0.5454545454545454	False
4754	2976	0.45454545454545453	True
4754	921	0.36363636363636365	True
4754	266	0.2727272727272727	False
4754	2695	0.18181818181818182	True
4754	918	0.09090909090909091	True
4536	492	0.9090909090909091	False
4536	2692	0.8181818181818182	True
4536	2650	0.7272727272727273	False
4536	2645	0.6363636363636364	False
4536	2399	0.5454545454545454	False
4536	266	0.45454545454545453	False
4536	921	0.36363636363636365	True
4536	2976	0.2727272727272727	True
4536	2695	0.18181818181818182	True
4536	918	0.09090909090909091	True
3327	2645	0.9090909090909091	False
3327	2650	0.8181818181818182	False
3327	2692	0.7272727272727273	True
3327	492	0.6363636363636364	False
3327	2399	0.5454545454545454	False
3327	2976	0.45454545454545453	True
3327	921	0.36363636363636365	True
3327	266	0.2727272727272727	False
3327	2822	0.18181818181818182	True
3327	2695	0.09090909090909091	True
523	2692	0.9090909090909091	True
523	921	0.8181818181818182	True
523	492	0.7272727272727273	False
523	2645	0.6363636363636364	False
523	2399	0.5454545454545454	False
523	2650	0.45454545454545453	False
523	266	0.36363636363636365	False
523	2695	0.2727272727272727	True
523	2976	0.18181818181818182	True
523	3819	0.09090909090909091	True
943	2650	0.9090909090909091	False
943	2645	0.8181818181818182	False
943	2692	0.7272727272727273	True
943	921	0.6363636363636364	True
943	2399	0.5454545454545454	False
943	492	0.45454545454545453	False
943	266	0.36363636363636365	False
943	2976	0.2727272727272727	True
943	918	0.18181818181818182	True
943	3819	0.09090909090909091	True
3574	2650	0.9090909090909091	False
3574	2692	0.8181818181818182	True
3574	2645	0.7272727272727273	False
3574	492	0.6363636363636364	False
3574	2399	0.5454545454545454	False
3574	266	0.45454545454545453	False
3574	921	0.36363636363636365	True
3574	2976	0.2727272727272727	True
3574	2695	0.18181818181818182	True
3574	3508	0.09090909090909091	True
6039	2692	0.9090909090909091	True
6039	2650	0.8181818181818182	False
6039	2645	0.7272727272727273	False
6039	492	0.6363636363636364	False
6039	921	0.5454545454545454	True
6039	2399	0.45454545454545453	False
6039	266	0.36363636363636365	False
6039	2976	0.2727272727272727	True
6039	2695	0.18181818181818182	True
6039	3819	0.09090909090909091	True
5713	2650	0.9090909090909091	False
5713	2399	0.8181818181818182	False
5713	2645	0.7272727272727273	False
5713	492	0.6363636363636364	False
5713	2695	0.5454545454545454	True
5713	921	0.45454545454545453	True
5713	266	0.36363636363636365	False
5713	918	0.2727272727272727	True
5713	2976	0.18181818181818182	True
5713	1574	0.09090909090909091	True
3448	2650	0.9090909090909091	False
3448	921	0.8181818181818182	True
3448	2645	0.7272727272727273	False
3448	492	0.6363636363636364	False
3448	2692	0.5454545454545454	True
3448	266	0.45454545454545453	False
3448	2399	0.36363636363636365	False
3448	2976	0.2727272727272727	True
3448	2695	0.18181818181818182	True
3448	3508	0.09090909090909091	True
1234	492	0.9090909090909091	False
1234	2645	0.8181818181818182	False
1234	2650	0.7272727272727273	False
1234	2692	0.6363636363636364	True
1234	921	0.5454545454545454	True
1234	2399	0.45454545454545453	False
1234	266	0.36363636363636365	False
1234	2976	0.2727272727272727	True
1234	2695	0.18181818181818182	True
1234	918	0.09090909090909091	True
2091	2645	0.9090909090909091	False
2091	2692	0.8181818181818182	True
2091	2399	0.7272727272727273	False
2091	2650	0.6363636363636364	False
2091	492	0.5454545454545454	False
2091	921	0.45454545454545453	True
2091	266	0.36363636363636365	False
2091	2976	0.2727272727272727	True
2091	918	0.18181818181818182	True
2091	2695	0.09090909090909091	True
1572	492	0.9090909090909091	False
1572	2692	0.8181818181818182	True
1572	2650	0.7272727272727273	False
1572	2645	0.6363636363636364	False
1572	266	0.5454545454545454	False
1572	2976	0.45454545454545453	True
1572	921	0.36363636363636365	True
1572	2399	0.2727272727272727	False
1572	3508	0.18181818181818182	True
1572	2695	0.09090909090909091	True
