2666	1393	0.9090909090909091	False
2666	3821	0.8181818181818182	True
2666	2371	0.7272727272727273	False
2666	12	0.6363636363636364	False
2666	3738	0.5454545454545454	False
2666	809	0.45454545454545453	False
2666	1455	0.36363636363636365	True
2666	784	0.2727272727272727	True
2666	767	0.18181818181818182	True
2666	2318	0.09090909090909091	True
339	1393	0.9090909090909091	False
339	333	0.8181818181818182	False
339	2610	0.7272727272727273	True
339	3746	0.6363636363636364	True
339	3821	0.5454545454545454	True
339	809	0.45454545454545453	False
339	1704	0.36363636363636365	True
339	3738	0.2727272727272727	False
339	2493	0.18181818181818182	True
339	2371	0.09090909090909091	False
3111	1393	0.9090909090909091	False
3111	2610	0.8181818181818182	True
3111	3738	0.7272727272727273	False
3111	617	0.6363636363636364	True
3111	1704	0.5454545454545454	True
3111	2371	0.45454545454545453	False
3111	1341	0.36363636363636365	True
3111	333	0.2727272727272727	False
3111	2493	0.18181818181818182	True
3111	3821	0.09090909090909091	True
743	1393	0.9090909090909091	False
743	2610	0.8181818181818182	True
743	3738	0.7272727272727273	False
743	12	0.6363636363636364	False
743	333	0.5454545454545454	False
743	1341	0.45454545454545453	True
743	524	0.36363636363636365	True
743	767	0.2727272727272727	True
743	3932	0.18181818181818182	True
743	809	0.09090909090909091	False
3347	1393	0.9090909090909091	False
3347	617	0.8181818181818182	True
3347	1455	0.7272727272727273	True
3347	524	0.6363636363636364	True
3347	1341	0.5454545454545454	True
3347	809	0.45454545454545453	False
3347	3738	0.36363636363636365	False
3347	3746	0.2727272727272727	True
3347	2610	0.18181818181818182	True
3347	3821	0.09090909090909091	True
3023	1393	0.9090909090909091	False
3023	12	0.8181818181818182	False
3023	2594	0.7272727272727273	True
3023	524	0.6363636363636364	True
3023	3738	0.5454545454545454	False
3023	2610	0.45454545454545453	True
3023	784	0.36363636363636365	True
3023	809	0.2727272727272727	False
3023	3932	0.18181818181818182	True
3023	767	0.09090909090909091	True
5864	1393	0.9090909090909091	False
5864	2371	0.8181818181818182	False
5864	2610	0.7272727272727273	True
5864	617	0.6363636363636364	True
5864	524	0.5454545454545454	True
5864	3738	0.45454545454545453	False
5864	3746	0.36363636363636365	True
5864	809	0.2727272727272727	False
5864	3932	0.18181818181818182	True
5864	1704	0.09090909090909091	True
3746	1393	0.9090909090909091	False
3746	784	0.8181818181818182	True
3746	524	0.7272727272727273	True
3746	2371	0.6363636363636364	False
3746	2610	0.5454545454545454	True
3746	333	0.45454545454545453	False
3746	767	0.36363636363636365	True
3746	12	0.2727272727272727	False
3746	809	0.18181818181818182	False
3746	3738	0.09090909090909091	False
5534	1393	0.9090909090909091	False
5534	767	0.8181818181818182	True
5534	3746	0.7272727272727273	True
5534	333	0.6363636363636364	False
5534	617	0.5454545454545454	True
5534	2371	0.45454545454545453	False
5534	3932	0.36363636363636365	True
5534	2594	0.2727272727272727	True
5534	2610	0.18181818181818182	True
5534	524	0.09090909090909091	True
5670	1393	0.9090909090909091	False
5670	3821	0.8181818181818182	True
5670	2371	0.7272727272727273	False
5670	2610	0.6363636363636364	True
5670	333	0.5454545454545454	False
5670	809	0.45454545454545453	False
5670	3738	0.36363636363636365	False
5670	1341	0.2727272727272727	True
5670	524	0.18181818181818182	True
5670	1704	0.09090909090909091	True
2802	1393	0.9090909090909091	False
2802	333	0.8181818181818182	False
2802	2371	0.7272727272727273	False
2802	3738	0.6363636363636364	False
2802	809	0.5454545454545454	False
2802	12	0.45454545454545453	False
2802	1704	0.36363636363636365	True
2802	3821	0.2727272727272727	True
2802	2610	0.18181818181818182	True
2802	2493	0.09090909090909091	True
739	1393	0.9090909090909091	False
739	12	0.8181818181818182	False
739	2371	0.7272727272727273	False
739	3821	0.6363636363636364	True
739	809	0.5454545454545454	False
739	524	0.45454545454545453	True
739	784	0.36363636363636365	True
739	3738	0.2727272727272727	False
739	3932	0.18181818181818182	True
739	1704	0.09090909090909091	True
2039	1393	0.9090909090909091	False
2039	12	0.8181818181818182	False
2039	617	0.7272727272727273	True
2039	3236	0.6363636363636364	True
2039	3821	0.5454545454545454	True
2039	809	0.45454545454545453	False
2039	524	0.36363636363636365	True
2039	333	0.2727272727272727	False
2039	2836	0.18181818181818182	True
2039	2594	0.09090909090909091	True
1508	1393	0.9090909090909091	False
1508	524	0.8181818181818182	True
1508	3746	0.7272727272727273	True
1508	2371	0.6363636363636364	False
1508	3738	0.5454545454545454	False
1508	809	0.45454545454545453	False
1508	767	0.36363636363636365	True
1508	3932	0.2727272727272727	True
1508	2594	0.18181818181818182	True
1508	333	0.09090909090909091	False
969	1393	0.9090909090909091	False
969	767	0.8181818181818182	True
969	2371	0.7272727272727273	False
969	2610	0.6363636363636364	True
969	1704	0.5454545454545454	True
969	3821	0.45454545454545453	True
969	784	0.36363636363636365	True
969	333	0.2727272727272727	False
969	3738	0.18181818181818182	False
969	809	0.09090909090909091	False
5598	1393	0.9090909090909091	False
5598	12	0.8181818181818182	False
5598	333	0.7272727272727273	False
5598	3738	0.6363636363636364	False
5598	524	0.5454545454545454	True
5598	2659	0.45454545454545453	True
5598	2371	0.36363636363636365	False
5598	809	0.2727272727272727	False
5598	3932	0.18181818181818182	True
5598	2594	0.09090909090909091	True
397	1393	0.9090909090909091	False
397	12	0.8181818181818182	False
397	333	0.7272727272727273	False
397	809	0.6363636363636364	False
397	3738	0.5454545454545454	False
397	524	0.45454545454545453	True
397	2659	0.36363636363636365	True
397	2594	0.2727272727272727	True
397	3932	0.18181818181818182	True
397	767	0.09090909090909091	True
1330	1393	0.9090909090909091	False
1330	333	0.8181818181818182	False
1330	2610	0.7272727272727273	True
1330	3738	0.6363636363636364	False
1330	12	0.5454545454545454	False
1330	524	0.45454545454545453	True
1330	423	0.36363636363636365	True
1330	767	0.2727272727272727	True
1330	784	0.18181818181818182	True
1330	809	0.09090909090909091	False
4507	1393	0.9090909090909091	False
4507	3738	0.8181818181818182	False
4507	12	0.7272727272727273	False
4507	809	0.6363636363636364	False
4507	784	0.5454545454545454	True
4507	2610	0.45454545454545453	True
4507	3821	0.36363636363636365	True
4507	2371	0.2727272727272727	False
4507	617	0.18181818181818182	True
4507	3746	0.09090909090909091	True
1460	1393	0.9090909090909091	False
1460	524	0.8181818181818182	True
1460	809	0.7272727272727273	False
1460	1341	0.6363636363636364	True
1460	767	0.5454545454545454	True
1460	2610	0.45454545454545453	True
1460	3821	0.36363636363636365	True
1460	3746	0.2727272727272727	True
1460	3236	0.18181818181818182	True
1460	333	0.09090909090909091	False
5066	809	0.9090909090909091	False
5066	1393	0.8181818181818182	False
5066	767	0.7272727272727273	True
5066	3236	0.6363636363636364	True
5066	423	0.5454545454545454	True
5066	3746	0.45454545454545453	True
5066	12	0.36363636363636365	False
5066	2371	0.2727272727272727	False
5066	333	0.18181818181818182	False
5066	1704	0.09090909090909091	True
4439	1393	0.9090909090909091	False
4439	1704	0.8181818181818182	True
4439	784	0.7272727272727273	True
4439	524	0.6363636363636364	True
4439	423	0.5454545454545454	True
4439	3746	0.45454545454545453	True
4439	809	0.36363636363636365	False
4439	3821	0.2727272727272727	True
4439	2371	0.18181818181818182	False
4439	333	0.09090909090909091	False
1777	1393	0.9090909090909091	False
1777	809	0.8181818181818182	False
1777	333	0.7272727272727273	False
1777	12	0.6363636363636364	False
1777	2659	0.5454545454545454	True
1777	767	0.45454545454545453	True
1777	2493	0.36363636363636365	True
1777	1704	0.2727272727272727	True
1777	3746	0.18181818181818182	True
1777	2371	0.09090909090909091	False
4113	1393	0.9090909090909091	False
4113	3821	0.8181818181818182	True
4113	809	0.7272727272727273	False
4113	2371	0.6363636363636364	False
4113	767	0.5454545454545454	True
4113	333	0.45454545454545453	False
4113	1704	0.36363636363636365	True
4113	2610	0.2727272727272727	True
4113	524	0.18181818181818182	True
4113	1455	0.09090909090909091	True
1076	1393	0.9090909090909091	False
1076	12	0.8181818181818182	False
1076	333	0.7272727272727273	False
1076	3738	0.6363636363636364	False
1076	2610	0.5454545454545454	True
1076	2493	0.45454545454545453	True
1076	3197	0.36363636363636365	True
1076	3821	0.2727272727272727	True
1076	3236	0.18181818181818182	True
1076	1672	0.09090909090909091	True
3299	1393	0.9090909090909091	False
3299	2371	0.8181818181818182	False
3299	1704	0.7272727272727273	True
3299	2610	0.6363636363636364	True
3299	617	0.5454545454545454	True
3299	3738	0.45454545454545453	False
3299	333	0.36363636363636365	False
3299	2594	0.2727272727272727	True
3299	809	0.18181818181818182	False
3299	3821	0.09090909090909091	True
400	1393	0.9090909090909091	False
400	2371	0.8181818181818182	False
400	617	0.7272727272727273	True
400	3738	0.6363636363636364	False
400	767	0.5454545454545454	True
400	2594	0.45454545454545453	True
400	2610	0.36363636363636365	True
400	809	0.2727272727272727	False
400	12	0.18181818181818182	False
400	3932	0.09090909090909091	True
6008	1393	0.9090909090909091	False
6008	333	0.8181818181818182	False
6008	3821	0.7272727272727273	True
6008	1704	0.6363636363636364	True
6008	3746	0.5454545454545454	True
6008	784	0.45454545454545453	True
6008	3738	0.36363636363636365	False
6008	809	0.2727272727272727	False
6008	12	0.18181818181818182	False
6008	767	0.09090909090909091	True
5465	1393	0.9090909090909091	False
5465	333	0.8181818181818182	False
5465	809	0.7272727272727273	False
5465	2371	0.6363636363636364	False
5465	3821	0.5454545454545454	True
5465	767	0.45454545454545453	True
5465	3738	0.36363636363636365	False
5465	3746	0.2727272727272727	True
5465	1704	0.18181818181818182	True
5465	524	0.09090909090909091	True
4269	1393	0.9090909090909091	False
4269	2371	0.8181818181818182	False
4269	2610	0.7272727272727273	True
4269	809	0.6363636363636364	False
4269	3821	0.5454545454545454	True
4269	3738	0.45454545454545453	False
4269	617	0.36363636363636365	True
4269	333	0.2727272727272727	False
4269	1704	0.18181818181818182	True
4269	524	0.09090909090909091	True
1497	1393	0.9090909090909091	False
1497	767	0.8181818181818182	True
1497	809	0.7272727272727273	False
1497	333	0.6363636363636364	False
1497	2610	0.5454545454545454	True
1497	3821	0.45454545454545453	True
1497	12	0.36363636363636365	False
1497	2371	0.2727272727272727	False
1497	524	0.18181818181818182	True
1497	3738	0.09090909090909091	False
4885	1393	0.9090909090909091	False
4885	2371	0.8181818181818182	False
4885	2610	0.7272727272727273	True
4885	3738	0.6363636363636364	False
4885	784	0.5454545454545454	True
4885	617	0.45454545454545453	True
4885	1704	0.36363636363636365	True
4885	2594	0.2727272727272727	True
4885	2493	0.18181818181818182	True
4885	3821	0.09090909090909091	True
4603	1393	0.9090909090909091	False
4603	333	0.8181818181818182	False
4603	2610	0.7272727272727273	True
4603	767	0.6363636363636364	True
4603	2371	0.5454545454545454	False
4603	12	0.45454545454545453	False
4603	3738	0.36363636363636365	False
4603	784	0.2727272727272727	True
4603	1704	0.18181818181818182	True
4603	1341	0.09090909090909091	True
1803	1393	0.9090909090909091	False
1803	809	0.8181818181818182	False
1803	333	0.7272727272727273	False
1803	3746	0.6363636363636364	True
1803	767	0.5454545454545454	True
1803	3932	0.45454545454545453	True
1803	617	0.36363636363636365	True
1803	1704	0.2727272727272727	True
1803	524	0.18181818181818182	True
1803	12	0.09090909090909091	False
1852	1393	0.9090909090909091	False
1852	1704	0.8181818181818182	True
1852	767	0.7272727272727273	True
1852	617	0.6363636363636364	True
1852	2371	0.5454545454545454	False
1852	2610	0.45454545454545453	True
1852	809	0.36363636363636365	False
1852	3821	0.2727272727272727	True
1852	333	0.18181818181818182	False
1852	524	0.09090909090909091	True
2444	1393	0.9090909090909091	False
2444	3738	0.8181818181818182	False
2444	333	0.7272727272727273	False
2444	12	0.6363636363636364	False
2444	809	0.5454545454545454	False
2444	3821	0.45454545454545453	True
2444	2371	0.36363636363636365	False
2444	2610	0.2727272727272727	True
2444	2659	0.18181818181818182	True
2444	524	0.09090909090909091	True
4936	1393	0.9090909090909091	False
4936	767	0.8181818181818182	True
4936	809	0.7272727272727273	False
4936	2371	0.6363636363636364	False
4936	333	0.5454545454545454	False
4936	3821	0.45454545454545453	True
4936	3738	0.36363636363636365	False
4936	3197	0.2727272727272727	True
4936	1704	0.18181818181818182	True
4936	2610	0.09090909090909091	True
2906	1393	0.9090909090909091	False
2906	809	0.8181818181818182	False
2906	524	0.7272727272727273	True
2906	767	0.6363636363636364	True
2906	12	0.5454545454545454	False
2906	2371	0.45454545454545453	False
2906	3821	0.36363636363636365	True
2906	3738	0.2727272727272727	False
2906	784	0.18181818181818182	True
2906	1704	0.09090909090909091	True
4545	1393	0.9090909090909091	False
4545	333	0.8181818181818182	False
4545	12	0.7272727272727273	False
4545	3821	0.6363636363636364	True
4545	2610	0.5454545454545454	True
4545	524	0.45454545454545453	True
4545	3236	0.36363636363636365	True
4545	809	0.2727272727272727	False
4545	3738	0.18181818181818182	False
4545	3197	0.09090909090909091	True
5992	1393	0.9090909090909091	False
5992	12	0.8181818181818182	False
5992	3738	0.7272727272727273	False
5992	3821	0.6363636363636364	True
5992	333	0.5454545454545454	False
5992	2371	0.45454545454545453	False
5992	524	0.36363636363636365	True
5992	2610	0.2727272727272727	True
5992	2594	0.18181818181818182	True
5992	809	0.09090909090909091	False
5064	1393	0.9090909090909091	False
5064	3738	0.8181818181818182	False
5064	12	0.7272727272727273	False
5064	3932	0.6363636363636364	True
5064	460	0.5454545454545454	True
5064	2371	0.45454545454545453	False
5064	1341	0.36363636363636365	True
5064	524	0.2727272727272727	True
5064	2610	0.18181818181818182	True
5064	1455	0.09090909090909091	True
2163	1393	0.9090909090909091	False
2163	524	0.8181818181818182	True
2163	767	0.7272727272727273	True
2163	809	0.6363636363636364	False
2163	2371	0.5454545454545454	False
2163	3821	0.45454545454545453	True
2163	784	0.36363636363636365	True
2163	3738	0.2727272727272727	False
2163	2594	0.18181818181818182	True
2163	333	0.09090909090909091	False
2068	1393	0.9090909090909091	False
2068	2371	0.8181818181818182	False
2068	3821	0.7272727272727273	True
2068	809	0.6363636363636364	False
2068	1704	0.5454545454545454	True
2068	2610	0.45454545454545453	True
2068	784	0.36363636363636365	True
2068	767	0.2727272727272727	True
2068	3746	0.18181818181818182	True
2068	333	0.09090909090909091	False
1325	1393	0.9090909090909091	False
1325	2371	0.8181818181818182	False
1325	767	0.7272727272727273	True
1325	784	0.6363636363636364	True
1325	3738	0.5454545454545454	False
1325	3821	0.45454545454545453	True
1325	1704	0.36363636363636365	True
1325	809	0.2727272727272727	False
1325	2610	0.18181818181818182	True
1325	3197	0.09090909090909091	True
3994	1393	0.9090909090909091	False
3994	2371	0.8181818181818182	False
3994	3738	0.7272727272727273	False
3994	767	0.6363636363636364	True
3994	2594	0.5454545454545454	True
3994	524	0.45454545454545453	True
3994	617	0.36363636363636365	True
3994	333	0.2727272727272727	False
3994	1455	0.18181818181818182	True
3994	784	0.09090909090909091	True
5706	1393	0.9090909090909091	False
5706	3738	0.8181818181818182	False
5706	2371	0.7272727272727273	False
5706	767	0.6363636363636364	True
5706	809	0.5454545454545454	False
5706	3746	0.45454545454545453	True
5706	617	0.36363636363636365	True
5706	333	0.2727272727272727	False
5706	2659	0.18181818181818182	True
5706	12	0.09090909090909091	False
3128	1393	0.9090909090909091	False
3128	1341	0.8181818181818182	True
3128	809	0.7272727272727273	False
3128	2610	0.6363636363636364	True
3128	1704	0.5454545454545454	True
3128	617	0.45454545454545453	True
3128	3236	0.36363636363636365	True
3128	2371	0.2727272727272727	False
3128	3821	0.18181818181818182	True
3128	3746	0.09090909090909091	True
1860	1393	0.9090909090909091	False
1860	3738	0.8181818181818182	False
1860	2371	0.7272727272727273	False
1860	1341	0.6363636363636364	True
1860	3236	0.5454545454545454	True
1860	524	0.45454545454545453	True
1860	2610	0.36363636363636365	True
1860	3821	0.2727272727272727	True
1860	3197	0.18181818181818182	True
1860	617	0.09090909090909091	True
849	1393	0.9090909090909091	False
849	617	0.8181818181818182	True
849	3821	0.7272727272727273	True
849	1341	0.6363636363636364	True
849	2371	0.5454545454545454	False
849	2610	0.45454545454545453	True
849	1455	0.36363636363636365	True
849	3236	0.2727272727272727	True
849	3738	0.18181818181818182	False
849	2594	0.09090909090909091	True
1292	1393	0.9090909090909091	False
1292	333	0.8181818181818182	False
1292	3746	0.7272727272727273	True
1292	2371	0.6363636363636364	False
1292	767	0.5454545454545454	True
1292	617	0.45454545454545453	True
1292	3738	0.36363636363636365	False
1292	524	0.2727272727272727	True
1292	1704	0.18181818181818182	True
1292	784	0.09090909090909091	True
2384	1393	0.9090909090909091	False
2384	3738	0.8181818181818182	False
2384	1455	0.7272727272727273	True
2384	12	0.6363636363636364	False
2384	1341	0.5454545454545454	True
2384	809	0.45454545454545453	False
2384	2610	0.36363636363636365	True
2384	3821	0.2727272727272727	True
2384	3932	0.18181818181818182	True
2384	2371	0.09090909090909091	False
1475	1393	0.9090909090909091	False
1475	2371	0.8181818181818182	False
1475	3738	0.7272727272727273	False
1475	767	0.6363636363636364	True
1475	617	0.5454545454545454	True
1475	1704	0.45454545454545453	True
1475	2610	0.36363636363636365	True
1475	333	0.2727272727272727	False
1475	3821	0.18181818181818182	True
1475	809	0.09090909090909091	False
4114	1393	0.9090909090909091	False
4114	2610	0.8181818181818182	True
4114	333	0.7272727272727273	False
4114	12	0.6363636363636364	False
4114	2493	0.5454545454545454	True
4114	809	0.45454545454545453	False
4114	3738	0.36363636363636365	False
4114	524	0.2727272727272727	True
4114	2371	0.18181818181818182	False
4114	3821	0.09090909090909091	True
5851	1393	0.9090909090909091	False
5851	617	0.8181818181818182	True
5851	2371	0.7272727272727273	False
5851	12	0.6363636363636364	False
5851	2610	0.5454545454545454	True
5851	3738	0.45454545454545453	False
5851	333	0.36363636363636365	False
5851	2594	0.2727272727272727	True
5851	767	0.18181818181818182	True
5851	3821	0.09090909090909091	True
5578	1393	0.9090909090909091	False
5578	2610	0.8181818181818182	True
5578	3738	0.7272727272727273	False
5578	2371	0.6363636363636364	False
5578	1704	0.5454545454545454	True
5578	333	0.45454545454545453	False
5578	3821	0.36363636363636365	True
5578	784	0.2727272727272727	True
5578	617	0.18181818181818182	True
5578	2594	0.09090909090909091	True
1518	1393	0.9090909090909091	False
1518	2610	0.8181818181818182	True
1518	2371	0.7272727272727273	False
1518	3738	0.6363636363636364	False
1518	617	0.5454545454545454	True
1518	767	0.45454545454545453	True
1518	12	0.36363636363636365	False
1518	1704	0.2727272727272727	True
1518	2594	0.18181818181818182	True
1518	333	0.09090909090909091	False
3108	1393	0.9090909090909091	False
3108	333	0.8181818181818182	False
3108	2610	0.7272727272727273	True
3108	12	0.6363636363636364	False
3108	2371	0.5454545454545454	False
3108	3821	0.45454545454545453	True
3108	809	0.36363636363636365	False
3108	524	0.2727272727272727	True
3108	767	0.18181818181818182	True
3108	2594	0.09090909090909091	True
3337	1393	0.9090909090909091	False
3337	767	0.8181818181818182	True
3337	2610	0.7272727272727273	True
3337	2371	0.6363636363636364	False
3337	333	0.5454545454545454	False
3337	1704	0.45454545454545453	True
3337	3821	0.36363636363636365	True
3337	617	0.2727272727272727	True
3337	784	0.18181818181818182	True
3337	12	0.09090909090909091	False
1371	1393	0.9090909090909091	False
1371	333	0.8181818181818182	False
1371	12	0.7272727272727273	False
1371	3821	0.6363636363636364	True
1371	809	0.5454545454545454	False
1371	2371	0.45454545454545453	False
1371	3738	0.36363636363636365	False
1371	2493	0.2727272727272727	True
1371	784	0.18181818181818182	True
1371	1704	0.09090909090909091	True
2922	1393	0.9090909090909091	False
2922	2610	0.8181818181818182	True
2922	3738	0.7272727272727273	False
2922	12	0.6363636363636364	False
2922	2371	0.5454545454545454	False
2922	3236	0.45454545454545453	True
2922	3821	0.36363636363636365	True
2922	333	0.2727272727272727	False
2922	524	0.18181818181818182	True
2922	784	0.09090909090909091	True
3762	1393	0.9090909090909091	False
3762	12	0.8181818181818182	False
3762	3738	0.7272727272727273	False
3762	617	0.6363636363636364	True
3762	809	0.5454545454545454	False
3762	2371	0.45454545454545453	False
3762	2594	0.36363636363636365	True
3762	784	0.2727272727272727	True
3762	2659	0.18181818181818182	True
3762	1704	0.09090909090909091	True
2219	1393	0.9090909090909091	False
2219	2493	0.8181818181818182	True
2219	12	0.7272727272727273	False
2219	2594	0.6363636363636364	True
2219	333	0.5454545454545454	False
2219	2371	0.45454545454545453	False
2219	3932	0.36363636363636365	True
2219	2610	0.2727272727272727	True
2219	767	0.18181818181818182	True
2219	809	0.09090909090909091	False
5527	1393	0.9090909090909091	False
5527	2610	0.8181818181818182	True
5527	3738	0.7272727272727273	False
5527	1704	0.6363636363636364	True
5527	617	0.5454545454545454	True
5527	2371	0.45454545454545453	False
5527	333	0.36363636363636365	False
5527	423	0.2727272727272727	True
5527	2659	0.18181818181818182	True
5527	3746	0.09090909090909091	True
2661	1393	0.9090909090909091	False
2661	3738	0.8181818181818182	False
2661	2610	0.7272727272727273	True
2661	333	0.6363636363636364	False
2661	12	0.5454545454545454	False
2661	809	0.45454545454545453	False
2661	3746	0.36363636363636365	True
2661	423	0.2727272727272727	True
2661	2371	0.18181818181818182	False
2661	1704	0.09090909090909091	True
1967	1393	0.9090909090909091	False
1967	2610	0.8181818181818182	True
1967	12	0.7272727272727273	False
1967	524	0.6363636363636364	True
1967	333	0.5454545454545454	False
1967	3821	0.45454545454545453	True
1967	3738	0.36363636363636365	False
1967	2493	0.2727272727272727	True
1967	2594	0.18181818181818182	True
1967	809	0.09090909090909091	False
637	1393	0.9090909090909091	False
637	809	0.8181818181818182	False
637	767	0.7272727272727273	True
637	524	0.6363636363636364	True
637	3738	0.5454545454545454	False
637	2371	0.45454545454545453	False
637	3746	0.36363636363636365	True
637	617	0.2727272727272727	True
637	784	0.18181818181818182	True
637	3821	0.09090909090909091	True
3938	1393	0.9090909090909091	False
3938	12	0.8181818181818182	False
3938	2610	0.7272727272727273	True
3938	2493	0.6363636363636364	True
3938	524	0.5454545454545454	True
3938	809	0.45454545454545453	False
3938	1704	0.36363636363636365	True
3938	333	0.2727272727272727	False
3938	3738	0.18181818181818182	False
3938	2683	0.09090909090909091	True
4429	1393	0.9090909090909091	False
4429	2371	0.8181818181818182	False
4429	767	0.7272727272727273	True
4429	2610	0.6363636363636364	True
4429	809	0.5454545454545454	False
4429	3738	0.45454545454545453	False
4429	1704	0.36363636363636365	True
4429	524	0.2727272727272727	True
4429	333	0.18181818181818182	False
4429	12	0.09090909090909091	False
181	1393	0.9090909090909091	False
181	3738	0.8181818181818182	False
181	2371	0.7272727272727273	False
181	809	0.6363636363636364	False
181	12	0.5454545454545454	False
181	3932	0.45454545454545453	True
181	784	0.36363636363636365	True
181	524	0.2727272727272727	True
181	767	0.18181818181818182	True
181	2594	0.09090909090909091	True
2803	1393	0.9090909090909091	False
2803	12	0.8181818181818182	False
2803	809	0.7272727272727273	False
2803	524	0.6363636363636364	True
2803	3738	0.5454545454545454	False
2803	1341	0.45454545454545453	True
2803	3821	0.36363636363636365	True
2803	2392	0.2727272727272727	True
2803	1455	0.18181818181818182	True
2803	3932	0.09090909090909091	True
2714	1393	0.9090909090909091	False
2714	617	0.8181818181818182	True
2714	3738	0.7272727272727273	False
2714	767	0.6363636363636364	True
2714	12	0.5454545454545454	False
2714	524	0.45454545454545453	True
2714	809	0.36363636363636365	False
2714	2610	0.2727272727272727	True
2714	3746	0.18181818181818182	True
2714	3821	0.09090909090909091	True
3833	1393	0.9090909090909091	False
3833	12	0.8181818181818182	False
3833	2683	0.7272727272727273	True
3833	2594	0.6363636363636364	True
3833	2493	0.5454545454545454	True
3833	3821	0.45454545454545453	True
3833	333	0.36363636363636365	False
3833	3197	0.2727272727272727	True
3833	809	0.18181818181818182	False
3833	2371	0.09090909090909091	False
4026	1393	0.9090909090909091	False
4026	3821	0.8181818181818182	True
4026	12	0.7272727272727273	False
4026	333	0.6363636363636364	False
4026	2610	0.5454545454545454	True
4026	617	0.45454545454545453	True
4026	2371	0.36363636363636365	False
4026	809	0.2727272727272727	False
4026	524	0.18181818181818182	True
4026	767	0.09090909090909091	True
5476	1393	0.9090909090909091	False
5476	333	0.8181818181818182	False
5476	767	0.7272727272727273	True
5476	809	0.6363636363636364	False
5476	3738	0.5454545454545454	False
5476	3746	0.45454545454545453	True
5476	2610	0.36363636363636365	True
5476	784	0.2727272727272727	True
5476	2493	0.18181818181818182	True
5476	2000	0.09090909090909091	True
2784	1393	0.9090909090909091	False
2784	12	0.8181818181818182	False
2784	784	0.7272727272727273	True
2784	3738	0.6363636363636364	False
2784	767	0.5454545454545454	True
2784	3932	0.45454545454545453	True
2784	524	0.36363636363636365	True
2784	2594	0.2727272727272727	True
2784	2371	0.18181818181818182	False
2784	333	0.09090909090909091	False
746	1393	0.9090909090909091	False
746	809	0.8181818181818182	False
746	12	0.7272727272727273	False
746	524	0.6363636363636364	True
746	3738	0.5454545454545454	False
746	2594	0.45454545454545453	True
746	2610	0.36363636363636365	True
746	617	0.2727272727272727	True
746	2371	0.18181818181818182	False
746	2493	0.09090909090909091	True
404	1393	0.9090909090909091	False
404	3738	0.8181818181818182	False
404	2610	0.7272727272727273	True
404	617	0.6363636363636364	True
404	12	0.5454545454545454	False
404	333	0.45454545454545453	False
404	2594	0.36363636363636365	True
404	3932	0.2727272727272727	True
404	2493	0.18181818181818182	True
404	2371	0.09090909090909091	False
4570	1393	0.9090909090909091	False
4570	333	0.8181818181818182	False
4570	2610	0.7272727272727273	True
4570	3738	0.6363636363636364	False
4570	12	0.5454545454545454	False
4570	784	0.45454545454545453	True
4570	1704	0.36363636363636365	True
4570	2371	0.2727272727272727	False
4570	2493	0.18181818181818182	True
4570	3821	0.09090909090909091	True
1651	1393	0.9090909090909091	False
1651	2610	0.8181818181818182	True
1651	3738	0.7272727272727273	False
1651	333	0.6363636363636364	False
1651	2493	0.5454545454545454	True
1651	12	0.45454545454545453	False
1651	2836	0.36363636363636365	True
1651	617	0.2727272727272727	True
1651	3932	0.18181818181818182	True
1651	1672	0.09090909090909091	True
3781	1393	0.9090909090909091	False
3781	2493	0.8181818181818182	True
3781	333	0.7272727272727273	False
3781	2610	0.6363636363636364	True
3781	2683	0.5454545454545454	True
3781	767	0.45454545454545453	True
3781	3197	0.36363636363636365	True
3781	2371	0.2727272727272727	False
3781	809	0.18181818181818182	False
3781	3821	0.09090909090909091	True
1945	1393	0.9090909090909091	False
1945	12	0.8181818181818182	False
1945	2610	0.7272727272727273	True
1945	333	0.6363636363636364	False
1945	767	0.5454545454545454	True
1945	809	0.45454545454545453	False
1945	3821	0.36363636363636365	True
1945	2683	0.2727272727272727	True
1945	2493	0.18181818181818182	True
1945	2594	0.09090909090909091	True
5846	1393	0.9090909090909091	False
5846	3821	0.8181818181818182	True
5846	809	0.7272727272727273	False
5846	524	0.6363636363636364	True
5846	2371	0.5454545454545454	False
5846	1455	0.45454545454545453	True
5846	12	0.36363636363636365	False
5846	333	0.2727272727272727	False
5846	3738	0.18181818181818182	False
5846	617	0.09090909090909091	True
4247	1393	0.9090909090909091	False
4247	3746	0.8181818181818182	True
4247	3932	0.7272727272727273	True
4247	2493	0.6363636363636364	True
4247	3738	0.5454545454545454	False
4247	333	0.45454545454545453	False
4247	2610	0.36363636363636365	True
4247	2371	0.2727272727272727	False
4247	809	0.18181818181818182	False
4247	12	0.09090909090909091	False
439	1393	0.9090909090909091	False
439	3821	0.8181818181818182	True
439	809	0.7272727272727273	False
439	333	0.6363636363636364	False
439	3738	0.5454545454545454	False
439	12	0.45454545454545453	False
439	2610	0.36363636363636365	True
439	2493	0.2727272727272727	True
439	617	0.18181818181818182	True
439	1455	0.09090909090909091	True
2209	1393	0.9090909090909091	False
2209	333	0.8181818181818182	False
2209	12	0.7272727272727273	False
2209	524	0.6363636363636364	True
2209	809	0.5454545454545454	False
2209	2610	0.45454545454545453	True
2209	3236	0.36363636363636365	True
2209	3821	0.2727272727272727	True
2209	3738	0.18181818181818182	False
2209	1341	0.09090909090909091	True
1953	1393	0.9090909090909091	False
1953	2371	0.8181818181818182	False
1953	1704	0.7272727272727273	True
1953	617	0.6363636363636364	True
1953	3821	0.5454545454545454	True
1953	3746	0.45454545454545453	True
1953	784	0.36363636363636365	True
1953	333	0.2727272727272727	False
1953	3738	0.18181818181818182	False
1953	524	0.09090909090909091	True
2974	1393	0.9090909090909091	False
2974	333	0.8181818181818182	False
2974	524	0.7272727272727273	True
2974	767	0.6363636363636364	True
2974	2371	0.5454545454545454	False
2974	12	0.45454545454545453	False
2974	2659	0.36363636363636365	True
2974	3738	0.2727272727272727	False
2974	2610	0.18181818181818182	True
2974	809	0.09090909090909091	False
5405	1393	0.9090909090909091	False
5405	617	0.8181818181818182	True
5405	2493	0.7272727272727273	True
5405	3932	0.6363636363636364	True
5405	3746	0.5454545454545454	True
5405	12	0.45454545454545453	False
5405	767	0.36363636363636365	True
5405	2371	0.2727272727272727	False
5405	809	0.18181818181818182	False
5405	2594	0.09090909090909091	True
5830	1393	0.9090909090909091	False
5830	2371	0.8181818181818182	False
5830	3821	0.7272727272727273	True
5830	3738	0.6363636363636364	False
5830	3197	0.5454545454545454	True
5830	333	0.45454545454545453	False
5830	2000	0.36363636363636365	True
5830	1704	0.2727272727272727	True
5830	617	0.18181818181818182	True
5830	12	0.09090909090909091	False
5911	1393	0.9090909090909091	False
5911	12	0.8181818181818182	False
5911	809	0.7272727272727273	False
5911	333	0.6363636363636364	False
5911	3738	0.5454545454545454	False
5911	524	0.45454545454545453	True
5911	3821	0.36363636363636365	True
5911	2493	0.2727272727272727	True
5911	2371	0.18181818181818182	False
5911	617	0.09090909090909091	True
3573	1393	0.9090909090909091	False
3573	333	0.8181818181818182	False
3573	3746	0.7272727272727273	True
3573	809	0.6363636363636364	False
3573	3738	0.5454545454545454	False
3573	2371	0.45454545454545453	False
3573	423	0.36363636363636365	True
3573	3236	0.2727272727272727	True
3573	2610	0.18181818181818182	True
3573	617	0.09090909090909091	True
2298	1393	0.9090909090909091	False
2298	2371	0.8181818181818182	False
2298	1704	0.7272727272727273	True
2298	2610	0.6363636363636364	True
2298	2589	0.5454545454545454	True
2298	617	0.45454545454545453	True
2298	333	0.36363636363636365	False
2298	3821	0.2727272727272727	True
2298	3738	0.18181818181818182	False
2298	524	0.09090909090909091	True
1490	1393	0.9090909090909091	False
1490	2610	0.8181818181818182	True
1490	3746	0.7272727272727273	True
1490	767	0.6363636363636364	True
1490	809	0.5454545454545454	False
1490	3738	0.45454545454545453	False
1490	524	0.36363636363636365	True
1490	333	0.2727272727272727	False
1490	617	0.18181818181818182	True
1490	1341	0.09090909090909091	True
1193	1393	0.9090909090909091	False
1193	12	0.8181818181818182	False
1193	3738	0.7272727272727273	False
1193	809	0.6363636363636364	False
1193	333	0.5454545454545454	False
1193	767	0.45454545454545453	True
1193	524	0.36363636363636365	True
1193	2594	0.2727272727272727	True
1193	3821	0.18181818181818182	True
1193	2610	0.09090909090909091	True
3138	1393	0.9090909090909091	False
3138	12	0.8181818181818182	False
3138	809	0.7272727272727273	False
3138	2371	0.6363636363636364	False
3138	524	0.5454545454545454	True
3138	3738	0.45454545454545453	False
3138	1455	0.36363636363636365	True
3138	784	0.2727272727272727	True
3138	3821	0.18181818181818182	True
3138	3932	0.09090909090909091	True
2050	1393	0.9090909090909091	False
2050	2371	0.8181818181818182	False
2050	3738	0.7272727272727273	False
2050	333	0.6363636363636364	False
2050	1704	0.5454545454545454	True
2050	2610	0.45454545454545453	True
2050	3746	0.36363636363636365	True
2050	3932	0.2727272727272727	True
2050	809	0.18181818181818182	False
2050	3236	0.09090909090909091	True
984	1393	0.9090909090909091	False
984	12	0.8181818181818182	False
984	2610	0.7272727272727273	True
984	333	0.6363636363636364	False
984	3738	0.5454545454545454	False
984	524	0.45454545454545453	True
984	3932	0.36363636363636365	True
984	2836	0.2727272727272727	True
984	617	0.18181818181818182	True
984	2493	0.09090909090909091	True
4514	1393	0.9090909090909091	False
4514	3932	0.8181818181818182	True
4514	3738	0.7272727272727273	False
4514	333	0.6363636363636364	False
4514	12	0.5454545454545454	False
4514	524	0.45454545454545453	True
4514	3236	0.36363636363636365	True
4514	3746	0.2727272727272727	True
4514	2371	0.18181818181818182	False
4514	809	0.09090909090909091	False
2073	1393	0.9090909090909091	False
2073	809	0.8181818181818182	False
2073	1704	0.7272727272727273	True
2073	1455	0.6363636363636364	True
2073	333	0.5454545454545454	False
2073	2610	0.45454545454545453	True
2073	3746	0.36363636363636365	True
2073	3821	0.2727272727272727	True
2073	524	0.18181818181818182	True
2073	1341	0.09090909090909091	True
3736	1393	0.9090909090909091	False
3736	809	0.8181818181818182	False
3736	3738	0.7272727272727273	False
3736	12	0.6363636363636364	False
3736	524	0.5454545454545454	True
3736	3821	0.45454545454545453	True
3736	2371	0.36363636363636365	False
3736	784	0.2727272727272727	True
3736	333	0.18181818181818182	False
3736	767	0.09090909090909091	True
