3295	1620	0.9090909090909091	False
3295	1217	0.8181818181818182	False
3295	926	0.7272727272727273	True
3295	1672	0.6363636363636364	True
3295	614	0.5454545454545454	False
3295	1715	0.45454545454545453	True
3295	3316	0.36363636363636365	False
3295	2861	0.2727272727272727	False
3295	505	0.18181818181818182	True
3295	3304	0.09090909090909091	True
2077	3316	0.9090909090909091	False
2077	505	0.8181818181818182	True
2077	1672	0.7272727272727273	True
2077	3919	0.6363636363636364	True
2077	1217	0.5454545454545454	False
2077	926	0.45454545454545453	True
2077	2242	0.36363636363636365	True
2077	2861	0.2727272727272727	False
2077	3055	0.18181818181818182	True
2077	3304	0.09090909090909091	True
2399	614	0.9090909090909091	False
2399	2861	0.8181818181818182	False
2399	1217	0.7272727272727273	False
2399	3316	0.6363636363636364	False
2399	3055	0.5454545454545454	True
2399	505	0.45454545454545453	True
2399	926	0.36363636363636365	True
2399	1715	0.2727272727272727	True
2399	1620	0.18181818181818182	False
2399	2105	0.09090909090909091	True
2711	3055	0.9090909090909091	True
2711	2861	0.8181818181818182	False
2711	614	0.7272727272727273	False
2711	1715	0.6363636363636364	True
2711	505	0.5454545454545454	True
2711	2354	0.45454545454545453	True
2711	1217	0.36363636363636365	False
2711	3316	0.2727272727272727	False
2711	2105	0.18181818181818182	True
2711	1620	0.09090909090909091	False
561	1217	0.9090909090909091	False
561	2861	0.8181818181818182	False
561	614	0.7272727272727273	False
561	3316	0.6363636363636364	False
561	1715	0.5454545454545454	True
561	1672	0.45454545454545453	True
561	3055	0.36363636363636365	True
561	505	0.2727272727272727	True
561	926	0.18181818181818182	True
561	3304	0.09090909090909091	True
36	926	0.9090909090909091	True
36	2861	0.8181818181818182	False
36	3304	0.7272727272727273	True
36	3316	0.6363636363636364	False
36	1217	0.5454545454545454	False
36	1620	0.45454545454545453	False
36	614	0.36363636363636365	False
36	1715	0.2727272727272727	True
36	1672	0.18181818181818182	True
36	3919	0.09090909090909091	True
2801	1620	0.9090909090909091	False
2801	3316	0.8181818181818182	False
2801	614	0.7272727272727273	False
2801	2861	0.6363636363636364	False
2801	1715	0.5454545454545454	True
2801	1217	0.45454545454545453	False
2801	926	0.36363636363636365	True
2801	1672	0.2727272727272727	True
2801	505	0.18181818181818182	True
2801	2242	0.09090909090909091	True
4376	614	0.9090909090909091	False
4376	1620	0.8181818181818182	False
4376	1217	0.7272727272727273	False
4376	926	0.6363636363636364	True
4376	2861	0.5454545454545454	False
4376	1672	0.45454545454545453	True
4376	1715	0.36363636363636365	True
4376	3316	0.2727272727272727	False
4376	505	0.18181818181818182	True
4376	2242	0.09090909090909091	True
3633	614	0.9090909090909091	False
3633	2861	0.8181818181818182	False
3633	1672	0.7272727272727273	True
3633	3316	0.6363636363636364	False
3633	1217	0.5454545454545454	False
3633	1620	0.45454545454545453	False
3633	926	0.36363636363636365	True
3633	1715	0.2727272727272727	True
3633	505	0.18181818181818182	True
3633	3055	0.09090909090909091	True
4700	1217	0.9090909090909091	False
4700	505	0.8181818181818182	True
4700	614	0.7272727272727273	False
4700	2861	0.6363636363636364	False
4700	3316	0.5454545454545454	False
4700	1620	0.45454545454545453	False
4700	926	0.36363636363636365	True
4700	1715	0.2727272727272727	True
4700	2242	0.18181818181818182	True
4700	1672	0.09090909090909091	True
1931	1620	0.9090909090909091	False
1931	614	0.8181818181818182	False
1931	926	0.7272727272727273	True
1931	2861	0.6363636363636364	False
1931	1672	0.5454545454545454	True
1931	1715	0.45454545454545453	True
1931	3316	0.36363636363636365	False
1931	1217	0.2727272727272727	False
1931	505	0.18181818181818182	True
1931	2242	0.09090909090909091	True
3717	1620	0.9090909090909091	False
3717	1715	0.8181818181818182	True
3717	1217	0.7272727272727273	False
3717	926	0.6363636363636364	True
3717	3316	0.5454545454545454	False
3717	2861	0.45454545454545453	False
3717	614	0.36363636363636365	False
3717	505	0.2727272727272727	True
3717	1672	0.18181818181818182	True
3717	3304	0.09090909090909091	True
2843	1715	0.9090909090909091	True
2843	614	0.8181818181818182	False
2843	1620	0.7272727272727273	False
2843	2861	0.6363636363636364	False
2843	1672	0.5454545454545454	True
2843	3316	0.45454545454545453	False
2843	1217	0.36363636363636365	False
2843	926	0.2727272727272727	True
2843	3055	0.18181818181818182	True
2843	505	0.09090909090909091	True
5110	3316	0.9090909090909091	False
5110	1217	0.8181818181818182	False
5110	2861	0.7272727272727273	False
5110	614	0.6363636363636364	False
5110	2242	0.5454545454545454	True
5110	1620	0.45454545454545453	False
5110	2105	0.36363636363636365	True
5110	1672	0.2727272727272727	True
5110	926	0.18181818181818182	True
5110	3304	0.09090909090909091	True
1507	2861	0.9090909090909091	False
1507	3316	0.8181818181818182	False
1507	1217	0.7272727272727273	False
1507	505	0.6363636363636364	True
1507	1620	0.5454545454545454	False
1507	614	0.45454545454545453	False
1507	1715	0.36363636363636365	True
1507	3055	0.2727272727272727	True
1507	1672	0.18181818181818182	True
1507	2105	0.09090909090909091	True
4849	3316	0.9090909090909091	False
4849	2861	0.8181818181818182	False
4849	505	0.7272727272727273	True
4849	1217	0.6363636363636364	False
4849	1620	0.5454545454545454	False
4849	1715	0.45454545454545453	True
4849	614	0.36363636363636365	False
4849	926	0.2727272727272727	True
4849	1672	0.18181818181818182	True
4849	3304	0.09090909090909091	True
2533	3316	0.9090909090909091	False
2533	2861	0.8181818181818182	False
2533	614	0.7272727272727273	False
2533	1620	0.6363636363636364	False
2533	926	0.5454545454545454	True
2533	1217	0.45454545454545453	False
2533	505	0.36363636363636365	True
2533	1715	0.2727272727272727	True
2533	1672	0.18181818181818182	True
2533	3304	0.09090909090909091	True
4701	1217	0.9090909090909091	False
4701	2861	0.8181818181818182	False
4701	3055	0.7272727272727273	True
4701	614	0.6363636363636364	False
4701	1620	0.5454545454545454	False
4701	926	0.45454545454545453	True
4701	3316	0.36363636363636365	False
4701	1715	0.2727272727272727	True
4701	505	0.18181818181818182	True
4701	1672	0.09090909090909091	True
4413	1620	0.9090909090909091	False
4413	614	0.8181818181818182	False
4413	1217	0.7272727272727273	False
4413	1672	0.6363636363636364	True
4413	1715	0.5454545454545454	True
4413	926	0.45454545454545453	True
4413	2861	0.36363636363636365	False
4413	505	0.2727272727272727	True
4413	3316	0.18181818181818182	False
4413	3055	0.09090909090909091	True
911	1620	0.9090909090909091	False
911	3316	0.8181818181818182	False
911	614	0.7272727272727273	False
911	2861	0.6363636363636364	False
911	1217	0.5454545454545454	False
911	505	0.45454545454545453	True
911	1715	0.36363636363636365	True
911	3304	0.2727272727272727	True
911	1672	0.18181818181818182	True
911	926	0.09090909090909091	True
5707	1672	0.9090909090909091	True
5707	1620	0.8181818181818182	False
5707	926	0.7272727272727273	True
5707	1715	0.6363636363636364	True
5707	1217	0.5454545454545454	False
5707	614	0.45454545454545453	False
5707	3316	0.36363636363636365	False
5707	2861	0.2727272727272727	False
5707	3304	0.18181818181818182	True
5707	505	0.09090909090909091	True
1164	1620	0.9090909090909091	False
1164	2861	0.8181818181818182	False
1164	3316	0.7272727272727273	False
1164	614	0.6363636363636364	False
1164	505	0.5454545454545454	True
1164	926	0.45454545454545453	True
1164	1672	0.36363636363636365	True
1164	1217	0.2727272727272727	False
1164	1715	0.18181818181818182	True
1164	2105	0.09090909090909091	True
1900	614	0.9090909090909091	False
1900	1620	0.8181818181818182	False
1900	3316	0.7272727272727273	False
1900	1217	0.6363636363636364	False
1900	2861	0.5454545454545454	False
1900	1672	0.45454545454545453	True
1900	926	0.36363636363636365	True
1900	505	0.2727272727272727	True
1900	1715	0.18181818181818182	True
1900	3055	0.09090909090909091	True
4986	1217	0.9090909090909091	False
4986	614	0.8181818181818182	False
4986	505	0.7272727272727273	True
4986	1620	0.6363636363636364	False
4986	1672	0.5454545454545454	True
4986	1715	0.45454545454545453	True
4986	926	0.36363636363636365	True
4986	2861	0.2727272727272727	False
4986	3919	0.18181818181818182	True
4986	3316	0.09090909090909091	False
4952	926	0.9090909090909091	True
4952	1620	0.8181818181818182	False
4952	1672	0.7272727272727273	True
4952	1217	0.6363636363636364	False
4952	2861	0.5454545454545454	False
4952	614	0.45454545454545453	False
4952	505	0.36363636363636365	True
4952	1715	0.2727272727272727	True
4952	3316	0.18181818181818182	False
4952	3304	0.09090909090909091	True
3486	1620	0.9090909090909091	False
3486	1715	0.8181818181818182	True
3486	614	0.7272727272727273	False
3486	505	0.6363636363636364	True
3486	1217	0.5454545454545454	False
3486	2861	0.45454545454545453	False
3486	926	0.36363636363636365	True
3486	3316	0.2727272727272727	False
3486	3304	0.18181818181818182	True
3486	1672	0.09090909090909091	True
4260	614	0.9090909090909091	False
4260	1620	0.8181818181818182	False
4260	1217	0.7272727272727273	False
4260	1715	0.6363636363636364	True
4260	2861	0.5454545454545454	False
4260	1672	0.45454545454545453	True
4260	3316	0.36363636363636365	False
4260	926	0.2727272727272727	True
4260	3304	0.18181818181818182	True
4260	505	0.09090909090909091	True
938	2861	0.9090909090909091	False
938	614	0.8181818181818182	False
938	3316	0.7272727272727273	False
938	1620	0.6363636363636364	False
938	505	0.5454545454545454	True
938	1217	0.45454545454545453	False
938	926	0.36363636363636365	True
938	1715	0.2727272727272727	True
938	2242	0.18181818181818182	True
938	2105	0.09090909090909091	True
1744	1217	0.9090909090909091	False
1744	614	0.8181818181818182	False
1744	3316	0.7272727272727273	False
1744	2861	0.6363636363636364	False
1744	1672	0.5454545454545454	True
1744	1715	0.45454545454545453	True
1744	3055	0.36363636363636365	True
1744	926	0.2727272727272727	True
1744	1620	0.18181818181818182	False
1744	2242	0.09090909090909091	True
3748	1217	0.9090909090909091	False
3748	1715	0.8181818181818182	True
3748	1620	0.7272727272727273	False
3748	614	0.6363636363636364	False
3748	926	0.5454545454545454	True
3748	1672	0.45454545454545453	True
3748	2861	0.36363636363636365	False
3748	505	0.2727272727272727	True
3748	3316	0.18181818181818182	False
3748	3304	0.09090909090909091	True
5880	1620	0.9090909090909091	False
5880	614	0.8181818181818182	False
5880	3316	0.7272727272727273	False
5880	1715	0.6363636363636364	True
5880	1672	0.5454545454545454	True
5880	1217	0.45454545454545453	False
5880	926	0.36363636363636365	True
5880	2861	0.2727272727272727	False
5880	505	0.18181818181818182	True
5880	2637	0.09090909090909091	True
3773	1620	0.9090909090909091	False
3773	1672	0.8181818181818182	True
3773	2861	0.7272727272727273	False
3773	3316	0.6363636363636364	False
3773	614	0.5454545454545454	False
3773	926	0.45454545454545453	True
3773	3055	0.36363636363636365	True
3773	505	0.2727272727272727	True
3773	3919	0.18181818181818182	True
3773	2242	0.09090909090909091	True
5722	614	0.9090909090909091	False
5722	1620	0.8181818181818182	False
5722	3316	0.7272727272727273	False
5722	2861	0.6363636363636364	False
5722	1672	0.5454545454545454	True
5722	505	0.45454545454545453	True
5722	2242	0.36363636363636365	True
5722	1217	0.2727272727272727	False
5722	3055	0.18181818181818182	True
5722	926	0.09090909090909091	True
5223	1620	0.9090909090909091	False
5223	1672	0.8181818181818182	True
5223	614	0.7272727272727273	False
5223	2861	0.6363636363636364	False
5223	1217	0.5454545454545454	False
5223	926	0.45454545454545453	True
5223	3316	0.36363636363636365	False
5223	505	0.2727272727272727	True
5223	1715	0.18181818181818182	True
5223	3304	0.09090909090909091	True
2979	1217	0.9090909090909091	False
2979	3316	0.8181818181818182	False
2979	1620	0.7272727272727273	False
2979	1672	0.6363636363636364	True
2979	926	0.5454545454545454	True
2979	614	0.45454545454545453	False
2979	2242	0.36363636363636365	True
2979	1715	0.2727272727272727	True
2979	2861	0.18181818181818182	False
2979	3304	0.09090909090909091	True
4710	1620	0.9090909090909091	False
4710	1715	0.8181818181818182	True
4710	614	0.7272727272727273	False
4710	2861	0.6363636363636364	False
4710	3316	0.5454545454545454	False
4710	926	0.45454545454545453	True
4710	505	0.36363636363636365	True
4710	1217	0.2727272727272727	False
4710	1672	0.18181818181818182	True
4710	3304	0.09090909090909091	True
5164	1672	0.9090909090909091	True
5164	1620	0.8181818181818182	False
5164	614	0.7272727272727273	False
5164	926	0.6363636363636364	True
5164	3316	0.5454545454545454	False
5164	2861	0.45454545454545453	False
5164	3304	0.36363636363636365	True
5164	1217	0.2727272727272727	False
5164	1715	0.18181818181818182	True
5164	3055	0.09090909090909091	True
3373	1620	0.9090909090909091	False
3373	1672	0.8181818181818182	True
3373	1715	0.7272727272727273	True
3373	614	0.6363636363636364	False
3373	2861	0.5454545454545454	False
3373	1217	0.45454545454545453	False
3373	505	0.36363636363636365	True
3373	926	0.2727272727272727	True
3373	3919	0.18181818181818182	True
3373	3316	0.09090909090909091	False
4963	614	0.9090909090909091	False
4963	2861	0.8181818181818182	False
4963	1217	0.7272727272727273	False
4963	505	0.6363636363636364	True
4963	3316	0.5454545454545454	False
4963	1620	0.45454545454545453	False
4963	926	0.36363636363636365	True
4963	1715	0.2727272727272727	True
4963	1672	0.18181818181818182	True
4963	3304	0.09090909090909091	True
282	1620	0.9090909090909091	False
282	3316	0.8181818181818182	False
282	2861	0.7272727272727273	False
282	614	0.6363636363636364	False
282	505	0.5454545454545454	True
282	1672	0.45454545454545453	True
282	926	0.36363636363636365	True
282	1217	0.2727272727272727	False
282	2242	0.18181818181818182	True
282	1715	0.09090909090909091	True
693	2861	0.9090909090909091	False
693	1715	0.8181818181818182	True
693	1620	0.7272727272727273	False
693	926	0.6363636363636364	True
693	614	0.5454545454545454	False
693	505	0.45454545454545453	True
693	1672	0.36363636363636365	True
693	3304	0.2727272727272727	True
693	1217	0.18181818181818182	False
693	3316	0.09090909090909091	False
3983	1620	0.9090909090909091	False
3983	1672	0.8181818181818182	True
3983	614	0.7272727272727273	False
3983	1715	0.6363636363636364	True
3983	3316	0.5454545454545454	False
3983	1217	0.45454545454545453	False
3983	505	0.36363636363636365	True
3983	2861	0.2727272727272727	False
3983	926	0.18181818181818182	True
3983	2242	0.09090909090909091	True
4758	614	0.9090909090909091	False
4758	1620	0.8181818181818182	False
4758	505	0.7272727272727273	True
4758	1715	0.6363636363636364	True
4758	1217	0.5454545454545454	False
4758	2861	0.45454545454545453	False
4758	926	0.36363636363636365	True
4758	3316	0.2727272727272727	False
4758	1672	0.18181818181818182	True
4758	2242	0.09090909090909091	True
1938	1620	0.9090909090909091	False
1938	614	0.8181818181818182	False
1938	3316	0.7272727272727273	False
1938	1217	0.6363636363636364	False
1938	1672	0.5454545454545454	True
1938	505	0.45454545454545453	True
1938	2861	0.36363636363636365	False
1938	1715	0.2727272727272727	True
1938	926	0.18181818181818182	True
1938	2242	0.09090909090909091	True
1068	1672	0.9090909090909091	True
1068	1217	0.8181818181818182	False
1068	2861	0.7272727272727273	False
1068	926	0.6363636363636364	True
1068	3316	0.5454545454545454	False
1068	1620	0.45454545454545453	False
1068	614	0.36363636363636365	False
1068	1715	0.2727272727272727	True
1068	2782	0.18181818181818182	True
1068	2242	0.09090909090909091	True
2299	1620	0.9090909090909091	False
2299	614	0.8181818181818182	False
2299	3316	0.7272727272727273	False
2299	2861	0.6363636363636364	False
2299	1672	0.5454545454545454	True
2299	1217	0.45454545454545453	False
2299	926	0.36363636363636365	True
2299	1715	0.2727272727272727	True
2299	505	0.18181818181818182	True
2299	2242	0.09090909090909091	True
2663	1217	0.9090909090909091	False
2663	1672	0.8181818181818182	True
2663	926	0.7272727272727273	True
2663	2861	0.6363636363636364	False
2663	3316	0.5454545454545454	False
2663	1715	0.45454545454545453	True
2663	614	0.36363636363636365	False
2663	3919	0.2727272727272727	True
2663	3055	0.18181818181818182	True
2663	3304	0.09090909090909091	True
1369	1620	0.9090909090909091	False
1369	614	0.8181818181818182	False
1369	3316	0.7272727272727273	False
1369	1715	0.6363636363636364	True
1369	505	0.5454545454545454	True
1369	2861	0.45454545454545453	False
1369	1217	0.36363636363636365	False
1369	1672	0.2727272727272727	True
1369	926	0.18181818181818182	True
1369	3304	0.09090909090909091	True
5619	1620	0.9090909090909091	False
5619	614	0.8181818181818182	False
5619	505	0.7272727272727273	True
5619	1715	0.6363636363636364	True
5619	1217	0.5454545454545454	False
5619	3316	0.45454545454545453	False
5619	1672	0.36363636363636365	True
5619	2861	0.2727272727272727	False
5619	2242	0.18181818181818182	True
5619	926	0.09090909090909091	True
2284	1672	0.9090909090909091	True
2284	2861	0.8181818181818182	False
2284	1217	0.7272727272727273	False
2284	614	0.6363636363636364	False
2284	3316	0.5454545454545454	False
2284	926	0.45454545454545453	True
2284	1620	0.36363636363636365	False
2284	2105	0.2727272727272727	True
2284	1715	0.18181818181818182	True
2284	505	0.09090909090909091	True
4251	1672	0.9090909090909091	True
4251	2861	0.8181818181818182	False
4251	3316	0.7272727272727273	False
4251	926	0.6363636363636364	True
4251	1620	0.5454545454545454	False
4251	1217	0.45454545454545453	False
4251	614	0.36363636363636365	False
4251	1715	0.2727272727272727	True
4251	505	0.18181818181818182	True
4251	3919	0.09090909090909091	True
1521	1672	0.9090909090909091	True
1521	926	0.8181818181818182	True
1521	1620	0.7272727272727273	False
1521	2861	0.6363636363636364	False
1521	3316	0.5454545454545454	False
1521	614	0.45454545454545453	False
1521	3919	0.36363636363636365	True
1521	1217	0.2727272727272727	False
1521	2242	0.18181818181818182	True
1521	3304	0.09090909090909091	True
883	2861	0.9090909090909091	False
883	1217	0.8181818181818182	False
883	1620	0.7272727272727273	False
883	614	0.6363636363636364	False
883	926	0.5454545454545454	True
883	3316	0.45454545454545453	False
883	1672	0.36363636363636365	True
883	1715	0.2727272727272727	True
883	505	0.18181818181818182	True
883	2242	0.09090909090909091	True
694	1672	0.9090909090909091	True
694	926	0.8181818181818182	True
694	1715	0.7272727272727273	True
694	1217	0.6363636363636364	False
694	1620	0.5454545454545454	False
694	614	0.45454545454545453	False
694	3055	0.36363636363636365	True
694	2861	0.2727272727272727	False
694	3304	0.18181818181818182	True
694	3316	0.09090909090909091	False
2153	1672	0.9090909090909091	True
2153	3316	0.8181818181818182	False
2153	614	0.7272727272727273	False
2153	505	0.6363636363636364	True
2153	1217	0.5454545454545454	False
2153	1620	0.45454545454545453	False
2153	2861	0.36363636363636365	False
2153	2242	0.2727272727272727	True
2153	1715	0.18181818181818182	True
2153	3055	0.09090909090909091	True
3976	1672	0.9090909090909091	True
3976	614	0.8181818181818182	False
3976	2861	0.7272727272727273	False
3976	3316	0.6363636363636364	False
3976	1620	0.5454545454545454	False
3976	1217	0.45454545454545453	False
3976	1715	0.36363636363636365	True
3976	926	0.2727272727272727	True
3976	3055	0.18181818181818182	True
3976	2105	0.09090909090909091	True
5967	3316	0.9090909090909091	False
5967	2861	0.8181818181818182	False
5967	1217	0.7272727272727273	False
5967	1672	0.6363636363636364	True
5967	614	0.5454545454545454	False
5967	926	0.45454545454545453	True
5967	1715	0.36363636363636365	True
5967	2242	0.2727272727272727	True
5967	3055	0.18181818181818182	True
5967	2105	0.09090909090909091	True
1422	2861	0.9090909090909091	False
1422	1217	0.8181818181818182	False
1422	614	0.7272727272727273	False
1422	3316	0.6363636363636364	False
1422	926	0.5454545454545454	True
1422	505	0.45454545454545453	True
1422	1620	0.36363636363636365	False
1422	1715	0.2727272727272727	True
1422	3055	0.18181818181818182	True
1422	2242	0.09090909090909091	True
763	1672	0.9090909090909091	True
763	2861	0.8181818181818182	False
763	1715	0.7272727272727273	True
763	1620	0.6363636363636364	False
763	3316	0.5454545454545454	False
763	926	0.45454545454545453	True
763	505	0.36363636363636365	True
763	1217	0.2727272727272727	False
763	614	0.18181818181818182	False
763	3055	0.09090909090909091	True
5805	3316	0.9090909090909091	False
5805	1620	0.8181818181818182	False
5805	2861	0.7272727272727273	False
5805	614	0.6363636363636364	False
5805	926	0.5454545454545454	True
5805	505	0.45454545454545453	True
5805	3304	0.36363636363636365	True
5805	2242	0.2727272727272727	True
5805	1217	0.18181818181818182	False
5805	1715	0.09090909090909091	True
3263	1620	0.9090909090909091	False
3263	614	0.8181818181818182	False
3263	3316	0.7272727272727273	False
3263	1672	0.6363636363636364	True
3263	1217	0.5454545454545454	False
3263	926	0.45454545454545453	True
3263	1715	0.36363636363636365	True
3263	2861	0.2727272727272727	False
3263	505	0.18181818181818182	True
3263	2242	0.09090909090909091	True
4612	1620	0.9090909090909091	False
4612	1715	0.8181818181818182	True
4612	1217	0.7272727272727273	False
4612	1672	0.6363636363636364	True
4612	505	0.5454545454545454	True
4612	3316	0.45454545454545453	False
4612	926	0.36363636363636365	True
4612	3304	0.2727272727272727	True
4612	614	0.18181818181818182	False
4612	2242	0.09090909090909091	True
5541	2861	0.9090909090909091	False
5541	1672	0.8181818181818182	True
5541	3316	0.7272727272727273	False
5541	614	0.6363636363636364	False
5541	1620	0.5454545454545454	False
5541	926	0.45454545454545453	True
5541	3055	0.36363636363636365	True
5541	1217	0.2727272727272727	False
5541	1715	0.18181818181818182	True
5541	3919	0.09090909090909091	True
1288	3316	0.9090909090909091	False
1288	1620	0.8181818181818182	False
1288	3304	0.7272727272727273	True
1288	1672	0.6363636363636364	True
1288	614	0.5454545454545454	False
1288	505	0.45454545454545453	True
1288	2861	0.36363636363636365	False
1288	1715	0.2727272727272727	True
1288	2242	0.18181818181818182	True
1288	926	0.09090909090909091	True
221	614	0.9090909090909091	False
221	1620	0.8181818181818182	False
221	3316	0.7272727272727273	False
221	1672	0.6363636363636364	True
221	1715	0.5454545454545454	True
221	2861	0.45454545454545453	False
221	3304	0.36363636363636365	True
221	3055	0.2727272727272727	True
221	1217	0.18181818181818182	False
221	505	0.09090909090909091	True
42	1620	0.9090909090909091	False
42	1672	0.8181818181818182	True
42	1217	0.7272727272727273	False
42	614	0.6363636363636364	False
42	1715	0.5454545454545454	True
42	3316	0.45454545454545453	False
42	2861	0.36363636363636365	False
42	505	0.2727272727272727	True
42	926	0.18181818181818182	True
42	3304	0.09090909090909091	True
3159	926	0.9090909090909091	True
3159	2861	0.8181818181818182	False
3159	1620	0.7272727272727273	False
3159	3316	0.6363636363636364	False
3159	614	0.5454545454545454	False
3159	1217	0.45454545454545453	False
3159	1715	0.36363636363636365	True
3159	1672	0.2727272727272727	True
3159	3304	0.18181818181818182	True
3159	505	0.09090909090909091	True
3526	1620	0.9090909090909091	False
3526	614	0.8181818181818182	False
3526	926	0.7272727272727273	True
3526	3316	0.6363636363636364	False
3526	1217	0.5454545454545454	False
3526	1715	0.45454545454545453	True
3526	1672	0.36363636363636365	True
3526	3304	0.2727272727272727	True
3526	505	0.18181818181818182	True
3526	2242	0.09090909090909091	True
1427	1620	0.9090909090909091	False
1427	926	0.8181818181818182	True
1427	614	0.7272727272727273	False
1427	1672	0.6363636363636364	True
1427	1715	0.5454545454545454	True
1427	3304	0.45454545454545453	True
1427	1217	0.36363636363636365	False
1427	2861	0.2727272727272727	False
1427	3316	0.18181818181818182	False
1427	505	0.09090909090909091	True
1870	3316	0.9090909090909091	False
1870	1672	0.8181818181818182	True
1870	926	0.7272727272727273	True
1870	2861	0.6363636363636364	False
1870	1620	0.5454545454545454	False
1870	1715	0.45454545454545453	True
1870	1217	0.36363636363636365	False
1870	3304	0.2727272727272727	True
1870	505	0.18181818181818182	True
1870	2637	0.09090909090909091	True
171	3316	0.9090909090909091	False
171	2861	0.8181818181818182	False
171	614	0.7272727272727273	False
171	1715	0.6363636363636364	True
171	2105	0.5454545454545454	True
171	3055	0.45454545454545453	True
171	1620	0.36363636363636365	False
171	3304	0.2727272727272727	True
171	1217	0.18181818181818182	False
171	505	0.09090909090909091	True
2720	926	0.9090909090909091	True
2720	614	0.8181818181818182	False
2720	2861	0.7272727272727273	False
2720	1217	0.6363636363636364	False
2720	1672	0.5454545454545454	True
2720	1715	0.45454545454545453	True
2720	3316	0.36363636363636365	False
2720	3055	0.2727272727272727	True
2720	3304	0.18181818181818182	True
2720	1620	0.09090909090909091	False
1667	614	0.9090909090909091	False
1667	1620	0.8181818181818182	False
1667	1715	0.7272727272727273	True
1667	1672	0.6363636363636364	True
1667	3316	0.5454545454545454	False
1667	2861	0.45454545454545453	False
1667	1217	0.36363636363636365	False
1667	505	0.2727272727272727	True
1667	926	0.18181818181818182	True
1667	3304	0.09090909090909091	True
2547	1620	0.9090909090909091	False
2547	614	0.8181818181818182	False
2547	2861	0.7272727272727273	False
2547	3316	0.6363636363636364	False
2547	1672	0.5454545454545454	True
2547	1715	0.45454545454545453	True
2547	926	0.36363636363636365	True
2547	505	0.2727272727272727	True
2547	2242	0.18181818181818182	True
2547	1217	0.09090909090909091	False
4770	2861	0.9090909090909091	False
4770	1620	0.8181818181818182	False
4770	614	0.7272727272727273	False
4770	926	0.6363636363636364	True
4770	1715	0.5454545454545454	True
4770	1217	0.45454545454545453	False
4770	1672	0.36363636363636365	True
4770	505	0.2727272727272727	True
4770	3316	0.18181818181818182	False
4770	3055	0.09090909090909091	True
3640	614	0.9090909090909091	False
3640	1715	0.8181818181818182	True
3640	3055	0.7272727272727273	True
3640	2861	0.6363636363636364	False
3640	926	0.5454545454545454	True
3640	1620	0.45454545454545453	False
3640	1217	0.36363636363636365	False
3640	3316	0.2727272727272727	False
3640	2242	0.18181818181818182	True
3640	3304	0.09090909090909091	True
3590	1620	0.9090909090909091	False
3590	614	0.8181818181818182	False
3590	3316	0.7272727272727273	False
3590	926	0.6363636363636364	True
3590	1715	0.5454545454545454	True
3590	1672	0.45454545454545453	True
3590	505	0.36363636363636365	True
3590	1217	0.2727272727272727	False
3590	2861	0.18181818181818182	False
3590	3304	0.09090909090909091	True
1030	2861	0.9090909090909091	False
1030	3316	0.8181818181818182	False
1030	1620	0.7272727272727273	False
1030	614	0.6363636363636364	False
1030	1715	0.5454545454545454	True
1030	1672	0.45454545454545453	True
1030	1217	0.36363636363636365	False
1030	3055	0.2727272727272727	True
1030	926	0.18181818181818182	True
1030	505	0.09090909090909091	True
4056	3316	0.9090909090909091	False
4056	1672	0.8181818181818182	True
4056	1620	0.7272727272727273	False
4056	2861	0.6363636363636364	False
4056	926	0.5454545454545454	True
4056	614	0.45454545454545453	False
4056	3304	0.36363636363636365	True
4056	1217	0.2727272727272727	False
4056	3919	0.18181818181818182	True
4056	1715	0.09090909090909091	True
175	1620	0.9090909090909091	False
175	3316	0.8181818181818182	False
175	614	0.7272727272727273	False
175	505	0.6363636363636364	True
175	2861	0.5454545454545454	False
175	1672	0.45454545454545453	True
175	1217	0.36363636363636365	False
175	1715	0.2727272727272727	True
175	926	0.18181818181818182	True
175	2242	0.09090909090909091	True
1895	3316	0.9090909090909091	False
1895	1217	0.8181818181818182	False
1895	1715	0.7272727272727273	True
1895	614	0.6363636363636364	False
1895	1620	0.5454545454545454	False
1895	1672	0.45454545454545453	True
1895	2861	0.36363636363636365	False
1895	926	0.2727272727272727	True
1895	505	0.18181818181818182	True
1895	2242	0.09090909090909091	True
4665	3316	0.9090909090909091	False
4665	614	0.8181818181818182	False
4665	1217	0.7272727272727273	False
4665	2861	0.6363636363636364	False
4665	926	0.5454545454545454	True
4665	1620	0.45454545454545453	False
4665	2242	0.36363636363636365	True
4665	1672	0.2727272727272727	True
4665	1715	0.18181818181818182	True
4665	3055	0.09090909090909091	True
1604	1620	0.9090909090909091	False
1604	3316	0.8181818181818182	False
1604	926	0.7272727272727273	True
1604	2242	0.6363636363636364	True
1604	3304	0.5454545454545454	True
1604	2861	0.45454545454545453	False
1604	614	0.36363636363636365	False
1604	1672	0.2727272727272727	True
1604	505	0.18181818181818182	True
1604	1715	0.09090909090909091	True
4154	1620	0.9090909090909091	False
4154	926	0.8181818181818182	True
4154	1672	0.7272727272727273	True
4154	614	0.6363636363636364	False
4154	2861	0.5454545454545454	False
4154	3316	0.45454545454545453	False
4154	3919	0.36363636363636365	True
4154	505	0.2727272727272727	True
4154	1217	0.18181818181818182	False
4154	3304	0.09090909090909091	True
968	3316	0.9090909090909091	False
968	1217	0.8181818181818182	False
968	1620	0.7272727272727273	False
968	614	0.6363636363636364	False
968	926	0.5454545454545454	True
968	1715	0.45454545454545453	True
968	1672	0.36363636363636365	True
968	2861	0.2727272727272727	False
968	2242	0.18181818181818182	True
968	3304	0.09090909090909091	True
3467	1620	0.9090909090909091	False
3467	3316	0.8181818181818182	False
3467	614	0.7272727272727273	False
3467	2861	0.6363636363636364	False
3467	1715	0.5454545454545454	True
3467	1672	0.45454545454545453	True
3467	1217	0.36363636363636365	False
3467	505	0.2727272727272727	True
3467	3304	0.18181818181818182	True
3467	926	0.09090909090909091	True
5552	3316	0.9090909090909091	False
5552	1620	0.8181818181818182	False
5552	2861	0.7272727272727273	False
5552	1217	0.6363636363636364	False
5552	614	0.5454545454545454	False
5552	926	0.45454545454545453	True
5552	505	0.36363636363636365	True
5552	1672	0.2727272727272727	True
5552	1715	0.18181818181818182	True
5552	3304	0.09090909090909091	True
889	1715	0.9090909090909091	True
889	3316	0.8181818181818182	False
889	1217	0.7272727272727273	False
889	1620	0.6363636363636364	False
889	1672	0.5454545454545454	True
889	2242	0.45454545454545453	True
889	2861	0.36363636363636365	False
889	505	0.2727272727272727	True
889	926	0.18181818181818182	True
889	3304	0.09090909090909091	True
5106	614	0.9090909090909091	False
5106	1620	0.8181818181818182	False
5106	3316	0.7272727272727273	False
5106	2861	0.6363636363636364	False
5106	1217	0.5454545454545454	False
5106	926	0.45454545454545453	True
5106	505	0.36363636363636365	True
5106	2242	0.2727272727272727	True
5106	1672	0.18181818181818182	True
5106	1715	0.09090909090909091	True
4443	614	0.9090909090909091	False
4443	1672	0.8181818181818182	True
4443	3316	0.7272727272727273	False
4443	2861	0.6363636363636364	False
4443	1217	0.5454545454545454	False
4443	1620	0.45454545454545453	False
4443	1715	0.36363636363636365	True
4443	505	0.2727272727272727	True
4443	926	0.18181818181818182	True
4443	2782	0.09090909090909091	True
3392	1620	0.9090909090909091	False
3392	1715	0.8181818181818182	True
3392	614	0.7272727272727273	False
3392	2861	0.6363636363636364	False
3392	1217	0.5454545454545454	False
3392	3316	0.45454545454545453	False
3392	926	0.36363636363636365	True
3392	505	0.2727272727272727	True
3392	1672	0.18181818181818182	True
3392	2242	0.09090909090909091	True
3505	1715	0.9090909090909091	True
3505	614	0.8181818181818182	False
3505	1620	0.7272727272727273	False
3505	1672	0.6363636363636364	True
3505	3316	0.5454545454545454	False
3505	926	0.45454545454545453	True
3505	1217	0.36363636363636365	False
3505	2861	0.2727272727272727	False
3505	505	0.18181818181818182	True
3505	3055	0.09090909090909091	True
1720	1620	0.9090909090909091	False
1720	1715	0.8181818181818182	True
1720	1672	0.7272727272727273	True
1720	3316	0.6363636363636364	False
1720	614	0.5454545454545454	False
1720	1217	0.45454545454545453	False
1720	505	0.36363636363636365	True
1720	2861	0.2727272727272727	False
1720	926	0.18181818181818182	True
1720	3055	0.09090909090909091	True
2680	3316	0.9090909090909091	False
2680	1620	0.8181818181818182	False
2680	614	0.7272727272727273	False
2680	2861	0.6363636363636364	False
2680	1672	0.5454545454545454	True
2680	1217	0.45454545454545453	False
2680	1715	0.36363636363636365	True
2680	926	0.2727272727272727	True
2680	2242	0.18181818181818182	True
2680	3304	0.09090909090909091	True
4440	1620	0.9090909090909091	False
4440	1217	0.8181818181818182	False
4440	614	0.7272727272727273	False
4440	1672	0.6363636363636364	True
4440	926	0.5454545454545454	True
4440	505	0.45454545454545453	True
4440	3316	0.36363636363636365	False
4440	1715	0.2727272727272727	True
4440	2242	0.18181818181818182	True
4440	2861	0.09090909090909091	False
1003	3316	0.9090909090909091	False
1003	2861	0.8181818181818182	False
1003	505	0.7272727272727273	True
1003	1672	0.6363636363636364	True
1003	1217	0.5454545454545454	False
1003	1620	0.45454545454545453	False
1003	614	0.36363636363636365	False
1003	2105	0.2727272727272727	True
1003	1715	0.18181818181818182	True
1003	2242	0.09090909090909091	True
2610	926	0.9090909090909091	True
2610	1217	0.8181818181818182	False
2610	614	0.7272727272727273	False
2610	1715	0.6363636363636364	True
2610	1620	0.5454545454545454	False
2610	2861	0.45454545454545453	False
2610	1672	0.36363636363636365	True
2610	505	0.2727272727272727	True
2610	3316	0.18181818181818182	False
2610	2242	0.09090909090909091	True
706	1715	0.9090909090909091	True
706	1620	0.8181818181818182	False
706	614	0.7272727272727273	False
706	3304	0.6363636363636364	True
706	505	0.5454545454545454	True
706	1672	0.45454545454545453	True
706	1217	0.36363636363636365	False
706	3055	0.2727272727272727	True
706	3316	0.18181818181818182	False
706	2861	0.09090909090909091	False
5453	614	0.9090909090909091	False
5453	1715	0.8181818181818182	True
5453	1217	0.7272727272727273	False
5453	1620	0.6363636363636364	False
5453	1672	0.5454545454545454	True
5453	3316	0.45454545454545453	False
5453	3055	0.36363636363636365	True
5453	2861	0.2727272727272727	False
5453	505	0.18181818181818182	True
5453	2242	0.09090909090909091	True
1977	1620	0.9090909090909091	False
1977	505	0.8181818181818182	True
1977	926	0.7272727272727273	True
1977	2861	0.6363636363636364	False
1977	614	0.5454545454545454	False
1977	3304	0.45454545454545453	True
1977	1715	0.36363636363636365	True
1977	1672	0.2727272727272727	True
1977	3316	0.18181818181818182	False
1977	2242	0.09090909090909091	True
