2079	1096	0.9090909090909091	True
2079	3003	0.8181818181818182	False
2079	1906	0.7272727272727273	True
2079	3301	0.6363636363636364	True
2079	431	0.5454545454545454	False
2079	1436	0.45454545454545453	True
2079	2066	0.36363636363636365	True
2079	1857	0.2727272727272727	False
2079	465	0.18181818181818182	False
2079	272	0.09090909090909091	False
929	3119	0.9090909090909091	True
929	2357	0.8181818181818182	True
929	1730	0.7272727272727273	True
929	3003	0.6363636363636364	False
929	431	0.5454545454545454	False
929	2066	0.45454545454545453	True
929	272	0.36363636363636365	False
929	465	0.2727272727272727	False
929	169	0.18181818181818182	False
929	3301	0.09090909090909091	True
5055	272	0.9090909090909091	False
5055	2357	0.8181818181818182	True
5055	1730	0.7272727272727273	True
5055	169	0.6363636363636364	False
5055	431	0.5454545454545454	False
5055	3119	0.45454545454545453	True
5055	3737	0.36363636363636365	True
5055	3308	0.2727272727272727	True
5055	1648	0.18181818181818182	True
5055	2190	0.09090909090909091	True
1209	1730	0.9090909090909091	True
1209	431	0.8181818181818182	False
1209	1906	0.7272727272727273	True
1209	272	0.6363636363636364	False
1209	1857	0.5454545454545454	False
1209	2190	0.45454545454545453	True
1209	3003	0.36363636363636365	False
1209	3301	0.2727272727272727	True
1209	1096	0.18181818181818182	True
1209	3308	0.09090909090909091	True
260	169	0.9090909090909091	False
260	3119	0.8181818181818182	True
260	431	0.7272727272727273	False
260	1730	0.6363636363636364	True
260	2357	0.5454545454545454	True
260	272	0.45454545454545453	False
260	1436	0.36363636363636365	True
260	3003	0.2727272727272727	False
260	1574	0.18181818181818182	True
260	1857	0.09090909090909091	False
4726	169	0.9090909090909091	False
4726	2357	0.8181818181818182	True
4726	1096	0.7272727272727273	True
4726	3003	0.6363636363636364	False
4726	272	0.5454545454545454	False
4726	1044	0.45454545454545453	True
4726	1730	0.36363636363636365	True
4726	1857	0.2727272727272727	False
4726	3737	0.18181818181818182	True
4726	1436	0.09090909090909091	True
1556	431	0.9090909090909091	False
1556	169	0.8181818181818182	False
1556	3003	0.7272727272727273	False
1556	1730	0.6363636363636364	True
1556	3301	0.5454545454545454	True
1556	3119	0.45454545454545453	True
1556	272	0.36363636363636365	False
1556	1574	0.2727272727272727	True
1556	2066	0.18181818181818182	True
1556	1436	0.09090909090909091	True
4759	3003	0.9090909090909091	False
4759	272	0.8181818181818182	False
4759	3308	0.7272727272727273	True
4759	1113	0.6363636363636364	True
4759	3301	0.5454545454545454	True
4759	628	0.45454545454545453	True
4759	431	0.36363636363636365	False
4759	465	0.2727272727272727	False
4759	1906	0.18181818181818182	True
4759	1857	0.09090909090909091	False
1041	465	0.9090909090909091	False
1041	1436	0.8181818181818182	True
1041	3119	0.7272727272727273	True
1041	3301	0.6363636363636364	True
1041	3003	0.5454545454545454	False
1041	169	0.45454545454545453	False
1041	1906	0.36363636363636365	True
1041	1574	0.2727272727272727	True
1041	2066	0.18181818181818182	True
1041	431	0.09090909090909091	False
2722	3003	0.9090909090909091	False
2722	3119	0.8181818181818182	True
2722	3301	0.7272727272727273	True
2722	1096	0.6363636363636364	True
2722	272	0.5454545454545454	False
2722	465	0.45454545454545453	False
2722	1906	0.36363636363636365	True
2722	2357	0.2727272727272727	True
2722	2066	0.18181818181818182	True
2722	1857	0.09090909090909091	False
2878	3301	0.9090909090909091	True
2878	3003	0.8181818181818182	False
2878	272	0.7272727272727273	False
2878	431	0.6363636363636364	False
2878	1730	0.5454545454545454	True
2878	465	0.45454545454545453	False
2878	1113	0.36363636363636365	True
2878	169	0.2727272727272727	False
2878	1096	0.18181818181818182	True
2878	1436	0.09090909090909091	True
4833	3003	0.9090909090909091	False
4833	1857	0.8181818181818182	False
4833	1906	0.7272727272727273	True
4833	3119	0.6363636363636364	True
4833	2357	0.5454545454545454	True
4833	272	0.45454545454545453	False
4833	431	0.36363636363636365	False
4833	3308	0.2727272727272727	True
4833	1096	0.18181818181818182	True
4833	465	0.09090909090909091	False
3452	3308	0.9090909090909091	True
3452	272	0.8181818181818182	False
3452	1113	0.7272727272727273	True
3452	465	0.6363636363636364	False
3452	628	0.5454545454545454	True
3452	3003	0.45454545454545453	False
3452	3301	0.36363636363636365	True
3452	169	0.2727272727272727	False
3452	1044	0.18181818181818182	True
3452	1436	0.09090909090909091	True
44	431	0.9090909090909091	False
44	465	0.8181818181818182	False
44	3737	0.7272727272727273	True
44	1730	0.6363636363636364	True
44	2038	0.5454545454545454	True
44	1857	0.45454545454545453	False
44	272	0.36363636363636365	False
44	1096	0.2727272727272727	True
44	3003	0.18181818181818182	False
44	1906	0.09090909090909091	True
1566	431	0.9090909090909091	False
1566	272	0.8181818181818182	False
1566	2357	0.7272727272727273	True
1566	169	0.6363636363636364	False
1566	3737	0.5454545454545454	True
1566	2038	0.45454545454545453	True
1566	3003	0.36363636363636365	False
1566	1096	0.2727272727272727	True
1566	1906	0.18181818181818182	True
1566	1857	0.09090909090909091	False
4665	272	0.9090909090909091	False
4665	1730	0.8181818181818182	True
4665	3003	0.7272727272727273	False
4665	36	0.6363636363636364	True
4665	1857	0.5454545454545454	False
4665	169	0.45454545454545453	False
4665	1113	0.36363636363636365	True
4665	3301	0.2727272727272727	True
4665	2357	0.18181818181818182	True
4665	1044	0.09090909090909091	True
5500	272	0.9090909090909091	False
5500	431	0.8181818181818182	False
5500	3119	0.7272727272727273	True
5500	169	0.6363636363636364	False
5500	3003	0.5454545454545454	False
5500	2357	0.45454545454545453	True
5500	1436	0.36363636363636365	True
5500	1857	0.2727272727272727	False
5500	1730	0.18181818181818182	True
5500	2066	0.09090909090909091	True
556	3308	0.9090909090909091	True
556	465	0.8181818181818182	False
556	1113	0.7272727272727273	True
556	431	0.6363636363636364	False
556	1730	0.5454545454545454	True
556	1574	0.45454545454545453	True
556	1857	0.36363636363636365	False
556	1906	0.2727272727272727	True
556	3003	0.18181818181818182	False
556	1044	0.09090909090909091	True
525	3003	0.9090909090909091	False
525	169	0.8181818181818182	False
525	2357	0.7272727272727273	True
525	1574	0.6363636363636364	True
525	3119	0.5454545454545454	True
525	1857	0.45454545454545453	False
525	1044	0.36363636363636365	True
525	1906	0.2727272727272727	True
525	3301	0.18181818181818182	True
525	3737	0.09090909090909091	True
5161	272	0.9090909090909091	False
5161	1574	0.8181818181818182	True
5161	431	0.7272727272727273	False
5161	2357	0.6363636363636364	True
5161	3301	0.5454545454545454	True
5161	1561	0.45454545454545453	True
5161	465	0.36363636363636365	False
5161	1556	0.2727272727272727	True
5161	3003	0.18181818181818182	False
5161	169	0.09090909090909091	False
2858	431	0.9090909090909091	False
2858	3003	0.8181818181818182	False
2858	2190	0.7272727272727273	True
2858	1906	0.6363636363636364	True
2858	1113	0.5454545454545454	True
2858	628	0.45454545454545453	True
2858	272	0.36363636363636365	False
2858	3308	0.2727272727272727	True
2858	1730	0.18181818181818182	True
2858	3301	0.09090909090909091	True
4444	3003	0.9090909090909091	False
4444	2357	0.8181818181818182	True
4444	272	0.7272727272727273	False
4444	3301	0.6363636363636364	True
4444	1096	0.5454545454545454	True
4444	1574	0.45454545454545453	True
4444	431	0.36363636363636365	False
4444	1857	0.2727272727272727	False
4444	3119	0.18181818181818182	True
4444	169	0.09090909090909091	False
5192	169	0.9090909090909091	False
5192	3003	0.8181818181818182	False
5192	272	0.7272727272727273	False
5192	2357	0.6363636363636364	True
5192	431	0.5454545454545454	False
5192	3737	0.45454545454545453	True
5192	628	0.36363636363636365	True
5192	3308	0.2727272727272727	True
5192	2124	0.18181818181818182	True
5192	2066	0.09090909090909091	True
4600	1730	0.9090909090909091	True
4600	3308	0.8181818181818182	True
4600	1906	0.7272727272727273	True
4600	1857	0.6363636363636364	False
4600	3003	0.5454545454545454	False
4600	169	0.45454545454545453	False
4600	431	0.36363636363636365	False
4600	1096	0.2727272727272727	True
4600	465	0.18181818181818182	False
4600	2190	0.09090909090909091	True
2348	272	0.9090909090909091	False
2348	169	0.8181818181818182	False
2348	2357	0.7272727272727273	True
2348	465	0.6363636363636364	False
2348	3301	0.5454545454545454	True
2348	1436	0.45454545454545453	True
2348	2066	0.36363636363636365	True
2348	3119	0.2727272727272727	True
2348	3003	0.18181818181818182	False
2348	361	0.09090909090909091	True
2675	272	0.9090909090909091	False
2675	3003	0.8181818181818182	False
2675	3308	0.7272727272727273	True
2675	431	0.6363636363636364	False
2675	3301	0.5454545454545454	True
2675	1857	0.45454545454545453	False
2675	2655	0.36363636363636365	True
2675	1113	0.2727272727272727	True
2675	169	0.18181818181818182	False
2675	3737	0.09090909090909091	True
5683	3003	0.9090909090909091	False
5683	272	0.8181818181818182	False
5683	169	0.7272727272727273	False
5683	1906	0.6363636363636364	True
5683	1096	0.5454545454545454	True
5683	1857	0.45454545454545453	False
5683	3301	0.36363636363636365	True
5683	465	0.2727272727272727	False
5683	2190	0.18181818181818182	True
5683	2686	0.09090909090909091	True
3307	1906	0.9090909090909091	True
3307	3003	0.8181818181818182	False
3307	169	0.7272727272727273	False
3307	465	0.6363636363636364	False
3307	3308	0.5454545454545454	True
3307	431	0.45454545454545453	False
3307	3301	0.36363636363636365	True
3307	1857	0.2727272727272727	False
3307	272	0.18181818181818182	False
3307	3119	0.09090909090909091	True
3007	169	0.9090909090909091	False
3007	3003	0.8181818181818182	False
3007	2357	0.7272727272727273	True
3007	1044	0.6363636363636364	True
3007	1857	0.5454545454545454	False
3007	272	0.45454545454545453	False
3007	1096	0.36363636363636365	True
3007	431	0.2727272727272727	False
3007	3301	0.18181818181818182	True
3007	465	0.09090909090909091	False
4010	1096	0.9090909090909091	True
4010	465	0.8181818181818182	False
4010	3301	0.7272727272727273	True
4010	1906	0.6363636363636364	True
4010	3003	0.5454545454545454	False
4010	2686	0.45454545454545453	True
4010	3308	0.36363636363636365	True
4010	1857	0.2727272727272727	False
4010	272	0.18181818181818182	False
4010	2124	0.09090909090909091	True
4527	3119	0.9090909090909091	True
4527	2357	0.8181818181818182	True
4527	3301	0.7272727272727273	True
4527	3308	0.6363636363636364	True
4527	2066	0.5454545454545454	True
4527	2124	0.45454545454545453	True
4527	1044	0.36363636363636365	True
4527	272	0.2727272727272727	False
4527	465	0.18181818181818182	False
4527	1730	0.09090909090909091	True
3978	3308	0.9090909090909091	True
3978	1857	0.8181818181818182	False
3978	169	0.7272727272727273	False
3978	3003	0.6363636363636364	False
3978	2357	0.5454545454545454	True
3978	3119	0.45454545454545453	True
3978	3737	0.36363636363636365	True
3978	1730	0.2727272727272727	True
3978	465	0.18181818181818182	False
3978	1906	0.09090909090909091	True
3027	272	0.9090909090909091	False
3027	465	0.8181818181818182	False
3027	3301	0.7272727272727273	True
3027	3308	0.6363636363636364	True
3027	574	0.5454545454545454	True
3027	1096	0.45454545454545453	True
3027	1113	0.36363636363636365	True
3027	431	0.2727272727272727	False
3027	2066	0.18181818181818182	True
3027	3119	0.09090909090909091	True
1026	3003	0.9090909090909091	False
1026	272	0.8181818181818182	False
1026	1113	0.7272727272727273	True
1026	3301	0.6363636363636364	True
1026	3119	0.5454545454545454	True
1026	1857	0.45454545454545453	False
1026	628	0.36363636363636365	True
1026	3308	0.2727272727272727	True
1026	465	0.18181818181818182	False
1026	431	0.09090909090909091	False
2426	431	0.9090909090909091	False
2426	1574	0.8181818181818182	True
2426	1730	0.7272727272727273	True
2426	3003	0.6363636363636364	False
2426	169	0.5454545454545454	False
2426	465	0.45454545454545453	False
2426	3301	0.36363636363636365	True
2426	3119	0.2727272727272727	True
2426	1979	0.18181818181818182	True
2426	1857	0.09090909090909091	False
520	272	0.9090909090909091	False
520	3003	0.8181818181818182	False
520	169	0.7272727272727273	False
520	3308	0.6363636363636364	True
520	431	0.5454545454545454	False
520	1730	0.45454545454545453	True
520	3119	0.36363636363636365	True
520	465	0.2727272727272727	False
520	3931	0.18181818181818182	True
520	2357	0.09090909090909091	True
4882	272	0.9090909090909091	False
4882	431	0.8181818181818182	False
4882	3003	0.7272727272727273	False
4882	3308	0.6363636363636364	True
4882	3301	0.5454545454545454	True
4882	36	0.45454545454545453	True
4882	1730	0.36363636363636365	True
4882	2357	0.2727272727272727	True
4882	1044	0.18181818181818182	True
4882	1113	0.09090909090909091	True
5620	431	0.9090909090909091	False
5620	1096	0.8181818181818182	True
5620	272	0.7272727272727273	False
5620	3308	0.6363636363636364	True
5620	1906	0.5454545454545454	True
5620	465	0.45454545454545453	False
5620	1730	0.36363636363636365	True
5620	2066	0.2727272727272727	True
5620	2357	0.18181818181818182	True
5620	3301	0.09090909090909091	True
1884	3003	0.9090909090909091	False
1884	3119	0.8181818181818182	True
1884	169	0.7272727272727273	False
1884	272	0.6363636363636364	False
1884	3308	0.5454545454545454	True
1884	3737	0.45454545454545453	True
1884	2190	0.36363636363636365	True
1884	1096	0.2727272727272727	True
1884	465	0.18181818181818182	False
1884	2686	0.09090909090909091	True
1112	169	0.9090909090909091	False
1112	3003	0.8181818181818182	False
1112	3737	0.7272727272727273	True
1112	272	0.6363636363636364	False
1112	3119	0.5454545454545454	True
1112	2655	0.45454545454545453	True
1112	3301	0.36363636363636365	True
1112	1044	0.2727272727272727	True
1112	1730	0.18181818181818182	True
1112	1857	0.09090909090909091	False
2316	272	0.9090909090909091	False
2316	3301	0.8181818181818182	True
2316	3003	0.7272727272727273	False
2316	2357	0.6363636363636364	True
2316	3119	0.5454545454545454	True
2316	2124	0.45454545454545453	True
2316	1113	0.36363636363636365	True
2316	1096	0.2727272727272727	True
2316	1857	0.18181818181818182	False
2316	361	0.09090909090909091	True
3325	431	0.9090909090909091	False
3325	272	0.8181818181818182	False
3325	1096	0.7272727272727273	True
3325	3003	0.6363636363636364	False
3325	1730	0.5454545454545454	True
3325	2357	0.45454545454545453	True
3325	1906	0.36363636363636365	True
3325	1857	0.2727272727272727	False
3325	1436	0.18181818181818182	True
3325	3301	0.09090909090909091	True
78	431	0.9090909090909091	False
78	2357	0.8181818181818182	True
78	272	0.7272727272727273	False
78	3301	0.6363636363636364	True
78	1730	0.5454545454545454	True
78	2066	0.45454545454545453	True
78	465	0.36363636363636365	False
78	3119	0.2727272727272727	True
78	1574	0.18181818181818182	True
78	169	0.09090909090909091	False
307	1730	0.9090909090909091	True
307	3308	0.8181818181818182	True
307	465	0.7272727272727273	False
307	272	0.6363636363636364	False
307	431	0.5454545454545454	False
307	169	0.45454545454545453	False
307	1906	0.36363636363636365	True
307	1857	0.2727272727272727	False
307	2190	0.18181818181818182	True
307	1113	0.09090909090909091	True
736	431	0.9090909090909091	False
736	1857	0.8181818181818182	False
736	3003	0.7272727272727273	False
736	2357	0.6363636363636364	True
736	3301	0.5454545454545454	True
736	1730	0.45454545454545453	True
736	3119	0.36363636363636365	True
736	2066	0.2727272727272727	True
736	169	0.18181818181818182	False
736	272	0.09090909090909091	False
5997	431	0.9090909090909091	False
5997	1730	0.8181818181818182	True
5997	272	0.7272727272727273	False
5997	1857	0.6363636363636364	False
5997	2357	0.5454545454545454	True
5997	3003	0.45454545454545453	False
5997	1113	0.36363636363636365	True
5997	361	0.2727272727272727	True
5997	2190	0.18181818181818182	True
5997	1906	0.09090909090909091	True
1223	3003	0.9090909090909091	False
1223	272	0.8181818181818182	False
1223	1096	0.7272727272727273	True
1223	3301	0.6363636363636364	True
1223	1436	0.5454545454545454	True
1223	3308	0.45454545454545453	True
1223	1857	0.36363636363636365	False
1223	1906	0.2727272727272727	True
1223	169	0.18181818181818182	False
1223	465	0.09090909090909091	False
1324	3119	0.9090909090909091	True
1324	1574	0.8181818181818182	True
1324	3003	0.7272727272727273	False
1324	169	0.6363636363636364	False
1324	3301	0.5454545454545454	True
1324	1857	0.45454545454545453	False
1324	272	0.36363636363636365	False
1324	1096	0.2727272727272727	True
1324	2357	0.18181818181818182	True
1324	3737	0.09090909090909091	True
2646	1574	0.9090909090909091	True
2646	431	0.8181818181818182	False
2646	3301	0.7272727272727273	True
2646	1857	0.6363636363636364	False
2646	465	0.5454545454545454	False
2646	2357	0.45454545454545453	True
2646	272	0.36363636363636365	False
2646	2066	0.2727272727272727	True
2646	3003	0.18181818181818182	False
2646	3119	0.09090909090909091	True
2072	3308	0.9090909090909091	True
2072	169	0.8181818181818182	False
2072	431	0.7272727272727273	False
2072	2357	0.6363636363636364	True
2072	3003	0.5454545454545454	False
2072	1857	0.45454545454545453	False
2072	272	0.36363636363636365	False
2072	465	0.2727272727272727	False
2072	1096	0.18181818181818182	True
2072	3737	0.09090909090909091	True
5194	1730	0.9090909090909091	True
5194	169	0.8181818181818182	False
5194	1857	0.7272727272727273	False
5194	3003	0.6363636363636364	False
5194	3308	0.5454545454545454	True
5194	3119	0.45454545454545453	True
5194	1906	0.36363636363636365	True
5194	1574	0.2727272727272727	True
5194	465	0.18181818181818182	False
5194	1113	0.09090909090909091	True
2767	169	0.9090909090909091	False
2767	2190	0.8181818181818182	True
2767	1648	0.7272727272727273	True
2767	1906	0.6363636363636364	True
2767	1730	0.5454545454545454	True
2767	3308	0.45454545454545453	True
2767	1857	0.36363636363636365	False
2767	3003	0.2727272727272727	False
2767	272	0.18181818181818182	False
2767	1113	0.09090909090909091	True
1367	431	0.9090909090909091	False
1367	465	0.8181818181818182	False
1367	2357	0.7272727272727273	True
1367	272	0.6363636363636364	False
1367	1979	0.5454545454545454	True
1367	3003	0.45454545454545453	False
1367	1574	0.36363636363636365	True
1367	3119	0.2727272727272727	True
1367	3301	0.18181818181818182	True
1367	3308	0.09090909090909091	True
3261	1096	0.9090909090909091	True
3261	465	0.8181818181818182	False
3261	2066	0.7272727272727273	True
3261	3308	0.6363636363636364	True
3261	3003	0.5454545454545454	False
3261	169	0.45454545454545453	False
3261	2686	0.36363636363636365	True
3261	1436	0.2727272727272727	True
3261	1906	0.18181818181818182	True
3261	431	0.09090909090909091	False
1237	3301	0.9090909090909091	True
1237	272	0.8181818181818182	False
1237	431	0.7272727272727273	False
1237	169	0.6363636363636364	False
1237	1574	0.5454545454545454	True
1237	465	0.45454545454545453	False
1237	3308	0.36363636363636365	True
1237	3003	0.2727272727272727	False
1237	1857	0.18181818181818182	False
1237	36	0.09090909090909091	True
3970	2357	0.9090909090909091	True
3970	1857	0.8181818181818182	False
3970	3301	0.7272727272727273	True
3970	1096	0.6363636363636364	True
3970	3308	0.5454545454545454	True
3970	465	0.45454545454545453	False
3970	3003	0.36363636363636365	False
3970	272	0.2727272727272727	False
3970	431	0.18181818181818182	False
3970	1906	0.09090909090909091	True
5200	3003	0.9090909090909091	False
5200	169	0.8181818181818182	False
5200	1906	0.7272727272727273	True
5200	1436	0.6363636363636364	True
5200	465	0.5454545454545454	False
5200	2066	0.45454545454545453	True
5200	1096	0.36363636363636365	True
5200	1857	0.2727272727272727	False
5200	1044	0.18181818181818182	True
5200	1730	0.09090909090909091	True
5495	169	0.9090909090909091	False
5495	3003	0.8181818181818182	False
5495	2686	0.7272727272727273	True
5495	1857	0.6363636363636364	False
5495	3119	0.5454545454545454	True
5495	465	0.45454545454545453	False
5495	1906	0.36363636363636365	True
5495	1574	0.2727272727272727	True
5495	3308	0.18181818181818182	True
5495	3931	0.09090909090909091	True
1244	465	0.9090909090909091	False
1244	2686	0.8181818181818182	True
1244	3301	0.7272727272727273	True
1244	3119	0.6363636363636364	True
1244	1436	0.5454545454545454	True
1244	3003	0.45454545454545453	False
1244	3308	0.36363636363636365	True
1244	272	0.2727272727272727	False
1244	169	0.18181818181818182	False
1244	431	0.09090909090909091	False
5058	431	0.9090909090909091	False
5058	3003	0.8181818181818182	False
5058	169	0.7272727272727273	False
5058	465	0.6363636363636364	False
5058	1436	0.5454545454545454	True
5058	272	0.45454545454545453	False
5058	1096	0.36363636363636365	True
5058	1857	0.2727272727272727	False
5058	1906	0.18181818181818182	True
5058	1730	0.09090909090909091	True
4396	169	0.9090909090909091	False
4396	1096	0.8181818181818182	True
4396	1906	0.7272727272727273	True
4396	3003	0.6363636363636364	False
4396	2066	0.5454545454545454	True
4396	465	0.45454545454545453	False
4396	3308	0.36363636363636365	True
4396	272	0.2727272727272727	False
4396	3119	0.18181818181818182	True
4396	3737	0.09090909090909091	True
2	1730	0.9090909090909091	True
2	3003	0.8181818181818182	False
2	2357	0.7272727272727273	True
2	1857	0.6363636363636364	False
2	431	0.5454545454545454	False
2	3308	0.45454545454545453	True
2	169	0.36363636363636365	False
2	3301	0.2727272727272727	True
2	1574	0.18181818181818182	True
2	272	0.09090909090909091	False
3385	1096	0.9090909090909091	True
3385	574	0.8181818181818182	True
3385	272	0.7272727272727273	False
3385	2357	0.6363636363636364	True
3385	169	0.5454545454545454	False
3385	3003	0.45454545454545453	False
3385	1857	0.36363636363636365	False
3385	1906	0.2727272727272727	True
3385	431	0.18181818181818182	False
3385	2066	0.09090909090909091	True
2830	3003	0.9090909090909091	False
2830	272	0.8181818181818182	False
2830	169	0.7272727272727273	False
2830	3119	0.6363636363636364	True
2830	2357	0.5454545454545454	True
2830	1096	0.45454545454545453	True
2830	1857	0.36363636363636365	False
2830	1730	0.2727272727272727	True
2830	431	0.18181818181818182	False
2830	2066	0.09090909090909091	True
667	3003	0.9090909090909091	False
667	272	0.8181818181818182	False
667	169	0.7272727272727273	False
667	3301	0.6363636363636364	True
667	628	0.5454545454545454	True
667	465	0.45454545454545453	False
667	1906	0.36363636363636365	True
667	1096	0.2727272727272727	True
667	431	0.18181818181818182	False
667	1574	0.09090909090909091	True
2028	272	0.9090909090909091	False
2028	169	0.8181818181818182	False
2028	431	0.7272727272727273	False
2028	3119	0.6363636363636364	True
2028	3003	0.5454545454545454	False
2028	1574	0.45454545454545453	True
2028	1730	0.36363636363636365	True
2028	3737	0.2727272727272727	True
2028	1906	0.18181818181818182	True
2028	1857	0.09090909090909091	False
1356	3308	0.9090909090909091	True
1356	1044	0.8181818181818182	True
1356	2357	0.7272727272727273	True
1356	465	0.6363636363636364	False
1356	1857	0.5454545454545454	False
1356	3003	0.45454545454545453	False
1356	1113	0.36363636363636365	True
1356	1730	0.2727272727272727	True
1356	3301	0.18181818181818182	True
1356	169	0.09090909090909091	False
2954	272	0.9090909090909091	False
2954	1730	0.8181818181818182	True
2954	574	0.7272727272727273	True
2954	431	0.6363636363636364	False
2954	3003	0.5454545454545454	False
2954	1857	0.45454545454545453	False
2954	3308	0.36363636363636365	True
2954	2357	0.2727272727272727	True
2954	1648	0.18181818181818182	True
2954	1113	0.09090909090909091	True
4627	3119	0.9090909090909091	True
4627	1574	0.8181818181818182	True
4627	3301	0.7272727272727273	True
4627	431	0.6363636363636364	False
4627	272	0.5454545454545454	False
4627	1113	0.45454545454545453	True
4627	3003	0.36363636363636365	False
4627	1436	0.2727272727272727	True
4627	2357	0.18181818181818182	True
4627	465	0.09090909090909091	False
5208	272	0.9090909090909091	False
5208	3301	0.8181818181818182	True
5208	1436	0.7272727272727273	True
5208	431	0.6363636363636364	False
5208	3119	0.5454545454545454	True
5208	1574	0.45454545454545453	True
5208	3003	0.36363636363636365	False
5208	465	0.2727272727272727	False
5208	2686	0.18181818181818182	True
5208	1730	0.09090909090909091	True
4529	1730	0.9090909090909091	True
4529	431	0.8181818181818182	False
4529	169	0.7272727272727273	False
4529	465	0.6363636363636364	False
4529	36	0.5454545454545454	True
4529	2357	0.45454545454545453	True
4529	3003	0.36363636363636365	False
4529	272	0.2727272727272727	False
4529	3308	0.18181818181818182	True
4529	1541	0.09090909090909091	True
6027	272	0.9090909090909091	False
6027	169	0.8181818181818182	False
6027	628	0.7272727272727273	True
6027	3301	0.6363636363636364	True
6027	431	0.5454545454545454	False
6027	3003	0.45454545454545453	False
6027	361	0.36363636363636365	True
6027	1648	0.2727272727272727	True
6027	1730	0.18181818181818182	True
6027	2038	0.09090909090909091	True
2057	3301	0.9090909090909091	True
2057	1574	0.8181818181818182	True
2057	431	0.7272727272727273	False
2057	465	0.6363636363636364	False
2057	1730	0.5454545454545454	True
2057	3119	0.45454545454545453	True
2057	1436	0.36363636363636365	True
2057	2066	0.2727272727272727	True
2057	2686	0.18181818181818182	True
2057	2357	0.09090909090909091	True
5979	431	0.9090909090909091	False
5979	2357	0.8181818181818182	True
5979	1096	0.7272727272727273	True
5979	574	0.6363636363636364	True
5979	1730	0.5454545454545454	True
5979	2066	0.45454545454545453	True
5979	1857	0.36363636363636365	False
5979	3308	0.2727272727272727	True
5979	3003	0.18181818181818182	False
5979	465	0.09090909090909091	False
1416	431	0.9090909090909091	False
1416	3003	0.8181818181818182	False
1416	1906	0.7272727272727273	True
1416	1730	0.6363636363636364	True
1416	1857	0.5454545454545454	False
1416	1561	0.45454545454545453	True
1416	3301	0.36363636363636365	True
1416	272	0.2727272727272727	False
1416	3119	0.18181818181818182	True
1416	1436	0.09090909090909091	True
121	3308	0.9090909090909091	True
121	465	0.8181818181818182	False
121	3003	0.7272727272727273	False
121	2124	0.6363636363636364	True
121	3119	0.5454545454545454	True
121	2066	0.45454545454545453	True
121	1857	0.36363636363636365	False
121	1906	0.2727272727272727	True
121	3301	0.18181818181818182	True
121	1113	0.09090909090909091	True
2721	3308	0.9090909090909091	True
2721	431	0.8181818181818182	False
2721	1906	0.7272727272727273	True
2721	3003	0.6363636363636364	False
2721	465	0.5454545454545454	False
2721	2357	0.45454545454545453	True
2721	2655	0.36363636363636365	True
2721	1556	0.2727272727272727	True
2721	3737	0.18181818181818182	True
2721	272	0.09090909090909091	False
5920	169	0.9090909090909091	False
5920	465	0.8181818181818182	False
5920	3119	0.7272727272727273	True
5920	2686	0.6363636363636364	True
5920	3003	0.5454545454545454	False
5920	3301	0.45454545454545453	True
5920	3308	0.36363636363636365	True
5920	1044	0.2727272727272727	True
5920	3931	0.18181818181818182	True
5920	2357	0.09090909090909091	True
524	272	0.9090909090909091	False
524	3301	0.8181818181818182	True
524	431	0.7272727272727273	False
524	1857	0.6363636363636364	False
524	3003	0.5454545454545454	False
524	465	0.45454545454545453	False
524	1730	0.36363636363636365	True
524	3308	0.2727272727272727	True
524	1113	0.18181818181818182	True
524	1574	0.09090909090909091	True
1055	431	0.9090909090909091	False
1055	2066	0.8181818181818182	True
1055	3003	0.7272727272727273	False
1055	272	0.6363636363636364	False
1055	628	0.5454545454545454	True
1055	169	0.45454545454545453	False
1055	1096	0.36363636363636365	True
1055	465	0.2727272727272727	False
1055	1113	0.18181818181818182	True
1055	1436	0.09090909090909091	True
4905	272	0.9090909090909091	False
4905	3301	0.8181818181818182	True
4905	574	0.7272727272727273	True
4905	2357	0.6363636363636364	True
4905	3308	0.5454545454545454	True
4905	361	0.45454545454545453	True
4905	1044	0.36363636363636365	True
4905	3003	0.2727272727272727	False
4905	1096	0.18181818181818182	True
4905	465	0.09090909090909091	False
4039	431	0.9090909090909091	False
4039	628	0.8181818181818182	True
4039	2357	0.7272727272727273	True
4039	1730	0.6363636363636364	True
4039	3308	0.5454545454545454	True
4039	1436	0.45454545454545453	True
4039	272	0.36363636363636365	False
4039	1857	0.2727272727272727	False
4039	1906	0.18181818181818182	True
4039	2066	0.09090909090909091	True
5320	3003	0.9090909090909091	False
5320	3119	0.8181818181818182	True
5320	169	0.7272727272727273	False
5320	1857	0.6363636363636364	False
5320	1574	0.5454545454545454	True
5320	272	0.45454545454545453	False
5320	2357	0.36363636363636365	True
5320	431	0.2727272727272727	False
5320	1730	0.18181818181818182	True
5320	3737	0.09090909090909091	True
751	1730	0.9090909090909091	True
751	169	0.8181818181818182	False
751	3119	0.7272727272727273	True
751	1436	0.6363636363636364	True
751	465	0.5454545454545454	False
751	3308	0.45454545454545453	True
751	1113	0.36363636363636365	True
751	431	0.2727272727272727	False
751	1857	0.18181818181818182	False
751	2357	0.09090909090909091	True
1350	3003	0.9090909090909091	False
1350	1096	0.8181818181818182	True
1350	1730	0.7272727272727273	True
1350	1906	0.6363636363636364	True
1350	3308	0.5454545454545454	True
1350	1857	0.45454545454545453	False
1350	431	0.36363636363636365	False
1350	169	0.2727272727272727	False
1350	3737	0.18181818181818182	True
1350	2038	0.09090909090909091	True
4974	272	0.9090909090909091	False
4974	628	0.8181818181818182	True
4974	3308	0.7272727272727273	True
4974	431	0.6363636363636364	False
4974	3003	0.5454545454545454	False
4974	1648	0.45454545454545453	True
4974	3301	0.36363636363636365	True
4974	169	0.2727272727272727	False
4974	1906	0.18181818181818182	True
4974	465	0.09090909090909091	False
4029	3119	0.9090909090909091	True
4029	3003	0.8181818181818182	False
4029	272	0.7272727272727273	False
4029	2357	0.6363636363636364	True
4029	169	0.5454545454545454	False
4029	1857	0.45454545454545453	False
4029	3301	0.36363636363636365	True
4029	1574	0.2727272727272727	True
4029	1044	0.18181818181818182	True
4029	465	0.09090909090909091	False
3112	465	0.9090909090909091	False
3112	3308	0.8181818181818182	True
3112	2357	0.7272727272727273	True
3112	431	0.6363636363636364	False
3112	3301	0.5454545454545454	True
3112	1979	0.45454545454545453	True
3112	1574	0.36363636363636365	True
3112	2066	0.2727272727272727	True
3112	1857	0.18181818181818182	False
3112	272	0.09090909090909091	False
1051	431	0.9090909090909091	False
1051	2357	0.8181818181818182	True
1051	272	0.7272727272727273	False
1051	3308	0.6363636363636364	True
1051	1730	0.5454545454545454	True
1051	1096	0.45454545454545453	True
1051	3003	0.36363636363636365	False
1051	1906	0.2727272727272727	True
1051	1857	0.18181818181818182	False
1051	169	0.09090909090909091	False
3814	3308	0.9090909090909091	True
3814	465	0.8181818181818182	False
3814	1574	0.7272727272727273	True
3814	272	0.6363636363636364	False
3814	3301	0.5454545454545454	True
3814	1096	0.45454545454545453	True
3814	2357	0.36363636363636365	True
3814	169	0.2727272727272727	False
3814	1436	0.18181818181818182	True
3814	2686	0.09090909090909091	True
4102	1857	0.9090909090909091	False
4102	1096	0.8181818181818182	True
4102	3301	0.7272727272727273	True
4102	1906	0.6363636363636364	True
4102	1044	0.5454545454545454	True
4102	3308	0.45454545454545453	True
4102	2124	0.36363636363636365	True
4102	1574	0.2727272727272727	True
4102	3003	0.18181818181818182	False
4102	2357	0.09090909090909091	True
3378	169	0.9090909090909091	False
3378	3003	0.8181818181818182	False
3378	3119	0.7272727272727273	True
3378	1096	0.6363636363636364	True
3378	1906	0.5454545454545454	True
3378	2357	0.45454545454545453	True
3378	2066	0.36363636363636365	True
3378	465	0.2727272727272727	False
3378	1730	0.18181818181818182	True
3378	272	0.09090909090909091	False
659	431	0.9090909090909091	False
659	272	0.8181818181818182	False
659	1436	0.7272727272727273	True
659	3003	0.6363636363636364	False
659	3119	0.5454545454545454	True
659	3301	0.45454545454545453	True
659	1730	0.36363636363636365	True
659	1113	0.2727272727272727	True
659	465	0.18181818181818182	False
659	628	0.09090909090909091	True
3012	431	0.9090909090909091	False
3012	1730	0.8181818181818182	True
3012	3308	0.7272727272727273	True
3012	1113	0.6363636363636364	True
3012	2357	0.5454545454545454	True
3012	3301	0.45454545454545453	True
3012	272	0.36363636363636365	False
3012	465	0.2727272727272727	False
3012	1857	0.18181818181818182	False
3012	1906	0.09090909090909091	True
2719	272	0.9090909090909091	False
2719	431	0.8181818181818182	False
2719	3301	0.7272727272727273	True
2719	2357	0.6363636363636364	True
2719	169	0.5454545454545454	False
2719	628	0.45454545454545453	True
2719	3737	0.36363636363636365	True
2719	1730	0.2727272727272727	True
2719	3003	0.18181818181818182	False
2719	1113	0.09090909090909091	True
5575	431	0.9090909090909091	False
5575	1979	0.8181818181818182	True
5575	3308	0.7272727272727273	True
5575	1730	0.6363636363636364	True
5575	2357	0.5454545454545454	True
5575	1906	0.45454545454545453	True
5575	3003	0.36363636363636365	False
5575	465	0.2727272727272727	False
5575	2066	0.18181818181818182	True
5575	272	0.09090909090909091	False
5966	431	0.9090909090909091	False
5966	2357	0.8181818181818182	True
5966	1096	0.7272727272727273	True
5966	3301	0.6363636363636364	True
5966	2066	0.5454545454545454	True
5966	272	0.45454545454545453	False
5966	3119	0.36363636363636365	True
5966	1857	0.2727272727272727	False
5966	465	0.18181818181818182	False
5966	1436	0.09090909090909091	True
1650	1044	0.9090909090909091	True
1650	169	0.8181818181818182	False
1650	2357	0.7272727272727273	True
1650	465	0.6363636363636364	False
1650	3308	0.5454545454545454	True
1650	1857	0.45454545454545453	False
1650	1541	0.36363636363636365	True
1650	1113	0.2727272727272727	True
1650	1730	0.18181818181818182	True
1650	2038	0.09090909090909091	True
