4380	3748	0.9090909090909091	False
4380	309	0.8181818181818182	False
4380	3419	0.7272727272727273	True
4380	2195	0.6363636363636364	False
4380	2498	0.5454545454545454	False
4380	3036	0.45454545454545453	False
4380	1703	0.36363636363636365	True
4380	1087	0.2727272727272727	True
4380	39	0.18181818181818182	True
4380	2716	0.09090909090909091	True
3515	3748	0.9090909090909091	False
3515	2716	0.8181818181818182	True
3515	3036	0.7272727272727273	False
3515	309	0.6363636363636364	False
3515	155	0.5454545454545454	True
3515	2195	0.45454545454545453	False
3515	2378	0.36363636363636365	True
3515	480	0.2727272727272727	True
3515	312	0.18181818181818182	True
3515	2382	0.09090909090909091	True
1346	3748	0.9090909090909091	False
1346	309	0.8181818181818182	False
1346	72	0.7272727272727273	True
1346	39	0.6363636363636364	True
1346	2195	0.5454545454545454	False
1346	2506	0.45454545454545453	True
1346	2498	0.36363636363636365	False
1346	3635	0.2727272727272727	True
1346	3419	0.18181818181818182	True
1346	1703	0.09090909090909091	True
4404	3748	0.9090909090909091	False
4404	309	0.8181818181818182	False
4404	2716	0.7272727272727273	True
4404	155	0.6363636363636364	True
4404	39	0.5454545454545454	True
4404	2195	0.45454545454545453	False
4404	3419	0.36363636363636365	True
4404	3635	0.2727272727272727	True
4404	456	0.18181818181818182	True
4404	480	0.09090909090909091	True
1498	3748	0.9090909090909091	False
1498	309	0.8181818181818182	False
1498	3036	0.7272727272727273	False
1498	155	0.6363636363636364	True
1498	1703	0.5454545454545454	True
1498	2766	0.45454545454545453	True
1498	2195	0.36363636363636365	False
1498	3635	0.2727272727272727	True
1498	39	0.18181818181818182	True
1498	3419	0.09090909090909091	True
3861	3748	0.9090909090909091	False
3861	309	0.8181818181818182	False
3861	39	0.7272727272727273	True
3861	3635	0.6363636363636364	True
3861	2506	0.5454545454545454	True
3861	2498	0.45454545454545453	False
3861	2716	0.36363636363636365	True
3861	1087	0.2727272727272727	True
3861	155	0.18181818181818182	True
3861	2195	0.09090909090909091	False
1657	3748	0.9090909090909091	False
1657	39	0.8181818181818182	True
1657	309	0.7272727272727273	False
1657	3635	0.6363636363636364	True
1657	3036	0.5454545454545454	False
1657	72	0.45454545454545453	True
1657	155	0.36363636363636365	True
1657	2195	0.2727272727272727	False
1657	2756	0.18181818181818182	True
1657	3419	0.09090909090909091	True
4173	3748	0.9090909090909091	False
4173	3036	0.8181818181818182	False
4173	2195	0.7272727272727273	False
4173	309	0.6363636363636364	False
4173	172	0.5454545454545454	True
4173	2498	0.45454545454545453	False
4173	2506	0.36363636363636365	True
4173	312	0.2727272727272727	True
4173	2675	0.18181818181818182	True
4173	1703	0.09090909090909091	True
5921	3748	0.9090909090909091	False
5921	3036	0.8181818181818182	False
5921	2185	0.7272727272727273	True
5921	309	0.6363636363636364	False
5921	2172	0.5454545454545454	True
5921	1087	0.45454545454545453	True
5921	155	0.36363636363636365	True
5921	2716	0.2727272727272727	True
5921	2498	0.18181818181818182	False
5921	72	0.09090909090909091	True
5224	3748	0.9090909090909091	False
5224	39	0.8181818181818182	True
5224	3419	0.7272727272727273	True
5224	309	0.6363636363636364	False
5224	3036	0.5454545454545454	False
5224	2195	0.45454545454545453	False
5224	1087	0.36363636363636365	True
5224	3392	0.2727272727272727	True
5224	2498	0.18181818181818182	False
5224	2716	0.09090909090909091	True
2794	3748	0.9090909090909091	False
2794	155	0.8181818181818182	True
2794	2716	0.7272727272727273	True
2794	1087	0.6363636363636364	True
2794	309	0.5454545454545454	False
2794	3419	0.45454545454545453	True
2794	1703	0.36363636363636365	True
2794	2498	0.2727272727272727	False
2794	2766	0.18181818181818182	True
2794	312	0.09090909090909091	True
1537	3748	0.9090909090909091	False
1537	3036	0.8181818181818182	False
1537	309	0.7272727272727273	False
1537	2195	0.6363636363636364	False
1537	2675	0.5454545454545454	True
1537	2716	0.45454545454545453	True
1537	2506	0.36363636363636365	True
1537	2498	0.2727272727272727	False
1537	1703	0.18181818181818182	True
1537	3635	0.09090909090909091	True
4837	3748	0.9090909090909091	False
4837	3036	0.8181818181818182	False
4837	309	0.7272727272727273	False
4837	2195	0.6363636363636364	False
4837	1087	0.5454545454545454	True
4837	1703	0.45454545454545453	True
4837	2860	0.36363636363636365	True
4837	2172	0.2727272727272727	True
4837	3153	0.18181818181818182	True
4837	2498	0.09090909090909091	False
4146	3748	0.9090909090909091	False
4146	309	0.8181818181818182	False
4146	2498	0.7272727272727273	False
4146	1703	0.6363636363636364	True
4146	39	0.5454545454545454	True
4146	2506	0.45454545454545453	True
4146	2195	0.36363636363636365	False
4146	72	0.2727272727272727	True
4146	1087	0.18181818181818182	True
4146	3635	0.09090909090909091	True
4218	3748	0.9090909090909091	False
4218	2498	0.8181818181818182	False
4218	309	0.7272727272727273	False
4218	3635	0.6363636363636364	True
4218	39	0.5454545454545454	True
4218	3036	0.45454545454545453	False
4218	2716	0.36363636363636365	True
4218	155	0.2727272727272727	True
4218	2195	0.18181818181818182	False
4218	1087	0.09090909090909091	True
606	3748	0.9090909090909091	False
606	309	0.8181818181818182	False
606	3036	0.7272727272727273	False
606	39	0.6363636363636364	True
606	155	0.5454545454545454	True
606	72	0.45454545454545453	True
606	2195	0.36363636363636365	False
606	3419	0.2727272727272727	True
606	3392	0.18181818181818182	True
606	2675	0.09090909090909091	True
3839	3748	0.9090909090909091	False
3839	2716	0.8181818181818182	True
3839	2766	0.7272727272727273	True
3839	1087	0.6363636363636364	True
3839	155	0.5454545454545454	True
3839	2498	0.45454545454545453	False
3839	456	0.36363636363636365	True
3839	3419	0.2727272727272727	True
3839	2506	0.18181818181818182	True
3839	309	0.09090909090909091	False
2114	3748	0.9090909090909091	False
2114	309	0.8181818181818182	False
2114	3036	0.7272727272727273	False
2114	172	0.6363636363636364	True
2114	2195	0.5454545454545454	False
2114	39	0.45454545454545453	True
2114	1087	0.36363636363636365	True
2114	2716	0.2727272727272727	True
2114	3153	0.18181818181818182	True
2114	2185	0.09090909090909091	True
5758	3748	0.9090909090909091	False
5758	309	0.8181818181818182	False
5758	3036	0.7272727272727273	False
5758	155	0.6363636363636364	True
5758	3419	0.5454545454545454	True
5758	2716	0.45454545454545453	True
5758	2766	0.36363636363636365	True
5758	312	0.2727272727272727	True
5758	1087	0.18181818181818182	True
5758	2498	0.09090909090909091	False
3785	3748	0.9090909090909091	False
3785	309	0.8181818181818182	False
3785	2498	0.7272727272727273	False
3785	3036	0.6363636363636364	False
3785	2195	0.5454545454545454	False
3785	3419	0.45454545454545453	True
3785	2382	0.36363636363636365	True
3785	3872	0.2727272727272727	True
3785	480	0.18181818181818182	True
3785	1857	0.09090909090909091	True
684	3748	0.9090909090909091	False
684	309	0.8181818181818182	False
684	39	0.7272727272727273	True
684	155	0.6363636363636364	True
684	72	0.5454545454545454	True
684	3036	0.45454545454545453	False
684	1703	0.36363636363636365	True
684	3635	0.2727272727272727	True
684	3419	0.18181818181818182	True
684	3075	0.09090909090909091	True
4724	3748	0.9090909090909091	False
4724	3036	0.8181818181818182	False
4724	309	0.7272727272727273	False
4724	2378	0.6363636363636364	True
4724	3419	0.5454545454545454	True
4724	2382	0.45454545454545453	True
4724	2195	0.36363636363636365	False
4724	39	0.2727272727272727	True
4724	3075	0.18181818181818182	True
4724	312	0.09090909090909091	True
1294	3748	0.9090909090909091	False
1294	72	0.8181818181818182	True
1294	2498	0.7272727272727273	False
1294	39	0.6363636363636364	True
1294	1087	0.5454545454545454	True
1294	312	0.45454545454545453	True
1294	3419	0.36363636363636365	True
1294	2675	0.2727272727272727	True
1294	309	0.18181818181818182	False
1294	3036	0.09090909090909091	False
363	3748	0.9090909090909091	False
363	309	0.8181818181818182	False
363	1703	0.7272727272727273	True
363	2498	0.6363636363636364	False
363	72	0.5454545454545454	True
363	3036	0.45454545454545453	False
363	1087	0.36363636363636365	True
363	2675	0.2727272727272727	True
363	2195	0.18181818181818182	False
363	2506	0.09090909090909091	True
2017	3748	0.9090909090909091	False
2017	155	0.8181818181818182	True
2017	309	0.7272727272727273	False
2017	3419	0.6363636363636364	True
2017	2716	0.5454545454545454	True
2017	3153	0.45454545454545453	True
2017	3036	0.36363636363636365	False
2017	2378	0.2727272727272727	True
2017	1087	0.18181818181818182	True
2017	2195	0.09090909090909091	False
1156	3748	0.9090909090909091	False
1156	1087	0.8181818181818182	True
1156	309	0.7272727272727273	False
1156	312	0.6363636363636364	True
1156	2498	0.5454545454545454	False
1156	3419	0.45454545454545453	True
1156	155	0.36363636363636365	True
1156	72	0.2727272727272727	True
1156	2716	0.18181818181818182	True
1156	2378	0.09090909090909091	True
3193	3748	0.9090909090909091	False
3193	2195	0.8181818181818182	False
3193	309	0.7272727272727273	False
3193	2498	0.6363636363636364	False
3193	3036	0.5454545454545454	False
3193	1703	0.45454545454545453	True
3193	2506	0.36363636363636365	True
3193	72	0.2727272727272727	True
3193	2716	0.18181818181818182	True
3193	172	0.09090909090909091	True
2764	3748	0.9090909090909091	False
2764	309	0.8181818181818182	False
2764	155	0.7272727272727273	True
2764	3419	0.6363636363636364	True
2764	3036	0.5454545454545454	False
2764	72	0.45454545454545453	True
2764	2716	0.36363636363636365	True
2764	2766	0.2727272727272727	True
2764	1087	0.18181818181818182	True
2764	3635	0.09090909090909091	True
2738	3748	0.9090909090909091	False
2738	2498	0.8181818181818182	False
2738	480	0.7272727272727273	True
2738	2195	0.6363636363636364	False
2738	309	0.5454545454545454	False
2738	3872	0.45454545454545453	True
2738	889	0.36363636363636365	True
2738	2716	0.2727272727272727	True
2738	3036	0.18181818181818182	False
2738	3419	0.09090909090909091	True
3880	3748	0.9090909090909091	False
3880	2498	0.8181818181818182	False
3880	309	0.7272727272727273	False
3880	1703	0.6363636363636364	True
3880	2195	0.5454545454545454	False
3880	2506	0.45454545454545453	True
3880	3635	0.36363636363636365	True
3880	312	0.2727272727272727	True
3880	1087	0.18181818181818182	True
3880	2378	0.09090909090909091	True
2914	3748	0.9090909090909091	False
2914	309	0.8181818181818182	False
2914	3419	0.7272727272727273	True
2914	39	0.6363636363636364	True
2914	3036	0.5454545454545454	False
2914	3635	0.45454545454545453	True
2914	72	0.36363636363636365	True
2914	2195	0.2727272727272727	False
2914	1703	0.18181818181818182	True
2914	2498	0.09090909090909091	False
4229	3748	0.9090909090909091	False
4229	39	0.8181818181818182	True
4229	309	0.7272727272727273	False
4229	3635	0.6363636363636364	True
4229	3036	0.5454545454545454	False
4229	2498	0.45454545454545453	False
4229	1087	0.36363636363636365	True
4229	3419	0.2727272727272727	True
4229	2195	0.18181818181818182	False
4229	3392	0.09090909090909091	True
2363	3748	0.9090909090909091	False
2363	309	0.8181818181818182	False
2363	3419	0.7272727272727273	True
2363	155	0.6363636363636364	True
2363	3635	0.5454545454545454	True
2363	480	0.45454545454545453	True
2363	3036	0.36363636363636365	False
2363	2766	0.2727272727272727	True
2363	2195	0.18181818181818182	False
2363	312	0.09090909090909091	True
1718	3748	0.9090909090909091	False
1718	39	0.8181818181818182	True
1718	309	0.7272727272727273	False
1718	72	0.6363636363636364	True
1718	2195	0.5454545454545454	False
1718	2506	0.45454545454545453	True
1718	312	0.36363636363636365	True
1718	3419	0.2727272727272727	True
1718	2498	0.18181818181818182	False
1718	3635	0.09090909090909091	True
4485	3748	0.9090909090909091	False
4485	3419	0.8181818181818182	True
4485	2195	0.7272727272727273	False
4485	309	0.6363636363636364	False
4485	3036	0.5454545454545454	False
4485	2498	0.45454545454545453	False
4485	1703	0.36363636363636365	True
4485	3392	0.2727272727272727	True
4485	2506	0.18181818181818182	True
4485	1087	0.09090909090909091	True
4332	3748	0.9090909090909091	False
4332	309	0.8181818181818182	False
4332	3419	0.7272727272727273	True
4332	39	0.6363636363636364	True
4332	155	0.5454545454545454	True
4332	2498	0.45454545454545453	False
4332	456	0.36363636363636365	True
4332	3635	0.2727272727272727	True
4332	2716	0.18181818181818182	True
4332	2195	0.09090909090909091	False
951	3748	0.9090909090909091	False
951	309	0.8181818181818182	False
951	2498	0.7272727272727273	False
951	72	0.6363636363636364	True
951	2506	0.5454545454545454	True
951	39	0.45454545454545453	True
951	1087	0.36363636363636365	True
951	3419	0.2727272727272727	True
951	312	0.18181818181818182	True
951	1703	0.09090909090909091	True
4530	3748	0.9090909090909091	False
4530	2498	0.8181818181818182	False
4530	309	0.7272727272727273	False
4530	1703	0.6363636363636364	True
4530	1087	0.5454545454545454	True
4530	39	0.45454545454545453	True
4530	72	0.36363636363636365	True
4530	3419	0.2727272727272727	True
4530	155	0.18181818181818182	True
4530	2195	0.09090909090909091	False
721	3748	0.9090909090909091	False
721	39	0.8181818181818182	True
721	309	0.7272727272727273	False
721	2195	0.6363636363636364	False
721	2378	0.5454545454545454	True
721	3419	0.45454545454545453	True
721	2506	0.36363636363636365	True
721	2498	0.2727272727272727	False
721	480	0.18181818181818182	True
721	2860	0.09090909090909091	True
3042	3748	0.9090909090909091	False
3042	309	0.8181818181818182	False
3042	1087	0.7272727272727273	True
3042	2498	0.6363636363636364	False
3042	72	0.5454545454545454	True
3042	155	0.45454545454545453	True
3042	2172	0.36363636363636365	True
3042	1703	0.2727272727272727	True
3042	3036	0.18181818181818182	False
3042	3635	0.09090909090909091	True
5746	3748	0.9090909090909091	False
5746	39	0.8181818181818182	True
5746	309	0.7272727272727273	False
5746	2498	0.6363636363636364	False
5746	3419	0.5454545454545454	True
5746	3036	0.45454545454545453	False
5746	2195	0.36363636363636365	False
5746	155	0.2727272727272727	True
5746	1087	0.18181818181818182	True
5746	3635	0.09090909090909091	True
2788	3748	0.9090909090909091	False
2788	1087	0.8181818181818182	True
2788	2498	0.7272727272727273	False
2788	3419	0.6363636363636364	True
2788	312	0.5454545454545454	True
2788	2195	0.45454545454545453	False
2788	309	0.36363636363636365	False
2788	2716	0.2727272727272727	True
2788	39	0.18181818181818182	True
2788	1703	0.09090909090909091	True
5947	3748	0.9090909090909091	False
5947	309	0.8181818181818182	False
5947	2195	0.7272727272727273	False
5947	2498	0.6363636363636364	False
5947	1703	0.5454545454545454	True
5947	2506	0.45454545454545453	True
5947	2382	0.36363636363636365	True
5947	72	0.2727272727272727	True
5947	312	0.18181818181818182	True
5947	39	0.09090909090909091	True
4400	3748	0.9090909090909091	False
4400	3419	0.8181818181818182	True
4400	309	0.7272727272727273	False
4400	2195	0.6363636363636364	False
4400	1087	0.5454545454545454	True
4400	312	0.45454545454545453	True
4400	3036	0.36363636363636365	False
4400	1703	0.2727272727272727	True
4400	2498	0.18181818181818182	False
4400	39	0.09090909090909091	True
4806	3748	0.9090909090909091	False
4806	309	0.8181818181818182	False
4806	155	0.7272727272727273	True
4806	3419	0.6363636363636364	True
4806	72	0.5454545454545454	True
4806	1087	0.45454545454545453	True
4806	3036	0.36363636363636365	False
4806	2716	0.2727272727272727	True
4806	312	0.18181818181818182	True
4806	2498	0.09090909090909091	False
1031	3748	0.9090909090909091	False
1031	3419	0.8181818181818182	True
1031	309	0.7272727272727273	False
1031	1087	0.6363636363636364	True
1031	3036	0.5454545454545454	False
1031	39	0.45454545454545453	True
1031	155	0.36363636363636365	True
1031	3392	0.2727272727272727	True
1031	312	0.18181818181818182	True
1031	2195	0.09090909090909091	False
1311	3748	0.9090909090909091	False
1311	309	0.8181818181818182	False
1311	39	0.7272727272727273	True
1311	3036	0.6363636363636364	False
1311	2498	0.5454545454545454	False
1311	2195	0.45454545454545453	False
1311	3635	0.36363636363636365	True
1311	3419	0.2727272727272727	True
1311	155	0.18181818181818182	True
1311	72	0.09090909090909091	True
2263	3748	0.9090909090909091	False
2263	39	0.8181818181818182	True
2263	309	0.7272727272727273	False
2263	3036	0.6363636363636364	False
2263	2195	0.5454545454545454	False
2263	172	0.45454545454545453	True
2263	3419	0.36363636363636365	True
2263	72	0.2727272727272727	True
2263	312	0.18181818181818182	True
2263	2527	0.09090909090909091	True
4498	3748	0.9090909090909091	False
4498	312	0.8181818181818182	True
4498	1087	0.7272727272727273	True
4498	39	0.6363636363636364	True
4498	72	0.5454545454545454	True
4498	1703	0.45454545454545453	True
4498	309	0.36363636363636365	False
4498	2195	0.2727272727272727	False
4498	2506	0.18181818181818182	True
4498	2498	0.09090909090909091	False
2653	3748	0.9090909090909091	False
2653	309	0.8181818181818182	False
2653	2378	0.7272727272727273	True
2653	3036	0.6363636363636364	False
2653	39	0.5454545454545454	True
2653	3635	0.45454545454545453	True
2653	3419	0.36363636363636365	True
2653	155	0.2727272727272727	True
2653	2195	0.18181818181818182	False
2653	2756	0.09090909090909091	True
5387	3748	0.9090909090909091	False
5387	2498	0.8181818181818182	False
5387	2195	0.7272727272727273	False
5387	1703	0.6363636363636364	True
5387	1087	0.5454545454545454	True
5387	312	0.45454545454545453	True
5387	309	0.36363636363636365	False
5387	3153	0.2727272727272727	True
5387	2382	0.18181818181818182	True
5387	72	0.09090909090909091	True
4370	3748	0.9090909090909091	False
4370	39	0.8181818181818182	True
4370	309	0.7272727272727273	False
4370	3036	0.6363636363636364	False
4370	312	0.5454545454545454	True
4370	72	0.45454545454545453	True
4370	2195	0.36363636363636365	False
4370	3419	0.2727272727272727	True
4370	1087	0.18181818181818182	True
4370	2498	0.09090909090909091	False
2694	3748	0.9090909090909091	False
2694	2506	0.8181818181818182	True
2694	1703	0.7272727272727273	True
2694	2498	0.6363636363636364	False
2694	309	0.5454545454545454	False
2694	1087	0.45454545454545453	True
2694	3635	0.36363636363636365	True
2694	312	0.2727272727272727	True
2694	39	0.18181818181818182	True
2694	72	0.09090909090909091	True
1050	3748	0.9090909090909091	False
1050	309	0.8181818181818182	False
1050	39	0.7272727272727273	True
1050	3036	0.6363636363636364	False
1050	3635	0.5454545454545454	True
1050	2195	0.45454545454545453	False
1050	3419	0.36363636363636365	True
1050	2498	0.2727272727272727	False
1050	2506	0.18181818181818182	True
1050	155	0.09090909090909091	True
5248	3748	0.9090909090909091	False
5248	1087	0.8181818181818182	True
5248	2498	0.7272727272727273	False
5248	312	0.6363636363636364	True
5248	2716	0.5454545454545454	True
5248	2506	0.45454545454545453	True
5248	309	0.36363636363636365	False
5248	155	0.2727272727272727	True
5248	39	0.18181818181818182	True
5248	456	0.09090909090909091	True
5878	3748	0.9090909090909091	False
5878	309	0.8181818181818182	False
5878	1087	0.7272727272727273	True
5878	3419	0.6363636363636364	True
5878	3392	0.5454545454545454	True
5878	3036	0.45454545454545453	False
5878	72	0.36363636363636365	True
5878	39	0.2727272727272727	True
5878	2506	0.18181818181818182	True
5878	1703	0.09090909090909091	True
2516	3748	0.9090909090909091	False
2516	309	0.8181818181818182	False
2516	2195	0.7272727272727273	False
2516	3036	0.6363636363636364	False
2516	39	0.5454545454545454	True
2516	3635	0.45454545454545453	True
2516	312	0.36363636363636365	True
2516	72	0.2727272727272727	True
2516	172	0.18181818181818182	True
2516	3419	0.09090909090909091	True
2141	3748	0.9090909090909091	False
2141	3419	0.8181818181818182	True
2141	3036	0.7272727272727273	False
2141	39	0.6363636363636364	True
2141	309	0.5454545454545454	False
2141	72	0.45454545454545453	True
2141	2498	0.36363636363636365	False
2141	1087	0.2727272727272727	True
2141	2195	0.18181818181818182	False
2141	1703	0.09090909090909091	True
1453	3748	0.9090909090909091	False
1453	2195	0.8181818181818182	False
1453	2498	0.7272727272727273	False
1453	39	0.6363636363636364	True
1453	3036	0.5454545454545454	False
1453	1703	0.45454545454545453	True
1453	1087	0.36363636363636365	True
1453	309	0.2727272727272727	False
1453	312	0.18181818181818182	True
1453	3153	0.09090909090909091	True
4047	3748	0.9090909090909091	False
4047	309	0.8181818181818182	False
4047	3036	0.7272727272727273	False
4047	2195	0.6363636363636364	False
4047	480	0.5454545454545454	True
4047	155	0.45454545454545453	True
4047	3635	0.36363636363636365	True
4047	3075	0.2727272727272727	True
4047	3419	0.18181818181818182	True
4047	2716	0.09090909090909091	True
1962	3748	0.9090909090909091	False
1962	309	0.8181818181818182	False
1962	2716	0.7272727272727273	True
1962	3036	0.6363636363636364	False
1962	2195	0.5454545454545454	False
1962	889	0.45454545454545453	True
1962	3635	0.36363636363636365	True
1962	39	0.2727272727272727	True
1962	155	0.18181818181818182	True
1962	480	0.09090909090909091	True
590	3748	0.9090909090909091	False
590	2498	0.8181818181818182	False
590	72	0.7272727272727273	True
590	39	0.6363636363636364	True
590	2716	0.5454545454545454	True
590	456	0.45454545454545453	True
590	2195	0.36363636363636365	False
590	309	0.2727272727272727	False
590	1087	0.18181818181818182	True
590	1703	0.09090909090909091	True
3756	3748	0.9090909090909091	False
3756	3419	0.8181818181818182	True
3756	1087	0.7272727272727273	True
3756	312	0.6363636363636364	True
3756	2498	0.5454545454545454	False
3756	265	0.45454545454545453	True
3756	72	0.36363636363636365	True
3756	309	0.2727272727272727	False
3756	1703	0.18181818181818182	True
3756	2716	0.09090909090909091	True
2861	3748	0.9090909090909091	False
2861	155	0.8181818181818182	True
2861	309	0.7272727272727273	False
2861	312	0.6363636363636364	True
2861	3419	0.5454545454545454	True
2861	39	0.45454545454545453	True
2861	1087	0.36363636363636365	True
2861	3036	0.2727272727272727	False
2861	1703	0.18181818181818182	True
2861	2172	0.09090909090909091	True
2267	3748	0.9090909090909091	False
2267	309	0.8181818181818182	False
2267	2498	0.7272727272727273	False
2267	2716	0.6363636363636364	True
2267	1087	0.5454545454545454	True
2267	2195	0.45454545454545453	False
2267	3419	0.36363636363636365	True
2267	155	0.2727272727272727	True
2267	3635	0.18181818181818182	True
2267	39	0.09090909090909091	True
4098	3748	0.9090909090909091	False
4098	309	0.8181818181818182	False
4098	2498	0.7272727272727273	False
4098	1087	0.6363636363636364	True
4098	3635	0.5454545454545454	True
4098	39	0.45454545454545453	True
4098	155	0.36363636363636365	True
4098	3419	0.2727272727272727	True
4098	456	0.18181818181818182	True
4098	2378	0.09090909090909091	True
3028	3748	0.9090909090909091	False
3028	309	0.8181818181818182	False
3028	39	0.7272727272727273	True
3028	3036	0.6363636363636364	False
3028	1703	0.5454545454545454	True
3028	72	0.45454545454545453	True
3028	3635	0.36363636363636365	True
3028	2498	0.2727272727272727	False
3028	3419	0.18181818181818182	True
3028	155	0.09090909090909091	True
2607	3748	0.9090909090909091	False
2607	309	0.8181818181818182	False
2607	3036	0.7272727272727273	False
2607	2195	0.6363636363636364	False
2607	2498	0.5454545454545454	False
2607	2716	0.45454545454545453	True
2607	1087	0.36363636363636365	True
2607	3635	0.2727272727272727	True
2607	3419	0.18181818181818182	True
2607	2185	0.09090909090909091	True
2969	3748	0.9090909090909091	False
2969	309	0.8181818181818182	False
2969	3419	0.7272727272727273	True
2969	155	0.6363636363636364	True
2969	3635	0.5454545454545454	True
2969	3872	0.45454545454545453	True
2969	2498	0.36363636363636365	False
2969	3036	0.2727272727272727	False
2969	2172	0.18181818181818182	True
2969	39	0.09090909090909091	True
946	3748	0.9090909090909091	False
946	309	0.8181818181818182	False
946	1087	0.7272727272727273	True
946	2185	0.6363636363636364	True
946	3036	0.5454545454545454	False
946	312	0.45454545454545453	True
946	3635	0.36363636363636365	True
946	72	0.2727272727272727	True
946	39	0.18181818181818182	True
946	172	0.09090909090909091	True
60	3748	0.9090909090909091	False
60	309	0.8181818181818182	False
60	3419	0.7272727272727273	True
60	312	0.6363636363636364	True
60	3036	0.5454545454545454	False
60	39	0.45454545454545453	True
60	1087	0.36363636363636365	True
60	2195	0.2727272727272727	False
60	3635	0.18181818181818182	True
60	1703	0.09090909090909091	True
3332	3748	0.9090909090909091	False
3332	309	0.8181818181818182	False
3332	2195	0.7272727272727273	False
3332	2506	0.6363636363636364	True
3332	72	0.5454545454545454	True
3332	2498	0.45454545454545453	False
3332	39	0.36363636363636365	True
3332	2382	0.2727272727272727	True
3332	3392	0.18181818181818182	True
3332	2675	0.09090909090909091	True
3251	3748	0.9090909090909091	False
3251	309	0.8181818181818182	False
3251	155	0.7272727272727273	True
3251	3419	0.6363636363636364	True
3251	3036	0.5454545454545454	False
3251	39	0.45454545454545453	True
3251	2382	0.36363636363636365	True
3251	2766	0.2727272727272727	True
3251	2675	0.18181818181818182	True
3251	2498	0.09090909090909091	False
3228	3748	0.9090909090909091	False
3228	39	0.8181818181818182	True
3228	309	0.7272727272727273	False
3228	3635	0.6363636363636364	True
3228	3036	0.5454545454545454	False
3228	2498	0.45454545454545453	False
3228	1087	0.36363636363636365	True
3228	155	0.2727272727272727	True
3228	2506	0.18181818181818182	True
3228	3392	0.09090909090909091	True
718	3748	0.9090909090909091	False
718	309	0.8181818181818182	False
718	3036	0.7272727272727273	False
718	1087	0.6363636363636364	True
718	2195	0.5454545454545454	False
718	3419	0.45454545454545453	True
718	2498	0.36363636363636365	False
718	312	0.2727272727272727	True
718	3635	0.18181818181818182	True
718	2675	0.09090909090909091	True
4858	3748	0.9090909090909091	False
4858	309	0.8181818181818182	False
4858	1087	0.7272727272727273	True
4858	2498	0.6363636363636364	False
4858	3635	0.5454545454545454	True
4858	2506	0.45454545454545453	True
4858	2195	0.36363636363636365	False
4858	39	0.2727272727272727	True
4858	3036	0.18181818181818182	False
4858	3007	0.09090909090909091	True
2473	3748	0.9090909090909091	False
2473	309	0.8181818181818182	False
2473	3036	0.7272727272727273	False
2473	3419	0.6363636363636364	True
2473	39	0.5454545454545454	True
2473	3635	0.45454545454545453	True
2473	155	0.36363636363636365	True
2473	2498	0.2727272727272727	False
2473	3872	0.18181818181818182	True
2473	2195	0.09090909090909091	False
2503	3748	0.9090909090909091	False
2503	3419	0.8181818181818182	True
2503	2195	0.7272727272727273	False
2503	39	0.6363636363636364	True
2503	3036	0.5454545454545454	False
2503	309	0.45454545454545453	False
2503	3392	0.36363636363636365	True
2503	2498	0.2727272727272727	False
2503	2506	0.18181818181818182	True
2503	1703	0.09090909090909091	True
5635	3748	0.9090909090909091	False
5635	309	0.8181818181818182	False
5635	2195	0.7272727272727273	False
5635	3419	0.6363636363636364	True
5635	39	0.5454545454545454	True
5635	3392	0.45454545454545453	True
5635	2716	0.36363636363636365	True
5635	155	0.2727272727272727	True
5635	480	0.18181818181818182	True
5635	2506	0.09090909090909091	True
202	3748	0.9090909090909091	False
202	309	0.8181818181818182	False
202	3036	0.7272727272727273	False
202	3075	0.6363636363636364	True
202	72	0.5454545454545454	True
202	2382	0.45454545454545453	True
202	2675	0.36363636363636365	True
202	3419	0.2727272727272727	True
202	1703	0.18181818181818182	True
202	2195	0.09090909090909091	False
3514	3748	0.9090909090909091	False
3514	309	0.8181818181818182	False
3514	39	0.7272727272727273	True
3514	3635	0.6363636363636364	True
3514	72	0.5454545454545454	True
3514	2498	0.45454545454545453	False
3514	3036	0.36363636363636365	False
3514	312	0.2727272727272727	True
3514	3419	0.18181818181818182	True
3514	2195	0.09090909090909091	False
4583	3748	0.9090909090909091	False
4583	2498	0.8181818181818182	False
4583	1087	0.7272727272727273	True
4583	3036	0.6363636363636364	False
4583	312	0.5454545454545454	True
4583	265	0.45454545454545453	True
4583	72	0.36363636363636365	True
4583	3419	0.2727272727272727	True
4583	309	0.18181818181818182	False
4583	2172	0.09090909090909091	True
617	309	0.9090909090909091	False
617	2195	0.8181818181818182	False
617	155	0.7272727272727273	True
617	3036	0.6363636363636364	False
617	3419	0.5454545454545454	True
617	2716	0.45454545454545453	True
617	2498	0.36363636363636365	False
617	39	0.2727272727272727	True
617	2378	0.18181818181818182	True
617	480	0.09090909090909091	True
759	3748	0.9090909090909091	False
759	3419	0.8181818181818182	True
759	309	0.7272727272727273	False
759	39	0.6363636363636364	True
759	155	0.5454545454545454	True
759	312	0.45454545454545453	True
759	3036	0.36363636363636365	False
759	72	0.2727272727272727	True
759	3075	0.18181818181818182	True
759	2172	0.09090909090909091	True
3934	3748	0.9090909090909091	False
3934	309	0.8181818181818182	False
3934	39	0.7272727272727273	True
3934	2195	0.6363636363636364	False
3934	456	0.5454545454545454	True
3934	155	0.45454545454545453	True
3934	2506	0.36363636363636365	True
3934	2716	0.2727272727272727	True
3934	2498	0.18181818181818182	False
3934	3635	0.09090909090909091	True
3570	3748	0.9090909090909091	False
3570	309	0.8181818181818182	False
3570	3036	0.7272727272727273	False
3570	2498	0.6363636363636364	False
3570	39	0.5454545454545454	True
3570	155	0.45454545454545453	True
3570	72	0.36363636363636365	True
3570	2195	0.2727272727272727	False
3570	2506	0.18181818181818182	True
3570	2382	0.09090909090909091	True
5350	3748	0.9090909090909091	False
5350	2716	0.8181818181818182	True
5350	309	0.7272727272727273	False
5350	2498	0.6363636363636364	False
5350	456	0.5454545454545454	True
5350	2195	0.45454545454545453	False
5350	155	0.36363636363636365	True
5350	39	0.2727272727272727	True
5350	3392	0.18181818181818182	True
5350	2506	0.09090909090909091	True
5955	3748	0.9090909090909091	False
5955	1087	0.8181818181818182	True
5955	309	0.7272727272727273	False
5955	72	0.6363636363636364	True
5955	3419	0.5454545454545454	True
5955	2498	0.45454545454545453	False
5955	265	0.36363636363636365	True
5955	2172	0.2727272727272727	True
5955	3036	0.18181818181818182	False
5955	2195	0.09090909090909091	False
980	3748	0.9090909090909091	False
980	309	0.8181818181818182	False
980	1703	0.7272727272727273	True
980	1087	0.6363636363636364	True
980	2195	0.5454545454545454	False
980	72	0.45454545454545453	True
980	2506	0.36363636363636365	True
980	155	0.2727272727272727	True
980	3635	0.18181818181818182	True
980	3036	0.09090909090909091	False
3443	3748	0.9090909090909091	False
3443	309	0.8181818181818182	False
3443	3635	0.7272727272727273	True
3443	2716	0.6363636363636364	True
3443	3036	0.5454545454545454	False
3443	2378	0.45454545454545453	True
3443	2195	0.36363636363636365	False
3443	39	0.2727272727272727	True
3443	2498	0.18181818181818182	False
3443	1087	0.09090909090909091	True
4109	3748	0.9090909090909091	False
4109	3419	0.8181818181818182	True
4109	309	0.7272727272727273	False
4109	3036	0.6363636363636364	False
4109	155	0.5454545454545454	True
4109	2195	0.45454545454545453	False
4109	1087	0.36363636363636365	True
4109	39	0.2727272727272727	True
4109	72	0.18181818181818182	True
4109	172	0.09090909090909091	True
5083	3748	0.9090909090909091	False
5083	309	0.8181818181818182	False
5083	39	0.7272727272727273	True
5083	3635	0.6363636363636364	True
5083	155	0.5454545454545454	True
5083	2498	0.45454545454545453	False
5083	2195	0.36363636363636365	False
5083	2716	0.2727272727272727	True
5083	72	0.18181818181818182	True
5083	1087	0.09090909090909091	True
3968	3748	0.9090909090909091	False
3968	309	0.8181818181818182	False
3968	39	0.7272727272727273	True
3968	3036	0.6363636363636364	False
3968	2195	0.5454545454545454	False
3968	3419	0.45454545454545453	True
3968	72	0.36363636363636365	True
3968	3392	0.2727272727272727	True
3968	2498	0.18181818181818182	False
3968	172	0.09090909090909091	True
4119	3748	0.9090909090909091	False
4119	309	0.8181818181818182	False
4119	3419	0.7272727272727273	True
4119	2195	0.6363636363636364	False
4119	2716	0.5454545454545454	True
4119	3036	0.45454545454545453	False
4119	1703	0.36363636363636365	True
4119	3635	0.2727272727272727	True
4119	1087	0.18181818181818182	True
4119	2766	0.09090909090909091	True
5906	3748	0.9090909090909091	False
5906	309	0.8181818181818182	False
5906	39	0.7272727272727273	True
5906	3635	0.6363636363636364	True
5906	72	0.5454545454545454	True
5906	2195	0.45454545454545453	False
5906	1087	0.36363636363636365	True
5906	2903	0.2727272727272727	True
5906	3036	0.18181818181818182	False
5906	3392	0.09090909090909091	True
2768	3748	0.9090909090909091	False
2768	2716	0.8181818181818182	True
2768	2195	0.7272727272727273	False
2768	2498	0.6363636363636364	False
2768	3036	0.5454545454545454	False
2768	480	0.45454545454545453	True
2768	2672	0.36363636363636365	True
2768	309	0.2727272727272727	False
2768	2860	0.18181818181818182	True
2768	155	0.09090909090909091	True
2990	3748	0.9090909090909091	False
2990	309	0.8181818181818182	False
2990	2382	0.7272727272727273	True
2990	3036	0.6363636363636364	False
2990	155	0.5454545454545454	True
2990	1703	0.45454545454545453	True
2990	2195	0.36363636363636365	False
2990	1087	0.2727272727272727	True
2990	2498	0.18181818181818182	False
2990	2716	0.09090909090909091	True
952	3748	0.9090909090909091	False
952	3036	0.8181818181818182	False
952	39	0.7272727272727273	True
952	309	0.6363636363636364	False
952	172	0.5454545454545454	True
952	2195	0.45454545454545453	False
952	2185	0.36363636363636365	True
952	3635	0.2727272727272727	True
952	480	0.18181818181818182	True
952	2498	0.09090909090909091	False
886	3748	0.9090909090909091	False
886	2716	0.8181818181818182	True
886	309	0.7272727272727273	False
886	2378	0.6363636363636364	True
886	3635	0.5454545454545454	True
886	39	0.45454545454545453	True
886	155	0.36363636363636365	True
886	1087	0.2727272727272727	True
886	2498	0.18181818181818182	False
886	456	0.09090909090909091	True
