4616	3570	0.9090909090909091	False
4616	2634	0.8181818181818182	False
4616	3781	0.7272727272727273	False
4616	3173	0.6363636363636364	True
4616	1631	0.5454545454545454	False
4616	1120	0.45454545454545453	False
4616	2762	0.36363636363636365	True
4616	2155	0.2727272727272727	True
4616	1488	0.18181818181818182	True
4616	767	0.09090909090909091	True
3291	3173	0.9090909090909091	True
3291	1120	0.8181818181818182	False
3291	3570	0.7272727272727273	False
3291	2634	0.6363636363636364	False
3291	2762	0.5454545454545454	True
3291	1631	0.45454545454545453	False
3291	3781	0.36363636363636365	False
3291	2155	0.2727272727272727	True
3291	3175	0.18181818181818182	True
3291	3012	0.09090909090909091	True
1934	2634	0.9090909090909091	False
1934	1120	0.8181818181818182	False
1934	3175	0.7272727272727273	True
1934	3570	0.6363636363636364	False
1934	3781	0.5454545454545454	False
1934	3173	0.45454545454545453	True
1934	3012	0.36363636363636365	True
1934	1631	0.2727272727272727	False
1934	2155	0.18181818181818182	True
1934	3440	0.09090909090909091	True
3663	3173	0.9090909090909091	True
3663	3570	0.8181818181818182	False
3663	1120	0.7272727272727273	False
3663	3175	0.6363636363636364	True
3663	3781	0.5454545454545454	False
3663	2634	0.45454545454545453	False
3663	2762	0.36363636363636365	True
3663	2155	0.2727272727272727	True
3663	1631	0.18181818181818182	False
3663	1488	0.09090909090909091	True
1789	2634	0.9090909090909091	False
1789	3781	0.8181818181818182	False
1789	1120	0.7272727272727273	False
1789	3570	0.6363636363636364	False
1789	1631	0.5454545454545454	False
1789	2155	0.45454545454545453	True
1789	3173	0.36363636363636365	True
1789	2762	0.2727272727272727	True
1789	3012	0.18181818181818182	True
1789	293	0.09090909090909091	True
3270	3570	0.9090909090909091	False
3270	2634	0.8181818181818182	False
3270	1631	0.7272727272727273	False
3270	1120	0.6363636363636364	False
3270	2762	0.5454545454545454	True
3270	3173	0.45454545454545453	True
3270	3781	0.36363636363636365	False
3270	3175	0.2727272727272727	True
3270	2155	0.18181818181818182	True
3270	3012	0.09090909090909091	True
4684	2634	0.9090909090909091	False
4684	2762	0.8181818181818182	True
4684	1120	0.7272727272727273	False
4684	3781	0.6363636363636364	False
4684	3570	0.5454545454545454	False
4684	3173	0.45454545454545453	True
4684	1631	0.36363636363636365	False
4684	3012	0.2727272727272727	True
4684	2155	0.18181818181818182	True
4684	1488	0.09090909090909091	True
5058	2634	0.9090909090909091	False
5058	3570	0.8181818181818182	False
5058	1120	0.7272727272727273	False
5058	1631	0.6363636363636364	False
5058	3781	0.5454545454545454	False
5058	3012	0.45454545454545453	True
5058	2155	0.36363636363636365	True
5058	3173	0.2727272727272727	True
5058	3175	0.18181818181818182	True
5058	2762	0.09090909090909091	True
3467	3570	0.9090909090909091	False
3467	3781	0.8181818181818182	False
3467	2762	0.7272727272727273	True
3467	3175	0.6363636363636364	True
3467	1631	0.5454545454545454	False
3467	1120	0.45454545454545453	False
3467	2634	0.36363636363636365	False
3467	3173	0.2727272727272727	True
3467	2155	0.18181818181818182	True
3467	293	0.09090909090909091	True
5107	2634	0.9090909090909091	False
5107	3570	0.8181818181818182	False
5107	1631	0.7272727272727273	False
5107	3781	0.6363636363636364	False
5107	3173	0.5454545454545454	True
5107	1120	0.45454545454545453	False
5107	3175	0.36363636363636365	True
5107	2762	0.2727272727272727	True
5107	3012	0.18181818181818182	True
5107	2155	0.09090909090909091	True
2596	2634	0.9090909090909091	False
2596	3570	0.8181818181818182	False
2596	1120	0.7272727272727273	False
2596	1631	0.6363636363636364	False
2596	2762	0.5454545454545454	True
2596	3781	0.45454545454545453	False
2596	293	0.36363636363636365	True
2596	2155	0.2727272727272727	True
2596	3173	0.18181818181818182	True
2596	3012	0.09090909090909091	True
3614	3570	0.9090909090909091	False
3614	2762	0.8181818181818182	True
3614	3781	0.7272727272727273	False
3614	2634	0.6363636363636364	False
3614	1120	0.5454545454545454	False
3614	1631	0.45454545454545453	False
3614	3175	0.36363636363636365	True
3614	2155	0.2727272727272727	True
3614	3012	0.18181818181818182	True
3614	3173	0.09090909090909091	True
5983	2634	0.9090909090909091	False
5983	3570	0.8181818181818182	False
5983	1120	0.7272727272727273	False
5983	3781	0.6363636363636364	False
5983	3175	0.5454545454545454	True
5983	1631	0.45454545454545453	False
5983	3173	0.36363636363636365	True
5983	2762	0.2727272727272727	True
5983	2155	0.18181818181818182	True
5983	767	0.09090909090909091	True
1063	1120	0.9090909090909091	False
1063	2634	0.8181818181818182	False
1063	3570	0.7272727272727273	False
1063	2155	0.6363636363636364	True
1063	3175	0.5454545454545454	True
1063	3781	0.45454545454545453	False
1063	1631	0.36363636363636365	False
1063	2762	0.2727272727272727	True
1063	3173	0.18181818181818182	True
1063	3012	0.09090909090909091	True
3703	1120	0.9090909090909091	False
3703	2634	0.8181818181818182	False
3703	3781	0.7272727272727273	False
3703	2762	0.6363636363636364	True
3703	3173	0.5454545454545454	True
3703	3175	0.45454545454545453	True
3703	2155	0.36363636363636365	True
3703	3570	0.2727272727272727	False
3703	1631	0.18181818181818182	False
3703	3440	0.09090909090909091	True
3830	3570	0.9090909090909091	False
3830	1120	0.8181818181818182	False
3830	2634	0.7272727272727273	False
3830	2762	0.6363636363636364	True
3830	1631	0.5454545454545454	False
3830	3781	0.45454545454545453	False
3830	3173	0.36363636363636365	True
3830	2155	0.2727272727272727	True
3830	3175	0.18181818181818182	True
3830	1086	0.09090909090909091	True
5413	2634	0.9090909090909091	False
5413	3570	0.8181818181818182	False
5413	1631	0.7272727272727273	False
5413	1120	0.6363636363636364	False
5413	3173	0.5454545454545454	True
5413	3781	0.45454545454545453	False
5413	2762	0.36363636363636365	True
5413	2155	0.2727272727272727	True
5413	3175	0.18181818181818182	True
5413	3012	0.09090909090909091	True
2676	2762	0.9090909090909091	True
2676	2634	0.8181818181818182	False
2676	3570	0.7272727272727273	False
2676	1120	0.6363636363636364	False
2676	2155	0.5454545454545454	True
2676	3781	0.45454545454545453	False
2676	3173	0.36363636363636365	True
2676	3175	0.2727272727272727	True
2676	1631	0.18181818181818182	False
2676	1488	0.09090909090909091	True
5737	2634	0.9090909090909091	False
5737	3173	0.8181818181818182	True
5737	1120	0.7272727272727273	False
5737	3570	0.6363636363636364	False
5737	1631	0.5454545454545454	False
5737	2762	0.45454545454545453	True
5737	3781	0.36363636363636365	False
5737	3012	0.2727272727272727	True
5737	2155	0.18181818181818182	True
5737	3175	0.09090909090909091	True
1657	3570	0.9090909090909091	False
1657	1631	0.8181818181818182	False
1657	2634	0.7272727272727273	False
1657	3781	0.6363636363636364	False
1657	1120	0.5454545454545454	False
1657	3012	0.45454545454545453	True
1657	293	0.36363636363636365	True
1657	2762	0.2727272727272727	True
1657	3173	0.18181818181818182	True
1657	3738	0.09090909090909091	True
4334	3570	0.9090909090909091	False
4334	3781	0.8181818181818182	False
4334	2762	0.7272727272727273	True
4334	1120	0.6363636363636364	False
4334	1631	0.5454545454545454	False
4334	2634	0.45454545454545453	False
4334	3175	0.36363636363636365	True
4334	2155	0.2727272727272727	True
4334	3012	0.18181818181818182	True
4334	3173	0.09090909090909091	True
1475	3570	0.9090909090909091	False
1475	1631	0.8181818181818182	False
1475	2634	0.7272727272727273	False
1475	3781	0.6363636363636364	False
1475	1120	0.5454545454545454	False
1475	2762	0.45454545454545453	True
1475	3175	0.36363636363636365	True
1475	2155	0.2727272727272727	True
1475	3173	0.18181818181818182	True
1475	3012	0.09090909090909091	True
896	3570	0.9090909090909091	False
896	2634	0.8181818181818182	False
896	1120	0.7272727272727273	False
896	1631	0.6363636363636364	False
896	3781	0.5454545454545454	False
896	3173	0.45454545454545453	True
896	3175	0.36363636363636365	True
896	2762	0.2727272727272727	True
896	3012	0.18181818181818182	True
896	293	0.09090909090909091	True
170	3570	0.9090909090909091	False
170	2762	0.8181818181818182	True
170	3781	0.7272727272727273	False
170	1631	0.6363636363636364	False
170	1120	0.5454545454545454	False
170	2634	0.45454545454545453	False
170	3173	0.36363636363636365	True
170	2155	0.2727272727272727	True
170	3012	0.18181818181818182	True
170	293	0.09090909090909091	True
2435	1631	0.9090909090909091	False
2435	3570	0.8181818181818182	False
2435	2634	0.7272727272727273	False
2435	3781	0.6363636363636364	False
2435	1120	0.5454545454545454	False
2435	3173	0.45454545454545453	True
2435	3175	0.36363636363636365	True
2435	3440	0.2727272727272727	True
2435	3012	0.18181818181818182	True
2435	2762	0.09090909090909091	True
1463	3570	0.9090909090909091	False
1463	1120	0.8181818181818182	False
1463	2634	0.7272727272727273	False
1463	3173	0.6363636363636364	True
1463	1631	0.5454545454545454	False
1463	2762	0.45454545454545453	True
1463	3781	0.36363636363636365	False
1463	2155	0.2727272727272727	True
1463	3012	0.18181818181818182	True
1463	3175	0.09090909090909091	True
1481	3570	0.9090909090909091	False
1481	1120	0.8181818181818182	False
1481	1631	0.7272727272727273	False
1481	2634	0.6363636363636364	False
1481	2155	0.5454545454545454	True
1481	3175	0.45454545454545453	True
1481	3173	0.36363636363636365	True
1481	3781	0.2727272727272727	False
1481	2762	0.18181818181818182	True
1481	3012	0.09090909090909091	True
853	1120	0.9090909090909091	False
853	3781	0.8181818181818182	False
853	2634	0.7272727272727273	False
853	3173	0.6363636363636364	True
853	3175	0.5454545454545454	True
853	1631	0.45454545454545453	False
853	3570	0.36363636363636365	False
853	2762	0.2727272727272727	True
853	2155	0.18181818181818182	True
853	1086	0.09090909090909091	True
2353	2634	0.9090909090909091	False
2353	3570	0.8181818181818182	False
2353	1120	0.7272727272727273	False
2353	2762	0.6363636363636364	True
2353	1631	0.5454545454545454	False
2353	3781	0.45454545454545453	False
2353	3173	0.36363636363636365	True
2353	3012	0.2727272727272727	True
2353	2155	0.18181818181818182	True
2353	3175	0.09090909090909091	True
689	2634	0.9090909090909091	False
689	3173	0.8181818181818182	True
689	1120	0.7272727272727273	False
689	3570	0.6363636363636364	False
689	1631	0.5454545454545454	False
689	2155	0.45454545454545453	True
689	3781	0.36363636363636365	False
689	2762	0.2727272727272727	True
689	3175	0.18181818181818182	True
689	1488	0.09090909090909091	True
4671	2634	0.9090909090909091	False
4671	1120	0.8181818181818182	False
4671	3570	0.7272727272727273	False
4671	1631	0.6363636363636364	False
4671	3781	0.5454545454545454	False
4671	3173	0.45454545454545453	True
4671	2762	0.36363636363636365	True
4671	2155	0.2727272727272727	True
4671	3012	0.18181818181818182	True
4671	3440	0.09090909090909091	True
1176	1120	0.9090909090909091	False
1176	2634	0.8181818181818182	False
1176	3173	0.7272727272727273	True
1176	3781	0.6363636363636364	False
1176	1631	0.5454545454545454	False
1176	2155	0.45454545454545453	True
1176	2762	0.36363636363636365	True
1176	3570	0.2727272727272727	False
1176	3012	0.18181818181818182	True
1176	1488	0.09090909090909091	True
3588	3570	0.9090909090909091	False
3588	2634	0.8181818181818182	False
3588	3175	0.7272727272727273	True
3588	1120	0.6363636363636364	False
3588	2762	0.5454545454545454	True
3588	1631	0.45454545454545453	False
3588	3781	0.36363636363636365	False
3588	2155	0.2727272727272727	True
3588	3173	0.18181818181818182	True
3588	293	0.09090909090909091	True
5836	2634	0.9090909090909091	False
5836	3570	0.8181818181818182	False
5836	1120	0.7272727272727273	False
5836	2762	0.6363636363636364	True
5836	3173	0.5454545454545454	True
5836	3175	0.45454545454545453	True
5836	3781	0.36363636363636365	False
5836	1631	0.2727272727272727	False
5836	2155	0.18181818181818182	True
5836	3012	0.09090909090909091	True
3796	3570	0.9090909090909091	False
3796	3173	0.8181818181818182	True
3796	2634	0.7272727272727273	False
3796	2762	0.6363636363636364	True
3796	3781	0.5454545454545454	False
3796	1120	0.45454545454545453	False
3796	1631	0.36363636363636365	False
3796	2155	0.2727272727272727	True
3796	3012	0.18181818181818182	True
3796	2716	0.09090909090909091	True
1595	3173	0.9090909090909091	True
1595	2634	0.8181818181818182	False
1595	3570	0.7272727272727273	False
1595	1120	0.6363636363636364	False
1595	2762	0.5454545454545454	True
1595	3781	0.45454545454545453	False
1595	1631	0.36363636363636365	False
1595	2155	0.2727272727272727	True
1595	3175	0.18181818181818182	True
1595	3012	0.09090909090909091	True
1854	3570	0.9090909090909091	False
1854	2634	0.8181818181818182	False
1854	2762	0.7272727272727273	True
1854	1120	0.6363636363636364	False
1854	1631	0.5454545454545454	False
1854	3781	0.45454545454545453	False
1854	3173	0.36363636363636365	True
1854	3175	0.2727272727272727	True
1854	2155	0.18181818181818182	True
1854	3012	0.09090909090909091	True
591	3781	0.9090909090909091	False
591	3173	0.8181818181818182	True
591	2762	0.7272727272727273	True
591	1120	0.6363636363636364	False
591	2634	0.5454545454545454	False
591	1631	0.45454545454545453	False
591	3570	0.36363636363636365	False
591	2155	0.2727272727272727	True
591	1488	0.18181818181818182	True
591	3012	0.09090909090909091	True
5514	1120	0.9090909090909091	False
5514	3173	0.8181818181818182	True
5514	2634	0.7272727272727273	False
5514	3781	0.6363636363636364	False
5514	3175	0.5454545454545454	True
5514	2762	0.45454545454545453	True
5514	1631	0.36363636363636365	False
5514	3570	0.2727272727272727	False
5514	2155	0.18181818181818182	True
5514	3012	0.09090909090909091	True
451	3570	0.9090909090909091	False
451	1120	0.8181818181818182	False
451	3781	0.7272727272727273	False
451	3173	0.6363636363636364	True
451	2634	0.5454545454545454	False
451	2762	0.45454545454545453	True
451	1631	0.36363636363636365	False
451	2155	0.2727272727272727	True
451	3012	0.18181818181818182	True
451	1086	0.09090909090909091	True
5783	3570	0.9090909090909091	False
5783	2634	0.8181818181818182	False
5783	1120	0.7272727272727273	False
5783	1631	0.6363636363636364	False
5783	3781	0.5454545454545454	False
5783	3173	0.45454545454545453	True
5783	2762	0.36363636363636365	True
5783	3012	0.2727272727272727	True
5783	2155	0.18181818181818182	True
5783	3175	0.09090909090909091	True
167	2634	0.9090909090909091	False
167	3570	0.8181818181818182	False
167	1120	0.7272727272727273	False
167	2762	0.6363636363636364	True
167	3173	0.5454545454545454	True
167	3175	0.45454545454545453	True
167	3781	0.36363636363636365	False
167	1631	0.2727272727272727	False
167	2155	0.18181818181818182	True
167	3012	0.09090909090909091	True
1078	3781	0.9090909090909091	False
1078	1120	0.8181818181818182	False
1078	2762	0.7272727272727273	True
1078	1631	0.6363636363636364	False
1078	3570	0.5454545454545454	False
1078	2155	0.45454545454545453	True
1078	3173	0.36363636363636365	True
1078	2634	0.2727272727272727	False
1078	3012	0.18181818181818182	True
1078	1086	0.09090909090909091	True
2612	1120	0.9090909090909091	False
2612	3781	0.8181818181818182	False
2612	3173	0.7272727272727273	True
2612	2762	0.6363636363636364	True
2612	2634	0.5454545454545454	False
2612	3570	0.45454545454545453	False
2612	2155	0.36363636363636365	True
2612	1631	0.2727272727272727	False
2612	3175	0.18181818181818182	True
2612	3012	0.09090909090909091	True
5609	3570	0.9090909090909091	False
5609	2762	0.8181818181818182	True
5609	3781	0.7272727272727273	False
5609	2634	0.6363636363636364	False
5609	1120	0.5454545454545454	False
5609	1631	0.45454545454545453	False
5609	2155	0.36363636363636365	True
5609	3173	0.2727272727272727	True
5609	3175	0.18181818181818182	True
5609	3012	0.09090909090909091	True
4781	3781	0.9090909090909091	False
4781	3570	0.8181818181818182	False
4781	1631	0.7272727272727273	False
4781	1120	0.6363636363636364	False
4781	2762	0.5454545454545454	True
4781	2634	0.45454545454545453	False
4781	3173	0.36363636363636365	True
4781	3440	0.2727272727272727	True
4781	1086	0.18181818181818182	True
4781	293	0.09090909090909091	True
2897	2762	0.9090909090909091	True
2897	3570	0.8181818181818182	False
2897	3781	0.7272727272727273	False
2897	1120	0.6363636363636364	False
2897	1631	0.5454545454545454	False
2897	2634	0.45454545454545453	False
2897	2155	0.36363636363636365	True
2897	3173	0.2727272727272727	True
2897	3175	0.18181818181818182	True
2897	3012	0.09090909090909091	True
2061	3570	0.9090909090909091	False
2061	2634	0.8181818181818182	False
2061	1120	0.7272727272727273	False
2061	3173	0.6363636363636364	True
2061	2762	0.5454545454545454	True
2061	1631	0.45454545454545453	False
2061	3781	0.36363636363636365	False
2061	3012	0.2727272727272727	True
2061	3175	0.18181818181818182	True
2061	2155	0.09090909090909091	True
2540	2634	0.9090909090909091	False
2540	1631	0.8181818181818182	False
2540	1120	0.7272727272727273	False
2540	3173	0.6363636363636364	True
2540	3570	0.5454545454545454	False
2540	3781	0.45454545454545453	False
2540	2762	0.36363636363636365	True
2540	2155	0.2727272727272727	True
2540	3175	0.18181818181818182	True
2540	3440	0.09090909090909091	True
5781	1120	0.9090909090909091	False
5781	2634	0.8181818181818182	False
5781	3570	0.7272727272727273	False
5781	2762	0.6363636363636364	True
5781	3781	0.5454545454545454	False
5781	3175	0.45454545454545453	True
5781	3173	0.36363636363636365	True
5781	1631	0.2727272727272727	False
5781	2155	0.18181818181818182	True
5781	3012	0.09090909090909091	True
1209	1120	0.9090909090909091	False
1209	2634	0.8181818181818182	False
1209	3781	0.7272727272727273	False
1209	3173	0.6363636363636364	True
1209	3570	0.5454545454545454	False
1209	1631	0.45454545454545453	False
1209	3175	0.36363636363636365	True
1209	2762	0.2727272727272727	True
1209	2155	0.18181818181818182	True
1209	3012	0.09090909090909091	True
1631	3570	0.9090909090909091	False
1631	2762	0.8181818181818182	True
1631	2634	0.7272727272727273	False
1631	1631	0.6363636363636364	False
1631	3175	0.5454545454545454	True
1631	3781	0.45454545454545453	False
1631	1120	0.36363636363636365	False
1631	3173	0.2727272727272727	True
1631	3012	0.18181818181818182	True
1631	2155	0.09090909090909091	True
4116	2634	0.9090909090909091	False
4116	3173	0.8181818181818182	True
4116	1120	0.7272727272727273	False
4116	3570	0.6363636363636364	False
4116	1631	0.5454545454545454	False
4116	3781	0.45454545454545453	False
4116	1488	0.36363636363636365	True
4116	2155	0.2727272727272727	True
4116	2762	0.18181818181818182	True
4116	3175	0.09090909090909091	True
344	1631	0.9090909090909091	False
344	3175	0.8181818181818182	True
344	3173	0.7272727272727273	True
344	3570	0.6363636363636364	False
344	1120	0.5454545454545454	False
344	2634	0.45454545454545453	False
344	2155	0.36363636363636365	True
344	2762	0.2727272727272727	True
344	3781	0.18181818181818182	False
344	3012	0.09090909090909091	True
2900	3570	0.9090909090909091	False
2900	3175	0.8181818181818182	True
2900	2762	0.7272727272727273	True
2900	3781	0.6363636363636364	False
2900	1631	0.5454545454545454	False
2900	2634	0.45454545454545453	False
2900	3173	0.36363636363636365	True
2900	1120	0.2727272727272727	False
2900	2155	0.18181818181818182	True
2900	293	0.09090909090909091	True
4323	3570	0.9090909090909091	False
4323	2634	0.8181818181818182	False
4323	2762	0.7272727272727273	True
4323	3173	0.6363636363636364	True
4323	1120	0.5454545454545454	False
4323	1631	0.45454545454545453	False
4323	3175	0.36363636363636365	True
4323	3781	0.2727272727272727	False
4323	2155	0.18181818181818182	True
4323	3012	0.09090909090909091	True
4654	2634	0.9090909090909091	False
4654	3570	0.8181818181818182	False
4654	3173	0.7272727272727273	True
4654	1120	0.6363636363636364	False
4654	1631	0.5454545454545454	False
4654	2155	0.45454545454545453	True
4654	3175	0.36363636363636365	True
4654	3781	0.2727272727272727	False
4654	2762	0.18181818181818182	True
4654	3012	0.09090909090909091	True
5521	1120	0.9090909090909091	False
5521	3570	0.8181818181818182	False
5521	2634	0.7272727272727273	False
5521	3173	0.6363636363636364	True
5521	3012	0.5454545454545454	True
5521	2762	0.45454545454545453	True
5521	3781	0.36363636363636365	False
5521	3175	0.2727272727272727	True
5521	1631	0.18181818181818182	False
5521	2155	0.09090909090909091	True
1765	3570	0.9090909090909091	False
1765	2634	0.8181818181818182	False
1765	3781	0.7272727272727273	False
1765	1120	0.6363636363636364	False
1765	2762	0.5454545454545454	True
1765	1631	0.45454545454545453	False
1765	2155	0.36363636363636365	True
1765	3173	0.2727272727272727	True
1765	3012	0.18181818181818182	True
1765	3738	0.09090909090909091	True
4208	1120	0.9090909090909091	False
4208	2634	0.8181818181818182	False
4208	2762	0.7272727272727273	True
4208	3570	0.6363636363636364	False
4208	3175	0.5454545454545454	True
4208	1631	0.45454545454545453	False
4208	3173	0.36363636363636365	True
4208	3781	0.2727272727272727	False
4208	2155	0.18181818181818182	True
4208	3012	0.09090909090909091	True
443	2634	0.9090909090909091	False
443	1120	0.8181818181818182	False
443	3781	0.7272727272727273	False
443	3173	0.6363636363636364	True
443	3175	0.5454545454545454	True
443	2762	0.45454545454545453	True
443	1631	0.36363636363636365	False
443	3570	0.2727272727272727	False
443	2155	0.18181818181818182	True
443	1086	0.09090909090909091	True
5442	3570	0.9090909090909091	False
5442	3781	0.8181818181818182	False
5442	2634	0.7272727272727273	False
5442	1631	0.6363636363636364	False
5442	1120	0.5454545454545454	False
5442	2762	0.45454545454545453	True
5442	2155	0.36363636363636365	True
5442	3173	0.2727272727272727	True
5442	3440	0.18181818181818182	True
5442	767	0.09090909090909091	True
2452	2634	0.9090909090909091	False
2452	3570	0.8181818181818182	False
2452	3781	0.7272727272727273	False
2452	1120	0.6363636363636364	False
2452	2762	0.5454545454545454	True
2452	3175	0.45454545454545453	True
2452	3173	0.36363636363636365	True
2452	1631	0.2727272727272727	False
2452	2155	0.18181818181818182	True
2452	1086	0.09090909090909091	True
2156	3570	0.9090909090909091	False
2156	3781	0.8181818181818182	False
2156	2634	0.7272727272727273	False
2156	1120	0.6363636363636364	False
2156	2762	0.5454545454545454	True
2156	2155	0.45454545454545453	True
2156	1631	0.36363636363636365	False
2156	3173	0.2727272727272727	True
2156	3012	0.18181818181818182	True
2156	1086	0.09090909090909091	True
1339	3781	0.9090909090909091	False
1339	1120	0.8181818181818182	False
1339	2762	0.7272727272727273	True
1339	2634	0.6363636363636364	False
1339	1631	0.5454545454545454	False
1339	3570	0.45454545454545453	False
1339	3012	0.36363636363636365	True
1339	2155	0.2727272727272727	True
1339	3440	0.18181818181818182	True
1339	293	0.09090909090909091	True
4246	3570	0.9090909090909091	False
4246	2634	0.8181818181818182	False
4246	1120	0.7272727272727273	False
4246	1631	0.6363636363636364	False
4246	3173	0.5454545454545454	True
4246	3781	0.45454545454545453	False
4246	2762	0.36363636363636365	True
4246	3175	0.2727272727272727	True
4246	2155	0.18181818181818182	True
4246	3440	0.09090909090909091	True
4559	2634	0.9090909090909091	False
4559	3781	0.8181818181818182	False
4559	2155	0.7272727272727273	True
4559	1631	0.6363636363636364	False
4559	1120	0.5454545454545454	False
4559	3173	0.45454545454545453	True
4559	3570	0.36363636363636365	False
4559	2762	0.2727272727272727	True
4559	3175	0.18181818181818182	True
4559	3440	0.09090909090909091	True
1947	3570	0.9090909090909091	False
1947	2634	0.8181818181818182	False
1947	1120	0.7272727272727273	False
1947	2762	0.6363636363636364	True
1947	1631	0.5454545454545454	False
1947	3781	0.45454545454545453	False
1947	3173	0.36363636363636365	True
1947	3175	0.2727272727272727	True
1947	3012	0.18181818181818182	True
1947	2155	0.09090909090909091	True
82	3173	0.9090909090909091	True
82	3175	0.8181818181818182	True
82	2634	0.7272727272727273	False
82	3570	0.6363636363636364	False
82	1120	0.5454545454545454	False
82	1631	0.45454545454545453	False
82	3781	0.36363636363636365	False
82	2155	0.2727272727272727	True
82	2762	0.18181818181818182	True
82	3012	0.09090909090909091	True
4607	3570	0.9090909090909091	False
4607	2634	0.8181818181818182	False
4607	2762	0.7272727272727273	True
4607	3781	0.6363636363636364	False
4607	1120	0.5454545454545454	False
4607	3173	0.45454545454545453	True
4607	1631	0.36363636363636365	False
4607	3175	0.2727272727272727	True
4607	2155	0.18181818181818182	True
4607	1488	0.09090909090909091	True
618	3781	0.9090909090909091	False
618	3173	0.8181818181818182	True
618	1120	0.7272727272727273	False
618	2634	0.6363636363636364	False
618	2762	0.5454545454545454	True
618	3570	0.45454545454545453	False
618	3440	0.36363636363636365	True
618	2155	0.2727272727272727	True
618	3012	0.18181818181818182	True
618	1488	0.09090909090909091	True
3828	3570	0.9090909090909091	False
3828	2634	0.8181818181818182	False
3828	2762	0.7272727272727273	True
3828	1120	0.6363636363636364	False
3828	3173	0.5454545454545454	True
3828	3781	0.45454545454545453	False
3828	1631	0.36363636363636365	False
3828	3012	0.2727272727272727	True
3828	2155	0.18181818181818182	True
3828	3175	0.09090909090909091	True
2626	1120	0.9090909090909091	False
2626	3570	0.8181818181818182	False
2626	3173	0.7272727272727273	True
2626	2634	0.6363636363636364	False
2626	3012	0.5454545454545454	True
2626	3781	0.45454545454545453	False
2626	1631	0.36363636363636365	False
2626	2762	0.2727272727272727	True
2626	2155	0.18181818181818182	True
2626	3175	0.09090909090909091	True
2741	2634	0.9090909090909091	False
2741	3173	0.8181818181818182	True
2741	1120	0.7272727272727273	False
2741	3570	0.6363636363636364	False
2741	2762	0.5454545454545454	True
2741	3781	0.45454545454545453	False
2741	3175	0.36363636363636365	True
2741	1631	0.2727272727272727	False
2741	2155	0.18181818181818182	True
2741	3012	0.09090909090909091	True
1945	2634	0.9090909090909091	False
1945	3173	0.8181818181818182	True
1945	3781	0.7272727272727273	False
1945	3570	0.6363636363636364	False
1945	1120	0.5454545454545454	False
1945	2762	0.45454545454545453	True
1945	1631	0.36363636363636365	False
1945	2155	0.2727272727272727	True
1945	3175	0.18181818181818182	True
1945	3440	0.09090909090909091	True
3019	3570	0.9090909090909091	False
3019	2634	0.8181818181818182	False
3019	2762	0.7272727272727273	True
3019	1120	0.6363636363636364	False
3019	1631	0.5454545454545454	False
3019	3781	0.45454545454545453	False
3019	2155	0.36363636363636365	True
3019	293	0.2727272727272727	True
3019	3173	0.18181818181818182	True
3019	3012	0.09090909090909091	True
1418	3781	0.9090909090909091	False
1418	1631	0.8181818181818182	False
1418	2634	0.7272727272727273	False
1418	3570	0.6363636363636364	False
1418	1120	0.5454545454545454	False
1418	3173	0.45454545454545453	True
1418	3440	0.36363636363636365	True
1418	2155	0.2727272727272727	True
1418	3175	0.18181818181818182	True
1418	3012	0.09090909090909091	True
3075	2634	0.9090909090909091	False
3075	3781	0.8181818181818182	False
3075	1631	0.7272727272727273	False
3075	3570	0.6363636363636364	False
3075	1120	0.5454545454545454	False
3075	3173	0.45454545454545453	True
3075	2762	0.36363636363636365	True
3075	2155	0.2727272727272727	True
3075	3012	0.18181818181818182	True
3075	3440	0.09090909090909091	True
1560	2634	0.9090909090909091	False
1560	1120	0.8181818181818182	False
1560	3570	0.7272727272727273	False
1560	1631	0.6363636363636364	False
1560	3175	0.5454545454545454	True
1560	3781	0.45454545454545453	False
1560	2155	0.36363636363636365	True
1560	2762	0.2727272727272727	True
1560	3173	0.18181818181818182	True
1560	3012	0.09090909090909091	True
1633	3570	0.9090909090909091	False
1633	1120	0.8181818181818182	False
1633	2634	0.7272727272727273	False
1633	3175	0.6363636363636364	True
1633	3781	0.5454545454545454	False
1633	1631	0.45454545454545453	False
1633	2155	0.36363636363636365	True
1633	1086	0.2727272727272727	True
1633	2762	0.18181818181818182	True
1633	3173	0.09090909090909091	True
4303	3570	0.9090909090909091	False
4303	3781	0.8181818181818182	False
4303	1120	0.7272727272727273	False
4303	2634	0.6363636363636364	False
4303	2762	0.5454545454545454	True
4303	1631	0.45454545454545453	False
4303	3175	0.36363636363636365	True
4303	3173	0.2727272727272727	True
4303	2155	0.18181818181818182	True
4303	1086	0.09090909090909091	True
4845	3781	0.9090909090909091	False
4845	1120	0.8181818181818182	False
4845	2634	0.7272727272727273	False
4845	1631	0.6363636363636364	False
4845	2155	0.5454545454545454	True
4845	3570	0.45454545454545453	False
4845	2762	0.36363636363636365	True
4845	3175	0.2727272727272727	True
4845	3173	0.18181818181818182	True
4845	1086	0.09090909090909091	True
3611	3570	0.9090909090909091	False
3611	2634	0.8181818181818182	False
3611	1120	0.7272727272727273	False
3611	2762	0.6363636363636364	True
3611	3175	0.5454545454545454	True
3611	3173	0.45454545454545453	True
3611	1631	0.36363636363636365	False
3611	3781	0.2727272727272727	False
3611	293	0.18181818181818182	True
3611	3012	0.09090909090909091	True
5544	3781	0.9090909090909091	False
5544	3570	0.8181818181818182	False
5544	1120	0.7272727272727273	False
5544	2155	0.6363636363636364	True
5544	2634	0.5454545454545454	False
5544	1631	0.45454545454545453	False
5544	3173	0.36363636363636365	True
5544	3012	0.2727272727272727	True
5544	2762	0.18181818181818182	True
5544	1488	0.09090909090909091	True
3134	3570	0.9090909090909091	False
3134	2762	0.8181818181818182	True
3134	3781	0.7272727272727273	False
3134	1631	0.6363636363636364	False
3134	1120	0.5454545454545454	False
3134	3173	0.45454545454545453	True
3134	2634	0.36363636363636365	False
3134	2155	0.2727272727272727	True
3134	1488	0.18181818181818182	True
3134	3012	0.09090909090909091	True
3090	1120	0.9090909090909091	False
3090	2634	0.8181818181818182	False
3090	2155	0.7272727272727273	True
3090	3781	0.6363636363636364	False
3090	1631	0.5454545454545454	False
3090	3175	0.45454545454545453	True
3090	3570	0.36363636363636365	False
3090	2762	0.2727272727272727	True
3090	3173	0.18181818181818182	True
3090	3012	0.09090909090909091	True
3494	3781	0.9090909090909091	False
3494	3570	0.8181818181818182	False
3494	1120	0.7272727272727273	False
3494	1631	0.6363636363636364	False
3494	2762	0.5454545454545454	True
3494	3175	0.45454545454545453	True
3494	2634	0.36363636363636365	False
3494	2155	0.2727272727272727	True
3494	1086	0.18181818181818182	True
3494	3440	0.09090909090909091	True
5358	1120	0.9090909090909091	False
5358	2634	0.8181818181818182	False
5358	3173	0.7272727272727273	True
5358	2762	0.6363636363636364	True
5358	3570	0.5454545454545454	False
5358	3781	0.45454545454545453	False
5358	3175	0.36363636363636365	True
5358	1631	0.2727272727272727	False
5358	2155	0.18181818181818182	True
5358	3012	0.09090909090909091	True
3010	2634	0.9090909090909091	False
3010	1120	0.8181818181818182	False
3010	3570	0.7272727272727273	False
3010	1631	0.6363636363636364	False
3010	3781	0.5454545454545454	False
3010	2762	0.45454545454545453	True
3010	2155	0.36363636363636365	True
3010	3175	0.2727272727272727	True
3010	3173	0.18181818181818182	True
3010	3012	0.09090909090909091	True
5081	3570	0.9090909090909091	False
5081	3781	0.8181818181818182	False
5081	1120	0.7272727272727273	False
5081	1631	0.6363636363636364	False
5081	2634	0.5454545454545454	False
5081	2762	0.45454545454545453	True
5081	3175	0.36363636363636365	True
5081	2155	0.2727272727272727	True
5081	3012	0.18181818181818182	True
5081	293	0.09090909090909091	True
182	2634	0.9090909090909091	False
182	1120	0.8181818181818182	False
182	2762	0.7272727272727273	True
182	3175	0.6363636363636364	True
182	3570	0.5454545454545454	False
182	1631	0.45454545454545453	False
182	2155	0.36363636363636365	True
182	3781	0.2727272727272727	False
182	3012	0.18181818181818182	True
182	3173	0.09090909090909091	True
1518	1120	0.9090909090909091	False
1518	3173	0.8181818181818182	True
1518	2634	0.7272727272727273	False
1518	3781	0.6363636363636364	False
1518	3570	0.5454545454545454	False
1518	1631	0.45454545454545453	False
1518	2155	0.36363636363636365	True
1518	2762	0.2727272727272727	True
1518	3175	0.18181818181818182	True
1518	3012	0.09090909090909091	True
2340	2634	0.9090909090909091	False
2340	3570	0.8181818181818182	False
2340	1120	0.7272727272727273	False
2340	2762	0.6363636363636364	True
2340	3781	0.5454545454545454	False
2340	1631	0.45454545454545453	False
2340	3175	0.36363636363636365	True
2340	2155	0.2727272727272727	True
2340	3440	0.18181818181818182	True
2340	3173	0.09090909090909091	True
1478	3173	0.9090909090909091	True
1478	2634	0.8181818181818182	False
1478	1120	0.7272727272727273	False
1478	3781	0.6363636363636364	False
1478	3570	0.5454545454545454	False
1478	2762	0.45454545454545453	True
1478	3440	0.36363636363636365	True
1478	1631	0.2727272727272727	False
1478	3012	0.18181818181818182	True
1478	2155	0.09090909090909091	True
1048	1120	0.9090909090909091	False
1048	3781	0.8181818181818182	False
1048	2634	0.7272727272727273	False
1048	2762	0.6363636363636364	True
1048	3570	0.5454545454545454	False
1048	3175	0.45454545454545453	True
1048	1631	0.36363636363636365	False
1048	3173	0.2727272727272727	True
1048	2155	0.18181818181818182	True
1048	3012	0.09090909090909091	True
2488	3570	0.9090909090909091	False
2488	1120	0.8181818181818182	False
2488	2762	0.7272727272727273	True
2488	2634	0.6363636363636364	False
2488	3781	0.5454545454545454	False
2488	3173	0.45454545454545453	True
2488	3175	0.36363636363636365	True
2488	1631	0.2727272727272727	False
2488	2155	0.18181818181818182	True
2488	3012	0.09090909090909091	True
3870	1120	0.9090909090909091	False
3870	3570	0.8181818181818182	False
3870	1631	0.7272727272727273	False
3870	2155	0.6363636363636364	True
3870	2634	0.5454545454545454	False
3870	2762	0.45454545454545453	True
3870	3781	0.36363636363636365	False
3870	3175	0.2727272727272727	True
3870	3173	0.18181818181818182	True
3870	3012	0.09090909090909091	True
3714	2634	0.9090909090909091	False
3714	3570	0.8181818181818182	False
3714	3173	0.7272727272727273	True
3714	1120	0.6363636363636364	False
3714	3781	0.5454545454545454	False
3714	1631	0.45454545454545453	False
3714	2762	0.36363636363636365	True
3714	2155	0.2727272727272727	True
3714	3012	0.18181818181818182	True
3714	3175	0.09090909090909091	True
2606	3570	0.9090909090909091	False
2606	3175	0.8181818181818182	True
2606	2634	0.7272727272727273	False
2606	1120	0.6363636363636364	False
2606	3173	0.5454545454545454	True
2606	1631	0.45454545454545453	False
2606	2762	0.36363636363636365	True
2606	3781	0.2727272727272727	False
2606	3012	0.18181818181818182	True
2606	2155	0.09090909090909091	True
212	3570	0.9090909090909091	False
212	3781	0.8181818181818182	False
212	2634	0.7272727272727273	False
212	2762	0.6363636363636364	True
212	1120	0.5454545454545454	False
212	3175	0.45454545454545453	True
212	1631	0.36363636363636365	False
212	3173	0.2727272727272727	True
212	2155	0.18181818181818182	True
212	3012	0.09090909090909091	True
