1470	1953	0.9090909090909091	False
1470	245	0.8181818181818182	False
1470	2637	0.7272727272727273	True
1470	648	0.6363636363636364	True
1470	2125	0.5454545454545454	False
1470	1426	0.45454545454545453	True
1470	2261	0.36363636363636365	True
1470	2346	0.2727272727272727	True
1470	2830	0.18181818181818182	True
1470	1230	0.09090909090909091	False
1729	1953	0.9090909090909091	False
1729	2125	0.8181818181818182	False
1729	2929	0.7272727272727273	True
1729	478	0.6363636363636364	True
1729	469	0.5454545454545454	True
1729	2897	0.45454545454545453	False
1729	87	0.36363636363636365	True
1729	1661	0.2727272727272727	False
1729	245	0.18181818181818182	False
1729	3932	0.09090909090909091	False
191	2929	0.9090909090909091	True
191	1953	0.8181818181818182	False
191	2125	0.7272727272727273	False
191	829	0.6363636363636364	True
191	3873	0.5454545454545454	True
191	245	0.45454545454545453	False
191	359	0.36363636363636365	True
191	813	0.2727272727272727	True
191	2346	0.18181818181818182	True
191	257	0.09090909090909091	True
40	163	0.9090909090909091	True
40	1230	0.8181818181818182	False
40	524	0.7272727272727273	True
40	2125	0.6363636363636364	False
40	813	0.5454545454545454	True
40	1661	0.45454545454545453	False
40	359	0.36363636363636365	True
40	469	0.2727272727272727	True
40	245	0.18181818181818182	False
40	26	0.09090909090909091	True
150	1230	0.9090909090909091	False
150	1953	0.8181818181818182	False
150	2125	0.7272727272727273	False
150	1661	0.6363636363636364	False
150	813	0.5454545454545454	True
150	2959	0.45454545454545453	True
150	469	0.36363636363636365	True
150	3167	0.2727272727272727	True
150	245	0.18181818181818182	False
150	2540	0.09090909090909091	True
245	2125	0.9090909090909091	False
245	3932	0.8181818181818182	False
245	524	0.7272727272727273	True
245	594	0.6363636363636364	True
245	2897	0.5454545454545454	False
245	3167	0.45454545454545453	True
245	469	0.36363636363636365	True
245	3873	0.2727272727272727	True
245	87	0.18181818181818182	True
245	2959	0.09090909090909091	True
1467	359	0.9090909090909091	True
1467	813	0.8181818181818182	True
1467	2052	0.7272727272727273	True
1467	3167	0.6363636363636364	True
1467	2929	0.5454545454545454	True
1467	2637	0.45454545454545453	True
1467	3873	0.36363636363636365	True
1467	1230	0.2727272727272727	False
1467	26	0.18181818181818182	True
1467	469	0.09090909090909091	True
4823	1230	0.9090909090909091	False
4823	2125	0.8181818181818182	False
4823	813	0.7272727272727273	True
4823	245	0.6363636363636364	False
4823	2261	0.5454545454545454	True
4823	3932	0.45454545454545453	False
4823	469	0.36363636363636365	True
4823	524	0.2727272727272727	True
4823	1661	0.18181818181818182	False
4823	478	0.09090909090909091	True
1927	3932	0.9090909090909091	False
1927	2125	0.8181818181818182	False
1927	1661	0.7272727272727273	False
1927	2885	0.6363636363636364	True
1927	2830	0.5454545454545454	True
1927	469	0.45454545454545453	True
1927	2959	0.36363636363636365	True
1927	1953	0.2727272727272727	False
1927	2897	0.18181818181818182	False
1927	245	0.09090909090909091	False
3435	2125	0.9090909090909091	False
3435	1953	0.8181818181818182	False
3435	2261	0.7272727272727273	True
3435	245	0.6363636363636364	False
3435	3873	0.5454545454545454	True
3435	478	0.45454545454545453	True
3435	3932	0.36363636363636365	False
3435	469	0.2727272727272727	True
3435	1426	0.18181818181818182	True
3435	524	0.09090909090909091	True
5154	1977	0.9090909090909091	True
5154	469	0.8181818181818182	True
5154	2125	0.7272727272727273	False
5154	1230	0.6363636363636364	False
5154	163	0.5454545454545454	True
5154	2885	0.45454545454545453	True
5154	245	0.36363636363636365	False
5154	813	0.2727272727272727	True
5154	2959	0.18181818181818182	True
5154	2897	0.09090909090909091	False
1882	245	0.9090909090909091	False
1882	1230	0.8181818181818182	False
1882	469	0.7272727272727273	True
1882	2897	0.6363636363636364	False
1882	2125	0.5454545454545454	False
1882	2637	0.45454545454545453	True
1882	813	0.36363636363636365	True
1882	87	0.2727272727272727	True
1882	913	0.18181818181818182	True
1882	2959	0.09090909090909091	True
5275	2897	0.9090909090909091	False
5275	2125	0.8181818181818182	False
5275	2346	0.7272727272727273	True
5275	469	0.6363636363636364	True
5275	163	0.5454545454545454	True
5275	2637	0.45454545454545453	True
5275	1953	0.36363636363636365	False
5275	1811	0.2727272727272727	True
5275	1977	0.18181818181818182	True
5275	2929	0.09090909090909091	True
1835	1953	0.9090909090909091	False
1835	3932	0.8181818181818182	False
1835	2125	0.7272727272727273	False
1835	1426	0.6363636363636364	True
1835	245	0.5454545454545454	False
1835	1523	0.45454545454545453	True
1835	87	0.36363636363636365	True
1835	813	0.2727272727272727	True
1835	1661	0.18181818181818182	False
1835	3873	0.09090909090909091	True
5371	2637	0.9090909090909091	True
5371	3873	0.8181818181818182	True
5371	2959	0.7272727272727273	True
5371	131	0.6363636363636364	True
5371	3306	0.5454545454545454	True
5371	524	0.45454545454545453	True
5371	2125	0.36363636363636365	False
5371	1977	0.2727272727272727	True
5371	2897	0.18181818181818182	False
5371	163	0.09090909090909091	True
4185	2125	0.9090909090909091	False
4185	1661	0.8181818181818182	False
4185	3932	0.7272727272727273	False
4185	469	0.6363636363636364	True
4185	2959	0.5454545454545454	True
4185	3167	0.45454545454545453	True
4185	2885	0.36363636363636365	True
4185	163	0.2727272727272727	True
4185	359	0.18181818181818182	True
4185	813	0.09090909090909091	True
1152	2897	0.9090909090909091	False
1152	2125	0.8181818181818182	False
1152	524	0.7272727272727273	True
1152	1977	0.6363636363636364	True
1152	829	0.5454545454545454	True
1152	359	0.45454545454545453	True
1152	3037	0.36363636363636365	True
1152	2959	0.2727272727272727	True
1152	3932	0.18181818181818182	False
1152	163	0.09090909090909091	True
3317	245	0.9090909090909091	False
3317	1953	0.8181818181818182	False
3317	2125	0.7272727272727273	False
3317	2637	0.6363636363636364	True
3317	1426	0.5454545454545454	True
3317	1661	0.45454545454545453	False
3317	2897	0.36363636363636365	False
3317	1230	0.2727272727272727	False
3317	3306	0.18181818181818182	True
3317	469	0.09090909090909091	True
1825	1953	0.9090909090909091	False
1825	3932	0.8181818181818182	False
1825	2125	0.7272727272727273	False
1825	2897	0.6363636363636364	False
1825	829	0.5454545454545454	True
1825	1661	0.45454545454545453	False
1825	2346	0.36363636363636365	True
1825	469	0.2727272727272727	True
1825	87	0.18181818181818182	True
1825	3306	0.09090909090909091	True
4735	2125	0.9090909090909091	False
4735	1661	0.8181818181818182	False
4735	1230	0.7272727272727273	False
4735	3167	0.6363636363636364	True
4735	469	0.5454545454545454	True
4735	2929	0.45454545454545453	True
4735	813	0.36363636363636365	True
4735	359	0.2727272727272727	True
4735	478	0.18181818181818182	True
4735	245	0.09090909090909091	False
991	2125	0.9090909090909091	False
991	2637	0.8181818181818182	True
991	131	0.7272727272727273	True
991	245	0.6363636363636364	False
991	1661	0.5454545454545454	False
991	2261	0.45454545454545453	True
991	1230	0.36363636363636365	False
991	3306	0.2727272727272727	True
991	1953	0.18181818181818182	False
991	2346	0.09090909090909091	True
4432	2261	0.9090909090909091	True
4432	2125	0.8181818181818182	False
4432	245	0.7272727272727273	False
4432	1230	0.6363636363636364	False
4432	1953	0.5454545454545454	False
4432	3873	0.45454545454545453	True
4432	359	0.36363636363636365	True
4432	524	0.2727272727272727	True
4432	1661	0.18181818181818182	False
4432	257	0.09090909090909091	True
4330	1953	0.9090909090909091	False
4330	2125	0.8181818181818182	False
4330	245	0.7272727272727273	False
4330	469	0.6363636363636364	True
4330	2261	0.5454545454545454	True
4330	2929	0.45454545454545453	True
4330	3873	0.36363636363636365	True
4330	1230	0.2727272727272727	False
4330	478	0.18181818181818182	True
4330	813	0.09090909090909091	True
4442	2125	0.9090909090909091	False
4442	245	0.8181818181818182	False
4442	2830	0.7272727272727273	True
4442	2637	0.6363636363636364	True
4442	3873	0.5454545454545454	True
4442	3932	0.45454545454545453	False
4442	257	0.36363636363636365	True
4442	524	0.2727272727272727	True
4442	1230	0.18181818181818182	False
4442	1811	0.09090909090909091	True
5653	1661	0.9090909090909091	False
5653	359	0.8181818181818182	True
5653	2125	0.7272727272727273	False
5653	2637	0.6363636363636364	True
5653	813	0.5454545454545454	True
5653	163	0.45454545454545453	True
5653	3932	0.36363636363636365	False
5653	1953	0.2727272727272727	False
5653	1426	0.18181818181818182	True
5653	3167	0.09090909090909091	True
4233	524	0.9090909090909091	True
4233	359	0.8181818181818182	True
4233	1230	0.7272727272727273	False
4233	2125	0.6363636363636364	False
4233	1661	0.5454545454545454	False
4233	813	0.45454545454545453	True
4233	163	0.36363636363636365	True
4233	829	0.2727272727272727	True
4233	3167	0.18181818181818182	True
4233	2716	0.09090909090909091	True
3377	2261	0.9090909090909091	True
3377	2125	0.8181818181818182	False
3377	3932	0.7272727272727273	False
3377	2885	0.6363636363636364	True
3377	813	0.5454545454545454	True
3377	1230	0.45454545454545453	False
3377	469	0.36363636363636365	True
3377	478	0.2727272727272727	True
3377	458	0.18181818181818182	True
3377	304	0.09090909090909091	True
2253	1953	0.9090909090909091	False
2253	2346	0.8181818181818182	True
2253	163	0.7272727272727273	True
2253	478	0.6363636363636364	True
2253	2125	0.5454545454545454	False
2253	3932	0.45454545454545453	False
2253	469	0.36363636363636365	True
2253	1811	0.2727272727272727	True
2253	2897	0.18181818181818182	False
2253	829	0.09090909090909091	True
5127	3932	0.9090909090909091	False
5127	1661	0.8181818181818182	False
5127	478	0.7272727272727273	True
5127	2125	0.6363636363636364	False
5127	813	0.5454545454545454	True
5127	1230	0.45454545454545453	False
5127	2897	0.36363636363636365	False
5127	2959	0.2727272727272727	True
5127	163	0.18181818181818182	True
5127	524	0.09090909090909091	True
2863	1230	0.9090909090909091	False
2863	469	0.8181818181818182	True
2863	813	0.7272727272727273	True
2863	163	0.6363636363636364	True
2863	2125	0.5454545454545454	False
2863	2346	0.45454545454545453	True
2863	3167	0.36363636363636365	True
2863	131	0.2727272727272727	True
2863	478	0.18181818181818182	True
2863	2929	0.09090909090909091	True
2560	524	0.9090909090909091	True
2560	3932	0.8181818181818182	False
2560	3873	0.7272727272727273	True
2560	2125	0.6363636363636364	False
2560	257	0.5454545454545454	True
2560	3306	0.45454545454545453	True
2560	131	0.36363636363636365	True
2560	2716	0.2727272727272727	True
2560	2830	0.18181818181818182	True
2560	3167	0.09090909090909091	True
2390	2637	0.9090909090909091	True
2390	245	0.8181818181818182	False
2390	2897	0.7272727272727273	False
2390	2830	0.6363636363636364	True
2390	163	0.5454545454545454	True
2390	1426	0.45454545454545453	True
2390	813	0.36363636363636365	True
2390	1230	0.2727272727272727	False
2390	3932	0.18181818181818182	False
2390	1953	0.09090909090909091	False
925	163	0.9090909090909091	True
925	3167	0.8181818181818182	True
925	524	0.7272727272727273	True
925	469	0.6363636363636364	True
925	2959	0.5454545454545454	True
925	1977	0.45454545454545453	True
925	1230	0.36363636363636365	False
925	2125	0.2727272727272727	False
925	2716	0.18181818181818182	True
925	2897	0.09090909090909091	False
5618	2125	0.9090909090909091	False
5618	478	0.8181818181818182	True
5618	163	0.7272727272727273	True
5618	1661	0.6363636363636364	False
5618	458	0.5454545454545454	True
5618	2897	0.45454545454545453	False
5618	3932	0.36363636363636365	False
5618	1977	0.2727272727272727	True
5618	524	0.18181818181818182	True
5618	469	0.09090909090909091	True
3672	1661	0.9090909090909091	False
3672	2125	0.8181818181818182	False
3672	2929	0.7272727272727273	True
3672	469	0.6363636363636364	True
3672	2897	0.5454545454545454	False
3672	245	0.45454545454545453	False
3672	1953	0.36363636363636365	False
3672	1230	0.2727272727272727	False
3672	1977	0.18181818181818182	True
3672	1426	0.09090909090909091	True
5874	1230	0.9090909090909091	False
5874	245	0.8181818181818182	False
5874	2125	0.7272727272727273	False
5874	1661	0.6363636363636364	False
5874	3932	0.5454545454545454	False
5874	359	0.45454545454545453	True
5874	2637	0.36363636363636365	True
5874	813	0.2727272727272727	True
5874	524	0.18181818181818182	True
5874	2261	0.09090909090909091	True
3914	2125	0.9090909090909091	False
3914	2261	0.8181818181818182	True
3914	524	0.7272727272727273	True
3914	469	0.6363636363636364	True
3914	257	0.5454545454545454	True
3914	1230	0.45454545454545453	False
3914	131	0.36363636363636365	True
3914	813	0.2727272727272727	True
3914	478	0.18181818181818182	True
3914	3932	0.09090909090909091	False
244	524	0.9090909090909091	True
244	2885	0.8181818181818182	True
244	163	0.7272727272727273	True
244	2125	0.6363636363636364	False
244	1230	0.5454545454545454	False
244	3873	0.45454545454545453	True
244	2261	0.36363636363636365	True
244	3932	0.2727272727272727	False
244	2897	0.18181818181818182	False
244	2716	0.09090909090909091	True
3474	829	0.9090909090909091	True
3474	359	0.8181818181818182	True
3474	3932	0.7272727272727273	False
3474	2125	0.6363636363636364	False
3474	1953	0.5454545454545454	False
3474	3167	0.45454545454545453	True
3474	87	0.36363636363636365	True
3474	478	0.2727272727272727	True
3474	257	0.18181818181818182	True
3474	2346	0.09090909090909091	True
593	257	0.9090909090909091	True
593	1811	0.8181818181818182	True
593	2897	0.7272727272727273	False
593	3932	0.6363636363636364	False
593	2125	0.5454545454545454	False
593	2830	0.45454545454545453	True
593	648	0.36363636363636365	True
593	163	0.2727272727272727	True
593	2261	0.18181818181818182	True
593	524	0.09090909090909091	True
945	245	0.9090909090909091	False
945	1953	0.8181818181818182	False
945	2261	0.7272727272727273	True
945	2125	0.6363636363636364	False
945	3873	0.5454545454545454	True
945	2897	0.45454545454545453	False
945	648	0.36363636363636365	True
945	913	0.2727272727272727	True
945	813	0.18181818181818182	True
945	2637	0.09090909090909091	True
1855	1661	0.9090909090909091	False
1855	2125	0.8181818181818182	False
1855	3932	0.7272727272727273	False
1855	359	0.6363636363636364	True
1855	2885	0.5454545454545454	True
1855	163	0.45454545454545453	True
1855	3167	0.36363636363636365	True
1855	469	0.2727272727272727	True
1855	2959	0.18181818181818182	True
1855	478	0.09090909090909091	True
1359	2125	0.9090909090909091	False
1359	1953	0.8181818181818182	False
1359	245	0.7272727272727273	False
1359	3932	0.6363636363636364	False
1359	469	0.5454545454545454	True
1359	478	0.45454545454545453	True
1359	648	0.36363636363636365	True
1359	2897	0.2727272727272727	False
1359	1426	0.18181818181818182	True
1359	3306	0.09090909090909091	True
505	1230	0.9090909090909091	False
505	2052	0.8181818181818182	True
505	813	0.7272727272727273	True
505	2637	0.6363636363636364	True
505	163	0.5454545454545454	True
505	3167	0.45454545454545453	True
505	2346	0.36363636363636365	True
505	913	0.2727272727272727	True
505	257	0.18181818181818182	True
505	469	0.09090909090909091	True
3429	163	0.9090909090909091	True
3429	2897	0.8181818181818182	False
3429	913	0.7272727272727273	True
3429	458	0.6363636363636364	True
3429	2346	0.5454545454545454	True
3429	469	0.45454545454545453	True
3429	2125	0.36363636363636365	False
3429	2929	0.2727272727272727	True
3429	2052	0.18181818181818182	True
3429	2885	0.09090909090909091	True
5705	2125	0.9090909090909091	False
5705	2897	0.8181818181818182	False
5705	813	0.7272727272727273	True
5705	1426	0.6363636363636364	True
5705	1661	0.5454545454545454	False
5705	3932	0.45454545454545453	False
5705	3167	0.36363636363636365	True
5705	478	0.2727272727272727	True
5705	359	0.18181818181818182	True
5705	163	0.09090909090909091	True
3976	478	0.9090909090909091	True
3976	2125	0.8181818181818182	False
3976	458	0.7272727272727273	True
3976	2897	0.6363636363636364	False
3976	524	0.5454545454545454	True
3976	2261	0.45454545454545453	True
3976	163	0.36363636363636365	True
3976	3037	0.2727272727272727	True
3976	87	0.18181818181818182	True
3976	594	0.09090909090909091	True
3417	2125	0.9090909090909091	False
3417	1661	0.8181818181818182	False
3417	2897	0.7272727272727273	False
3417	1953	0.6363636363636364	False
3417	245	0.5454545454545454	False
3417	478	0.45454545454545453	True
3417	2261	0.36363636363636365	True
3417	3932	0.2727272727272727	False
3417	2959	0.18181818181818182	True
3417	3873	0.09090909090909091	True
5733	2897	0.9090909090909091	False
5733	163	0.8181818181818182	True
5733	1953	0.7272727272727273	False
5733	2261	0.6363636363636364	True
5733	813	0.5454545454545454	True
5733	2125	0.45454545454545453	False
5733	2637	0.36363636363636365	True
5733	245	0.2727272727272727	False
5733	1811	0.18181818181818182	True
5733	2613	0.09090909090909091	True
1891	2637	0.9090909090909091	True
1891	3873	0.8181818181818182	True
1891	2125	0.7272727272727273	False
1891	359	0.6363636363636364	True
1891	1977	0.5454545454545454	True
1891	2261	0.45454545454545453	True
1891	1661	0.36363636363636365	False
1891	245	0.2727272727272727	False
1891	594	0.18181818181818182	True
1891	2959	0.09090909090909091	True
919	478	0.9090909090909091	True
919	2125	0.8181818181818182	False
919	2929	0.7272727272727273	True
919	1953	0.6363636363636364	False
919	1661	0.5454545454545454	False
919	1811	0.45454545454545453	True
919	2897	0.36363636363636365	False
919	245	0.2727272727272727	False
919	1426	0.18181818181818182	True
919	3932	0.09090909090909091	False
460	245	0.9090909090909091	False
460	1230	0.8181818181818182	False
460	648	0.7272727272727273	True
460	3932	0.6363636363636364	False
460	2125	0.5454545454545454	False
460	813	0.45454545454545453	True
460	2637	0.36363636363636365	True
460	2830	0.2727272727272727	True
460	1953	0.18181818181818182	False
460	3306	0.09090909090909091	True
3260	1953	0.9090909090909091	False
3260	2125	0.8181818181818182	False
3260	2897	0.7272727272727273	False
3260	3873	0.6363636363636364	True
3260	3932	0.5454545454545454	False
3260	2637	0.45454545454545453	True
3260	469	0.36363636363636365	True
3260	3306	0.2727272727272727	True
3260	87	0.18181818181818182	True
3260	1426	0.09090909090909091	True
3433	1953	0.9090909090909091	False
3433	2637	0.8181818181818182	True
3433	2830	0.7272727272727273	True
3433	245	0.6363636363636364	False
3433	2897	0.5454545454545454	False
3433	648	0.45454545454545453	True
3433	2125	0.36363636363636365	False
3433	1811	0.2727272727272727	True
3433	163	0.18181818181818182	True
3433	2346	0.09090909090909091	True
3396	648	0.9090909090909091	True
3396	2125	0.8181818181818182	False
3396	131	0.7272727272727273	True
3396	2897	0.6363636363636364	False
3396	1953	0.5454545454545454	False
3396	478	0.45454545454545453	True
3396	1661	0.36363636363636365	False
3396	2959	0.2727272727272727	True
3396	3932	0.18181818181818182	False
3396	1230	0.09090909090909091	False
5205	2125	0.9090909090909091	False
5205	359	0.8181818181818182	True
5205	245	0.7272727272727273	False
5205	1661	0.6363636363636364	False
5205	1953	0.5454545454545454	False
5205	1977	0.45454545454545453	True
5205	813	0.36363636363636365	True
5205	469	0.2727272727272727	True
5205	2929	0.18181818181818182	True
5205	1230	0.09090909090909091	False
786	163	0.9090909090909091	True
786	469	0.8181818181818182	True
786	2885	0.7272727272727273	True
786	2125	0.6363636363636364	False
786	2897	0.5454545454545454	False
786	3873	0.45454545454545453	True
786	524	0.36363636363636365	True
786	26	0.2727272727272727	True
786	1661	0.18181818181818182	False
786	1977	0.09090909090909091	True
2848	2637	0.9090909090909091	True
2848	1977	0.8181818181818182	True
2848	163	0.7272727272727273	True
2848	359	0.6363636363636364	True
2848	2897	0.5454545454545454	False
2848	2125	0.45454545454545453	False
2848	3873	0.36363636363636365	True
2848	813	0.2727272727272727	True
2848	829	0.18181818181818182	True
2848	1661	0.09090909090909091	False
3330	3932	0.9090909090909091	False
3330	2125	0.8181818181818182	False
3330	163	0.7272727272727273	True
3330	829	0.6363636363636364	True
3330	1661	0.5454545454545454	False
3330	257	0.45454545454545453	True
3330	1811	0.36363636363636365	True
3330	1977	0.2727272727272727	True
3330	469	0.18181818181818182	True
3330	2885	0.09090909090909091	True
420	2125	0.9090909090909091	False
420	1230	0.8181818181818182	False
420	163	0.7272727272727273	True
420	524	0.6363636363636364	True
420	359	0.5454545454545454	True
420	1661	0.45454545454545453	False
420	3932	0.36363636363636365	False
420	2716	0.2727272727272727	True
420	245	0.18181818181818182	False
420	469	0.09090909090909091	True
97	1953	0.9090909090909091	False
97	2637	0.8181818181818182	True
97	2885	0.7272727272727273	True
97	913	0.6363636363636364	True
97	163	0.5454545454545454	True
97	2052	0.45454545454545453	True
97	2346	0.36363636363636365	True
97	2897	0.2727272727272727	False
97	469	0.18181818181818182	True
97	2125	0.09090909090909091	False
2063	478	0.9090909090909091	True
2063	3932	0.8181818181818182	False
2063	2125	0.7272727272727273	False
2063	1811	0.6363636363636364	True
2063	2830	0.5454545454545454	True
2063	1953	0.45454545454545453	False
2063	2929	0.36363636363636365	True
2063	524	0.2727272727272727	True
2063	458	0.18181818181818182	True
2063	2897	0.09090909090909091	False
1943	245	0.9090909090909091	False
1943	1230	0.8181818181818182	False
1943	2637	0.7272727272727273	True
1943	359	0.6363636363636364	True
1943	813	0.5454545454545454	True
1943	3932	0.45454545454545453	False
1943	1426	0.36363636363636365	True
1943	1661	0.2727272727272727	False
1943	2125	0.18181818181818182	False
1943	524	0.09090909090909091	True
2138	2637	0.9090909090909091	True
2138	359	0.8181818181818182	True
2138	2125	0.7272727272727273	False
2138	524	0.6363636363636364	True
2138	3873	0.5454545454545454	True
2138	2261	0.45454545454545453	True
2138	1230	0.36363636363636365	False
2138	3306	0.2727272727272727	True
2138	163	0.18181818181818182	True
2138	2052	0.09090909090909091	True
1620	2261	0.9090909090909091	True
1620	2125	0.8181818181818182	False
1620	245	0.7272727272727273	False
1620	1953	0.6363636363636364	False
1620	359	0.5454545454545454	True
1620	1811	0.45454545454545453	True
1620	163	0.36363636363636365	True
1620	2929	0.2727272727272727	True
1620	524	0.18181818181818182	True
1620	1661	0.09090909090909091	False
261	245	0.9090909090909091	False
261	1230	0.8181818181818182	False
261	359	0.7272727272727273	True
261	2637	0.6363636363636364	True
261	2125	0.5454545454545454	False
261	1953	0.45454545454545453	False
261	2929	0.36363636363636365	True
261	813	0.2727272727272727	True
261	2346	0.18181818181818182	True
261	2261	0.09090909090909091	True
5370	1661	0.9090909090909091	False
5370	2637	0.8181818181818182	True
5370	2897	0.7272727272727273	False
5370	2125	0.6363636363636364	False
5370	1230	0.5454545454545454	False
5370	2716	0.45454545454545453	True
5370	163	0.36363636363636365	True
5370	524	0.2727272727272727	True
5370	1977	0.18181818181818182	True
5370	2052	0.09090909090909091	True
211	469	0.9090909090909091	True
211	478	0.8181818181818182	True
211	2125	0.7272727272727273	False
211	1230	0.6363636363636364	False
211	913	0.5454545454545454	True
211	26	0.45454545454545453	True
211	163	0.36363636363636365	True
211	2897	0.2727272727272727	False
211	2637	0.18181818181818182	True
211	2885	0.09090909090909091	True
24	1953	0.9090909090909091	False
24	2637	0.8181818181818182	True
24	1811	0.7272727272727273	True
24	813	0.6363636363636364	True
24	163	0.5454545454545454	True
24	245	0.45454545454545453	False
24	2346	0.36363636363636365	True
24	2830	0.2727272727272727	True
24	2125	0.18181818181818182	False
24	1230	0.09090909090909091	False
5900	1953	0.9090909090909091	False
5900	2125	0.8181818181818182	False
5900	245	0.7272727272727273	False
5900	813	0.6363636363636364	True
5900	469	0.5454545454545454	True
5900	131	0.45454545454545453	True
5900	3873	0.36363636363636365	True
5900	1230	0.2727272727272727	False
5900	87	0.18181818181818182	True
5900	478	0.09090909090909091	True
5005	1953	0.9090909090909091	False
5005	3932	0.8181818181818182	False
5005	2125	0.7272727272727273	False
5005	1811	0.6363636363636364	True
5005	2830	0.5454545454545454	True
5005	245	0.45454545454545453	False
5005	87	0.36363636363636365	True
5005	1426	0.2727272727272727	True
5005	469	0.18181818181818182	True
5005	2929	0.09090909090909091	True
2782	1661	0.9090909090909091	False
2782	2125	0.8181818181818182	False
2782	359	0.7272727272727273	True
2782	1977	0.6363636363636364	True
2782	163	0.5454545454545454	True
2782	131	0.45454545454545453	True
2782	3167	0.36363636363636365	True
2782	524	0.2727272727272727	True
2782	1230	0.18181818181818182	False
2782	829	0.09090909090909091	True
3727	245	0.9090909090909091	False
3727	2125	0.8181818181818182	False
3727	1661	0.7272727272727273	False
3727	3932	0.6363636363636364	False
3727	1230	0.5454545454545454	False
3727	1426	0.45454545454545453	True
3727	478	0.36363636363636365	True
3727	524	0.2727272727272727	True
3727	3306	0.18181818181818182	True
3727	2959	0.09090909090909091	True
5527	2346	0.9090909090909091	True
5527	478	0.8181818181818182	True
5527	1661	0.7272727272727273	False
5527	2125	0.6363636363636364	False
5527	3306	0.5454545454545454	True
5527	3932	0.45454545454545453	False
5527	2897	0.36363636363636365	False
5527	1953	0.2727272727272727	False
5527	2637	0.18181818181818182	True
5527	913	0.09090909090909091	True
2603	2125	0.9090909090909091	False
2603	2929	0.8181818181818182	True
2603	257	0.7272727272727273	True
2603	524	0.6363636363636364	True
2603	2261	0.5454545454545454	True
2603	469	0.45454545454545453	True
2603	1230	0.36363636363636365	False
2603	594	0.2727272727272727	True
2603	1661	0.18181818181818182	False
2603	3932	0.09090909090909091	False
2484	2125	0.9090909090909091	False
2484	1230	0.8181818181818182	False
2484	524	0.7272727272727273	True
2484	163	0.6363636363636364	True
2484	469	0.5454545454545454	True
2484	1977	0.45454545454545453	True
2484	245	0.36363636363636365	False
2484	3932	0.2727272727272727	False
2484	359	0.18181818181818182	True
2484	3873	0.09090909090909091	True
5132	2637	0.9090909090909091	True
5132	2897	0.8181818181818182	False
5132	245	0.7272727272727273	False
5132	648	0.6363636363636364	True
5132	2830	0.5454545454545454	True
5132	131	0.45454545454545453	True
5132	2959	0.36363636363636365	True
5132	257	0.2727272727272727	True
5132	1811	0.18181818181818182	True
5132	2125	0.09090909090909091	False
1590	1953	0.9090909090909091	False
1590	2346	0.8181818181818182	True
1590	3167	0.7272727272727273	True
1590	478	0.6363636363636364	True
1590	3306	0.5454545454545454	True
1590	131	0.45454545454545453	True
1590	2125	0.36363636363636365	False
1590	2929	0.2727272727272727	True
1590	359	0.18181818181818182	True
1590	2540	0.09090909090909091	True
2935	1953	0.9090909090909091	False
2935	2125	0.8181818181818182	False
2935	245	0.7272727272727273	False
2935	3932	0.6363636363636364	False
2935	2897	0.5454545454545454	False
2935	2261	0.45454545454545453	True
2935	829	0.36363636363636365	True
2935	3873	0.2727272727272727	True
2935	2959	0.18181818181818182	True
2935	87	0.09090909090909091	True
5011	2125	0.9090909090909091	False
5011	2929	0.8181818181818182	True
5011	524	0.7272727272727273	True
5011	359	0.6363636363636364	True
5011	2052	0.5454545454545454	True
5011	1661	0.45454545454545453	False
5011	245	0.36363636363636365	False
5011	1230	0.2727272727272727	False
5011	163	0.18181818181818182	True
5011	3873	0.09090909090909091	True
1997	245	0.9090909090909091	False
1997	2125	0.8181818181818182	False
1997	1953	0.7272727272727273	False
1997	469	0.6363636363636364	True
1997	2897	0.5454545454545454	False
1997	648	0.45454545454545453	True
1997	2261	0.36363636363636365	True
1997	3932	0.2727272727272727	False
1997	2929	0.18181818181818182	True
1997	2830	0.09090909090909091	True
1701	245	0.9090909090909091	False
1701	2637	0.8181818181818182	True
1701	2125	0.7272727272727273	False
1701	1230	0.6363636363636364	False
1701	1977	0.5454545454545454	True
1701	1953	0.45454545454545453	False
1701	813	0.36363636363636365	True
1701	2897	0.2727272727272727	False
1701	2261	0.18181818181818182	True
1701	359	0.09090909090909091	True
1461	2125	0.9090909090909091	False
1461	359	0.8181818181818182	True
1461	1661	0.7272727272727273	False
1461	1230	0.6363636363636364	False
1461	2959	0.5454545454545454	True
1461	2261	0.45454545454545453	True
1461	829	0.36363636363636365	True
1461	2897	0.2727272727272727	False
1461	245	0.18181818181818182	False
1461	2885	0.09090909090909091	True
818	2637	0.9090909090909091	True
818	2830	0.8181818181818182	True
818	2897	0.7272727272727273	False
818	245	0.6363636363636364	False
818	163	0.5454545454545454	True
818	2052	0.45454545454545453	True
818	257	0.36363636363636365	True
818	913	0.2727272727272727	True
818	813	0.18181818181818182	True
818	648	0.09090909090909091	True
4844	3932	0.9090909090909091	False
4844	2897	0.8181818181818182	False
4844	1661	0.7272727272727273	False
4844	1953	0.6363636363636364	False
4844	2125	0.5454545454545454	False
4844	2830	0.45454545454545453	True
4844	2637	0.36363636363636365	True
4844	87	0.2727272727272727	True
4844	2959	0.18181818181818182	True
4844	1426	0.09090909090909091	True
3116	2929	0.9090909090909091	True
3116	1953	0.8181818181818182	False
3116	2125	0.7272727272727273	False
3116	245	0.6363636363636364	False
3116	1230	0.5454545454545454	False
3116	1661	0.45454545454545453	False
3116	2897	0.36363636363636365	False
3116	469	0.2727272727272727	True
3116	813	0.18181818181818182	True
3116	2261	0.09090909090909091	True
5338	2125	0.9090909090909091	False
5338	1230	0.8181818181818182	False
5338	2897	0.7272727272727273	False
5338	245	0.6363636363636364	False
5338	648	0.5454545454545454	True
5338	913	0.45454545454545453	True
5338	1977	0.36363636363636365	True
5338	469	0.2727272727272727	True
5338	163	0.18181818181818182	True
5338	2261	0.09090909090909091	True
551	359	0.9090909090909091	True
551	2125	0.8181818181818182	False
551	1230	0.7272727272727273	False
551	3167	0.6363636363636364	True
551	813	0.5454545454545454	True
551	829	0.45454545454545453	True
551	2261	0.36363636363636365	True
551	469	0.2727272727272727	True
551	3873	0.18181818181818182	True
551	3932	0.09090909090909091	False
1849	2125	0.9090909090909091	False
1849	2897	0.8181818181818182	False
1849	469	0.7272727272727273	True
1849	3932	0.6363636363636364	False
1849	478	0.5454545454545454	True
1849	3167	0.45454545454545453	True
1849	2929	0.36363636363636365	True
1849	524	0.2727272727272727	True
1849	1953	0.18181818181818182	False
1849	813	0.09090909090909091	True
679	2125	0.9090909090909091	False
679	245	0.8181818181818182	False
679	813	0.7272727272727273	True
679	2897	0.6363636363636364	False
679	1230	0.5454545454545454	False
679	478	0.45454545454545453	True
679	2261	0.36363636363636365	True
679	2637	0.2727272727272727	True
679	1426	0.18181818181818182	True
679	469	0.09090909090909091	True
4215	1230	0.9090909090909091	False
4215	3873	0.8181818181818182	True
4215	2125	0.7272727272727273	False
4215	3167	0.6363636363636364	True
4215	594	0.5454545454545454	True
4215	2637	0.45454545454545453	True
4215	245	0.36363636363636365	False
4215	3306	0.2727272727272727	True
4215	2959	0.18181818181818182	True
4215	359	0.09090909090909091	True
4724	1661	0.9090909090909091	False
4724	524	0.8181818181818182	True
4724	3932	0.7272727272727273	False
4724	2897	0.6363636363636364	False
4724	829	0.5454545454545454	True
4724	2125	0.45454545454545453	False
4724	1230	0.36363636363636365	False
4724	359	0.2727272727272727	True
4724	1811	0.18181818181818182	True
4724	813	0.09090909090909091	True
2231	2125	0.9090909090909091	False
2231	245	0.8181818181818182	False
2231	1230	0.7272727272727273	False
2231	524	0.6363636363636364	True
2231	813	0.5454545454545454	True
2231	2897	0.45454545454545453	False
2231	359	0.36363636363636365	True
2231	2959	0.2727272727272727	True
2231	3873	0.18181818181818182	True
2231	3167	0.09090909090909091	True
5287	2261	0.9090909090909091	True
5287	2125	0.8181818181818182	False
5287	245	0.7272727272727273	False
5287	257	0.6363636363636364	True
5287	3306	0.5454545454545454	True
5287	3873	0.45454545454545453	True
5287	2637	0.36363636363636365	True
5287	1230	0.2727272727272727	False
5287	524	0.18181818181818182	True
5287	1953	0.09090909090909091	False
3656	2261	0.9090909090909091	True
3656	2125	0.8181818181818182	False
3656	478	0.7272727272727273	True
3656	2897	0.6363636363636364	False
3656	3932	0.5454545454545454	False
3656	87	0.45454545454545453	True
3656	2637	0.36363636363636365	True
3656	3873	0.2727272727272727	True
3656	163	0.18181818181818182	True
3656	2613	0.09090909090909091	True
1753	359	0.9090909090909091	True
1753	2637	0.8181818181818182	True
1753	1977	0.7272727272727273	True
1753	1661	0.6363636363636364	False
1753	524	0.5454545454545454	True
1753	2557	0.45454545454545453	True
1753	245	0.36363636363636365	False
1753	2125	0.2727272727272727	False
1753	829	0.18181818181818182	True
1753	163	0.09090909090909091	True
2466	2261	0.9090909090909091	True
2466	245	0.8181818181818182	False
2466	3873	0.7272727272727273	True
2466	163	0.6363636363636364	True
2466	1230	0.5454545454545454	False
2466	257	0.45454545454545453	True
2466	813	0.36363636363636365	True
2466	2125	0.2727272727272727	False
2466	2637	0.18181818181818182	True
2466	1977	0.09090909090909091	True
1383	163	0.9090909090909091	True
1383	1230	0.8181818181818182	False
1383	245	0.7272727272727273	False
1383	913	0.6363636363636364	True
1383	2125	0.5454545454545454	False
1383	813	0.45454545454545453	True
1383	2885	0.36363636363636365	True
1383	469	0.2727272727272727	True
1383	2637	0.18181818181818182	True
1383	2052	0.09090909090909091	True
877	1230	0.9090909090909091	False
877	2125	0.8181818181818182	False
877	2897	0.7272727272727273	False
877	478	0.6363636363636364	True
877	813	0.5454545454545454	True
877	3167	0.45454545454545453	True
877	2261	0.36363636363636365	True
877	2959	0.2727272727272727	True
877	2885	0.18181818181818182	True
877	469	0.09090909090909091	True
