3972	1732	0.9090909090909091	False
3972	314	0.8181818181818182	False
3972	2820	0.7272727272727273	False
3972	2306	0.6363636363636364	False
3972	169	0.5454545454545454	False
3972	3063	0.45454545454545453	True
3972	3319	0.36363636363636365	True
3972	3709	0.2727272727272727	True
3972	515	0.18181818181818182	True
3972	3915	0.09090909090909091	True
2714	314	0.9090909090909091	False
2714	2306	0.8181818181818182	False
2714	1732	0.7272727272727273	False
2714	155	0.6363636363636364	True
2714	3063	0.5454545454545454	True
2714	3319	0.45454545454545453	True
2714	169	0.36363636363636365	False
2714	3709	0.2727272727272727	True
2714	3915	0.18181818181818182	True
2714	2505	0.09090909090909091	True
4044	1732	0.9090909090909091	False
4044	314	0.8181818181818182	False
4044	2820	0.7272727272727273	False
4044	2306	0.6363636363636364	False
4044	3709	0.5454545454545454	True
4044	155	0.45454545454545453	True
4044	169	0.36363636363636365	False
4044	3915	0.2727272727272727	True
4044	3319	0.18181818181818182	True
4044	1535	0.09090909090909091	True
2789	2306	0.9090909090909091	False
2789	1732	0.8181818181818182	False
2789	314	0.7272727272727273	False
2789	169	0.6363636363636364	False
2789	3319	0.5454545454545454	True
2789	2820	0.45454545454545453	False
2789	3063	0.36363636363636365	True
2789	155	0.2727272727272727	True
2789	3709	0.18181818181818182	True
2789	43	0.09090909090909091	True
4600	314	0.9090909090909091	False
4600	2306	0.8181818181818182	False
4600	1732	0.7272727272727273	False
4600	169	0.6363636363636364	False
4600	155	0.5454545454545454	True
4600	3319	0.45454545454545453	True
4600	3063	0.36363636363636365	True
4600	2820	0.2727272727272727	False
4600	2505	0.18181818181818182	True
4600	1535	0.09090909090909091	True
5146	2306	0.9090909090909091	False
5146	1732	0.8181818181818182	False
5146	169	0.7272727272727273	False
5146	3063	0.6363636363636364	True
5146	3319	0.5454545454545454	True
5146	2820	0.45454545454545453	False
5146	314	0.36363636363636365	False
5146	3915	0.2727272727272727	True
5146	515	0.18181818181818182	True
5146	2080	0.09090909090909091	True
3433	2306	0.9090909090909091	False
3433	169	0.8181818181818182	False
3433	314	0.7272727272727273	False
3433	1732	0.6363636363636364	False
3433	155	0.5454545454545454	True
3433	2820	0.45454545454545453	False
3433	3915	0.36363636363636365	True
3433	3319	0.2727272727272727	True
3433	3063	0.18181818181818182	True
3433	831	0.09090909090909091	True
528	314	0.9090909090909091	False
528	1732	0.8181818181818182	False
528	155	0.7272727272727273	True
528	3319	0.6363636363636364	True
528	2306	0.5454545454545454	False
528	3063	0.45454545454545453	True
528	2820	0.36363636363636365	False
528	169	0.2727272727272727	False
528	2505	0.18181818181818182	True
528	3915	0.09090909090909091	True
1984	314	0.9090909090909091	False
1984	2306	0.8181818181818182	False
1984	1732	0.7272727272727273	False
1984	3063	0.6363636363636364	True
1984	169	0.5454545454545454	False
1984	3319	0.45454545454545453	True
1984	2820	0.36363636363636365	False
1984	1535	0.2727272727272727	True
1984	43	0.18181818181818182	True
1984	3709	0.09090909090909091	True
3703	2306	0.9090909090909091	False
3703	314	0.8181818181818182	False
3703	1732	0.7272727272727273	False
3703	169	0.6363636363636364	False
3703	2820	0.5454545454545454	False
3703	3319	0.45454545454545453	True
3703	3063	0.36363636363636365	True
3703	155	0.2727272727272727	True
3703	3709	0.18181818181818182	True
3703	1535	0.09090909090909091	True
746	314	0.9090909090909091	False
746	2306	0.8181818181818182	False
746	155	0.7272727272727273	True
746	169	0.6363636363636364	False
746	1732	0.5454545454545454	False
746	2820	0.45454545454545453	False
746	3709	0.36363636363636365	True
746	3915	0.2727272727272727	True
746	2505	0.18181818181818182	True
746	3319	0.09090909090909091	True
944	2306	0.9090909090909091	False
944	1732	0.8181818181818182	False
944	2820	0.7272727272727273	False
944	169	0.6363636363636364	False
944	314	0.5454545454545454	False
944	2080	0.45454545454545453	True
944	155	0.36363636363636365	True
944	3063	0.2727272727272727	True
944	3319	0.18181818181818182	True
944	43	0.09090909090909091	True
5426	1732	0.9090909090909091	False
5426	2306	0.8181818181818182	False
5426	314	0.7272727272727273	False
5426	2820	0.6363636363636364	False
5426	169	0.5454545454545454	False
5426	3709	0.45454545454545453	True
5426	3063	0.36363636363636365	True
5426	3915	0.2727272727272727	True
5426	155	0.18181818181818182	True
5426	515	0.09090909090909091	True
4261	1732	0.9090909090909091	False
4261	2306	0.8181818181818182	False
4261	3063	0.7272727272727273	True
4261	169	0.6363636363636364	False
4261	3319	0.5454545454545454	True
4261	314	0.45454545454545453	False
4261	2820	0.36363636363636365	False
4261	2505	0.2727272727272727	True
4261	3915	0.18181818181818182	True
4261	3590	0.09090909090909091	True
5817	314	0.9090909090909091	False
5817	2306	0.8181818181818182	False
5817	1732	0.7272727272727273	False
5817	155	0.6363636363636364	True
5817	2820	0.5454545454545454	False
5817	169	0.45454545454545453	False
5817	3709	0.36363636363636365	True
5817	1535	0.2727272727272727	True
5817	2505	0.18181818181818182	True
5817	3915	0.09090909090909091	True
2941	2306	0.9090909090909091	False
2941	314	0.8181818181818182	False
2941	1732	0.7272727272727273	False
2941	169	0.6363636363636364	False
2941	3063	0.5454545454545454	True
2941	3319	0.45454545454545453	True
2941	155	0.36363636363636365	True
2941	3915	0.2727272727272727	True
2941	3709	0.18181818181818182	True
2941	2505	0.09090909090909091	True
5794	2306	0.9090909090909091	False
5794	314	0.8181818181818182	False
5794	1732	0.7272727272727273	False
5794	2820	0.6363636363636364	False
5794	155	0.5454545454545454	True
5794	169	0.45454545454545453	False
5794	3709	0.36363636363636365	True
5794	515	0.2727272727272727	True
5794	3319	0.18181818181818182	True
5794	3063	0.09090909090909091	True
2265	1732	0.9090909090909091	False
2265	169	0.8181818181818182	False
2265	3063	0.7272727272727273	True
2265	2306	0.6363636363636364	False
2265	3319	0.5454545454545454	True
2265	314	0.45454545454545453	False
2265	2505	0.36363636363636365	True
2265	3915	0.2727272727272727	True
2265	2820	0.18181818181818182	False
2265	515	0.09090909090909091	True
3218	1732	0.9090909090909091	False
3218	3063	0.8181818181818182	True
3218	3319	0.7272727272727273	True
3218	314	0.6363636363636364	False
3218	2306	0.5454545454545454	False
3218	169	0.45454545454545453	False
3218	2820	0.36363636363636365	False
3218	3915	0.2727272727272727	True
3218	155	0.18181818181818182	True
3218	515	0.09090909090909091	True
68	2306	0.9090909090909091	False
68	169	0.8181818181818182	False
68	1732	0.7272727272727273	False
68	3319	0.6363636363636364	True
68	314	0.5454545454545454	False
68	3063	0.45454545454545453	True
68	3915	0.36363636363636365	True
68	2820	0.2727272727272727	False
68	515	0.18181818181818182	True
68	155	0.09090909090909091	True
5004	314	0.9090909090909091	False
5004	1732	0.8181818181818182	False
5004	169	0.7272727272727273	False
5004	3319	0.6363636363636364	True
5004	3063	0.5454545454545454	True
5004	2306	0.45454545454545453	False
5004	2820	0.36363636363636365	False
5004	3709	0.2727272727272727	True
5004	2505	0.18181818181818182	True
5004	155	0.09090909090909091	True
2942	314	0.9090909090909091	False
2942	1732	0.8181818181818182	False
2942	155	0.7272727272727273	True
2942	2820	0.6363636363636364	False
2942	2505	0.5454545454545454	True
2942	169	0.45454545454545453	False
2942	3915	0.36363636363636365	True
2942	2306	0.2727272727272727	False
2942	3319	0.18181818181818182	True
2942	1535	0.09090909090909091	True
4145	1732	0.9090909090909091	False
4145	169	0.8181818181818182	False
4145	2820	0.7272727272727273	False
4145	2306	0.6363636363636364	False
4145	314	0.5454545454545454	False
4145	3915	0.45454545454545453	True
4145	3319	0.36363636363636365	True
4145	3709	0.2727272727272727	True
4145	155	0.18181818181818182	True
4145	2505	0.09090909090909091	True
156	2306	0.9090909090909091	False
156	1732	0.8181818181818182	False
156	169	0.7272727272727273	False
156	155	0.6363636363636364	True
156	314	0.5454545454545454	False
156	3319	0.45454545454545453	True
156	3063	0.36363636363636365	True
156	2820	0.2727272727272727	False
156	515	0.18181818181818182	True
156	2080	0.09090909090909091	True
3682	1732	0.9090909090909091	False
3682	169	0.8181818181818182	False
3682	2820	0.7272727272727273	False
3682	314	0.6363636363636364	False
3682	155	0.5454545454545454	True
3682	3709	0.45454545454545453	True
3682	2306	0.36363636363636365	False
3682	2080	0.2727272727272727	True
3682	3319	0.18181818181818182	True
3682	3915	0.09090909090909091	True
2360	169	0.9090909090909091	False
2360	314	0.8181818181818182	False
2360	2306	0.7272727272727273	False
2360	1732	0.6363636363636364	False
2360	155	0.5454545454545454	True
2360	2820	0.45454545454545453	False
2360	2505	0.36363636363636365	True
2360	3063	0.2727272727272727	True
2360	3319	0.18181818181818182	True
2360	3709	0.09090909090909091	True
3217	1732	0.9090909090909091	False
3217	2306	0.8181818181818182	False
3217	169	0.7272727272727273	False
3217	314	0.6363636363636364	False
3217	3319	0.5454545454545454	True
3217	515	0.45454545454545453	True
3217	3063	0.36363636363636365	True
3217	3915	0.2727272727272727	True
3217	2820	0.18181818181818182	False
3217	155	0.09090909090909091	True
4296	1732	0.9090909090909091	False
4296	2306	0.8181818181818182	False
4296	2820	0.7272727272727273	False
4296	3063	0.6363636363636364	True
4296	314	0.5454545454545454	False
4296	169	0.45454545454545453	False
4296	3319	0.36363636363636365	True
4296	155	0.2727272727272727	True
4296	2080	0.18181818181818182	True
4296	3709	0.09090909090909091	True
2386	1732	0.9090909090909091	False
2386	169	0.8181818181818182	False
2386	2820	0.7272727272727273	False
2386	2306	0.6363636363636364	False
2386	314	0.5454545454545454	False
2386	3319	0.45454545454545453	True
2386	155	0.36363636363636365	True
2386	3063	0.2727272727272727	True
2386	3915	0.18181818181818182	True
2386	2505	0.09090909090909091	True
665	2306	0.9090909090909091	False
665	314	0.8181818181818182	False
665	1732	0.7272727272727273	False
665	155	0.6363636363636364	True
665	169	0.5454545454545454	False
665	3915	0.45454545454545453	True
665	2820	0.36363636363636365	False
665	3709	0.2727272727272727	True
665	515	0.18181818181818182	True
665	831	0.09090909090909091	True
4071	169	0.9090909090909091	False
4071	2306	0.8181818181818182	False
4071	1732	0.7272727272727273	False
4071	314	0.6363636363636364	False
4071	3319	0.5454545454545454	True
4071	3063	0.45454545454545453	True
4071	2505	0.36363636363636365	True
4071	2820	0.2727272727272727	False
4071	155	0.18181818181818182	True
4071	3709	0.09090909090909091	True
602	1732	0.9090909090909091	False
602	314	0.8181818181818182	False
602	169	0.7272727272727273	False
602	2306	0.6363636363636364	False
602	155	0.5454545454545454	True
602	2820	0.45454545454545453	False
602	3063	0.36363636363636365	True
602	3319	0.2727272727272727	True
602	3915	0.18181818181818182	True
602	2505	0.09090909090909091	True
3409	2306	0.9090909090909091	False
3409	169	0.8181818181818182	False
3409	314	0.7272727272727273	False
3409	3063	0.6363636363636364	True
3409	3319	0.5454545454545454	True
3409	1732	0.45454545454545453	False
3409	2820	0.36363636363636365	False
3409	3915	0.2727272727272727	True
3409	43	0.18181818181818182	True
3409	831	0.09090909090909091	True
3888	314	0.9090909090909091	False
3888	1732	0.8181818181818182	False
3888	2306	0.7272727272727273	False
3888	169	0.6363636363636364	False
3888	155	0.5454545454545454	True
3888	2820	0.45454545454545453	False
3888	3709	0.36363636363636365	True
3888	3915	0.2727272727272727	True
3888	2505	0.18181818181818182	True
3888	831	0.09090909090909091	True
4366	169	0.9090909090909091	False
4366	2306	0.8181818181818182	False
4366	314	0.7272727272727273	False
4366	2820	0.6363636363636364	False
4366	2505	0.5454545454545454	True
4366	1732	0.45454545454545453	False
4366	3319	0.36363636363636365	True
4366	3063	0.2727272727272727	True
4366	3709	0.18181818181818182	True
4366	3915	0.09090909090909091	True
5760	314	0.9090909090909091	False
5760	2306	0.8181818181818182	False
5760	1732	0.7272727272727273	False
5760	169	0.6363636363636364	False
5760	155	0.5454545454545454	True
5760	3709	0.45454545454545453	True
5760	3319	0.36363636363636365	True
5760	3063	0.2727272727272727	True
5760	351	0.18181818181818182	True
5760	2820	0.09090909090909091	False
5529	314	0.9090909090909091	False
5529	1732	0.8181818181818182	False
5529	2306	0.7272727272727273	False
5529	155	0.6363636363636364	True
5529	169	0.5454545454545454	False
5529	3915	0.45454545454545453	True
5529	2820	0.36363636363636365	False
5529	2505	0.2727272727272727	True
5529	3319	0.18181818181818182	True
5529	3063	0.09090909090909091	True
3220	2306	0.9090909090909091	False
3220	1732	0.8181818181818182	False
3220	314	0.7272727272727273	False
3220	169	0.6363636363636364	False
3220	3063	0.5454545454545454	True
3220	2820	0.45454545454545453	False
3220	3319	0.36363636363636365	True
3220	2505	0.2727272727272727	True
3220	3709	0.18181818181818182	True
3220	155	0.09090909090909091	True
2497	314	0.9090909090909091	False
2497	2306	0.8181818181818182	False
2497	1732	0.7272727272727273	False
2497	3915	0.6363636363636364	True
2497	3063	0.5454545454545454	True
2497	2820	0.45454545454545453	False
2497	155	0.36363636363636365	True
2497	3709	0.2727272727272727	True
2497	2505	0.18181818181818182	True
2497	169	0.09090909090909091	False
4794	169	0.9090909090909091	False
4794	2306	0.8181818181818182	False
4794	314	0.7272727272727273	False
4794	155	0.6363636363636364	True
4794	2820	0.5454545454545454	False
4794	1732	0.45454545454545453	False
4794	3319	0.36363636363636365	True
4794	3915	0.2727272727272727	True
4794	2505	0.18181818181818182	True
4794	3709	0.09090909090909091	True
4981	2306	0.9090909090909091	False
4981	314	0.8181818181818182	False
4981	169	0.7272727272727273	False
4981	155	0.6363636363636364	True
4981	2820	0.5454545454545454	False
4981	3063	0.45454545454545453	True
4981	1732	0.36363636363636365	False
4981	3915	0.2727272727272727	True
4981	3319	0.18181818181818182	True
4981	1535	0.09090909090909091	True
4519	2306	0.9090909090909091	False
4519	314	0.8181818181818182	False
4519	155	0.7272727272727273	True
4519	2820	0.6363636363636364	False
4519	169	0.5454545454545454	False
4519	1732	0.45454545454545453	False
4519	3709	0.36363636363636365	True
4519	1535	0.2727272727272727	True
4519	2505	0.18181818181818182	True
4519	3915	0.09090909090909091	True
1877	1732	0.9090909090909091	False
1877	2306	0.8181818181818182	False
1877	314	0.7272727272727273	False
1877	2820	0.6363636363636364	False
1877	169	0.5454545454545454	False
1877	3709	0.45454545454545453	True
1877	155	0.36363636363636365	True
1877	3319	0.2727272727272727	True
1877	3915	0.18181818181818182	True
1877	3063	0.09090909090909091	True
1178	1732	0.9090909090909091	False
1178	314	0.8181818181818182	False
1178	2306	0.7272727272727273	False
1178	2820	0.6363636363636364	False
1178	169	0.5454545454545454	False
1178	155	0.45454545454545453	True
1178	3915	0.36363636363636365	True
1178	3063	0.2727272727272727	True
1178	3319	0.18181818181818182	True
1178	3709	0.09090909090909091	True
2574	2306	0.9090909090909091	False
2574	169	0.8181818181818182	False
2574	155	0.7272727272727273	True
2574	314	0.6363636363636364	False
2574	1732	0.5454545454545454	False
2574	3063	0.45454545454545453	True
2574	2820	0.36363636363636365	False
2574	2505	0.2727272727272727	True
2574	3319	0.18181818181818182	True
2574	351	0.09090909090909091	True
6003	2306	0.9090909090909091	False
6003	1732	0.8181818181818182	False
6003	314	0.7272727272727273	False
6003	169	0.6363636363636364	False
6003	2820	0.5454545454545454	False
6003	3063	0.45454545454545453	True
6003	155	0.36363636363636365	True
6003	43	0.2727272727272727	True
6003	2505	0.18181818181818182	True
6003	3915	0.09090909090909091	True
1306	314	0.9090909090909091	False
1306	169	0.8181818181818182	False
1306	1732	0.7272727272727273	False
1306	3063	0.6363636363636364	True
1306	3319	0.5454545454545454	True
1306	2306	0.45454545454545453	False
1306	2820	0.36363636363636365	False
1306	155	0.2727272727272727	True
1306	2505	0.18181818181818182	True
1306	2080	0.09090909090909091	True
1341	314	0.9090909090909091	False
1341	1732	0.8181818181818182	False
1341	2820	0.7272727272727273	False
1341	2306	0.6363636363636364	False
1341	169	0.5454545454545454	False
1341	155	0.45454545454545453	True
1341	3915	0.36363636363636365	True
1341	2505	0.2727272727272727	True
1341	3709	0.18181818181818182	True
1341	3319	0.09090909090909091	True
4408	2306	0.9090909090909091	False
4408	314	0.8181818181818182	False
4408	1732	0.7272727272727273	False
4408	2820	0.6363636363636364	False
4408	3063	0.5454545454545454	True
4408	169	0.45454545454545453	False
4408	3319	0.36363636363636365	True
4408	155	0.2727272727272727	True
4408	3709	0.18181818181818182	True
4408	43	0.09090909090909091	True
9	2306	0.9090909090909091	False
9	314	0.8181818181818182	False
9	1732	0.7272727272727273	False
9	155	0.6363636363636364	True
9	169	0.5454545454545454	False
9	3319	0.45454545454545453	True
9	3915	0.36363636363636365	True
9	3063	0.2727272727272727	True
9	3709	0.18181818181818182	True
9	515	0.09090909090909091	True
765	1732	0.9090909090909091	False
765	2306	0.8181818181818182	False
765	169	0.7272727272727273	False
765	314	0.6363636363636364	False
765	3319	0.5454545454545454	True
765	155	0.45454545454545453	True
765	3915	0.36363636363636365	True
765	3063	0.2727272727272727	True
765	2820	0.18181818181818182	False
765	2505	0.09090909090909091	True
2705	1732	0.9090909090909091	False
2705	2306	0.8181818181818182	False
2705	2820	0.7272727272727273	False
2705	169	0.6363636363636364	False
2705	3915	0.5454545454545454	True
2705	314	0.45454545454545453	False
2705	155	0.36363636363636365	True
2705	3063	0.2727272727272727	True
2705	3319	0.18181818181818182	True
2705	2080	0.09090909090909091	True
4997	2820	0.9090909090909091	False
4997	1732	0.8181818181818182	False
4997	2306	0.7272727272727273	False
4997	314	0.6363636363636364	False
4997	3915	0.5454545454545454	True
4997	169	0.45454545454545453	False
4997	3319	0.36363636363636365	True
4997	155	0.2727272727272727	True
4997	3063	0.18181818181818182	True
4997	515	0.09090909090909091	True
1677	314	0.9090909090909091	False
1677	1732	0.8181818181818182	False
1677	2820	0.7272727272727273	False
1677	3709	0.6363636363636364	True
1677	2306	0.5454545454545454	False
1677	169	0.45454545454545453	False
1677	3915	0.36363636363636365	True
1677	3319	0.2727272727272727	True
1677	3063	0.18181818181818182	True
1677	2080	0.09090909090909091	True
4680	1732	0.9090909090909091	False
4680	2306	0.8181818181818182	False
4680	314	0.7272727272727273	False
4680	2820	0.6363636363636364	False
4680	169	0.5454545454545454	False
4680	3319	0.45454545454545453	True
4680	3063	0.36363636363636365	True
4680	2505	0.2727272727272727	True
4680	155	0.18181818181818182	True
4680	3709	0.09090909090909091	True
1303	1732	0.9090909090909091	False
1303	2820	0.8181818181818182	False
1303	314	0.7272727272727273	False
1303	3063	0.6363636363636364	True
1303	2306	0.5454545454545454	False
1303	3319	0.45454545454545453	True
1303	3915	0.36363636363636365	True
1303	169	0.2727272727272727	False
1303	3709	0.18181818181818182	True
1303	2505	0.09090909090909091	True
2685	2306	0.9090909090909091	False
2685	169	0.8181818181818182	False
2685	155	0.7272727272727273	True
2685	1732	0.6363636363636364	False
2685	3063	0.5454545454545454	True
2685	314	0.45454545454545453	False
2685	3319	0.36363636363636365	True
2685	2820	0.2727272727272727	False
2685	3915	0.18181818181818182	True
2685	1535	0.09090909090909091	True
1608	2306	0.9090909090909091	False
1608	169	0.8181818181818182	False
1608	1732	0.7272727272727273	False
1608	3915	0.6363636363636364	True
1608	314	0.5454545454545454	False
1608	155	0.45454545454545453	True
1608	3709	0.36363636363636365	True
1608	3319	0.2727272727272727	True
1608	2820	0.18181818181818182	False
1608	515	0.09090909090909091	True
3785	314	0.9090909090909091	False
3785	2820	0.8181818181818182	False
3785	2306	0.7272727272727273	False
3785	155	0.6363636363636364	True
3785	1732	0.5454545454545454	False
3785	3915	0.45454545454545453	True
3785	169	0.36363636363636365	False
3785	1535	0.2727272727272727	True
3785	831	0.18181818181818182	True
3785	2505	0.09090909090909091	True
2409	2306	0.9090909090909091	False
2409	1732	0.8181818181818182	False
2409	314	0.7272727272727273	False
2409	169	0.6363636363636364	False
2409	155	0.5454545454545454	True
2409	3319	0.45454545454545453	True
2409	2820	0.36363636363636365	False
2409	3063	0.2727272727272727	True
2409	3709	0.18181818181818182	True
2409	3915	0.09090909090909091	True
5932	314	0.9090909090909091	False
5932	1732	0.8181818181818182	False
5932	2820	0.7272727272727273	False
5932	3915	0.6363636363636364	True
5932	3709	0.5454545454545454	True
5932	155	0.45454545454545453	True
5932	2306	0.36363636363636365	False
5932	3063	0.2727272727272727	True
5932	3319	0.18181818181818182	True
5932	2505	0.09090909090909091	True
4615	2306	0.9090909090909091	False
4615	1732	0.8181818181818182	False
4615	314	0.7272727272727273	False
4615	169	0.6363636363636364	False
4615	155	0.5454545454545454	True
4615	3063	0.45454545454545453	True
4615	3319	0.36363636363636365	True
4615	3915	0.2727272727272727	True
4615	3709	0.18181818181818182	True
4615	2820	0.09090909090909091	False
2762	314	0.9090909090909091	False
2762	2306	0.8181818181818182	False
2762	1732	0.7272727272727273	False
2762	169	0.6363636363636364	False
2762	3063	0.5454545454545454	True
2762	2047	0.45454545454545453	True
2762	3319	0.36363636363636365	True
2762	3915	0.2727272727272727	True
2762	155	0.18181818181818182	True
2762	3709	0.09090909090909091	True
4398	169	0.9090909090909091	False
4398	2306	0.8181818181818182	False
4398	1732	0.7272727272727273	False
4398	314	0.6363636363636364	False
4398	2820	0.5454545454545454	False
4398	3915	0.45454545454545453	True
4398	3319	0.36363636363636365	True
4398	155	0.2727272727272727	True
4398	3063	0.18181818181818182	True
4398	3709	0.09090909090909091	True
5504	314	0.9090909090909091	False
5504	169	0.8181818181818182	False
5504	1732	0.7272727272727273	False
5504	2306	0.6363636363636364	False
5504	2820	0.5454545454545454	False
5504	3063	0.45454545454545453	True
5504	3319	0.36363636363636365	True
5504	155	0.2727272727272727	True
5504	3709	0.18181818181818182	True
5504	2080	0.09090909090909091	True
5466	1732	0.9090909090909091	False
5466	2306	0.8181818181818182	False
5466	169	0.7272727272727273	False
5466	3915	0.6363636363636364	True
5466	314	0.5454545454545454	False
5466	2820	0.45454545454545453	False
5466	155	0.36363636363636365	True
5466	3709	0.2727272727272727	True
5466	3319	0.18181818181818182	True
5466	3590	0.09090909090909091	True
991	1732	0.9090909090909091	False
991	314	0.8181818181818182	False
991	155	0.7272727272727273	True
991	2306	0.6363636363636364	False
991	3915	0.5454545454545454	True
991	2820	0.45454545454545453	False
991	3319	0.36363636363636365	True
991	169	0.2727272727272727	False
991	3063	0.18181818181818182	True
991	3709	0.09090909090909091	True
5590	314	0.9090909090909091	False
5590	1732	0.8181818181818182	False
5590	2820	0.7272727272727273	False
5590	2306	0.6363636363636364	False
5590	155	0.5454545454545454	True
5590	169	0.45454545454545453	False
5590	3709	0.36363636363636365	True
5590	3915	0.2727272727272727	True
5590	2505	0.18181818181818182	True
5590	3063	0.09090909090909091	True
741	1732	0.9090909090909091	False
741	2820	0.8181818181818182	False
741	314	0.7272727272727273	False
741	169	0.6363636363636364	False
741	2306	0.5454545454545454	False
741	2080	0.45454545454545453	True
741	3709	0.36363636363636365	True
741	3063	0.2727272727272727	True
741	3319	0.18181818181818182	True
741	3915	0.09090909090909091	True
1620	169	0.9090909090909091	False
1620	2306	0.8181818181818182	False
1620	1732	0.7272727272727273	False
1620	155	0.6363636363636364	True
1620	2820	0.5454545454545454	False
1620	314	0.45454545454545453	False
1620	3709	0.36363636363636365	True
1620	3915	0.2727272727272727	True
1620	2505	0.18181818181818182	True
1620	3319	0.09090909090909091	True
2044	169	0.9090909090909091	False
2044	1732	0.8181818181818182	False
2044	314	0.7272727272727273	False
2044	2306	0.6363636363636364	False
2044	2820	0.5454545454545454	False
2044	3063	0.45454545454545453	True
2044	3915	0.36363636363636365	True
2044	3319	0.2727272727272727	True
2044	2505	0.18181818181818182	True
2044	3709	0.09090909090909091	True
1794	1732	0.9090909090909091	False
1794	2306	0.8181818181818182	False
1794	155	0.7272727272727273	True
1794	314	0.6363636363636364	False
1794	169	0.5454545454545454	False
1794	3319	0.45454545454545453	True
1794	3709	0.36363636363636365	True
1794	3063	0.2727272727272727	True
1794	515	0.18181818181818182	True
1794	2820	0.09090909090909091	False
5995	314	0.9090909090909091	False
5995	1732	0.8181818181818182	False
5995	169	0.7272727272727273	False
5995	2306	0.6363636363636364	False
5995	2505	0.5454545454545454	True
5995	3915	0.45454545454545453	True
5995	3319	0.36363636363636365	True
5995	3063	0.2727272727272727	True
5995	155	0.18181818181818182	True
5995	3709	0.09090909090909091	True
3315	2306	0.9090909090909091	False
3315	1732	0.8181818181818182	False
3315	314	0.7272727272727273	False
3315	169	0.6363636363636364	False
3315	3709	0.5454545454545454	True
3315	2820	0.45454545454545453	False
3315	3319	0.36363636363636365	True
3315	155	0.2727272727272727	True
3315	3915	0.18181818181818182	True
3315	515	0.09090909090909091	True
3991	2306	0.9090909090909091	False
3991	1732	0.8181818181818182	False
3991	314	0.7272727272727273	False
3991	2820	0.6363636363636364	False
3991	155	0.5454545454545454	True
3991	169	0.45454545454545453	False
3991	3709	0.36363636363636365	True
3991	3063	0.2727272727272727	True
3991	3915	0.18181818181818182	True
3991	3319	0.09090909090909091	True
4662	1732	0.9090909090909091	False
4662	155	0.8181818181818182	True
4662	169	0.7272727272727273	False
4662	314	0.6363636363636364	False
4662	3709	0.5454545454545454	True
4662	2306	0.45454545454545453	False
4662	2820	0.36363636363636365	False
4662	3319	0.2727272727272727	True
4662	3915	0.18181818181818182	True
4662	515	0.09090909090909091	True
4543	169	0.9090909090909091	False
4543	314	0.8181818181818182	False
4543	3319	0.7272727272727273	True
4543	1732	0.6363636363636364	False
4543	2306	0.5454545454545454	False
4543	155	0.45454545454545453	True
4543	3063	0.36363636363636365	True
4543	2505	0.2727272727272727	True
4543	2820	0.18181818181818182	False
4543	3709	0.09090909090909091	True
254	2306	0.9090909090909091	False
254	314	0.8181818181818182	False
254	1732	0.7272727272727273	False
254	3063	0.6363636363636364	True
254	169	0.5454545454545454	False
254	2820	0.45454545454545453	False
254	3319	0.36363636363636365	True
254	43	0.2727272727272727	True
254	3915	0.18181818181818182	True
254	515	0.09090909090909091	True
5749	1732	0.9090909090909091	False
5749	314	0.8181818181818182	False
5749	3915	0.7272727272727273	True
5749	169	0.6363636363636364	False
5749	2306	0.5454545454545454	False
5749	2820	0.45454545454545453	False
5749	3709	0.36363636363636365	True
5749	2505	0.2727272727272727	True
5749	3319	0.18181818181818182	True
5749	3063	0.09090909090909091	True
735	1732	0.9090909090909091	False
735	314	0.8181818181818182	False
735	3319	0.7272727272727273	True
735	2306	0.6363636363636364	False
735	3063	0.5454545454545454	True
735	169	0.45454545454545453	False
735	2505	0.36363636363636365	True
735	155	0.2727272727272727	True
735	2820	0.18181818181818182	False
735	43	0.09090909090909091	True
3724	2820	0.9090909090909091	False
3724	1732	0.8181818181818182	False
3724	314	0.7272727272727273	False
3724	169	0.6363636363636364	False
3724	2306	0.5454545454545454	False
3724	3319	0.45454545454545453	True
3724	3915	0.36363636363636365	True
3724	3063	0.2727272727272727	True
3724	2080	0.18181818181818182	True
3724	3709	0.09090909090909091	True
3085	314	0.9090909090909091	False
3085	3915	0.8181818181818182	True
3085	1732	0.7272727272727273	False
3085	2820	0.6363636363636364	False
3085	169	0.5454545454545454	False
3085	2306	0.45454545454545453	False
3085	155	0.36363636363636365	True
3085	2505	0.2727272727272727	True
3085	3063	0.18181818181818182	True
3085	3709	0.09090909090909091	True
2348	1732	0.9090909090909091	False
2348	314	0.8181818181818182	False
2348	169	0.7272727272727273	False
2348	2820	0.6363636363636364	False
2348	3709	0.5454545454545454	True
2348	2306	0.45454545454545453	False
2348	155	0.36363636363636365	True
2348	2505	0.2727272727272727	True
2348	3319	0.18181818181818182	True
2348	3915	0.09090909090909091	True
3026	314	0.9090909090909091	False
3026	169	0.8181818181818182	False
3026	2306	0.7272727272727273	False
3026	155	0.6363636363636364	True
3026	2505	0.5454545454545454	True
3026	1732	0.45454545454545453	False
3026	2820	0.36363636363636365	False
3026	3915	0.2727272727272727	True
3026	3063	0.18181818181818182	True
3026	351	0.09090909090909091	True
3751	314	0.9090909090909091	False
3751	3063	0.8181818181818182	True
3751	2820	0.7272727272727273	False
3751	2306	0.6363636363636364	False
3751	3319	0.5454545454545454	True
3751	3915	0.45454545454545453	True
3751	3709	0.36363636363636365	True
3751	831	0.2727272727272727	True
3751	515	0.18181818181818182	True
3751	1535	0.09090909090909091	True
4959	169	0.9090909090909091	False
4959	2306	0.8181818181818182	False
4959	1732	0.7272727272727273	False
4959	3063	0.6363636363636364	True
4959	3319	0.5454545454545454	True
4959	3915	0.45454545454545453	True
4959	2505	0.36363636363636365	True
4959	314	0.2727272727272727	False
4959	2820	0.18181818181818182	False
4959	155	0.09090909090909091	True
391	314	0.9090909090909091	False
391	1732	0.8181818181818182	False
391	2306	0.7272727272727273	False
391	169	0.6363636363636364	False
391	2820	0.5454545454545454	False
391	155	0.45454545454545453	True
391	3915	0.36363636363636365	True
391	2505	0.2727272727272727	True
391	3709	0.18181818181818182	True
391	351	0.09090909090909091	True
5262	2306	0.9090909090909091	False
5262	314	0.8181818181818182	False
5262	2820	0.7272727272727273	False
5262	169	0.6363636363636364	False
5262	1732	0.5454545454545454	False
5262	155	0.45454545454545453	True
5262	3063	0.36363636363636365	True
5262	2505	0.2727272727272727	True
5262	3319	0.18181818181818182	True
5262	3915	0.09090909090909091	True
98	2306	0.9090909090909091	False
98	169	0.8181818181818182	False
98	314	0.7272727272727273	False
98	155	0.6363636363636364	True
98	2820	0.5454545454545454	False
98	1732	0.45454545454545453	False
98	3709	0.36363636363636365	True
98	3319	0.2727272727272727	True
98	3915	0.18181818181818182	True
98	2505	0.09090909090909091	True
1614	169	0.9090909090909091	False
1614	1732	0.8181818181818182	False
1614	3915	0.7272727272727273	True
1614	314	0.6363636363636364	False
1614	2820	0.5454545454545454	False
1614	155	0.45454545454545453	True
1614	2306	0.36363636363636365	False
1614	3063	0.2727272727272727	True
1614	2505	0.18181818181818182	True
1614	3319	0.09090909090909091	True
5752	314	0.9090909090909091	False
5752	1732	0.8181818181818182	False
5752	155	0.7272727272727273	True
5752	169	0.6363636363636364	False
5752	2306	0.5454545454545454	False
5752	3915	0.45454545454545453	True
5752	3319	0.36363636363636365	True
5752	2505	0.2727272727272727	True
5752	2820	0.18181818181818182	False
5752	3709	0.09090909090909091	True
1729	2306	0.9090909090909091	False
1729	314	0.8181818181818182	False
1729	1732	0.7272727272727273	False
1729	169	0.6363636363636364	False
1729	2820	0.5454545454545454	False
1729	155	0.45454545454545453	True
1729	3063	0.36363636363636365	True
1729	3915	0.2727272727272727	True
1729	3319	0.18181818181818182	True
1729	3709	0.09090909090909091	True
5584	314	0.9090909090909091	False
5584	2306	0.8181818181818182	False
5584	169	0.7272727272727273	False
5584	3063	0.6363636363636364	True
5584	1732	0.5454545454545454	False
5584	3319	0.45454545454545453	True
5584	155	0.36363636363636365	True
5584	3915	0.2727272727272727	True
5584	2505	0.18181818181818182	True
5584	351	0.09090909090909091	True
278	1732	0.9090909090909091	False
278	314	0.8181818181818182	False
278	2306	0.7272727272727273	False
278	155	0.6363636363636364	True
278	2820	0.5454545454545454	False
278	3915	0.45454545454545453	True
278	3709	0.36363636363636365	True
278	169	0.2727272727272727	False
278	3319	0.18181818181818182	True
278	515	0.09090909090909091	True
770	314	0.9090909090909091	False
770	155	0.8181818181818182	True
770	3915	0.7272727272727273	True
770	169	0.6363636363636364	False
770	1732	0.5454545454545454	False
770	2820	0.45454545454545453	False
770	2505	0.36363636363636365	True
770	3709	0.2727272727272727	True
770	3319	0.18181818181818182	True
770	1535	0.09090909090909091	True
1937	1732	0.9090909090909091	False
1937	169	0.8181818181818182	False
1937	314	0.7272727272727273	False
1937	3319	0.6363636363636364	True
1937	3063	0.5454545454545454	True
1937	2306	0.45454545454545453	False
1937	2820	0.36363636363636365	False
1937	3709	0.2727272727272727	True
1937	155	0.18181818181818182	True
1937	2505	0.09090909090909091	True
3211	2306	0.9090909090909091	False
3211	314	0.8181818181818182	False
3211	1732	0.7272727272727273	False
3211	2820	0.6363636363636364	False
3211	3063	0.5454545454545454	True
3211	169	0.45454545454545453	False
3211	3319	0.36363636363636365	True
3211	155	0.2727272727272727	True
3211	515	0.18181818181818182	True
3211	43	0.09090909090909091	True
