1231	2978	0.9090909090909091	False
1231	1615	0.8181818181818182	False
1231	974	0.7272727272727273	False
1231	2379	0.6363636363636364	True
1231	223	0.5454545454545454	False
1231	3386	0.45454545454545453	False
1231	2112	0.36363636363636365	True
1231	3344	0.2727272727272727	True
1231	1998	0.18181818181818182	True
1231	2987	0.09090909090909091	True
2865	2978	0.9090909090909091	False
2865	1615	0.8181818181818182	False
2865	3386	0.7272727272727273	False
2865	223	0.6363636363636364	False
2865	974	0.5454545454545454	False
2865	2379	0.45454545454545453	True
2865	2987	0.36363636363636365	True
2865	3344	0.2727272727272727	True
2865	2773	0.18181818181818182	True
2865	1998	0.09090909090909091	True
4988	2978	0.9090909090909091	False
4988	3386	0.8181818181818182	False
4988	1615	0.7272727272727273	False
4988	3344	0.6363636363636364	True
4988	2130	0.5454545454545454	True
4988	974	0.45454545454545453	False
4988	223	0.36363636363636365	False
4988	2773	0.2727272727272727	True
4988	1998	0.18181818181818182	True
4988	2379	0.09090909090909091	True
3039	2978	0.9090909090909091	False
3039	974	0.8181818181818182	False
3039	223	0.7272727272727273	False
3039	3386	0.6363636363636364	False
3039	1615	0.5454545454545454	False
3039	2379	0.45454545454545453	True
3039	2987	0.36363636363636365	True
3039	3344	0.2727272727272727	True
3039	2112	0.18181818181818182	True
3039	1998	0.09090909090909091	True
4267	974	0.9090909090909091	False
4267	2978	0.8181818181818182	False
4267	2379	0.7272727272727273	True
4267	3344	0.6363636363636364	True
4267	3386	0.5454545454545454	False
4267	1615	0.45454545454545453	False
4267	2130	0.36363636363636365	True
4267	2112	0.2727272727272727	True
4267	333	0.18181818181818182	True
4267	1998	0.09090909090909091	True
5605	2978	0.9090909090909091	False
5605	1615	0.8181818181818182	False
5605	974	0.7272727272727273	False
5605	2379	0.6363636363636364	True
5605	3386	0.5454545454545454	False
5605	2112	0.45454545454545453	True
5605	3344	0.36363636363636365	True
5605	1998	0.2727272727272727	True
5605	834	0.18181818181818182	True
5605	2130	0.09090909090909091	True
3759	2978	0.9090909090909091	False
3759	1615	0.8181818181818182	False
3759	3386	0.7272727272727273	False
3759	223	0.6363636363636364	False
3759	974	0.5454545454545454	False
3759	2379	0.45454545454545453	True
3759	3344	0.36363636363636365	True
3759	2130	0.2727272727272727	True
3759	543	0.18181818181818182	True
3759	2112	0.09090909090909091	True
2524	2978	0.9090909090909091	False
2524	3386	0.8181818181818182	False
2524	974	0.7272727272727273	False
2524	223	0.6363636363636364	False
2524	1615	0.5454545454545454	False
2524	3344	0.45454545454545453	True
2524	543	0.36363636363636365	True
2524	2130	0.2727272727272727	True
2524	2112	0.18181818181818182	True
2524	1998	0.09090909090909091	True
35	2978	0.9090909090909091	False
35	1615	0.8181818181818182	False
35	3386	0.7272727272727273	False
35	974	0.6363636363636364	False
35	2112	0.5454545454545454	True
35	1998	0.45454545454545453	True
35	3344	0.36363636363636365	True
35	223	0.2727272727272727	False
35	2130	0.18181818181818182	True
35	2379	0.09090909090909091	True
2375	2978	0.9090909090909091	False
2375	974	0.8181818181818182	False
2375	333	0.7272727272727273	True
2375	223	0.6363636363636364	False
2375	2379	0.5454545454545454	True
2375	1998	0.45454545454545453	True
2375	3344	0.36363636363636365	True
2375	2112	0.2727272727272727	True
2375	3386	0.18181818181818182	False
2375	1615	0.09090909090909091	False
4023	2978	0.9090909090909091	False
4023	974	0.8181818181818182	False
4023	2379	0.7272727272727273	True
4023	3386	0.6363636363636364	False
4023	223	0.5454545454545454	False
4023	1998	0.45454545454545453	True
4023	1615	0.36363636363636365	False
4023	3344	0.2727272727272727	True
4023	2130	0.18181818181818182	True
4023	333	0.09090909090909091	True
2082	2978	0.9090909090909091	False
2082	2379	0.8181818181818182	True
2082	974	0.7272727272727273	False
2082	1615	0.6363636363636364	False
2082	1998	0.5454545454545454	True
2082	3386	0.45454545454545453	False
2082	223	0.36363636363636365	False
2082	2130	0.2727272727272727	True
2082	2112	0.18181818181818182	True
2082	3344	0.09090909090909091	True
5028	2978	0.9090909090909091	False
5028	3344	0.8181818181818182	True
5028	223	0.7272727272727273	False
5028	974	0.6363636363636364	False
5028	1998	0.5454545454545454	True
5028	2379	0.45454545454545453	True
5028	3386	0.36363636363636365	False
5028	333	0.2727272727272727	True
5028	1615	0.18181818181818182	False
5028	2130	0.09090909090909091	True
5043	2978	0.9090909090909091	False
5043	974	0.8181818181818182	False
5043	3386	0.7272727272727273	False
5043	2379	0.6363636363636364	True
5043	1615	0.5454545454545454	False
5043	3344	0.45454545454545453	True
5043	223	0.36363636363636365	False
5043	2130	0.2727272727272727	True
5043	2112	0.18181818181818182	True
5043	1998	0.09090909090909091	True
5323	2978	0.9090909090909091	False
5323	1615	0.8181818181818182	False
5323	3386	0.7272727272727273	False
5323	223	0.6363636363636364	False
5323	974	0.5454545454545454	False
5323	1998	0.45454545454545453	True
5323	3344	0.36363636363636365	True
5323	2773	0.2727272727272727	True
5323	2112	0.18181818181818182	True
5323	2379	0.09090909090909091	True
6003	2978	0.9090909090909091	False
6003	974	0.8181818181818182	False
6003	2112	0.7272727272727273	True
6003	3386	0.6363636363636364	False
6003	1615	0.5454545454545454	False
6003	223	0.45454545454545453	False
6003	3344	0.36363636363636365	True
6003	2379	0.2727272727272727	True
6003	2737	0.18181818181818182	True
6003	1998	0.09090909090909091	True
583	2978	0.9090909090909091	False
583	223	0.8181818181818182	False
583	1615	0.7272727272727273	False
583	974	0.6363636363636364	False
583	3386	0.5454545454545454	False
583	1998	0.45454545454545453	True
583	2112	0.36363636363636365	True
583	2379	0.2727272727272727	True
583	3344	0.18181818181818182	True
583	2987	0.09090909090909091	True
4987	2978	0.9090909090909091	False
4987	974	0.8181818181818182	False
4987	223	0.7272727272727273	False
4987	3344	0.6363636363636364	True
4987	3386	0.5454545454545454	False
4987	333	0.45454545454545453	True
4987	1998	0.36363636363636365	True
4987	543	0.2727272727272727	True
4987	1615	0.18181818181818182	False
4987	2379	0.09090909090909091	True
3531	2978	0.9090909090909091	False
3531	974	0.8181818181818182	False
3531	223	0.7272727272727273	False
3531	1615	0.6363636363636364	False
3531	2379	0.5454545454545454	True
3531	3344	0.45454545454545453	True
3531	3386	0.36363636363636365	False
3531	1998	0.2727272727272727	True
3531	2991	0.18181818181818182	True
3531	2112	0.09090909090909091	True
4810	2978	0.9090909090909091	False
4810	3386	0.8181818181818182	False
4810	2112	0.7272727272727273	True
4810	974	0.6363636363636364	False
4810	2130	0.5454545454545454	True
4810	543	0.45454545454545453	True
4810	2737	0.36363636363636365	True
4810	223	0.2727272727272727	False
4810	1615	0.18181818181818182	False
4810	2379	0.09090909090909091	True
818	2978	0.9090909090909091	False
818	974	0.8181818181818182	False
818	223	0.7272727272727273	False
818	3386	0.6363636363636364	False
818	2379	0.5454545454545454	True
818	543	0.45454545454545453	True
818	1615	0.36363636363636365	False
818	1998	0.2727272727272727	True
818	2112	0.18181818181818182	True
818	333	0.09090909090909091	True
4736	2978	0.9090909090909091	False
4736	974	0.8181818181818182	False
4736	223	0.7272727272727273	False
4736	3386	0.6363636363636364	False
4736	1615	0.5454545454545454	False
4736	3344	0.45454545454545453	True
4736	2379	0.36363636363636365	True
4736	1998	0.2727272727272727	True
4736	2987	0.18181818181818182	True
4736	1234	0.09090909090909091	True
2966	2978	0.9090909090909091	False
2966	3344	0.8181818181818182	True
2966	2379	0.7272727272727273	True
2966	1615	0.6363636363636364	False
2966	974	0.5454545454545454	False
2966	3386	0.45454545454545453	False
2966	223	0.36363636363636365	False
2966	1998	0.2727272727272727	True
2966	2130	0.18181818181818182	True
2966	1234	0.09090909090909091	True
1831	2978	0.9090909090909091	False
1831	974	0.8181818181818182	False
1831	2379	0.7272727272727273	True
1831	3344	0.6363636363636364	True
1831	3386	0.5454545454545454	False
1831	1615	0.45454545454545453	False
1831	333	0.36363636363636365	True
1831	223	0.2727272727272727	False
1831	1998	0.18181818181818182	True
1831	2987	0.09090909090909091	True
4486	2978	0.9090909090909091	False
4486	974	0.8181818181818182	False
4486	2379	0.7272727272727273	True
4486	223	0.6363636363636364	False
4486	1615	0.5454545454545454	False
4486	3386	0.45454545454545453	False
4486	3344	0.36363636363636365	True
4486	1998	0.2727272727272727	True
4486	2987	0.18181818181818182	True
4486	2112	0.09090909090909091	True
3800	2978	0.9090909090909091	False
3800	974	0.8181818181818182	False
3800	223	0.7272727272727273	False
3800	1615	0.6363636363636364	False
3800	3386	0.5454545454545454	False
3800	3344	0.45454545454545453	True
3800	2379	0.36363636363636365	True
3800	1998	0.2727272727272727	True
3800	2112	0.18181818181818182	True
3800	2130	0.09090909090909091	True
5633	2978	0.9090909090909091	False
5633	3386	0.8181818181818182	False
5633	1615	0.7272727272727273	False
5633	2379	0.6363636363636364	True
5633	974	0.5454545454545454	False
5633	2130	0.45454545454545453	True
5633	3344	0.36363636363636365	True
5633	543	0.2727272727272727	True
5633	223	0.18181818181818182	False
5633	1998	0.09090909090909091	True
5208	2978	0.9090909090909091	False
5208	2379	0.8181818181818182	True
5208	1615	0.7272727272727273	False
5208	974	0.6363636363636364	False
5208	3386	0.5454545454545454	False
5208	223	0.45454545454545453	False
5208	834	0.36363636363636365	True
5208	3344	0.2727272727272727	True
5208	1234	0.18181818181818182	True
5208	2130	0.09090909090909091	True
712	2978	0.9090909090909091	False
712	974	0.8181818181818182	False
712	2379	0.7272727272727273	True
712	3344	0.6363636363636364	True
712	2737	0.5454545454545454	True
712	2130	0.45454545454545453	True
712	223	0.36363636363636365	False
712	2987	0.2727272727272727	True
712	1998	0.18181818181818182	True
712	2112	0.09090909090909091	True
5494	2978	0.9090909090909091	False
5494	974	0.8181818181818182	False
5494	223	0.7272727272727273	False
5494	1615	0.6363636363636364	False
5494	2379	0.5454545454545454	True
5494	3386	0.45454545454545453	False
5494	1998	0.36363636363636365	True
5494	3344	0.2727272727272727	True
5494	1234	0.18181818181818182	True
5494	2130	0.09090909090909091	True
5639	2978	0.9090909090909091	False
5639	1615	0.8181818181818182	False
5639	2379	0.7272727272727273	True
5639	3386	0.6363636363636364	False
5639	974	0.5454545454545454	False
5639	223	0.45454545454545453	False
5639	1998	0.36363636363636365	True
5639	2987	0.2727272727272727	True
5639	1234	0.18181818181818182	True
5639	907	0.09090909090909091	True
1597	2978	0.9090909090909091	False
1597	1615	0.8181818181818182	False
1597	3386	0.7272727272727273	False
1597	974	0.6363636363636364	False
1597	223	0.5454545454545454	False
1597	2379	0.45454545454545453	True
1597	1998	0.36363636363636365	True
1597	2112	0.2727272727272727	True
1597	333	0.18181818181818182	True
1597	2130	0.09090909090909091	True
1885	2978	0.9090909090909091	False
1885	223	0.8181818181818182	False
1885	974	0.7272727272727273	False
1885	2379	0.6363636363636364	True
1885	3386	0.5454545454545454	False
1885	543	0.45454545454545453	True
1885	1615	0.36363636363636365	False
1885	3344	0.2727272727272727	True
1885	2130	0.18181818181818182	True
1885	2987	0.09090909090909091	True
2171	2978	0.9090909090909091	False
2171	974	0.8181818181818182	False
2171	3344	0.7272727272727273	True
2171	223	0.6363636363636364	False
2171	3386	0.5454545454545454	False
2171	543	0.45454545454545453	True
2171	1615	0.36363636363636365	False
2171	1998	0.2727272727272727	True
2171	2112	0.18181818181818182	True
2171	2379	0.09090909090909091	True
1279	2978	0.9090909090909091	False
1279	1615	0.8181818181818182	False
1279	2379	0.7272727272727273	True
1279	974	0.6363636363636364	False
1279	3386	0.5454545454545454	False
1279	1998	0.45454545454545453	True
1279	2112	0.36363636363636365	True
1279	2987	0.2727272727272727	True
1279	223	0.18181818181818182	False
1279	907	0.09090909090909091	True
2109	2978	0.9090909090909091	False
2109	223	0.8181818181818182	False
2109	1615	0.7272727272727273	False
2109	3386	0.6363636363636364	False
2109	3344	0.5454545454545454	True
2109	974	0.45454545454545453	False
2109	1998	0.36363636363636365	True
2109	2112	0.2727272727272727	True
2109	2379	0.18181818181818182	True
2109	2987	0.09090909090909091	True
5311	2978	0.9090909090909091	False
5311	223	0.8181818181818182	False
5311	974	0.7272727272727273	False
5311	3344	0.6363636363636364	True
5311	1615	0.5454545454545454	False
5311	2379	0.45454545454545453	True
5311	1998	0.36363636363636365	True
5311	543	0.2727272727272727	True
5311	3386	0.18181818181818182	False
5311	2987	0.09090909090909091	True
2567	2978	0.9090909090909091	False
2567	223	0.8181818181818182	False
2567	3386	0.7272727272727273	False
2567	1615	0.6363636363636364	False
2567	974	0.5454545454545454	False
2567	3344	0.45454545454545453	True
2567	543	0.36363636363636365	True
2567	2112	0.2727272727272727	True
2567	2379	0.18181818181818182	True
2567	2130	0.09090909090909091	True
70	974	0.9090909090909091	False
70	2978	0.8181818181818182	False
70	3386	0.7272727272727273	False
70	3344	0.6363636363636364	True
70	2379	0.5454545454545454	True
70	2130	0.45454545454545453	True
70	543	0.36363636363636365	True
70	1615	0.2727272727272727	False
70	1998	0.18181818181818182	True
70	223	0.09090909090909091	False
3521	2978	0.9090909090909091	False
3521	974	0.8181818181818182	False
3521	2379	0.7272727272727273	True
3521	223	0.6363636363636364	False
3521	1615	0.5454545454545454	False
3521	543	0.45454545454545453	True
3521	3386	0.36363636363636365	False
3521	3344	0.2727272727272727	True
3521	2130	0.18181818181818182	True
3521	907	0.09090909090909091	True
237	2978	0.9090909090909091	False
237	1998	0.8181818181818182	True
237	333	0.7272727272727273	True
237	974	0.6363636363636364	False
237	3344	0.5454545454545454	True
237	223	0.45454545454545453	False
237	2987	0.36363636363636365	True
237	1615	0.2727272727272727	False
237	2991	0.18181818181818182	True
237	2112	0.09090909090909091	True
234	2978	0.9090909090909091	False
234	974	0.8181818181818182	False
234	1615	0.7272727272727273	False
234	2379	0.6363636363636364	True
234	3386	0.5454545454545454	False
234	3344	0.45454545454545453	True
234	223	0.36363636363636365	False
234	907	0.2727272727272727	True
234	2112	0.18181818181818182	True
234	1998	0.09090909090909091	True
2660	2978	0.9090909090909091	False
2660	1615	0.8181818181818182	False
2660	3344	0.7272727272727273	True
2660	1998	0.6363636363636364	True
2660	974	0.5454545454545454	False
2660	3386	0.45454545454545453	False
2660	2379	0.36363636363636365	True
2660	223	0.2727272727272727	False
2660	2112	0.18181818181818182	True
2660	2987	0.09090909090909091	True
3177	2978	0.9090909090909091	False
3177	3344	0.8181818181818182	True
3177	3386	0.7272727272727273	False
3177	974	0.6363636363636364	False
3177	1615	0.5454545454545454	False
3177	223	0.45454545454545453	False
3177	2379	0.36363636363636365	True
3177	2112	0.2727272727272727	True
3177	2987	0.18181818181818182	True
3177	1998	0.09090909090909091	True
4171	2978	0.9090909090909091	False
4171	3386	0.8181818181818182	False
4171	1615	0.7272727272727273	False
4171	974	0.6363636363636364	False
4171	2112	0.5454545454545454	True
4171	223	0.45454545454545453	False
4171	1998	0.36363636363636365	True
4171	2379	0.2727272727272727	True
4171	3344	0.18181818181818182	True
4171	2130	0.09090909090909091	True
4484	2978	0.9090909090909091	False
4484	974	0.8181818181818182	False
4484	1615	0.7272727272727273	False
4484	223	0.6363636363636364	False
4484	3386	0.5454545454545454	False
4484	2379	0.45454545454545453	True
4484	3344	0.36363636363636365	True
4484	1998	0.2727272727272727	True
4484	907	0.18181818181818182	True
4484	2112	0.09090909090909091	True
3906	2978	0.9090909090909091	False
3906	2379	0.8181818181818182	True
3906	1615	0.7272727272727273	False
3906	3386	0.6363636363636364	False
3906	223	0.5454545454545454	False
3906	974	0.45454545454545453	False
3906	1234	0.36363636363636365	True
3906	8	0.2727272727272727	True
3906	2112	0.18181818181818182	True
3906	2130	0.09090909090909091	True
154	2978	0.9090909090909091	False
154	223	0.8181818181818182	False
154	974	0.7272727272727273	False
154	3344	0.6363636363636364	True
154	3386	0.5454545454545454	False
154	1615	0.45454545454545453	False
154	2379	0.36363636363636365	True
154	2987	0.2727272727272727	True
154	2737	0.18181818181818182	True
154	2112	0.09090909090909091	True
4200	2978	0.9090909090909091	False
4200	1615	0.8181818181818182	False
4200	974	0.7272727272727273	False
4200	223	0.6363636363636364	False
4200	2379	0.5454545454545454	True
4200	3386	0.45454545454545453	False
4200	543	0.36363636363636365	True
4200	3344	0.2727272727272727	True
4200	2130	0.18181818181818182	True
4200	1234	0.09090909090909091	True
852	2978	0.9090909090909091	False
852	1615	0.8181818181818182	False
852	974	0.7272727272727273	False
852	3386	0.6363636363636364	False
852	2379	0.5454545454545454	True
852	3344	0.45454545454545453	True
852	223	0.36363636363636365	False
852	834	0.2727272727272727	True
852	2112	0.18181818181818182	True
852	1234	0.09090909090909091	True
1083	2978	0.9090909090909091	False
1083	974	0.8181818181818182	False
1083	3386	0.7272727272727273	False
1083	1998	0.6363636363636364	True
1083	1615	0.5454545454545454	False
1083	2112	0.45454545454545453	True
1083	2379	0.36363636363636365	True
1083	223	0.2727272727272727	False
1083	3344	0.18181818181818182	True
1083	907	0.09090909090909091	True
47	2978	0.9090909090909091	False
47	974	0.8181818181818182	False
47	2379	0.7272727272727273	True
47	3386	0.6363636363636364	False
47	1998	0.5454545454545454	True
47	223	0.45454545454545453	False
47	1615	0.36363636363636365	False
47	3344	0.2727272727272727	True
47	2130	0.18181818181818182	True
47	834	0.09090909090909091	True
1997	2978	0.9090909090909091	False
1997	974	0.8181818181818182	False
1997	2379	0.7272727272727273	True
1997	3344	0.6363636363636364	True
1997	3386	0.5454545454545454	False
1997	1615	0.45454545454545453	False
1997	834	0.36363636363636365	True
1997	2130	0.2727272727272727	True
1997	223	0.18181818181818182	False
1997	543	0.09090909090909091	True
3794	2978	0.9090909090909091	False
3794	1615	0.8181818181818182	False
3794	223	0.7272727272727273	False
3794	974	0.6363636363636364	False
3794	1998	0.5454545454545454	True
3794	3344	0.45454545454545453	True
3794	2112	0.36363636363636365	True
3794	2379	0.2727272727272727	True
3794	907	0.18181818181818182	True
3794	3386	0.09090909090909091	False
2277	2978	0.9090909090909091	False
2277	974	0.8181818181818182	False
2277	3344	0.7272727272727273	True
2277	1998	0.6363636363636364	True
2277	1615	0.5454545454545454	False
2277	834	0.45454545454545453	True
2277	2112	0.36363636363636365	True
2277	2379	0.2727272727272727	True
2277	907	0.18181818181818182	True
2277	2737	0.09090909090909091	True
753	2978	0.9090909090909091	False
753	974	0.8181818181818182	False
753	1615	0.7272727272727273	False
753	3344	0.6363636363636364	True
753	223	0.5454545454545454	False
753	2379	0.45454545454545453	True
753	2987	0.36363636363636365	True
753	1998	0.2727272727272727	True
753	3386	0.18181818181818182	False
753	2112	0.09090909090909091	True
4436	2978	0.9090909090909091	False
4436	3386	0.8181818181818182	False
4436	1615	0.7272727272727273	False
4436	223	0.6363636363636364	False
4436	974	0.5454545454545454	False
4436	1998	0.45454545454545453	True
4436	3344	0.36363636363636365	True
4436	2379	0.2727272727272727	True
4436	2130	0.18181818181818182	True
4436	2112	0.09090909090909091	True
973	2978	0.9090909090909091	False
973	974	0.8181818181818182	False
973	223	0.7272727272727273	False
973	3386	0.6363636363636364	False
973	1615	0.5454545454545454	False
973	2112	0.45454545454545453	True
973	3344	0.36363636363636365	True
973	2379	0.2727272727272727	True
973	2130	0.18181818181818182	True
973	543	0.09090909090909091	True
56	2978	0.9090909090909091	False
56	3386	0.8181818181818182	False
56	223	0.7272727272727273	False
56	974	0.6363636363636364	False
56	2379	0.5454545454545454	True
56	1615	0.45454545454545453	False
56	3344	0.36363636363636365	True
56	1998	0.2727272727272727	True
56	2130	0.18181818181818182	True
56	2112	0.09090909090909091	True
5967	2978	0.9090909090909091	False
5967	3386	0.8181818181818182	False
5967	974	0.7272727272727273	False
5967	1615	0.6363636363636364	False
5967	3344	0.5454545454545454	True
5967	2112	0.45454545454545453	True
5967	2130	0.36363636363636365	True
5967	2379	0.2727272727272727	True
5967	543	0.18181818181818182	True
5967	2987	0.09090909090909091	True
256	2978	0.9090909090909091	False
256	974	0.8181818181818182	False
256	1615	0.7272727272727273	False
256	2379	0.6363636363636364	True
256	223	0.5454545454545454	False
256	907	0.45454545454545453	True
256	1998	0.36363636363636365	True
256	3344	0.2727272727272727	True
256	1234	0.18181818181818182	True
256	2987	0.09090909090909091	True
633	2978	0.9090909090909091	False
633	1615	0.8181818181818182	False
633	974	0.7272727272727273	False
633	3386	0.6363636363636364	False
633	2379	0.5454545454545454	True
633	3344	0.45454545454545453	True
633	2112	0.36363636363636365	True
633	1998	0.2727272727272727	True
633	2737	0.18181818181818182	True
633	223	0.09090909090909091	False
1642	2978	0.9090909090909091	False
1642	974	0.8181818181818182	False
1642	223	0.7272727272727273	False
1642	3386	0.6363636363636364	False
1642	2379	0.5454545454545454	True
1642	1615	0.45454545454545453	False
1642	3344	0.36363636363636365	True
1642	543	0.2727272727272727	True
1642	2987	0.18181818181818182	True
1642	2130	0.09090909090909091	True
5715	2978	0.9090909090909091	False
5715	223	0.8181818181818182	False
5715	974	0.7272727272727273	False
5715	1998	0.6363636363636364	True
5715	2379	0.5454545454545454	True
5715	1615	0.45454545454545453	False
5715	3386	0.36363636363636365	False
5715	2112	0.2727272727272727	True
5715	3344	0.18181818181818182	True
5715	2130	0.09090909090909091	True
1353	1615	0.9090909090909091	False
1353	2978	0.8181818181818182	False
1353	974	0.7272727272727273	False
1353	907	0.6363636363636364	True
1353	3386	0.5454545454545454	False
1353	2112	0.45454545454545453	True
1353	223	0.36363636363636365	False
1353	2987	0.2727272727272727	True
1353	3344	0.18181818181818182	True
1353	577	0.09090909090909091	True
4583	2978	0.9090909090909091	False
4583	974	0.8181818181818182	False
4583	2112	0.7272727272727273	True
4583	1615	0.6363636363636364	False
4583	3386	0.5454545454545454	False
4583	1998	0.45454545454545453	True
4583	223	0.36363636363636365	False
4583	907	0.2727272727272727	True
4583	2379	0.18181818181818182	True
4583	2130	0.09090909090909091	True
1282	974	0.9090909090909091	False
1282	1615	0.8181818181818182	False
1282	2978	0.7272727272727273	False
1282	2379	0.6363636363636364	True
1282	223	0.5454545454545454	False
1282	3344	0.45454545454545453	True
1282	3386	0.36363636363636365	False
1282	1998	0.2727272727272727	True
1282	333	0.18181818181818182	True
1282	834	0.09090909090909091	True
24	2978	0.9090909090909091	False
24	1615	0.8181818181818182	False
24	974	0.7272727272727273	False
24	3386	0.6363636363636364	False
24	2379	0.5454545454545454	True
24	223	0.45454545454545453	False
24	3344	0.36363636363636365	True
24	1998	0.2727272727272727	True
24	2112	0.18181818181818182	True
24	2987	0.09090909090909091	True
4400	2978	0.9090909090909091	False
4400	1615	0.8181818181818182	False
4400	974	0.7272727272727273	False
4400	223	0.6363636363636364	False
4400	3386	0.5454545454545454	False
4400	2112	0.45454545454545453	True
4400	3344	0.36363636363636365	True
4400	2379	0.2727272727272727	True
4400	1998	0.18181818181818182	True
4400	2987	0.09090909090909091	True
3977	2978	0.9090909090909091	False
3977	223	0.8181818181818182	False
3977	1615	0.7272727272727273	False
3977	974	0.6363636363636364	False
3977	3386	0.5454545454545454	False
3977	2379	0.45454545454545453	True
3977	1998	0.36363636363636365	True
3977	3344	0.2727272727272727	True
3977	2112	0.18181818181818182	True
3977	543	0.09090909090909091	True
4791	2978	0.9090909090909091	False
4791	974	0.8181818181818182	False
4791	3386	0.7272727272727273	False
4791	1615	0.6363636363636364	False
4791	3344	0.5454545454545454	True
4791	223	0.45454545454545453	False
4791	2379	0.36363636363636365	True
4791	2112	0.2727272727272727	True
4791	1998	0.18181818181818182	True
4791	2987	0.09090909090909091	True
2714	2978	0.9090909090909091	False
2714	223	0.8181818181818182	False
2714	974	0.7272727272727273	False
2714	2379	0.6363636363636364	True
2714	3386	0.5454545454545454	False
2714	543	0.45454545454545453	True
2714	2130	0.36363636363636365	True
2714	3344	0.2727272727272727	True
2714	1998	0.18181818181818182	True
2714	2112	0.09090909090909091	True
778	2978	0.9090909090909091	False
778	974	0.8181818181818182	False
778	2379	0.7272727272727273	True
778	1615	0.6363636363636364	False
778	3386	0.5454545454545454	False
778	223	0.45454545454545453	False
778	2112	0.36363636363636365	True
778	1998	0.2727272727272727	True
778	2130	0.18181818181818182	True
778	543	0.09090909090909091	True
2654	2978	0.9090909090909091	False
2654	223	0.8181818181818182	False
2654	974	0.7272727272727273	False
2654	1998	0.6363636363636364	True
2654	2379	0.5454545454545454	True
2654	1615	0.45454545454545453	False
2654	3386	0.36363636363636365	False
2654	1234	0.2727272727272727	True
2654	2112	0.18181818181818182	True
2654	3344	0.09090909090909091	True
1510	2978	0.9090909090909091	False
1510	974	0.8181818181818182	False
1510	223	0.7272727272727273	False
1510	2379	0.6363636363636364	True
1510	3386	0.5454545454545454	False
1510	3344	0.45454545454545453	True
1510	1615	0.36363636363636365	False
1510	2112	0.2727272727272727	True
1510	2987	0.18181818181818182	True
1510	1998	0.09090909090909091	True
591	2978	0.9090909090909091	False
591	1615	0.8181818181818182	False
591	223	0.7272727272727273	False
591	2379	0.6363636363636364	True
591	974	0.5454545454545454	False
591	3344	0.45454545454545453	True
591	3386	0.36363636363636365	False
591	907	0.2727272727272727	True
591	543	0.18181818181818182	True
591	1998	0.09090909090909091	True
4596	2978	0.9090909090909091	False
4596	1615	0.8181818181818182	False
4596	3344	0.7272727272727273	True
4596	3386	0.6363636363636364	False
4596	974	0.5454545454545454	False
4596	1998	0.45454545454545453	True
4596	223	0.36363636363636365	False
4596	2112	0.2727272727272727	True
4596	2379	0.18181818181818182	True
4596	2130	0.09090909090909091	True
5091	2978	0.9090909090909091	False
5091	974	0.8181818181818182	False
5091	3386	0.7272727272727273	False
5091	2112	0.6363636363636364	True
5091	1615	0.5454545454545454	False
5091	2130	0.45454545454545453	True
5091	1998	0.36363636363636365	True
5091	3344	0.2727272727272727	True
5091	2379	0.18181818181818182	True
5091	2987	0.09090909090909091	True
4999	2978	0.9090909090909091	False
4999	3386	0.8181818181818182	False
4999	1615	0.7272727272727273	False
4999	974	0.6363636363636364	False
4999	3344	0.5454545454545454	True
4999	223	0.45454545454545453	False
4999	2112	0.36363636363636365	True
4999	2130	0.2727272727272727	True
4999	1998	0.18181818181818182	True
4999	543	0.09090909090909091	True
363	2978	0.9090909090909091	False
363	974	0.8181818181818182	False
363	2112	0.7272727272727273	True
363	3386	0.6363636363636364	False
363	1615	0.5454545454545454	False
363	2379	0.45454545454545453	True
363	1998	0.36363636363636365	True
363	223	0.2727272727272727	False
363	2130	0.18181818181818182	True
363	3344	0.09090909090909091	True
2162	2978	0.9090909090909091	False
2162	2379	0.8181818181818182	True
2162	3386	0.7272727272727273	False
2162	974	0.6363636363636364	False
2162	3344	0.5454545454545454	True
2162	1615	0.45454545454545453	False
2162	223	0.36363636363636365	False
2162	2130	0.2727272727272727	True
2162	543	0.18181818181818182	True
2162	2987	0.09090909090909091	True
5492	2978	0.9090909090909091	False
5492	1615	0.8181818181818182	False
5492	974	0.7272727272727273	False
5492	3386	0.6363636363636364	False
5492	223	0.5454545454545454	False
5492	3344	0.45454545454545453	True
5492	1998	0.36363636363636365	True
5492	2379	0.2727272727272727	True
5492	907	0.18181818181818182	True
5492	2112	0.09090909090909091	True
5134	2978	0.9090909090909091	False
5134	974	0.8181818181818182	False
5134	2112	0.7272727272727273	True
5134	3386	0.6363636363636364	False
5134	223	0.5454545454545454	False
5134	2987	0.45454545454545453	True
5134	1615	0.36363636363636365	False
5134	2379	0.2727272727272727	True
5134	2130	0.18181818181818182	True
5134	3344	0.09090909090909091	True
5891	2978	0.9090909090909091	False
5891	223	0.8181818181818182	False
5891	974	0.7272727272727273	False
5891	3344	0.6363636363636364	True
5891	1998	0.5454545454545454	True
5891	1615	0.45454545454545453	False
5891	3386	0.36363636363636365	False
5891	2112	0.2727272727272727	True
5891	2379	0.18181818181818182	True
5891	2130	0.09090909090909091	True
2133	2978	0.9090909090909091	False
2133	974	0.8181818181818182	False
2133	2112	0.7272727272727273	True
2133	2379	0.6363636363636364	True
2133	1998	0.5454545454545454	True
2133	3386	0.45454545454545453	False
2133	1615	0.36363636363636365	False
2133	3344	0.2727272727272727	True
2133	2737	0.18181818181818182	True
2133	223	0.09090909090909091	False
794	2978	0.9090909090909091	False
794	974	0.8181818181818182	False
794	3386	0.7272727272727273	False
794	223	0.6363636363636364	False
794	2130	0.5454545454545454	True
794	2379	0.45454545454545453	True
794	1615	0.36363636363636365	False
794	3344	0.2727272727272727	True
794	2112	0.18181818181818182	True
794	1998	0.09090909090909091	True
5937	2978	0.9090909090909091	False
5937	2379	0.8181818181818182	True
5937	1615	0.7272727272727273	False
5937	974	0.6363636363636364	False
5937	3386	0.5454545454545454	False
5937	3344	0.45454545454545453	True
5937	1998	0.36363636363636365	True
5937	2112	0.2727272727272727	True
5937	2130	0.18181818181818182	True
5937	223	0.09090909090909091	False
842	2978	0.9090909090909091	False
842	1615	0.8181818181818182	False
842	223	0.7272727272727273	False
842	3386	0.6363636363636364	False
842	974	0.5454545454545454	False
842	2987	0.45454545454545453	True
842	1998	0.36363636363636365	True
842	2112	0.2727272727272727	True
842	2379	0.18181818181818182	True
842	3344	0.09090909090909091	True
2113	2978	0.9090909090909091	False
2113	974	0.8181818181818182	False
2113	333	0.7272727272727273	True
2113	1615	0.6363636363636364	False
2113	3344	0.5454545454545454	True
2113	3386	0.45454545454545453	False
2113	223	0.36363636363636365	False
2113	1998	0.2727272727272727	True
2113	2379	0.18181818181818182	True
2113	543	0.09090909090909091	True
5292	2978	0.9090909090909091	False
5292	1615	0.8181818181818182	False
5292	974	0.7272727272727273	False
5292	3386	0.6363636363636364	False
5292	223	0.5454545454545454	False
5292	3344	0.45454545454545453	True
5292	543	0.36363636363636365	True
5292	2987	0.2727272727272727	True
5292	2379	0.18181818181818182	True
5292	907	0.09090909090909091	True
2878	2978	0.9090909090909091	False
2878	974	0.8181818181818182	False
2878	2379	0.7272727272727273	True
2878	3386	0.6363636363636364	False
2878	1615	0.5454545454545454	False
2878	223	0.45454545454545453	False
2878	543	0.36363636363636365	True
2878	3344	0.2727272727272727	True
2878	2130	0.18181818181818182	True
2878	2987	0.09090909090909091	True
428	2978	0.9090909090909091	False
428	223	0.8181818181818182	False
428	974	0.7272727272727273	False
428	1615	0.6363636363636364	False
428	2379	0.5454545454545454	True
428	3344	0.45454545454545453	True
428	3386	0.36363636363636365	False
428	543	0.2727272727272727	True
428	1998	0.18181818181818182	True
428	2112	0.09090909090909091	True
2505	2978	0.9090909090909091	False
2505	1615	0.8181818181818182	False
2505	3386	0.7272727272727273	False
2505	2379	0.6363636363636364	True
2505	223	0.5454545454545454	False
2505	974	0.45454545454545453	False
2505	3344	0.36363636363636365	True
2505	1998	0.2727272727272727	True
2505	2130	0.18181818181818182	True
2505	1234	0.09090909090909091	True
3073	2978	0.9090909090909091	False
3073	223	0.8181818181818182	False
3073	1615	0.7272727272727273	False
3073	2379	0.6363636363636364	True
3073	3344	0.5454545454545454	True
3073	974	0.45454545454545453	False
3073	1998	0.36363636363636365	True
3073	3386	0.2727272727272727	False
3073	1234	0.18181818181818182	True
3073	2130	0.09090909090909091	True
2248	2978	0.9090909090909091	False
2248	1615	0.8181818181818182	False
2248	223	0.7272727272727273	False
2248	3386	0.6363636363636364	False
2248	974	0.5454545454545454	False
2248	2379	0.45454545454545453	True
2248	543	0.36363636363636365	True
2248	2987	0.2727272727272727	True
2248	2112	0.18181818181818182	True
2248	1998	0.09090909090909091	True
3930	2978	0.9090909090909091	False
3930	223	0.8181818181818182	False
3930	974	0.7272727272727273	False
3930	3386	0.6363636363636364	False
3930	1615	0.5454545454545454	False
3930	2112	0.45454545454545453	True
3930	2379	0.36363636363636365	True
3930	1998	0.2727272727272727	True
3930	3344	0.18181818181818182	True
3930	1234	0.09090909090909091	True
3837	2978	0.9090909090909091	False
3837	3386	0.8181818181818182	False
3837	2130	0.7272727272727273	True
3837	974	0.6363636363636364	False
3837	1998	0.5454545454545454	True
3837	2379	0.45454545454545453	True
3837	3344	0.36363636363636365	True
3837	223	0.2727272727272727	False
3837	1615	0.18181818181818182	False
3837	543	0.09090909090909091	True
2810	2978	0.9090909090909091	False
2810	3344	0.8181818181818182	True
2810	223	0.7272727272727273	False
2810	974	0.6363636363636364	False
2810	3386	0.5454545454545454	False
2810	1615	0.45454545454545453	False
2810	2112	0.36363636363636365	True
2810	1998	0.2727272727272727	True
2810	2987	0.18181818181818182	True
2810	1234	0.09090909090909091	True
2763	2978	0.9090909090909091	False
2763	1615	0.8181818181818182	False
2763	974	0.7272727272727273	False
2763	2379	0.6363636363636364	True
2763	3386	0.5454545454545454	False
2763	223	0.45454545454545453	False
2763	1998	0.36363636363636365	True
2763	2987	0.2727272727272727	True
2763	2112	0.18181818181818182	True
2763	2130	0.09090909090909091	True
