3885	2580	0.9090909090909091	False
3885	3430	0.8181818181818182	True
3885	3661	0.7272727272727273	True
3885	3949	0.6363636363636364	False
3885	1007	0.5454545454545454	True
3885	3629	0.45454545454545453	True
3885	529	0.36363636363636365	True
3885	3173	0.2727272727272727	True
3885	780	0.18181818181818182	True
3885	3243	0.09090909090909091	True
763	2580	0.9090909090909091	False
763	3661	0.8181818181818182	True
763	3949	0.7272727272727273	False
763	361	0.6363636363636364	False
763	1007	0.5454545454545454	True
763	3629	0.45454545454545453	True
763	273	0.36363636363636365	True
763	2392	0.2727272727272727	True
763	1012	0.18181818181818182	True
763	3113	0.09090909090909091	True
3193	2580	0.9090909090909091	False
3193	1436	0.8181818181818182	False
3193	2911	0.7272727272727273	False
3193	361	0.6363636363636364	False
3193	3187	0.5454545454545454	True
3193	3661	0.45454545454545453	True
3193	3243	0.36363636363636365	True
3193	529	0.2727272727272727	True
3193	2325	0.18181818181818182	True
3193	309	0.09090909090909091	False
5265	2580	0.9090909090909091	False
5265	3949	0.8181818181818182	False
5265	361	0.7272727272727273	False
5265	1436	0.6363636363636364	False
5265	1068	0.5454545454545454	True
5265	1100	0.45454545454545453	True
5265	3430	0.36363636363636365	True
5265	3200	0.2727272727272727	True
5265	273	0.18181818181818182	True
5265	2911	0.09090909090909091	False
3476	3661	0.9090909090909091	True
3476	3113	0.8181818181818182	True
3476	309	0.7272727272727273	False
3476	2928	0.6363636363636364	True
3476	361	0.5454545454545454	False
3476	1100	0.45454545454545453	True
3476	1236	0.36363636363636365	True
3476	2977	0.2727272727272727	True
3476	3629	0.18181818181818182	True
3476	994	0.09090909090909091	False
2218	361	0.9090909090909091	False
2218	906	0.8181818181818182	True
2218	3949	0.7272727272727273	False
2218	2307	0.6363636363636364	True
2218	1100	0.5454545454545454	True
2218	2325	0.45454545454545453	True
2218	3430	0.36363636363636365	True
2218	1261	0.2727272727272727	True
2218	3181	0.18181818181818182	True
2218	1007	0.09090909090909091	True
2045	2911	0.9090909090909091	False
2045	361	0.8181818181818182	False
2045	3949	0.7272727272727273	False
2045	1812	0.6363636363636364	True
2045	309	0.5454545454545454	False
2045	2580	0.45454545454545453	False
2045	3430	0.36363636363636365	True
2045	751	0.2727272727272727	True
2045	1007	0.18181818181818182	True
2045	3661	0.09090909090909091	True
5300	361	0.9090909090909091	False
5300	1095	0.8181818181818182	True
5300	2307	0.7272727272727273	True
5300	3308	0.6363636363636364	True
5300	1007	0.5454545454545454	True
5300	2325	0.45454545454545453	True
5300	3949	0.36363636363636365	False
5300	2580	0.2727272727272727	False
5300	906	0.18181818181818182	True
5300	3846	0.09090909090909091	True
2759	1436	0.9090909090909091	False
2759	2911	0.8181818181818182	False
2759	2928	0.7272727272727273	True
2759	3113	0.6363636363636364	True
2759	3430	0.5454545454545454	True
2759	361	0.45454545454545453	False
2759	3173	0.36363636363636365	True
2759	1100	0.2727272727272727	True
2759	2580	0.18181818181818182	False
2759	3949	0.09090909090909091	False
4707	361	0.9090909090909091	False
4707	1100	0.8181818181818182	True
4707	3949	0.7272727272727273	False
4707	1436	0.6363636363636364	False
4707	2307	0.5454545454545454	True
4707	2911	0.45454545454545453	False
4707	3430	0.36363636363636365	True
4707	3200	0.2727272727272727	True
4707	1261	0.18181818181818182	True
4707	2325	0.09090909090909091	True
683	2580	0.9090909090909091	False
683	3949	0.8181818181818182	False
683	2590	0.7272727272727273	True
683	1261	0.6363636363636364	True
683	361	0.5454545454545454	False
683	1095	0.45454545454545453	True
683	1236	0.36363636363636365	True
683	3430	0.2727272727272727	True
683	309	0.18181818181818182	False
683	273	0.09090909090909091	True
1356	361	0.9090909090909091	False
1356	1261	0.8181818181818182	True
1356	1007	0.7272727272727273	True
1356	3949	0.6363636363636364	False
1356	2580	0.5454545454545454	False
1356	1317	0.45454545454545453	True
1356	3187	0.36363636363636365	True
1356	60	0.2727272727272727	True
1356	3430	0.18181818181818182	True
1356	1068	0.09090909090909091	True
597	3661	0.9090909090909091	True
597	3949	0.8181818181818182	False
597	2580	0.7272727272727273	False
597	309	0.6363636363636364	False
597	2392	0.5454545454545454	True
597	3187	0.45454545454545453	True
597	1436	0.36363636363636365	False
597	361	0.2727272727272727	False
597	3430	0.18181818181818182	True
597	1068	0.09090909090909091	True
219	3113	0.9090909090909091	True
219	3661	0.8181818181818182	True
219	361	0.7272727272727273	False
219	309	0.6363636363636364	False
219	2928	0.5454545454545454	True
219	1100	0.45454545454545453	True
219	2580	0.36363636363636365	False
219	1317	0.2727272727272727	True
219	3593	0.18181818181818182	True
219	3111	0.09090909090909091	True
756	2580	0.9090909090909091	False
756	2928	0.8181818181818182	True
756	309	0.7272727272727273	False
756	1012	0.6363636363636364	True
756	3113	0.5454545454545454	True
756	3430	0.45454545454545453	True
756	3661	0.36363636363636365	True
756	3949	0.2727272727272727	False
756	2590	0.18181818181818182	True
756	1007	0.09090909090909091	True
214	1007	0.9090909090909091	True
214	3949	0.8181818181818182	False
214	361	0.7272727272727273	False
214	2580	0.6363636363636364	False
214	2325	0.5454545454545454	True
214	1012	0.45454545454545453	True
214	906	0.36363636363636365	True
214	2590	0.2727272727272727	True
214	3430	0.18181818181818182	True
214	309	0.09090909090909091	False
2955	1436	0.9090909090909091	False
2955	361	0.8181818181818182	False
2955	3846	0.7272727272727273	True
2955	2307	0.6363636363636364	True
2955	2580	0.5454545454545454	False
2955	994	0.45454545454545453	False
2955	3200	0.36363636363636365	True
2955	3726	0.2727272727272727	True
2955	2911	0.18181818181818182	False
2955	3243	0.09090909090909091	True
5866	3661	0.9090909090909091	True
5866	361	0.8181818181818182	False
5866	1436	0.7272727272727273	False
5866	3430	0.6363636363636364	True
5866	3949	0.5454545454545454	False
5866	1261	0.45454545454545453	True
5866	2911	0.36363636363636365	False
5866	1100	0.2727272727272727	True
5866	1068	0.18181818181818182	True
5866	2307	0.09090909090909091	True
5096	1436	0.9090909090909091	False
5096	2911	0.8181818181818182	False
5096	2580	0.7272727272727273	False
5096	3113	0.6363636363636364	True
5096	3949	0.5454545454545454	False
5096	1261	0.45454545454545453	True
5096	361	0.36363636363636365	False
5096	3173	0.2727272727272727	True
5096	2928	0.18181818181818182	True
5096	3187	0.09090909090909091	True
473	3661	0.9090909090909091	True
473	3949	0.8181818181818182	False
473	2580	0.7272727272727273	False
473	1068	0.6363636363636364	True
473	2911	0.5454545454545454	False
473	361	0.45454545454545453	False
473	3173	0.36363636363636365	True
473	964	0.2727272727272727	True
473	780	0.18181818181818182	True
473	3181	0.09090909090909091	True
634	2580	0.9090909090909091	False
634	3661	0.8181818181818182	True
634	1436	0.7272727272727273	False
634	2911	0.6363636363636364	False
634	309	0.5454545454545454	False
634	1100	0.45454545454545453	True
634	2392	0.36363636363636365	True
634	3187	0.2727272727272727	True
634	3430	0.18181818181818182	True
634	3243	0.09090909090909091	True
5641	361	0.9090909090909091	False
5641	3949	0.8181818181818182	False
5641	2928	0.7272727272727273	True
5641	309	0.6363636363636364	False
5641	2307	0.5454545454545454	True
5641	2911	0.45454545454545453	False
5641	1236	0.36363636363636365	True
5641	994	0.2727272727272727	False
5641	3113	0.18181818181818182	True
5641	3173	0.09090909090909091	True
1523	2580	0.9090909090909091	False
1523	3949	0.8181818181818182	False
1523	3200	0.7272727272727273	True
1523	2911	0.6363636363636364	False
1523	1100	0.5454545454545454	True
1523	3173	0.45454545454545453	True
1523	361	0.36363636363636365	False
1523	309	0.2727272727272727	False
1523	2325	0.18181818181818182	True
1523	906	0.09090909090909091	True
5322	2580	0.9090909090909091	False
5322	1100	0.8181818181818182	True
5322	361	0.7272727272727273	False
5322	2392	0.6363636363636364	True
5322	3949	0.5454545454545454	False
5322	1068	0.45454545454545453	True
5322	2307	0.36363636363636365	True
5322	1436	0.2727272727272727	False
5322	3430	0.18181818181818182	True
5322	3200	0.09090909090909091	True
3426	1436	0.9090909090909091	False
3426	2911	0.8181818181818182	False
3426	2580	0.7272727272727273	False
3426	3113	0.6363636363636364	True
3426	994	0.5454545454545454	False
3426	3846	0.45454545454545453	True
3426	3187	0.36363636363636365	True
3426	2307	0.2727272727272727	True
3426	361	0.18181818181818182	False
3426	2392	0.09090909090909091	True
161	994	0.9090909090909091	False
161	1007	0.8181818181818182	True
161	2580	0.7272727272727273	False
161	361	0.6363636363636364	False
161	3846	0.5454545454545454	True
161	3661	0.45454545454545453	True
161	3629	0.36363636363636365	True
161	3308	0.2727272727272727	True
161	2392	0.18181818181818182	True
161	3113	0.09090909090909091	True
3533	2307	0.9090909090909091	True
3533	273	0.8181818181818182	True
3533	361	0.7272727272727273	False
3533	1100	0.6363636363636364	True
3533	2580	0.5454545454545454	False
3533	2590	0.45454545454545453	True
3533	3113	0.36363636363636365	True
3533	3200	0.2727272727272727	True
3533	994	0.18181818181818182	False
3533	2392	0.09090909090909091	True
3355	994	0.9090909090909091	False
3355	2590	0.8181818181818182	True
3355	3661	0.7272727272727273	True
3355	1436	0.6363636363636364	False
3355	710	0.5454545454545454	True
3355	2911	0.45454545454545453	False
3355	3430	0.36363636363636365	True
3355	2580	0.2727272727272727	False
3355	273	0.18181818181818182	True
3355	1100	0.09090909090909091	True
581	361	0.9090909090909091	False
581	3187	0.8181818181818182	True
581	1436	0.7272727272727273	False
581	2590	0.6363636363636364	True
581	3113	0.5454545454545454	True
581	1007	0.45454545454545453	True
581	3629	0.36363636363636365	True
581	2911	0.2727272727272727	False
581	3308	0.18181818181818182	True
581	309	0.09090909090909091	False
5598	3661	0.9090909090909091	True
5598	2307	0.8181818181818182	True
5598	3173	0.7272727272727273	True
5598	273	0.6363636363636364	True
5598	309	0.5454545454545454	False
5598	2580	0.45454545454545453	False
5598	2325	0.36363636363636365	True
5598	994	0.2727272727272727	False
5598	3243	0.18181818181818182	True
5598	3200	0.09090909090909091	True
4996	2307	0.9090909090909091	True
4996	994	0.8181818181818182	False
4996	361	0.7272727272727273	False
4996	3661	0.6363636363636364	True
4996	3417	0.5454545454545454	True
4996	1436	0.45454545454545453	False
4996	2911	0.36363636363636365	False
4996	2392	0.2727272727272727	True
4996	3200	0.18181818181818182	True
4996	1100	0.09090909090909091	True
3284	994	0.9090909090909091	False
3284	361	0.8181818181818182	False
3284	2580	0.7272727272727273	False
3284	3430	0.6363636363636364	True
3284	2392	0.5454545454545454	True
3284	1100	0.45454545454545453	True
3284	1436	0.36363636363636365	False
3284	1007	0.2727272727272727	True
3284	3846	0.18181818181818182	True
3284	1317	0.09090909090909091	True
4463	361	0.9090909090909091	False
4463	2325	0.8181818181818182	True
4463	2580	0.7272727272727273	False
4463	3949	0.6363636363636364	False
4463	3181	0.5454545454545454	True
4463	1095	0.45454545454545453	True
4463	906	0.36363636363636365	True
4463	309	0.2727272727272727	False
4463	2911	0.18181818181818182	False
4463	2307	0.09090909090909091	True
919	361	0.9090909090909091	False
919	3113	0.8181818181818182	True
919	2911	0.7272727272727273	False
919	1095	0.6363636363636364	True
919	1007	0.5454545454545454	True
919	3187	0.45454545454545453	True
919	3629	0.36363636363636365	True
919	309	0.2727272727272727	False
919	2580	0.18181818181818182	False
919	2928	0.09090909090909091	True
2106	3661	0.9090909090909091	True
2106	309	0.8181818181818182	False
2106	2392	0.7272727272727273	True
2106	2580	0.6363636363636364	False
2106	1100	0.5454545454545454	True
2106	3949	0.45454545454545453	False
2106	2911	0.36363636363636365	False
2106	3430	0.2727272727272727	True
2106	3187	0.18181818181818182	True
2106	1436	0.09090909090909091	False
4338	2580	0.9090909090909091	False
4338	3629	0.8181818181818182	True
4338	2392	0.7272727272727273	True
4338	309	0.6363636363636364	False
4338	906	0.5454545454545454	True
4338	2911	0.45454545454545453	False
4338	2590	0.36363636363636365	True
4338	1436	0.2727272727272727	False
4338	3949	0.18181818181818182	False
4338	3430	0.09090909090909091	True
1345	2325	0.9090909090909091	True
1345	2580	0.8181818181818182	False
1345	1095	0.7272727272727273	True
1345	3661	0.6363636363636364	True
1345	2590	0.5454545454545454	True
1345	2307	0.45454545454545453	True
1345	3008	0.36363636363636365	True
1345	2911	0.2727272727272727	False
1345	309	0.18181818181818182	False
1345	3629	0.09090909090909091	True
698	361	0.9090909090909091	False
698	3187	0.8181818181818182	True
698	2590	0.7272727272727273	True
698	3308	0.6363636363636364	True
698	273	0.5454545454545454	True
698	2580	0.45454545454545453	False
698	994	0.36363636363636365	False
698	1236	0.2727272727272727	True
698	1095	0.18181818181818182	True
698	3113	0.09090909090909091	True
1404	361	0.9090909090909091	False
1404	1236	0.8181818181818182	True
1404	1436	0.7272727272727273	False
1404	309	0.6363636363636364	False
1404	3200	0.5454545454545454	True
1404	3173	0.45454545454545453	True
1404	906	0.36363636363636365	True
1404	2307	0.2727272727272727	True
1404	3846	0.18181818181818182	True
1404	1100	0.09090909090909091	True
471	2580	0.9090909090909091	False
471	361	0.8181818181818182	False
471	1095	0.7272727272727273	True
471	2911	0.6363636363636364	False
471	1012	0.5454545454545454	True
471	1007	0.45454545454545453	True
471	1436	0.36363636363636365	False
471	3113	0.2727272727272727	True
471	2325	0.18181818181818182	True
471	1236	0.09090909090909091	True
1161	1068	0.9090909090909091	True
1161	361	0.8181818181818182	False
1161	2580	0.7272727272727273	False
1161	3113	0.6363636363636364	True
1161	2928	0.5454545454545454	True
1161	994	0.45454545454545453	False
1161	1436	0.36363636363636365	False
1161	3949	0.2727272727272727	False
1161	2307	0.18181818181818182	True
1161	1007	0.09090909090909091	True
4619	361	0.9090909090909091	False
4619	3949	0.8181818181818182	False
4619	2307	0.7272727272727273	True
4619	2392	0.6363636363636364	True
4619	309	0.5454545454545454	False
4619	994	0.45454545454545453	False
4619	2580	0.36363636363636365	False
4619	2911	0.2727272727272727	False
4619	1068	0.18181818181818182	True
4619	2325	0.09090909090909091	True
836	3949	0.9090909090909091	False
836	2580	0.8181818181818182	False
836	309	0.7272727272727273	False
836	1100	0.6363636363636364	True
836	3661	0.5454545454545454	True
836	2911	0.45454545454545453	False
836	1812	0.36363636363636365	True
836	361	0.2727272727272727	False
836	3430	0.18181818181818182	True
836	2928	0.09090909090909091	True
3864	361	0.9090909090909091	False
3864	2392	0.8181818181818182	True
3864	1436	0.7272727272727273	False
3864	1068	0.6363636363636364	True
3864	1100	0.5454545454545454	True
3864	2580	0.45454545454545453	False
3864	3200	0.36363636363636365	True
3864	994	0.2727272727272727	False
3864	3113	0.18181818181818182	True
3864	3111	0.09090909090909091	True
1467	2580	0.9090909090909091	False
1467	1068	0.8181818181818182	True
1467	1007	0.7272727272727273	True
1467	3949	0.6363636363636364	False
1467	1012	0.5454545454545454	True
1467	2590	0.45454545454545453	True
1467	1261	0.36363636363636365	True
1467	3430	0.2727272727272727	True
1467	2325	0.18181818181818182	True
1467	3317	0.09090909090909091	True
2756	3661	0.9090909090909091	True
2756	309	0.8181818181818182	False
2756	361	0.7272727272727273	False
2756	2580	0.6363636363636364	False
2756	2911	0.5454545454545454	False
2756	3629	0.45454545454545453	True
2756	3949	0.36363636363636365	False
2756	994	0.2727272727272727	False
2756	3430	0.18181818181818182	True
2756	710	0.09090909090909091	True
995	361	0.9090909090909091	False
995	1436	0.8181818181818182	False
995	994	0.7272727272727273	False
995	2392	0.6363636363636364	True
995	309	0.5454545454545454	False
995	2580	0.45454545454545453	False
995	2911	0.36363636363636365	False
995	2928	0.2727272727272727	True
995	1068	0.18181818181818182	True
995	3661	0.09090909090909091	True
4125	361	0.9090909090909091	False
4125	1436	0.8181818181818182	False
4125	3949	0.7272727272727273	False
4125	3430	0.6363636363636364	True
4125	2307	0.5454545454545454	True
4125	3200	0.45454545454545453	True
4125	3593	0.36363636363636365	True
4125	3243	0.2727272727272727	True
4125	1100	0.18181818181818182	True
4125	3173	0.09090909090909091	True
3379	361	0.9090909090909091	False
3379	994	0.8181818181818182	False
3379	3113	0.7272727272727273	True
3379	1007	0.6363636363636364	True
3379	2580	0.5454545454545454	False
3379	3308	0.45454545454545453	True
3379	3111	0.36363636363636365	True
3379	3949	0.2727272727272727	False
3379	309	0.18181818181818182	False
3379	1100	0.09090909090909091	True
778	994	0.9090909090909091	False
778	3661	0.8181818181818182	True
778	3430	0.7272727272727273	True
778	1100	0.6363636363636364	True
778	361	0.5454545454545454	False
778	2580	0.45454545454545453	False
778	710	0.36363636363636365	True
778	2911	0.2727272727272727	False
778	2325	0.18181818181818182	True
778	2307	0.09090909090909091	True
5535	361	0.9090909090909091	False
5535	2580	0.8181818181818182	False
5535	309	0.7272727272727273	False
5535	3949	0.6363636363636364	False
5535	1068	0.5454545454545454	True
5535	3593	0.45454545454545453	True
5535	1236	0.36363636363636365	True
5535	2392	0.2727272727272727	True
5535	3629	0.18181818181818182	True
5535	3308	0.09090909090909091	True
1858	361	0.9090909090909091	False
1858	3111	0.8181818181818182	True
1858	1100	0.7272727272727273	True
1858	3113	0.6363636363636364	True
1858	2580	0.5454545454545454	False
1858	1095	0.45454545454545453	True
1858	3949	0.36363636363636365	False
1858	2911	0.2727272727272727	False
1858	1012	0.18181818181818182	True
1858	2928	0.09090909090909091	True
667	2580	0.9090909090909091	False
667	2928	0.8181818181818182	True
667	994	0.7272727272727273	False
667	1100	0.6363636363636364	True
667	3113	0.5454545454545454	True
667	361	0.45454545454545453	False
667	2590	0.36363636363636365	True
667	309	0.2727272727272727	False
667	3430	0.18181818181818182	True
667	3949	0.09090909090909091	False
1325	994	0.9090909090909091	False
1325	361	0.8181818181818182	False
1325	2911	0.7272727272727273	False
1325	2307	0.6363636363636364	True
1325	1436	0.5454545454545454	False
1325	3846	0.45454545454545453	True
1325	3200	0.36363636363636365	True
1325	2325	0.2727272727272727	True
1325	1007	0.18181818181818182	True
1325	1095	0.09090909090909091	True
503	2580	0.9090909090909091	False
503	361	0.8181818181818182	False
503	1095	0.7272727272727273	True
503	3949	0.6363636363636364	False
503	1012	0.5454545454545454	True
503	3661	0.45454545454545453	True
503	3430	0.36363636363636365	True
503	1436	0.2727272727272727	False
503	309	0.18181818181818182	False
503	2911	0.09090909090909091	False
1087	3949	0.9090909090909091	False
1087	361	0.8181818181818182	False
1087	1100	0.7272727272727273	True
1087	2325	0.6363636363636364	True
1087	2307	0.5454545454545454	True
1087	3430	0.45454545454545453	True
1087	2580	0.36363636363636365	False
1087	1261	0.2727272727272727	True
1087	2392	0.18181818181818182	True
1087	273	0.09090909090909091	True
421	361	0.9090909090909091	False
421	3111	0.8181818181818182	True
421	3949	0.7272727272727273	False
421	1100	0.6363636363636364	True
421	2580	0.5454545454545454	False
421	3430	0.45454545454545453	True
421	1007	0.36363636363636365	True
421	1317	0.2727272727272727	True
421	2352	0.18181818181818182	True
421	1236	0.09090909090909091	True
370	2580	0.9090909090909091	False
370	361	0.8181818181818182	False
370	3187	0.7272727272727273	True
370	1436	0.6363636363636364	False
370	1007	0.5454545454545454	True
370	2911	0.45454545454545453	False
370	2392	0.36363636363636365	True
370	3661	0.2727272727272727	True
370	3113	0.18181818181818182	True
370	3949	0.09090909090909091	False
5550	361	0.9090909090909091	False
5550	1068	0.8181818181818182	True
5550	2307	0.7272727272727273	True
5550	3949	0.6363636363636364	False
5550	3308	0.5454545454545454	True
5550	1007	0.45454545454545453	True
5550	2325	0.36363636363636365	True
5550	3317	0.2727272727272727	True
5550	1095	0.18181818181818182	True
5550	2392	0.09090909090909091	True
2021	2392	0.9090909090909091	True
2021	1436	0.8181818181818182	False
2021	2580	0.7272727272727273	False
2021	2307	0.6363636363636364	True
2021	3949	0.5454545454545454	False
2021	3661	0.45454545454545453	True
2021	273	0.36363636363636365	True
2021	3187	0.2727272727272727	True
2021	361	0.18181818181818182	False
2021	1068	0.09090909090909091	True
4051	2911	0.9090909090909091	False
4051	1436	0.8181818181818182	False
4051	2580	0.7272727272727273	False
4051	3430	0.6363636363636364	True
4051	3846	0.5454545454545454	True
4051	361	0.45454545454545453	False
4051	994	0.36363636363636365	False
4051	3949	0.2727272727272727	False
4051	3593	0.18181818181818182	True
4051	3629	0.09090909090909091	True
2469	3949	0.9090909090909091	False
2469	1261	0.8181818181818182	True
2469	2580	0.7272727272727273	False
2469	2911	0.6363636363636364	False
2469	3430	0.5454545454545454	True
2469	2325	0.45454545454545453	True
2469	361	0.36363636363636365	False
2469	309	0.2727272727272727	False
2469	906	0.18181818181818182	True
2469	1100	0.09090909090909091	True
4751	1007	0.9090909090909091	True
4751	361	0.8181818181818182	False
4751	3113	0.7272727272727273	True
4751	2580	0.6363636363636364	False
4751	3430	0.5454545454545454	True
4751	1100	0.45454545454545453	True
4751	1095	0.36363636363636365	True
4751	3949	0.2727272727272727	False
4751	273	0.18181818181818182	True
4751	1236	0.09090909090909091	True
4523	2325	0.9090909090909091	True
4523	3661	0.8181818181818182	True
4523	1007	0.7272727272727273	True
4523	1095	0.6363636363636364	True
4523	3430	0.5454545454545454	True
4523	361	0.45454545454545453	False
4523	1012	0.36363636363636365	True
4523	3949	0.2727272727272727	False
4523	2580	0.18181818181818182	False
4523	2977	0.09090909090909091	True
2862	2580	0.9090909090909091	False
2862	309	0.8181818181818182	False
2862	2928	0.7272727272727273	True
2862	361	0.6363636363636364	False
2862	3173	0.5454545454545454	True
2862	906	0.45454545454545453	True
2862	3949	0.36363636363636365	False
2862	3113	0.2727272727272727	True
2862	1236	0.18181818181818182	True
2862	3243	0.09090909090909091	True
688	2580	0.9090909090909091	False
688	2911	0.8181818181818182	False
688	1436	0.7272727272727273	False
688	2325	0.6363636363636364	True
688	3430	0.5454545454545454	True
688	1100	0.45454545454545453	True
688	361	0.36363636363636365	False
688	3949	0.2727272727272727	False
688	1007	0.18181818181818182	True
688	994	0.09090909090909091	False
616	2580	0.9090909090909091	False
616	3113	0.8181818181818182	True
616	1436	0.7272727272727273	False
616	3187	0.6363636363636364	True
616	2928	0.5454545454545454	True
616	3661	0.45454545454545453	True
616	273	0.36363636363636365	True
616	2911	0.2727272727272727	False
616	361	0.18181818181818182	False
616	3949	0.09090909090909091	False
414	361	0.9090909090909091	False
414	2325	0.8181818181818182	True
414	2911	0.7272727272727273	False
414	529	0.6363636363636364	True
414	2307	0.5454545454545454	True
414	3949	0.45454545454545453	False
414	780	0.36363636363636365	True
414	1436	0.2727272727272727	False
414	3661	0.18181818181818182	True
414	3187	0.09090909090909091	True
775	3661	0.9090909090909091	True
775	2580	0.8181818181818182	False
775	1068	0.7272727272727273	True
775	1012	0.6363636363636364	True
775	361	0.5454545454545454	False
775	3949	0.45454545454545453	False
775	1436	0.36363636363636365	False
775	3187	0.2727272727272727	True
775	780	0.18181818181818182	True
775	2911	0.09090909090909091	False
4819	1007	0.9090909090909091	True
4819	361	0.8181818181818182	False
4819	2325	0.7272727272727273	True
4819	3308	0.6363636363636364	True
4819	1095	0.5454545454545454	True
4819	3113	0.45454545454545453	True
4819	3846	0.36363636363636365	True
4819	2307	0.2727272727272727	True
4819	2915	0.18181818181818182	True
4819	3187	0.09090909090909091	True
2625	3661	0.9090909090909091	True
2625	361	0.8181818181818182	False
2625	1436	0.7272727272727273	False
2625	3629	0.6363636363636364	True
2625	3430	0.5454545454545454	True
2625	309	0.45454545454545453	False
2625	2911	0.36363636363636365	False
2625	1100	0.2727272727272727	True
2625	2580	0.18181818181818182	False
2625	1012	0.09090909090909091	True
3457	1007	0.9090909090909091	True
3457	361	0.8181818181818182	False
3457	1261	0.7272727272727273	True
3457	3949	0.6363636363636364	False
3457	3430	0.5454545454545454	True
3457	1012	0.45454545454545453	True
3457	2325	0.36363636363636365	True
3457	1100	0.2727272727272727	True
3457	2580	0.18181818181818182	False
3457	2977	0.09090909090909091	True
1553	2580	0.9090909090909091	False
1553	2911	0.8181818181818182	False
1553	361	0.7272727272727273	False
1553	3113	0.6363636363636364	True
1553	1095	0.5454545454545454	True
1553	3187	0.45454545454545453	True
1553	3661	0.36363636363636365	True
1553	1007	0.2727272727272727	True
1553	3949	0.18181818181818182	False
1553	2325	0.09090909090909091	True
424	361	0.9090909090909091	False
424	3949	0.8181818181818182	False
424	1436	0.7272727272727273	False
424	3661	0.6363636363636364	True
424	2580	0.5454545454545454	False
424	309	0.45454545454545453	False
424	1068	0.36363636363636365	True
424	2911	0.2727272727272727	False
424	2928	0.18181818181818182	True
424	2392	0.09090909090909091	True
3695	3661	0.9090909090909091	True
3695	994	0.8181818181818182	False
3695	361	0.7272727272727273	False
3695	2307	0.6363636363636364	True
3695	1236	0.5454545454545454	True
3695	309	0.45454545454545453	False
3695	273	0.36363636363636365	True
3695	3846	0.2727272727272727	True
3695	710	0.18181818181818182	True
3695	1007	0.09090909090909091	True
3762	3661	0.9090909090909091	True
3762	2580	0.8181818181818182	False
3762	309	0.7272727272727273	False
3762	361	0.6363636363636364	False
3762	555	0.5454545454545454	True
3762	1068	0.45454545454545453	True
3762	2928	0.36363636363636365	True
3762	1007	0.2727272727272727	True
3762	1012	0.18181818181818182	True
3762	906	0.09090909090909091	True
1050	2580	0.9090909090909091	False
1050	2911	0.8181818181818182	False
1050	2392	0.7272727272727273	True
1050	3430	0.6363636363636364	True
1050	3661	0.5454545454545454	True
1050	3949	0.45454545454545453	False
1050	361	0.36363636363636365	False
1050	3629	0.2727272727272727	True
1050	1100	0.18181818181818182	True
1050	309	0.09090909090909091	False
5213	361	0.9090909090909091	False
5213	2911	0.8181818181818182	False
5213	1436	0.7272727272727273	False
5213	3187	0.6363636363636364	True
5213	2580	0.5454545454545454	False
5213	994	0.45454545454545453	False
5213	3113	0.36363636363636365	True
5213	1317	0.2727272727272727	True
5213	1100	0.18181818181818182	True
5213	2392	0.09090909090909091	True
541	361	0.9090909090909091	False
541	2392	0.8181818181818182	True
541	2307	0.7272727272727273	True
541	309	0.6363636363636364	False
541	1436	0.5454545454545454	False
541	1100	0.45454545454545453	True
541	1068	0.36363636363636365	True
541	3111	0.2727272727272727	True
541	3949	0.18181818181818182	False
541	3187	0.09090909090909091	True
4586	2580	0.9090909090909091	False
4586	2911	0.8181818181818182	False
4586	3661	0.7272727272727273	True
4586	1436	0.6363636363636364	False
4586	3629	0.5454545454545454	True
4586	361	0.45454545454545453	False
4586	994	0.36363636363636365	False
4586	2392	0.2727272727272727	True
4586	3187	0.18181818181818182	True
4586	3430	0.09090909090909091	True
41	2911	0.9090909090909091	False
41	1436	0.8181818181818182	False
41	2307	0.7272727272727273	True
41	361	0.6363636363636364	False
41	1812	0.5454545454545454	True
41	994	0.45454545454545453	False
41	3661	0.36363636363636365	True
41	3243	0.2727272727272727	True
41	1037	0.18181818181818182	True
41	3949	0.09090909090909091	False
3766	2580	0.9090909090909091	False
3766	1436	0.8181818181818182	False
3766	1012	0.7272727272727273	True
3766	1236	0.6363636363636364	True
3766	3113	0.5454545454545454	True
3766	361	0.45454545454545453	False
3766	2977	0.36363636363636365	True
3766	1261	0.2727272727272727	True
3766	3430	0.18181818181818182	True
3766	1100	0.09090909090909091	True
5835	2580	0.9090909090909091	False
5835	361	0.8181818181818182	False
5835	994	0.7272727272727273	False
5835	3949	0.6363636363636364	False
5835	1100	0.5454545454545454	True
5835	1068	0.45454545454545453	True
5835	2911	0.36363636363636365	False
5835	1261	0.2727272727272727	True
5835	2590	0.18181818181818182	True
5835	2928	0.09090909090909091	True
1203	361	0.9090909090909091	False
1203	994	0.8181818181818182	False
1203	2307	0.7272727272727273	True
1203	3187	0.6363636363636364	True
1203	2325	0.5454545454545454	True
1203	1095	0.45454545454545453	True
1203	1007	0.36363636363636365	True
1203	3308	0.2727272727272727	True
1203	2911	0.18181818181818182	False
1203	3949	0.09090909090909091	False
4454	361	0.9090909090909091	False
4454	3661	0.8181818181818182	True
4454	1100	0.7272727272727273	True
4454	3113	0.6363636363636364	True
4454	1436	0.5454545454545454	False
4454	3187	0.45454545454545453	True
4454	273	0.36363636363636365	True
4454	2580	0.2727272727272727	False
4454	3200	0.18181818181818182	True
4454	309	0.09090909090909091	False
3037	3113	0.9090909090909091	True
3037	1436	0.8181818181818182	False
3037	3187	0.7272727272727273	True
3037	1012	0.6363636363636364	True
3037	2928	0.5454545454545454	True
3037	1100	0.45454545454545453	True
3037	528	0.36363636363636365	True
3037	2580	0.2727272727272727	False
3037	3661	0.18181818181818182	True
3037	2911	0.09090909090909091	False
5908	3661	0.9090909090909091	True
5908	2580	0.8181818181818182	False
5908	309	0.7272727272727273	False
5908	3949	0.6363636363636364	False
5908	2977	0.5454545454545454	True
5908	1007	0.45454545454545453	True
5908	1068	0.36363636363636365	True
5908	1012	0.2727272727272727	True
5908	2928	0.18181818181818182	True
5908	3113	0.09090909090909091	True
3913	3949	0.9090909090909091	False
3913	3661	0.8181818181818182	True
3913	2325	0.7272727272727273	True
3913	2580	0.6363636363636364	False
3913	2911	0.5454545454545454	False
3913	780	0.45454545454545453	True
3913	361	0.36363636363636365	False
3913	1012	0.2727272727272727	True
3913	1007	0.18181818181818182	True
3913	2307	0.09090909090909091	True
1168	361	0.9090909090909091	False
1168	2307	0.8181818181818182	True
1168	3113	0.7272727272727273	True
1168	3661	0.6363636363636364	True
1168	1068	0.5454545454545454	True
1168	1100	0.45454545454545453	True
1168	273	0.36363636363636365	True
1168	2928	0.2727272727272727	True
1168	1436	0.18181818181818182	False
1168	994	0.09090909090909091	False
1571	3661	0.9090909090909091	True
1571	2911	0.8181818181818182	False
1571	309	0.7272727272727273	False
1571	2928	0.6363636363636364	True
1571	1436	0.5454545454545454	False
1571	3430	0.45454545454545453	True
1571	2580	0.36363636363636365	False
1571	3593	0.2727272727272727	True
1571	3949	0.18181818181818182	False
1571	1012	0.09090909090909091	True
1845	3200	0.9090909090909091	True
1845	994	0.8181818181818182	False
1845	1100	0.7272727272727273	True
1845	2928	0.6363636363636364	True
1845	1236	0.5454545454545454	True
1845	2590	0.45454545454545453	True
1845	361	0.36363636363636365	False
1845	2911	0.2727272727272727	False
1845	1991	0.18181818181818182	True
1845	1007	0.09090909090909091	True
5004	361	0.9090909090909091	False
5004	2580	0.8181818181818182	False
5004	1095	0.7272727272727273	True
5004	3949	0.6363636363636364	False
5004	3629	0.5454545454545454	True
5004	1012	0.45454545454545453	True
5004	3430	0.36363636363636365	True
5004	1436	0.2727272727272727	False
5004	1100	0.18181818181818182	True
5004	273	0.09090909090909091	True
2521	2580	0.9090909090909091	False
2521	361	0.8181818181818182	False
2521	3113	0.7272727272727273	True
2521	3949	0.6363636363636364	False
2521	309	0.5454545454545454	False
2521	1007	0.45454545454545453	True
2521	3661	0.36363636363636365	True
2521	2928	0.2727272727272727	True
2521	1100	0.18181818181818182	True
2521	1317	0.09090909090909091	True
4908	1436	0.9090909090909091	False
4908	273	0.8181818181818182	True
4908	2911	0.7272727272727273	False
4908	994	0.6363636363636364	False
4908	361	0.5454545454545454	False
4908	3661	0.45454545454545453	True
4908	3187	0.36363636363636365	True
4908	2325	0.2727272727272727	True
4908	2580	0.18181818181818182	False
4908	1095	0.09090909090909091	True
613	1436	0.9090909090909091	False
613	361	0.8181818181818182	False
613	273	0.7272727272727273	True
613	1100	0.6363636363636364	True
613	2580	0.5454545454545454	False
613	3113	0.45454545454545453	True
613	994	0.36363636363636365	False
613	2911	0.2727272727272727	False
613	1068	0.18181818181818182	True
613	1317	0.09090909090909091	True
6025	361	0.9090909090909091	False
6025	2911	0.8181818181818182	False
6025	3111	0.7272727272727273	True
6025	3949	0.6363636363636364	False
6025	309	0.5454545454545454	False
6025	3187	0.45454545454545453	True
6025	555	0.36363636363636365	True
6025	2307	0.2727272727272727	True
6025	2580	0.18181818181818182	False
6025	994	0.09090909090909091	False
4913	2392	0.9090909090909091	True
4913	1436	0.8181818181818182	False
4913	2580	0.7272727272727273	False
4913	3111	0.6363636363636364	True
4913	309	0.5454545454545454	False
4913	361	0.45454545454545453	False
4913	1100	0.36363636363636365	True
4913	3187	0.2727272727272727	True
4913	3661	0.18181818181818182	True
4913	3846	0.09090909090909091	True
4124	3661	0.9090909090909091	True
4124	309	0.8181818181818182	False
4124	2928	0.7272727272727273	True
4124	2580	0.6363636363636364	False
4124	2325	0.5454545454545454	True
4124	3949	0.45454545454545453	False
4124	555	0.36363636363636365	True
4124	2911	0.2727272727272727	False
4124	361	0.18181818181818182	False
4124	1012	0.09090909090909091	True
