80	2249	0.9090909090909091	False
80	3325	0.8181818181818182	False
80	2526	0.7272727272727273	True
80	2944	0.6363636363636364	True
80	367	0.5454545454545454	False
80	1036	0.45454545454545453	True
80	941	0.36363636363636365	True
80	1257	0.2727272727272727	True
80	3590	0.18181818181818182	True
80	853	0.09090909090909091	True
4769	2249	0.9090909090909091	False
4769	3325	0.8181818181818182	False
4769	535	0.7272727272727273	False
4769	941	0.6363636363636364	True
4769	2424	0.5454545454545454	False
4769	718	0.45454545454545453	True
4769	3590	0.36363636363636365	True
4769	2066	0.2727272727272727	True
4769	3251	0.18181818181818182	True
4769	367	0.09090909090909091	False
3775	2249	0.9090909090909091	False
3775	3325	0.8181818181818182	False
3775	535	0.7272727272727273	False
3775	2424	0.6363636363636364	False
3775	2066	0.5454545454545454	True
3775	3590	0.45454545454545453	True
3775	1703	0.36363636363636365	True
3775	1257	0.2727272727272727	True
3775	367	0.18181818181818182	False
3775	941	0.09090909090909091	True
1992	2249	0.9090909090909091	False
1992	3325	0.8181818181818182	False
1992	2424	0.7272727272727273	False
1992	943	0.6363636363636364	True
1992	3251	0.5454545454545454	True
1992	535	0.45454545454545453	False
1992	1703	0.36363636363636365	True
1992	2820	0.2727272727272727	True
1992	718	0.18181818181818182	True
1992	3127	0.09090909090909091	True
2898	2249	0.9090909090909091	False
2898	3325	0.8181818181818182	False
2898	3251	0.7272727272727273	True
2898	367	0.6363636363636364	False
2898	2424	0.5454545454545454	False
2898	1036	0.45454545454545453	True
2898	535	0.36363636363636365	False
2898	2283	0.2727272727272727	True
2898	3127	0.18181818181818182	True
2898	1257	0.09090909090909091	True
2231	2249	0.9090909090909091	False
2231	3325	0.8181818181818182	False
2231	535	0.7272727272727273	False
2231	2424	0.6363636363636364	False
2231	3127	0.5454545454545454	True
2231	853	0.45454545454545453	True
2231	3251	0.36363636363636365	True
2231	367	0.2727272727272727	False
2231	1257	0.18181818181818182	True
2231	1036	0.09090909090909091	True
266	2249	0.9090909090909091	False
266	3325	0.8181818181818182	False
266	2424	0.7272727272727273	False
266	535	0.6363636363636364	False
266	718	0.5454545454545454	True
266	3251	0.45454545454545453	True
266	943	0.36363636363636365	True
266	941	0.2727272727272727	True
266	367	0.18181818181818182	False
266	853	0.09090909090909091	True
2744	2249	0.9090909090909091	False
2744	3325	0.8181818181818182	False
2744	941	0.7272727272727273	True
2744	535	0.6363636363636364	False
2744	367	0.5454545454545454	False
2744	853	0.45454545454545453	True
2744	3251	0.36363636363636365	True
2744	943	0.2727272727272727	True
2744	2424	0.18181818181818182	False
2744	3107	0.09090909090909091	True
5445	2249	0.9090909090909091	False
5445	3325	0.8181818181818182	False
5445	367	0.7272727272727273	False
5445	3590	0.6363636363636364	True
5445	2283	0.5454545454545454	True
5445	943	0.45454545454545453	True
5445	2820	0.36363636363636365	True
5445	2526	0.2727272727272727	True
5445	535	0.18181818181818182	False
5445	1036	0.09090909090909091	True
4184	2249	0.9090909090909091	False
4184	3325	0.8181818181818182	False
4184	2526	0.7272727272727273	True
4184	3127	0.6363636363636364	True
4184	3251	0.5454545454545454	True
4184	853	0.45454545454545453	True
4184	367	0.36363636363636365	False
4184	1257	0.2727272727272727	True
4184	3113	0.18181818181818182	True
4184	2820	0.09090909090909091	True
5732	2249	0.9090909090909091	False
5732	3325	0.8181818181818182	False
5732	535	0.7272727272727273	False
5732	3251	0.6363636363636364	True
5732	3127	0.5454545454545454	True
5732	2424	0.45454545454545453	False
5732	367	0.36363636363636365	False
5732	971	0.2727272727272727	True
5732	2066	0.18181818181818182	True
5732	3107	0.09090909090909091	True
4682	2249	0.9090909090909091	False
4682	3325	0.8181818181818182	False
4682	3251	0.7272727272727273	True
4682	367	0.6363636363636364	False
4682	2944	0.5454545454545454	True
4682	3127	0.45454545454545453	True
4682	2424	0.36363636363636365	False
4682	535	0.2727272727272727	False
4682	1036	0.18181818181818182	True
4682	941	0.09090909090909091	True
5516	2249	0.9090909090909091	False
5516	3325	0.8181818181818182	False
5516	941	0.7272727272727273	True
5516	3590	0.6363636363636364	True
5516	535	0.5454545454545454	False
5516	2820	0.45454545454545453	True
5516	2283	0.36363636363636365	True
5516	3251	0.2727272727272727	True
5516	943	0.18181818181818182	True
5516	114	0.09090909090909091	True
416	2249	0.9090909090909091	False
416	3325	0.8181818181818182	False
416	941	0.7272727272727273	True
416	853	0.6363636363636364	True
416	367	0.5454545454545454	False
416	535	0.45454545454545453	False
416	1943	0.36363636363636365	True
416	3251	0.2727272727272727	True
416	2944	0.18181818181818182	True
416	1703	0.09090909090909091	True
4579	2249	0.9090909090909091	False
4579	3325	0.8181818181818182	False
4579	535	0.7272727272727273	False
4579	3127	0.6363636363636364	True
4579	941	0.5454545454545454	True
4579	853	0.45454545454545453	True
4579	804	0.36363636363636365	True
4579	367	0.2727272727272727	False
4579	3251	0.18181818181818182	True
4579	971	0.09090909090909091	True
3095	2249	0.9090909090909091	False
3095	3325	0.8181818181818182	False
3095	853	0.7272727272727273	True
3095	2944	0.6363636363636364	True
3095	941	0.5454545454545454	True
3095	3251	0.45454545454545453	True
3095	367	0.36363636363636365	False
3095	2424	0.2727272727272727	False
3095	943	0.18181818181818182	True
3095	718	0.09090909090909091	True
2274	2249	0.9090909090909091	False
2274	3325	0.8181818181818182	False
2274	3251	0.7272727272727273	True
2274	367	0.6363636363636364	False
2274	3127	0.5454545454545454	True
2274	943	0.45454545454545453	True
2274	941	0.36363636363636365	True
2274	2820	0.2727272727272727	True
2274	2526	0.18181818181818182	True
2274	3590	0.09090909090909091	True
2613	2249	0.9090909090909091	False
2613	3325	0.8181818181818182	False
2613	535	0.7272727272727273	False
2613	718	0.6363636363636364	True
2613	2424	0.5454545454545454	False
2613	941	0.45454545454545453	True
2613	943	0.36363636363636365	True
2613	2820	0.2727272727272727	True
2613	2944	0.18181818181818182	True
2613	367	0.09090909090909091	False
4007	2249	0.9090909090909091	False
4007	3325	0.8181818181818182	False
4007	1036	0.7272727272727273	True
4007	3590	0.6363636363636364	True
4007	114	0.5454545454545454	True
4007	3127	0.45454545454545453	True
4007	1257	0.36363636363636365	True
4007	367	0.2727272727272727	False
4007	2066	0.18181818181818182	True
4007	2424	0.09090909090909091	False
2507	2249	0.9090909090909091	False
2507	3325	0.8181818181818182	False
2507	1036	0.7272727272727273	True
2507	2424	0.6363636363636364	False
2507	1257	0.5454545454545454	True
2507	943	0.45454545454545453	True
2507	367	0.36363636363636365	False
2507	535	0.2727272727272727	False
2507	1703	0.18181818181818182	True
2507	3590	0.09090909090909091	True
4382	2249	0.9090909090909091	False
4382	3325	0.8181818181818182	False
4382	2820	0.7272727272727273	True
4382	535	0.6363636363636364	False
4382	943	0.5454545454545454	True
4382	941	0.45454545454545453	True
4382	367	0.36363636363636365	False
4382	718	0.2727272727272727	True
4382	3251	0.18181818181818182	True
4382	2424	0.09090909090909091	False
2572	2249	0.9090909090909091	False
2572	3325	0.8181818181818182	False
2572	535	0.7272727272727273	False
2572	1036	0.6363636363636364	True
2572	367	0.5454545454545454	False
2572	853	0.45454545454545453	True
2572	941	0.36363636363636365	True
2572	1257	0.2727272727272727	True
2572	2424	0.18181818181818182	False
2572	3590	0.09090909090909091	True
4169	2249	0.9090909090909091	False
4169	3325	0.8181818181818182	False
4169	2820	0.7272727272727273	True
4169	3251	0.6363636363636364	True
4169	941	0.5454545454545454	True
4169	535	0.45454545454545453	False
4169	367	0.36363636363636365	False
4169	853	0.2727272727272727	True
4169	943	0.18181818181818182	True
4169	2066	0.09090909090909091	True
2870	2249	0.9090909090909091	False
2870	3325	0.8181818181818182	False
2870	3127	0.7272727272727273	True
2870	3251	0.6363636363636364	True
2870	535	0.5454545454545454	False
2870	1036	0.45454545454545453	True
2870	941	0.36363636363636365	True
2870	718	0.2727272727272727	True
2870	853	0.18181818181818182	True
2870	943	0.09090909090909091	True
5565	2249	0.9090909090909091	False
5565	3325	0.8181818181818182	False
5565	941	0.7272727272727273	True
5565	718	0.6363636363636364	True
5565	853	0.5454545454545454	True
5565	1257	0.45454545454545453	True
5565	2424	0.36363636363636365	False
5565	535	0.2727272727272727	False
5565	943	0.18181818181818182	True
5565	2944	0.09090909090909091	True
5845	2249	0.9090909090909091	False
5845	3325	0.8181818181818182	False
5845	535	0.7272727272727273	False
5845	2424	0.6363636363636364	False
5845	367	0.5454545454545454	False
5845	3113	0.45454545454545453	True
5845	971	0.36363636363636365	True
5845	853	0.2727272727272727	True
5845	718	0.18181818181818182	True
5845	3127	0.09090909090909091	True
3555	2249	0.9090909090909091	False
3555	3325	0.8181818181818182	False
3555	718	0.7272727272727273	True
3555	367	0.6363636363636364	False
3555	941	0.5454545454545454	True
3555	2526	0.45454545454545453	True
3555	3590	0.36363636363636365	True
3555	943	0.2727272727272727	True
3555	1036	0.18181818181818182	True
3555	2283	0.09090909090909091	True
1157	2249	0.9090909090909091	False
1157	3325	0.8181818181818182	False
1157	535	0.7272727272727273	False
1157	367	0.6363636363636364	False
1157	3251	0.5454545454545454	True
1157	2424	0.45454545454545453	False
1157	2944	0.36363636363636365	True
1157	3127	0.2727272727272727	True
1157	3938	0.18181818181818182	True
1157	1703	0.09090909090909091	True
2683	2249	0.9090909090909091	False
2683	3325	0.8181818181818182	False
2683	853	0.7272727272727273	True
2683	367	0.6363636363636364	False
2683	941	0.5454545454545454	True
2683	1036	0.45454545454545453	True
2683	3590	0.36363636363636365	True
2683	1703	0.2727272727272727	True
2683	1257	0.18181818181818182	True
2683	2944	0.09090909090909091	True
2657	2249	0.9090909090909091	False
2657	3325	0.8181818181818182	False
2657	535	0.7272727272727273	False
2657	3251	0.6363636363636364	True
2657	941	0.5454545454545454	True
2657	3113	0.45454545454545453	True
2657	2944	0.36363636363636365	True
2657	853	0.2727272727272727	True
2657	2424	0.18181818181818182	False
2657	287	0.09090909090909091	True
2399	2249	0.9090909090909091	False
2399	3325	0.8181818181818182	False
2399	3251	0.7272727272727273	True
2399	535	0.6363636363636364	False
2399	3590	0.5454545454545454	True
2399	3127	0.45454545454545453	True
2399	2424	0.36363636363636365	False
2399	367	0.2727272727272727	False
2399	1257	0.18181818181818182	True
2399	2066	0.09090909090909091	True
3096	2249	0.9090909090909091	False
3096	3325	0.8181818181818182	False
3096	535	0.7272727272727273	False
3096	943	0.6363636363636364	True
3096	941	0.5454545454545454	True
3096	718	0.45454545454545453	True
3096	367	0.36363636363636365	False
3096	3107	0.2727272727272727	True
3096	3127	0.18181818181818182	True
3096	3938	0.09090909090909091	True
1393	2249	0.9090909090909091	False
1393	3325	0.8181818181818182	False
1393	1257	0.7272727272727273	True
1393	367	0.6363636363636364	False
1393	1036	0.5454545454545454	True
1393	3590	0.45454545454545453	True
1393	1703	0.36363636363636365	True
1393	535	0.2727272727272727	False
1393	853	0.18181818181818182	True
1393	718	0.09090909090909091	True
2601	2249	0.9090909090909091	False
2601	3325	0.8181818181818182	False
2601	1036	0.7272727272727273	True
2601	367	0.6363636363636364	False
2601	3590	0.5454545454545454	True
2601	535	0.45454545454545453	False
2601	718	0.36363636363636365	True
2601	853	0.2727272727272727	True
2601	943	0.18181818181818182	True
2601	941	0.09090909090909091	True
1584	2249	0.9090909090909091	False
1584	3325	0.8181818181818182	False
1584	3590	0.7272727272727273	True
1584	1036	0.6363636363636364	True
1584	1703	0.5454545454545454	True
1584	367	0.45454545454545453	False
1584	718	0.36363636363636365	True
1584	943	0.2727272727272727	True
1584	535	0.18181818181818182	False
1584	941	0.09090909090909091	True
410	2249	0.9090909090909091	False
410	3325	0.8181818181818182	False
410	367	0.7272727272727273	False
410	3127	0.6363636363636364	True
410	941	0.5454545454545454	True
410	2526	0.45454545454545453	True
410	718	0.36363636363636365	True
410	535	0.2727272727272727	False
410	3590	0.18181818181818182	True
410	114	0.09090909090909091	True
4428	2249	0.9090909090909091	False
4428	3325	0.8181818181818182	False
4428	535	0.7272727272727273	False
4428	367	0.6363636363636364	False
4428	853	0.5454545454545454	True
4428	718	0.45454545454545453	True
4428	114	0.36363636363636365	True
4428	3590	0.2727272727272727	True
4428	2526	0.18181818181818182	True
4428	3127	0.09090909090909091	True
2838	2249	0.9090909090909091	False
2838	3325	0.8181818181818182	False
2838	535	0.7272727272727273	False
2838	367	0.6363636363636364	False
2838	718	0.5454545454545454	True
2838	941	0.45454545454545453	True
2838	853	0.36363636363636365	True
2838	2424	0.2727272727272727	False
2838	943	0.18181818181818182	True
2838	3251	0.09090909090909091	True
690	2249	0.9090909090909091	False
690	3325	0.8181818181818182	False
690	941	0.7272727272727273	True
690	3251	0.6363636363636364	True
690	535	0.5454545454545454	False
690	2944	0.45454545454545453	True
690	853	0.36363636363636365	True
690	2820	0.2727272727272727	True
690	2066	0.18181818181818182	True
690	1257	0.09090909090909091	True
561	2249	0.9090909090909091	False
561	3325	0.8181818181818182	False
561	367	0.7272727272727273	False
561	2820	0.6363636363636364	True
561	943	0.5454545454545454	True
561	2424	0.45454545454545453	False
561	535	0.36363636363636365	False
561	3251	0.2727272727272727	True
561	941	0.18181818181818182	True
561	853	0.09090909090909091	True
3726	2249	0.9090909090909091	False
3726	3325	0.8181818181818182	False
3726	367	0.7272727272727273	False
3726	535	0.6363636363636364	False
3726	1257	0.5454545454545454	True
3726	2424	0.45454545454545453	False
3726	2944	0.36363636363636365	True
3726	943	0.2727272727272727	True
3726	853	0.18181818181818182	True
3726	718	0.09090909090909091	True
2179	2249	0.9090909090909091	False
2179	3325	0.8181818181818182	False
2179	3127	0.7272727272727273	True
2179	535	0.6363636363636364	False
2179	3113	0.5454545454545454	True
2179	3251	0.45454545454545453	True
2179	853	0.36363636363636365	True
2179	367	0.2727272727272727	False
2179	2424	0.18181818181818182	False
2179	718	0.09090909090909091	True
2788	2249	0.9090909090909091	False
2788	3325	0.8181818181818182	False
2788	3251	0.7272727272727273	True
2788	3127	0.6363636363636364	True
2788	2944	0.5454545454545454	True
2788	535	0.45454545454545453	False
2788	2424	0.36363636363636365	False
2788	2820	0.2727272727272727	True
2788	367	0.18181818181818182	False
2788	3113	0.09090909090909091	True
626	2249	0.9090909090909091	False
626	3325	0.8181818181818182	False
626	535	0.7272727272727273	False
626	367	0.6363636363636364	False
626	718	0.5454545454545454	True
626	2820	0.45454545454545453	True
626	2283	0.36363636363636365	True
626	941	0.2727272727272727	True
626	1943	0.18181818181818182	True
626	943	0.09090909090909091	True
3475	2249	0.9090909090909091	False
3475	3325	0.8181818181818182	False
3475	941	0.7272727272727273	True
3475	718	0.6363636363636364	True
3475	1257	0.5454545454545454	True
3475	853	0.45454545454545453	True
3475	1703	0.36363636363636365	True
3475	2944	0.2727272727272727	True
3475	2526	0.18181818181818182	True
3475	367	0.09090909090909091	False
5342	2249	0.9090909090909091	False
5342	3325	0.8181818181818182	False
5342	2283	0.7272727272727273	True
5342	367	0.6363636363636364	False
5342	718	0.5454545454545454	True
5342	853	0.45454545454545453	True
5342	943	0.36363636363636365	True
5342	3113	0.2727272727272727	True
5342	2424	0.18181818181818182	False
5342	941	0.09090909090909091	True
794	2249	0.9090909090909091	False
794	3325	0.8181818181818182	False
794	535	0.7272727272727273	False
794	3127	0.6363636363636364	True
794	2424	0.5454545454545454	False
794	1036	0.45454545454545453	True
794	941	0.36363636363636365	True
794	943	0.2727272727272727	True
794	718	0.18181818181818182	True
794	2066	0.09090909090909091	True
5756	2249	0.9090909090909091	False
5756	3325	0.8181818181818182	False
5756	3251	0.7272727272727273	True
5756	941	0.6363636363636364	True
5756	2820	0.5454545454545454	True
5756	2424	0.45454545454545453	False
5756	535	0.36363636363636365	False
5756	943	0.2727272727272727	True
5756	718	0.18181818181818182	True
5756	971	0.09090909090909091	True
815	2249	0.9090909090909091	False
815	3325	0.8181818181818182	False
815	535	0.7272727272727273	False
815	367	0.6363636363636364	False
815	941	0.5454545454545454	True
815	853	0.45454545454545453	True
815	2066	0.36363636363636365	True
815	2944	0.2727272727272727	True
815	2424	0.18181818181818182	False
815	718	0.09090909090909091	True
3893	2249	0.9090909090909091	False
3893	3325	0.8181818181818182	False
3893	535	0.7272727272727273	False
3893	2526	0.6363636363636364	True
3893	3127	0.5454545454545454	True
3893	3590	0.45454545454545453	True
3893	114	0.36363636363636365	True
3893	941	0.2727272727272727	True
3893	971	0.18181818181818182	True
3893	2424	0.09090909090909091	False
3389	2249	0.9090909090909091	False
3389	3325	0.8181818181818182	False
3389	367	0.7272727272727273	False
3389	718	0.6363636363636364	True
3389	2424	0.5454545454545454	False
3389	3590	0.45454545454545453	True
3389	535	0.36363636363636365	False
3389	2526	0.2727272727272727	True
3389	853	0.18181818181818182	True
3389	941	0.09090909090909091	True
1250	2249	0.9090909090909091	False
1250	3325	0.8181818181818182	False
1250	367	0.7272727272727273	False
1250	535	0.6363636363636364	False
1250	3590	0.5454545454545454	True
1250	1036	0.45454545454545453	True
1250	1703	0.36363636363636365	True
1250	2066	0.2727272727272727	True
1250	853	0.18181818181818182	True
1250	718	0.09090909090909091	True
2931	2249	0.9090909090909091	False
2931	3325	0.8181818181818182	False
2931	3251	0.7272727272727273	True
2931	3127	0.6363636363636364	True
2931	535	0.5454545454545454	False
2931	3107	0.45454545454545453	True
2931	943	0.36363636363636365	True
2931	941	0.2727272727272727	True
2931	718	0.18181818181818182	True
2931	2424	0.09090909090909091	False
4285	2249	0.9090909090909091	False
4285	3325	0.8181818181818182	False
4285	941	0.7272727272727273	True
4285	2820	0.6363636363636364	True
4285	853	0.5454545454545454	True
4285	3113	0.45454545454545453	True
4285	3251	0.36363636363636365	True
4285	367	0.2727272727272727	False
4285	2944	0.18181818181818182	True
4285	2283	0.09090909090909091	True
449	2249	0.9090909090909091	False
449	3325	0.8181818181818182	False
449	853	0.7272727272727273	True
449	367	0.6363636363636364	False
449	718	0.5454545454545454	True
449	535	0.45454545454545453	False
449	3590	0.36363636363636365	True
449	941	0.2727272727272727	True
449	943	0.18181818181818182	True
449	2526	0.09090909090909091	True
1878	2249	0.9090909090909091	False
1878	3325	0.8181818181818182	False
1878	367	0.7272727272727273	False
1878	535	0.6363636363636364	False
1878	2424	0.5454545454545454	False
1878	3590	0.45454545454545453	True
1878	943	0.36363636363636365	True
1878	941	0.2727272727272727	True
1878	3251	0.18181818181818182	True
1878	1036	0.09090909090909091	True
208	2249	0.9090909090909091	False
208	3325	0.8181818181818182	False
208	367	0.7272727272727273	False
208	2424	0.6363636363636364	False
208	535	0.5454545454545454	False
208	943	0.45454545454545453	True
208	3251	0.36363636363636365	True
208	718	0.2727272727272727	True
208	2820	0.18181818181818182	True
208	853	0.09090909090909091	True
369	2249	0.9090909090909091	False
369	3325	0.8181818181818182	False
369	535	0.7272727272727273	False
369	3251	0.6363636363636364	True
369	1703	0.5454545454545454	True
369	2944	0.45454545454545453	True
369	2820	0.36363636363636365	True
369	2424	0.2727272727272727	False
369	2066	0.18181818181818182	True
369	941	0.09090909090909091	True
3249	2249	0.9090909090909091	False
3249	3325	0.8181818181818182	False
3249	3251	0.7272727272727273	True
3249	941	0.6363636363636364	True
3249	367	0.5454545454545454	False
3249	535	0.45454545454545453	False
3249	2424	0.36363636363636365	False
3249	3127	0.2727272727272727	True
3249	853	0.18181818181818182	True
3249	2066	0.09090909090909091	True
314	2249	0.9090909090909091	False
314	3325	0.8181818181818182	False
314	2424	0.7272727272727273	False
314	3127	0.6363636363636364	True
314	1257	0.5454545454545454	True
314	3251	0.45454545454545453	True
314	2944	0.36363636363636365	True
314	1036	0.2727272727272727	True
314	2526	0.18181818181818182	True
314	535	0.09090909090909091	False
5500	2249	0.9090909090909091	False
5500	3325	0.8181818181818182	False
5500	535	0.7272727272727273	False
5500	941	0.6363636363636364	True
5500	367	0.5454545454545454	False
5500	718	0.45454545454545453	True
5500	2424	0.36363636363636365	False
5500	853	0.2727272727272727	True
5500	2066	0.18181818181818182	True
5500	943	0.09090909090909091	True
5359	2249	0.9090909090909091	False
5359	3325	0.8181818181818182	False
5359	853	0.7272727272727273	True
5359	2066	0.6363636363636364	True
5359	2424	0.5454545454545454	False
5359	3251	0.45454545454545453	True
5359	367	0.36363636363636365	False
5359	2944	0.2727272727272727	True
5359	1257	0.18181818181818182	True
5359	3127	0.09090909090909091	True
4830	2249	0.9090909090909091	False
4830	3325	0.8181818181818182	False
4830	535	0.7272727272727273	False
4830	3127	0.6363636363636364	True
4830	3251	0.5454545454545454	True
4830	2066	0.45454545454545453	True
4830	2424	0.36363636363636365	False
4830	3590	0.2727272727272727	True
4830	1036	0.18181818181818182	True
4830	853	0.09090909090909091	True
4661	2249	0.9090909090909091	False
4661	3325	0.8181818181818182	False
4661	3127	0.7272727272727273	True
4661	3251	0.6363636363636364	True
4661	3113	0.5454545454545454	True
4661	2526	0.45454545454545453	True
4661	1036	0.36363636363636365	True
4661	3590	0.2727272727272727	True
4661	1257	0.18181818181818182	True
4661	367	0.09090909090909091	False
4812	2249	0.9090909090909091	False
4812	3325	0.8181818181818182	False
4812	367	0.7272727272727273	False
4812	3251	0.6363636363636364	True
4812	535	0.5454545454545454	False
4812	3127	0.45454545454545453	True
4812	941	0.36363636363636365	True
4812	2283	0.2727272727272727	True
4812	2820	0.18181818181818182	True
4812	943	0.09090909090909091	True
5119	2249	0.9090909090909091	False
5119	3325	0.8181818181818182	False
5119	367	0.7272727272727273	False
5119	718	0.6363636363636364	True
5119	941	0.5454545454545454	True
5119	853	0.45454545454545453	True
5119	3127	0.36363636363636365	True
5119	3251	0.2727272727272727	True
5119	943	0.18181818181818182	True
5119	3113	0.09090909090909091	True
3791	2249	0.9090909090909091	False
3791	3325	0.8181818181818182	False
3791	114	0.7272727272727273	True
3791	367	0.6363636363636364	False
3791	941	0.5454545454545454	True
3791	1036	0.45454545454545453	True
3791	2283	0.36363636363636365	True
3791	718	0.2727272727272727	True
3791	2424	0.18181818181818182	False
3791	3127	0.09090909090909091	True
413	2249	0.9090909090909091	False
413	3325	0.8181818181818182	False
413	941	0.7272727272727273	True
413	853	0.6363636363636364	True
413	535	0.5454545454545454	False
413	2820	0.45454545454545453	True
413	3251	0.36363636363636365	True
413	367	0.2727272727272727	False
413	3127	0.18181818181818182	True
413	1703	0.09090909090909091	True
1716	2249	0.9090909090909091	False
1716	3325	0.8181818181818182	False
1716	367	0.7272727272727273	False
1716	718	0.6363636363636364	True
1716	3127	0.5454545454545454	True
1716	2526	0.45454545454545453	True
1716	3251	0.36363636363636365	True
1716	943	0.2727272727272727	True
1716	853	0.18181818181818182	True
1716	535	0.09090909090909091	False
5461	2249	0.9090909090909091	False
5461	3325	0.8181818181818182	False
5461	1257	0.7272727272727273	True
5461	853	0.6363636363636364	True
5461	1036	0.5454545454545454	True
5461	2526	0.45454545454545453	True
5461	3127	0.36363636363636365	True
5461	2066	0.2727272727272727	True
5461	941	0.18181818181818182	True
5461	367	0.09090909090909091	False
2441	2249	0.9090909090909091	False
2441	3325	0.8181818181818182	False
2441	3251	0.7272727272727273	True
2441	3127	0.6363636363636364	True
2441	2283	0.5454545454545454	True
2441	3113	0.45454545454545453	True
2441	2526	0.36363636363636365	True
2441	941	0.2727272727272727	True
2441	1036	0.18181818181818182	True
2441	853	0.09090909090909091	True
2469	2249	0.9090909090909091	False
2469	3325	0.8181818181818182	False
2469	941	0.7272727272727273	True
2469	853	0.6363636363636364	True
2469	535	0.5454545454545454	False
2469	1703	0.45454545454545453	True
2469	367	0.36363636363636365	False
2469	718	0.2727272727272727	True
2469	2066	0.18181818181818182	True
2469	1036	0.09090909090909091	True
5697	2249	0.9090909090909091	False
5697	3325	0.8181818181818182	False
5697	941	0.7272727272727273	True
5697	1703	0.6363636363636364	True
5697	2066	0.5454545454545454	True
5697	535	0.45454545454545453	False
5697	718	0.36363636363636365	True
5697	1036	0.2727272727272727	True
5697	853	0.18181818181818182	True
5697	3590	0.09090909090909091	True
1539	2249	0.9090909090909091	False
1539	3325	0.8181818181818182	False
1539	535	0.7272727272727273	False
1539	2424	0.6363636363636364	False
1539	718	0.5454545454545454	True
1539	367	0.45454545454545453	False
1539	1036	0.36363636363636365	True
1539	3590	0.2727272727272727	True
1539	941	0.18181818181818182	True
1539	2820	0.09090909090909091	True
1734	2249	0.9090909090909091	False
1734	3325	0.8181818181818182	False
1734	535	0.7272727272727273	False
1734	3590	0.6363636363636364	True
1734	367	0.5454545454545454	False
1734	943	0.45454545454545453	True
1734	3127	0.36363636363636365	True
1734	1036	0.2727272727272727	True
1734	941	0.18181818181818182	True
1734	2424	0.09090909090909091	False
3951	2249	0.9090909090909091	False
3951	3325	0.8181818181818182	False
3951	535	0.7272727272727273	False
3951	2424	0.6363636363636364	False
3951	2066	0.5454545454545454	True
3951	941	0.45454545454545453	True
3951	943	0.36363636363636365	True
3951	718	0.2727272727272727	True
3951	367	0.18181818181818182	False
3951	287	0.09090909090909091	True
3237	2249	0.9090909090909091	False
3237	3325	0.8181818181818182	False
3237	3251	0.7272727272727273	True
3237	2526	0.6363636363636364	True
3237	1257	0.5454545454545454	True
3237	3127	0.45454545454545453	True
3237	1703	0.36363636363636365	True
3237	2066	0.2727272727272727	True
3237	367	0.18181818181818182	False
3237	2424	0.09090909090909091	False
4600	2249	0.9090909090909091	False
4600	3325	0.8181818181818182	False
4600	3251	0.7272727272727273	True
4600	3127	0.6363636363636364	True
4600	535	0.5454545454545454	False
4600	367	0.45454545454545453	False
4600	3590	0.36363636363636365	True
4600	2424	0.2727272727272727	False
4600	1036	0.18181818181818182	True
4600	3107	0.09090909090909091	True
4778	2249	0.9090909090909091	False
4778	3325	0.8181818181818182	False
4778	941	0.7272727272727273	True
4778	535	0.6363636363636364	False
4778	2820	0.5454545454545454	True
4778	718	0.45454545454545453	True
4778	1257	0.36363636363636365	True
4778	2944	0.2727272727272727	True
4778	943	0.18181818181818182	True
4778	2283	0.09090909090909091	True
5853	3325	0.9090909090909091	False
5853	2249	0.8181818181818182	False
5853	3251	0.7272727272727273	True
5853	2526	0.6363636363636364	True
5853	535	0.5454545454545454	False
5853	3590	0.45454545454545453	True
5853	367	0.36363636363636365	False
5853	2424	0.2727272727272727	False
5853	3127	0.18181818181818182	True
5853	3113	0.09090909090909091	True
64	2249	0.9090909090909091	False
64	3325	0.8181818181818182	False
64	535	0.7272727272727273	False
64	3251	0.6363636363636364	True
64	941	0.5454545454545454	True
64	2424	0.45454545454545453	False
64	718	0.36363636363636365	True
64	1257	0.2727272727272727	True
64	2944	0.18181818181818182	True
64	943	0.09090909090909091	True
2593	2249	0.9090909090909091	False
2593	3325	0.8181818181818182	False
2593	535	0.7272727272727273	False
2593	1703	0.6363636363636364	True
2593	3127	0.5454545454545454	True
2593	3590	0.45454545454545453	True
2593	3251	0.36363636363636365	True
2593	941	0.2727272727272727	True
2593	2066	0.18181818181818182	True
2593	1036	0.09090909090909091	True
1762	2249	0.9090909090909091	False
1762	3325	0.8181818181818182	False
1762	3251	0.7272727272727273	True
1762	535	0.6363636363636364	False
1762	2424	0.5454545454545454	False
1762	3127	0.45454545454545453	True
1762	367	0.36363636363636365	False
1762	2944	0.2727272727272727	True
1762	943	0.18181818181818182	True
1762	718	0.09090909090909091	True
5775	2249	0.9090909090909091	False
5775	3325	0.8181818181818182	False
5775	941	0.7272727272727273	True
5775	367	0.6363636363636364	False
5775	718	0.5454545454545454	True
5775	853	0.45454545454545453	True
5775	943	0.36363636363636365	True
5775	535	0.2727272727272727	False
5775	1943	0.18181818181818182	True
5775	287	0.09090909090909091	True
1906	2249	0.9090909090909091	False
1906	3325	0.8181818181818182	False
1906	718	0.7272727272727273	True
1906	535	0.6363636363636364	False
1906	3590	0.5454545454545454	True
1906	3127	0.45454545454545453	True
1906	3113	0.36363636363636365	True
1906	2283	0.2727272727272727	True
1906	367	0.18181818181818182	False
1906	943	0.09090909090909091	True
3154	2249	0.9090909090909091	False
3154	3325	0.8181818181818182	False
3154	853	0.7272727272727273	True
3154	941	0.6363636363636364	True
3154	1703	0.5454545454545454	True
3154	3127	0.45454545454545453	True
3154	718	0.36363636363636365	True
3154	2283	0.2727272727272727	True
3154	1036	0.18181818181818182	True
3154	1257	0.09090909090909091	True
482	2249	0.9090909090909091	False
482	3325	0.8181818181818182	False
482	367	0.7272727272727273	False
482	853	0.6363636363636364	True
482	718	0.5454545454545454	True
482	535	0.45454545454545453	False
482	941	0.36363636363636365	True
482	2424	0.2727272727272727	False
482	3127	0.18181818181818182	True
482	3590	0.09090909090909091	True
236	2249	0.9090909090909091	False
236	3325	0.8181818181818182	False
236	535	0.7272727272727273	False
236	718	0.6363636363636364	True
236	3127	0.5454545454545454	True
236	941	0.45454545454545453	True
236	943	0.36363636363636365	True
236	2424	0.2727272727272727	False
236	853	0.18181818181818182	True
236	2526	0.09090909090909091	True
1796	2249	0.9090909090909091	False
1796	3325	0.8181818181818182	False
1796	3251	0.7272727272727273	True
1796	1257	0.6363636363636364	True
1796	853	0.5454545454545454	True
1796	718	0.45454545454545453	True
1796	941	0.36363636363636365	True
1796	3113	0.2727272727272727	True
1796	3127	0.18181818181818182	True
1796	2820	0.09090909090909091	True
1146	2249	0.9090909090909091	False
1146	3325	0.8181818181818182	False
1146	535	0.7272727272727273	False
1146	1036	0.6363636363636364	True
1146	2066	0.5454545454545454	True
1146	941	0.45454545454545453	True
1146	367	0.36363636363636365	False
1146	1703	0.2727272727272727	True
1146	853	0.18181818181818182	True
1146	718	0.09090909090909091	True
3536	2249	0.9090909090909091	False
3536	3325	0.8181818181818182	False
3536	943	0.7272727272727273	True
3536	941	0.6363636363636364	True
3536	718	0.5454545454545454	True
3536	535	0.45454545454545453	False
3536	367	0.36363636363636365	False
3536	2424	0.2727272727272727	False
3536	2820	0.18181818181818182	True
3536	853	0.09090909090909091	True
4476	2249	0.9090909090909091	False
4476	3325	0.8181818181818182	False
4476	1257	0.7272727272727273	True
4476	535	0.6363636363636364	False
4476	718	0.5454545454545454	True
4476	2424	0.45454545454545453	False
4476	943	0.36363636363636365	True
4476	367	0.2727272727272727	False
4476	1036	0.18181818181818182	True
4476	3590	0.09090909090909091	True
3667	2249	0.9090909090909091	False
3667	3325	0.8181818181818182	False
3667	943	0.7272727272727273	True
3667	535	0.6363636363636364	False
3667	367	0.5454545454545454	False
3667	718	0.45454545454545453	True
3667	941	0.36363636363636365	True
3667	3590	0.2727272727272727	True
3667	3127	0.18181818181818182	True
3667	2424	0.09090909090909091	False
4364	2249	0.9090909090909091	False
4364	3325	0.8181818181818182	False
4364	718	0.7272727272727273	True
4364	3251	0.6363636363636364	True
4364	943	0.5454545454545454	True
4364	535	0.45454545454545453	False
4364	3127	0.36363636363636365	True
4364	2066	0.2727272727272727	True
4364	1257	0.18181818181818182	True
4364	941	0.09090909090909091	True
503	2249	0.9090909090909091	False
503	3325	0.8181818181818182	False
503	367	0.7272727272727273	False
503	943	0.6363636363636364	True
503	3938	0.5454545454545454	True
503	853	0.45454545454545453	True
503	718	0.36363636363636365	True
503	3127	0.2727272727272727	True
503	3113	0.18181818181818182	True
503	3251	0.09090909090909091	True
3871	2249	0.9090909090909091	False
3871	3325	0.8181818181818182	False
3871	367	0.7272727272727273	False
3871	853	0.6363636363636364	True
3871	535	0.5454545454545454	False
3871	718	0.45454545454545453	True
3871	2424	0.36363636363636365	False
3871	1257	0.2727272727272727	True
3871	941	0.18181818181818182	True
3871	2283	0.09090909090909091	True
2749	2249	0.9090909090909091	False
2749	3325	0.8181818181818182	False
2749	367	0.7272727272727273	False
2749	535	0.6363636363636364	False
2749	943	0.5454545454545454	True
2749	2424	0.45454545454545453	False
2749	1036	0.36363636363636365	True
2749	2283	0.2727272727272727	True
2749	941	0.18181818181818182	True
2749	718	0.09090909090909091	True
3430	2249	0.9090909090909091	False
3430	3325	0.8181818181818182	False
3430	941	0.7272727272727273	True
3430	943	0.6363636363636364	True
3430	535	0.5454545454545454	False
3430	367	0.45454545454545453	False
3430	2820	0.36363636363636365	True
3430	718	0.2727272727272727	True
3430	2424	0.18181818181818182	False
3430	853	0.09090909090909091	True
1537	2249	0.9090909090909091	False
1537	3325	0.8181818181818182	False
1537	941	0.7272727272727273	True
1537	535	0.6363636363636364	False
1537	718	0.5454545454545454	True
1537	853	0.45454545454545453	True
1537	2424	0.36363636363636365	False
1537	3127	0.2727272727272727	True
1537	2944	0.18181818181818182	True
1537	114	0.09090909090909091	True
