4413	2504	0.9090909090909091	False
4413	1513	0.8181818181818182	False
4413	3737	0.7272727272727273	False
4413	3818	0.6363636363636364	True
4413	2732	0.5454545454545454	False
4413	3773	0.45454545454545453	False
4413	1610	0.36363636363636365	True
4413	3637	0.2727272727272727	True
4413	432	0.18181818181818182	True
4413	69	0.09090909090909091	True
265	3773	0.9090909090909091	False
265	3737	0.8181818181818182	False
265	2732	0.7272727272727273	False
265	3490	0.6363636363636364	True
265	3818	0.5454545454545454	True
265	2504	0.45454545454545453	False
265	3637	0.36363636363636365	True
265	3927	0.2727272727272727	True
265	1610	0.18181818181818182	True
265	1513	0.09090909090909091	False
5404	2504	0.9090909090909091	False
5404	3737	0.8181818181818182	False
5404	84	0.7272727272727273	True
5404	69	0.6363636363636364	True
5404	3927	0.5454545454545454	True
5404	3773	0.45454545454545453	False
5404	2732	0.36363636363636365	False
5404	432	0.2727272727272727	True
5404	1513	0.18181818181818182	False
5404	3490	0.09090909090909091	True
928	1610	0.9090909090909091	True
928	2540	0.8181818181818182	True
928	2504	0.7272727272727273	False
928	2732	0.6363636363636364	False
928	3490	0.5454545454545454	True
928	3818	0.45454545454545453	True
928	3550	0.36363636363636365	False
928	1513	0.2727272727272727	False
928	1012	0.18181818181818182	True
928	79	0.09090909090909091	True
2166	2732	0.9090909090909091	False
2166	603	0.8181818181818182	True
2166	2504	0.7272727272727273	False
2166	1513	0.6363636363636364	False
2166	1610	0.5454545454545454	True
2166	3773	0.45454545454545453	False
2166	3550	0.36363636363636365	False
2166	2540	0.2727272727272727	True
2166	1012	0.18181818181818182	True
2166	3490	0.09090909090909091	True
4715	2732	0.9090909090909091	False
4715	1513	0.8181818181818182	False
4715	3818	0.7272727272727273	True
4715	2504	0.6363636363636364	False
4715	3490	0.5454545454545454	True
4715	1610	0.45454545454545453	True
4715	3637	0.36363636363636365	True
4715	432	0.2727272727272727	True
4715	84	0.18181818181818182	True
4715	3773	0.09090909090909091	False
3026	3818	0.9090909090909091	True
3026	1513	0.8181818181818182	False
3026	2504	0.7272727272727273	False
3026	3737	0.6363636363636364	False
3026	2885	0.5454545454545454	True
3026	2493	0.45454545454545453	True
3026	1827	0.36363636363636365	True
3026	3773	0.2727272727272727	False
3026	2732	0.18181818181818182	False
3026	2197	0.09090909090909091	True
5763	2732	0.9090909090909091	False
5763	2504	0.8181818181818182	False
5763	1012	0.7272727272727273	True
5763	3550	0.6363636363636364	False
5763	2540	0.5454545454545454	True
5763	1513	0.45454545454545453	False
5763	603	0.36363636363636365	True
5763	1827	0.2727272727272727	True
5763	946	0.18181818181818182	True
5763	1455	0.09090909090909091	True
4245	1012	0.9090909090909091	True
4245	3737	0.8181818181818182	False
4245	3637	0.7272727272727273	True
4245	79	0.6363636363636364	True
4245	3550	0.5454545454545454	False
4245	3927	0.45454545454545453	True
4245	3818	0.36363636363636365	True
4245	2732	0.2727272727272727	False
4245	1827	0.18181818181818182	True
4245	2504	0.09090909090909091	False
2396	3737	0.9090909090909091	False
2396	1012	0.8181818181818182	True
2396	2540	0.7272727272727273	True
2396	3550	0.6363636363636364	False
2396	1827	0.5454545454545454	True
2396	432	0.45454545454545453	True
2396	2504	0.36363636363636365	False
2396	84	0.2727272727272727	True
2396	69	0.18181818181818182	True
2396	2551	0.09090909090909091	True
3256	2504	0.9090909090909091	False
3256	1827	0.8181818181818182	True
3256	1513	0.7272727272727273	False
3256	3773	0.6363636363636364	False
3256	69	0.5454545454545454	True
3256	2732	0.45454545454545453	False
3256	1012	0.36363636363636365	True
3256	2197	0.2727272727272727	True
3256	2885	0.18181818181818182	True
3256	1519	0.09090909090909091	True
471	2732	0.9090909090909091	False
471	69	0.8181818181818182	True
471	3818	0.7272727272727273	True
471	1513	0.6363636363636364	False
471	3737	0.5454545454545454	False
471	1827	0.45454545454545453	True
471	2540	0.36363636363636365	True
471	3550	0.2727272727272727	False
471	3637	0.18181818181818182	True
471	1610	0.09090909090909091	True
4773	3737	0.9090909090909091	False
4773	2732	0.8181818181818182	False
4773	3773	0.7272727272727273	False
4773	2504	0.6363636363636364	False
4773	69	0.5454545454545454	True
4773	1513	0.45454545454545453	False
4773	84	0.36363636363636365	True
4773	1610	0.2727272727272727	True
4773	432	0.18181818181818182	True
4773	3637	0.09090909090909091	True
3869	3737	0.9090909090909091	False
3869	2504	0.8181818181818182	False
3869	3550	0.7272727272727273	False
3869	2885	0.6363636363636364	True
3869	3773	0.5454545454545454	False
3869	84	0.45454545454545453	True
3869	2732	0.36363636363636365	False
3869	432	0.2727272727272727	True
3869	3927	0.18181818181818182	True
3869	2551	0.09090909090909091	True
5466	1012	0.9090909090909091	True
5466	2732	0.8181818181818182	False
5466	2504	0.7272727272727273	False
5466	3818	0.6363636363636364	True
5466	2551	0.5454545454545454	True
5466	3737	0.45454545454545453	False
5466	3490	0.36363636363636365	True
5466	1513	0.2727272727272727	False
5466	3550	0.18181818181818182	False
5466	432	0.09090909090909091	True
1409	2504	0.9090909090909091	False
1409	2732	0.8181818181818182	False
1409	84	0.7272727272727273	True
1409	1827	0.6363636363636364	True
1409	1012	0.5454545454545454	True
1409	3490	0.45454545454545453	True
1409	946	0.36363636363636365	True
1409	1513	0.2727272727272727	False
1409	3773	0.18181818181818182	False
1409	3737	0.09090909090909091	False
3200	3737	0.9090909090909091	False
3200	2732	0.8181818181818182	False
3200	1610	0.7272727272727273	True
3200	432	0.6363636363636364	True
3200	3550	0.5454545454545454	False
3200	84	0.45454545454545453	True
3200	69	0.36363636363636365	True
3200	2312	0.2727272727272727	True
3200	2540	0.18181818181818182	True
3200	3927	0.09090909090909091	True
1364	3637	0.9090909090909091	True
1364	3737	0.8181818181818182	False
1364	3927	0.7272727272727273	True
1364	1610	0.6363636363636364	True
1364	2504	0.5454545454545454	False
1364	3773	0.45454545454545453	False
1364	2732	0.36363636363636365	False
1364	3818	0.2727272727272727	True
1364	3811	0.18181818181818182	True
1364	1513	0.09090909090909091	False
2265	1827	0.9090909090909091	True
2265	3737	0.8181818181818182	False
2265	1012	0.7272727272727273	True
2265	2732	0.6363636363636364	False
2265	2540	0.5454545454545454	True
2265	1610	0.45454545454545453	True
2265	432	0.36363636363636365	True
2265	2197	0.2727272727272727	True
2265	3550	0.18181818181818182	False
2265	84	0.09090909090909091	True
5614	1513	0.9090909090909091	False
5614	2732	0.8181818181818182	False
5614	3773	0.7272727272727273	False
5614	1827	0.6363636363636364	True
5614	3818	0.5454545454545454	True
5614	2540	0.45454545454545453	True
5614	84	0.36363636363636365	True
5614	2504	0.2727272727272727	False
5614	3490	0.18181818181818182	True
5614	2197	0.09090909090909091	True
1200	3818	0.9090909090909091	True
1200	1610	0.8181818181818182	True
1200	3737	0.7272727272727273	False
1200	2732	0.6363636363636364	False
1200	1012	0.5454545454545454	True
1200	3490	0.45454545454545453	True
1200	3637	0.36363636363636365	True
1200	432	0.2727272727272727	True
1200	84	0.18181818181818182	True
1200	2504	0.09090909090909091	False
5852	2504	0.9090909090909091	False
5852	2732	0.8181818181818182	False
5852	3550	0.7272727272727273	False
5852	1610	0.6363636363636364	True
5852	3490	0.5454545454545454	True
5852	1513	0.45454545454545453	False
5852	2540	0.36363636363636365	True
5852	3818	0.2727272727272727	True
5852	2885	0.18181818181818182	True
5852	84	0.09090909090909091	True
3179	1827	0.9090909090909091	True
3179	2732	0.8181818181818182	False
3179	1513	0.7272727272727273	False
3179	79	0.6363636363636364	True
3179	1012	0.5454545454545454	True
3179	2504	0.45454545454545453	False
3179	3927	0.36363636363636365	True
3179	1610	0.2727272727272727	True
3179	3550	0.18181818181818182	False
3179	2885	0.09090909090909091	True
2108	2504	0.9090909090909091	False
2108	2732	0.8181818181818182	False
2108	1610	0.7272727272727273	True
2108	3737	0.6363636363636364	False
2108	2540	0.5454545454545454	True
2108	69	0.45454545454545453	True
2108	84	0.36363636363636365	True
2108	3927	0.2727272727272727	True
2108	3550	0.18181818181818182	False
2108	1012	0.09090909090909091	True
4952	2504	0.9090909090909091	False
4952	2732	0.8181818181818182	False
4952	3737	0.7272727272727273	False
4952	84	0.6363636363636364	True
4952	946	0.5454545454545454	True
4952	3818	0.45454545454545453	True
4952	3811	0.36363636363636365	True
4952	3927	0.2727272727272727	True
4952	3637	0.18181818181818182	True
4952	1455	0.09090909090909091	True
4940	3737	0.9090909090909091	False
4940	2732	0.8181818181818182	False
4940	3818	0.7272727272727273	True
4940	1610	0.6363636363636364	True
4940	432	0.5454545454545454	True
4940	3550	0.45454545454545453	False
4940	1455	0.36363636363636365	True
4940	1513	0.2727272727272727	False
4940	2551	0.18181818181818182	True
4940	1687	0.09090909090909091	True
5770	3550	0.9090909090909091	False
5770	1012	0.8181818181818182	True
5770	1827	0.7272727272727273	True
5770	3818	0.6363636363636364	True
5770	1513	0.5454545454545454	False
5770	3773	0.45454545454545453	False
5770	3737	0.36363636363636365	False
5770	2504	0.2727272727272727	False
5770	1610	0.18181818181818182	True
5770	2885	0.09090909090909091	True
5303	2732	0.9090909090909091	False
5303	1513	0.8181818181818182	False
5303	2504	0.7272727272727273	False
5303	3550	0.6363636363636364	False
5303	2540	0.5454545454545454	True
5303	1610	0.45454545454545453	True
5303	3490	0.36363636363636365	True
5303	3773	0.2727272727272727	False
5303	84	0.18181818181818182	True
5303	3637	0.09090909090909091	True
5075	3737	0.9090909090909091	False
5075	3550	0.8181818181818182	False
5075	1012	0.7272727272727273	True
5075	2504	0.6363636363636364	False
5075	432	0.5454545454545454	True
5075	1827	0.45454545454545453	True
5075	3927	0.36363636363636365	True
5075	2885	0.2727272727272727	True
5075	1399	0.18181818181818182	True
5075	1513	0.09090909090909091	False
5615	2504	0.9090909090909091	False
5615	2540	0.8181818181818182	True
5615	1610	0.7272727272727273	True
5615	69	0.6363636363636364	True
5615	3490	0.5454545454545454	True
5615	3818	0.45454545454545453	True
5615	1012	0.36363636363636365	True
5615	3550	0.2727272727272727	False
5615	1513	0.18181818181818182	False
5615	84	0.09090909090909091	True
968	3550	0.9090909090909091	False
968	2732	0.8181818181818182	False
968	2540	0.7272727272727273	True
968	1513	0.6363636363636364	False
968	84	0.5454545454545454	True
968	3737	0.45454545454545453	False
968	2504	0.36363636363636365	False
968	1012	0.2727272727272727	True
968	2551	0.18181818181818182	True
968	1610	0.09090909090909091	True
5233	2504	0.9090909090909091	False
5233	84	0.8181818181818182	True
5233	3737	0.7272727272727273	False
5233	1513	0.6363636363636364	False
5233	3818	0.5454545454545454	True
5233	3550	0.45454545454545453	False
5233	79	0.36363636363636365	True
5233	1610	0.2727272727272727	True
5233	1824	0.18181818181818182	True
5233	432	0.09090909090909091	True
998	2504	0.9090909090909091	False
998	3550	0.8181818181818182	False
998	69	0.7272727272727273	True
998	1513	0.6363636363636364	False
998	2540	0.5454545454545454	True
998	1012	0.45454545454545453	True
998	2732	0.36363636363636365	False
998	3773	0.2727272727272727	False
998	432	0.18181818181818182	True
998	3490	0.09090909090909091	True
1028	2504	0.9090909090909091	False
1028	3773	0.8181818181818182	False
1028	3490	0.7272727272727273	True
1028	3737	0.6363636363636364	False
1028	69	0.5454545454545454	True
1028	2732	0.45454545454545453	False
1028	84	0.36363636363636365	True
1028	1513	0.2727272727272727	False
1028	432	0.18181818181818182	True
1028	1012	0.09090909090909091	True
989	1610	0.9090909090909091	True
989	2732	0.8181818181818182	False
989	1513	0.7272727272727273	False
989	79	0.6363636363636364	True
989	3927	0.5454545454545454	True
989	3773	0.45454545454545453	False
989	3637	0.36363636363636365	True
989	2885	0.2727272727272727	True
989	3550	0.18181818181818182	False
989	3818	0.09090909090909091	True
663	1513	0.9090909090909091	False
663	3818	0.8181818181818182	True
663	3550	0.7272727272727273	False
663	1827	0.6363636363636364	True
663	2540	0.5454545454545454	True
663	2732	0.45454545454545453	False
663	2504	0.36363636363636365	False
663	2885	0.2727272727272727	True
663	1610	0.18181818181818182	True
663	2197	0.09090909090909091	True
3015	3818	0.9090909090909091	True
3015	3737	0.8181818181818182	False
3015	3637	0.7272727272727273	True
3015	1827	0.6363636363636364	True
3015	2504	0.5454545454545454	False
3015	1012	0.45454545454545453	True
3015	2885	0.36363636363636365	True
3015	3550	0.2727272727272727	False
3015	3927	0.18181818181818182	True
3015	432	0.09090909090909091	True
821	2732	0.9090909090909091	False
821	3773	0.8181818181818182	False
821	3737	0.7272727272727273	False
821	2504	0.6363636363636364	False
821	3490	0.5454545454545454	True
821	1827	0.45454545454545453	True
821	432	0.36363636363636365	True
821	1513	0.2727272727272727	False
821	1523	0.18181818181818182	True
821	84	0.09090909090909091	True
5118	1513	0.9090909090909091	False
5118	1827	0.8181818181818182	True
5118	2504	0.7272727272727273	False
5118	3550	0.6363636363636364	False
5118	3818	0.5454545454545454	True
5118	1012	0.45454545454545453	True
5118	2197	0.36363636363636365	True
5118	3773	0.2727272727272727	False
5118	1455	0.18181818181818182	True
5118	69	0.09090909090909091	True
48	1012	0.9090909090909091	True
48	2732	0.8181818181818182	False
48	2504	0.7272727272727273	False
48	1610	0.6363636363636364	True
48	1827	0.5454545454545454	True
48	3627	0.45454545454545453	True
48	3737	0.36363636363636365	False
48	3550	0.2727272727272727	False
48	3773	0.18181818181818182	False
48	84	0.09090909090909091	True
4147	84	0.9090909090909091	True
4147	1513	0.8181818181818182	False
4147	2504	0.7272727272727273	False
4147	2732	0.6363636363636364	False
4147	3737	0.5454545454545454	False
4147	432	0.45454545454545453	True
4147	2551	0.36363636363636365	True
4147	1610	0.2727272727272727	True
4147	69	0.18181818181818182	True
4147	3818	0.09090909090909091	True
2824	3550	0.9090909090909091	False
2824	1513	0.8181818181818182	False
2824	2732	0.7272727272727273	False
2824	1824	0.6363636363636364	True
2824	2504	0.5454545454545454	False
2824	1687	0.45454545454545453	True
2824	2551	0.36363636363636365	True
2824	3737	0.2727272727272727	False
2824	79	0.18181818181818182	True
2824	2540	0.09090909090909091	True
2963	2504	0.9090909090909091	False
2963	3818	0.8181818181818182	True
2963	1513	0.7272727272727273	False
2963	2732	0.6363636363636364	False
2963	1012	0.5454545454545454	True
2963	1827	0.45454545454545453	True
2963	3490	0.36363636363636365	True
2963	3927	0.2727272727272727	True
2963	3550	0.18181818181818182	False
2963	2885	0.09090909090909091	True
3390	2732	0.9090909090909091	False
3390	2504	0.8181818181818182	False
3390	3550	0.7272727272727273	False
3390	1513	0.6363636363636364	False
3390	1012	0.5454545454545454	True
3390	1824	0.45454545454545453	True
3390	3927	0.36363636363636365	True
3390	946	0.2727272727272727	True
3390	3490	0.18181818181818182	True
3390	69	0.09090909090909091	True
753	2504	0.9090909090909091	False
753	2732	0.8181818181818182	False
753	3773	0.7272727272727273	False
753	1513	0.6363636363636364	False
753	3927	0.5454545454545454	True
753	3737	0.45454545454545453	False
753	84	0.36363636363636365	True
753	3490	0.2727272727272727	True
753	432	0.18181818181818182	True
753	603	0.09090909090909091	True
6033	1827	0.9090909090909091	True
6033	2504	0.8181818181818182	False
6033	3818	0.7272727272727273	True
6033	1513	0.6363636363636364	False
6033	79	0.5454545454545454	True
6033	3550	0.45454545454545453	False
6033	2493	0.36363636363636365	True
6033	2885	0.2727272727272727	True
6033	3490	0.18181818181818182	True
6033	1012	0.09090909090909091	True
4537	3550	0.9090909090909091	False
4537	1513	0.8181818181818182	False
4537	3773	0.7272727272727273	False
4537	2540	0.6363636363636364	True
4537	69	0.5454545454545454	True
4537	2312	0.45454545454545453	True
4537	1610	0.36363636363636365	True
4537	3490	0.2727272727272727	True
4537	79	0.18181818181818182	True
4537	2732	0.09090909090909091	False
2019	2504	0.9090909090909091	False
2019	1012	0.8181818181818182	True
2019	1827	0.7272727272727273	True
2019	946	0.6363636363636364	True
2019	3737	0.5454545454545454	False
2019	3490	0.45454545454545453	True
2019	84	0.36363636363636365	True
2019	3773	0.2727272727272727	False
2019	432	0.18181818181818182	True
2019	69	0.09090909090909091	True
4335	3737	0.9090909090909091	False
4335	432	0.8181818181818182	True
4335	2732	0.7272727272727273	False
4335	1012	0.6363636363636364	True
4335	3818	0.5454545454545454	True
4335	3550	0.45454545454545453	False
4335	1455	0.36363636363636365	True
4335	2504	0.2727272727272727	False
4335	1610	0.18181818181818182	True
4335	3773	0.09090909090909091	False
1802	3737	0.9090909090909091	False
1802	2504	0.8181818181818182	False
1802	2732	0.7272727272727273	False
1802	3550	0.6363636363636364	False
1802	69	0.5454545454545454	True
1802	432	0.45454545454545453	True
1802	3927	0.36363636363636365	True
1802	1513	0.2727272727272727	False
1802	84	0.18181818181818182	True
1802	1824	0.09090909090909091	True
948	3737	0.9090909090909091	False
948	3818	0.8181818181818182	True
948	432	0.7272727272727273	True
948	1610	0.6363636363636364	True
948	69	0.5454545454545454	True
948	2353	0.45454545454545453	True
948	2312	0.36363636363636365	True
948	2504	0.2727272727272727	False
948	2540	0.18181818181818182	True
948	3773	0.09090909090909091	False
3189	2504	0.9090909090909091	False
3189	3550	0.8181818181818182	False
3189	2885	0.7272727272727273	True
3189	2732	0.6363636363636364	False
3189	2493	0.5454545454545454	True
3189	1513	0.45454545454545453	False
3189	2551	0.36363636363636365	True
3189	3818	0.2727272727272727	True
3189	1610	0.18181818181818182	True
3189	1012	0.09090909090909091	True
4519	2504	0.9090909090909091	False
4519	79	0.8181818181818182	True
4519	1513	0.7272727272727273	False
4519	3737	0.6363636363636364	False
4519	3818	0.5454545454545454	True
4519	3550	0.45454545454545453	False
4519	432	0.36363636363636365	True
4519	2353	0.2727272727272727	True
4519	1824	0.18181818181818182	True
4519	1012	0.09090909090909091	True
2879	3818	0.9090909090909091	True
2879	2504	0.8181818181818182	False
2879	3737	0.7272727272727273	False
2879	1012	0.6363636363636364	True
2879	2885	0.5454545454545454	True
2879	3550	0.45454545454545453	False
2879	3773	0.36363636363636365	False
2879	1827	0.2727272727272727	True
2879	3490	0.18181818181818182	True
2879	1610	0.09090909090909091	True
1431	2504	0.9090909090909091	False
1431	3737	0.8181818181818182	False
1431	3550	0.7272727272727273	False
1431	2540	0.6363636363636364	True
1431	1610	0.5454545454545454	True
1431	2732	0.45454545454545453	False
1431	1012	0.36363636363636365	True
1431	3818	0.2727272727272727	True
1431	432	0.18181818181818182	True
1431	1513	0.09090909090909091	False
4526	2504	0.9090909090909091	False
4526	1610	0.8181818181818182	True
4526	3737	0.7272727272727273	False
4526	2732	0.6363636363636364	False
4526	3550	0.5454545454545454	False
4526	1012	0.45454545454545453	True
4526	2540	0.36363636363636365	True
4526	84	0.2727272727272727	True
4526	432	0.18181818181818182	True
4526	69	0.09090909090909091	True
5081	2504	0.9090909090909091	False
5081	1513	0.8181818181818182	False
5081	3773	0.7272727272727273	False
5081	3818	0.6363636363636364	True
5081	1610	0.5454545454545454	True
5081	2732	0.45454545454545453	False
5081	2540	0.36363636363636365	True
5081	84	0.2727272727272727	True
5081	432	0.18181818181818182	True
5081	3550	0.09090909090909091	False
4486	2732	0.9090909090909091	False
4486	2504	0.8181818181818182	False
4486	1610	0.7272727272727273	True
4486	3490	0.6363636363636364	True
4486	3550	0.5454545454545454	False
4486	1513	0.45454545454545453	False
4486	3737	0.36363636363636365	False
4486	84	0.2727272727272727	True
4486	2540	0.18181818181818182	True
4486	79	0.09090909090909091	True
5397	1513	0.9090909090909091	False
5397	2732	0.8181818181818182	False
5397	1012	0.7272727272727273	True
5397	3773	0.6363636363636364	False
5397	3550	0.5454545454545454	False
5397	3818	0.45454545454545453	True
5397	2504	0.36363636363636365	False
5397	3737	0.2727272727272727	False
5397	2197	0.18181818181818182	True
5397	2551	0.09090909090909091	True
2912	2504	0.9090909090909091	False
2912	3490	0.8181818181818182	True
2912	79	0.7272727272727273	True
2912	3818	0.6363636363636364	True
2912	1513	0.5454545454545454	False
2912	2732	0.45454545454545453	False
2912	1824	0.36363636363636365	True
2912	3550	0.2727272727272727	False
2912	3737	0.18181818181818182	False
2912	84	0.09090909090909091	True
393	2504	0.9090909090909091	False
393	2732	0.8181818181818182	False
393	3773	0.7272727272727273	False
393	1513	0.6363636363636364	False
393	3737	0.5454545454545454	False
393	3927	0.45454545454545453	True
393	1827	0.36363636363636365	True
393	69	0.2727272727272727	True
393	3637	0.18181818181818182	True
393	2197	0.09090909090909091	True
1605	2732	0.9090909090909091	False
1605	1513	0.8181818181818182	False
1605	3927	0.7272727272727273	True
1605	3773	0.6363636363636364	False
1605	2504	0.5454545454545454	False
1605	3637	0.45454545454545453	True
1605	1455	0.36363636363636365	True
1605	1687	0.2727272727272727	True
1605	2197	0.18181818181818182	True
1605	84	0.09090909090909091	True
4267	1012	0.9090909090909091	True
4267	3737	0.8181818181818182	False
4267	3818	0.7272727272727273	True
4267	3550	0.6363636363636364	False
4267	432	0.5454545454545454	True
4267	2551	0.45454545454545453	True
4267	1513	0.36363636363636365	False
4267	2732	0.2727272727272727	False
4267	1827	0.18181818181818182	True
4267	84	0.09090909090909091	True
2508	3737	0.9090909090909091	False
2508	3818	0.8181818181818182	True
2508	3773	0.7272727272727273	False
2508	3490	0.6363636363636364	True
2508	2732	0.5454545454545454	False
2508	2504	0.45454545454545453	False
2508	3927	0.36363636363636365	True
2508	1012	0.2727272727272727	True
2508	1513	0.18181818181818182	False
2508	3637	0.09090909090909091	True
3049	3818	0.9090909090909091	True
3049	1012	0.8181818181818182	True
3049	3550	0.7272727272727273	False
3049	1827	0.6363636363636364	True
3049	3737	0.5454545454545454	False
3049	2504	0.45454545454545453	False
3049	2732	0.36363636363636365	False
3049	432	0.2727272727272727	True
3049	1610	0.18181818181818182	True
3049	2885	0.09090909090909091	True
366	2732	0.9090909090909091	False
366	3773	0.8181818181818182	False
366	1513	0.7272727272727273	False
366	2504	0.6363636363636364	False
366	1610	0.5454545454545454	True
366	1012	0.45454545454545453	True
366	2551	0.36363636363636365	True
366	3737	0.2727272727272727	False
366	3550	0.18181818181818182	False
366	3927	0.09090909090909091	True
1052	2732	0.9090909090909091	False
1052	3490	0.8181818181818182	True
1052	3737	0.7272727272727273	False
1052	1455	0.6363636363636364	True
1052	1610	0.5454545454545454	True
1052	3773	0.45454545454545453	False
1052	2540	0.36363636363636365	True
1052	1513	0.2727272727272727	False
1052	2312	0.18181818181818182	True
1052	1827	0.09090909090909091	True
2798	2504	0.9090909090909091	False
2798	2732	0.8181818181818182	False
2798	3737	0.7272727272727273	False
2798	3773	0.6363636363636364	False
2798	2551	0.5454545454545454	True
2798	1012	0.45454545454545453	True
2798	84	0.36363636363636365	True
2798	1513	0.2727272727272727	False
2798	3927	0.18181818181818182	True
2798	432	0.09090909090909091	True
5641	3490	0.9090909090909091	True
5641	2732	0.8181818181818182	False
5641	3818	0.7272727272727273	True
5641	1610	0.6363636363636364	True
5641	2504	0.5454545454545454	False
5641	3773	0.45454545454545453	False
5641	79	0.36363636363636365	True
5641	1012	0.2727272727272727	True
5641	1824	0.18181818181818182	True
5641	3737	0.09090909090909091	False
5309	2504	0.9090909090909091	False
5309	84	0.8181818181818182	True
5309	2540	0.7272727272727273	True
5309	3550	0.6363636363636364	False
5309	1513	0.5454545454545454	False
5309	3490	0.45454545454545453	True
5309	2732	0.36363636363636365	False
5309	3773	0.2727272727272727	False
5309	69	0.18181818181818182	True
5309	1610	0.09090909090909091	True
3758	3737	0.9090909090909091	False
3758	2504	0.8181818181818182	False
3758	1012	0.7272727272727273	True
3758	1610	0.6363636363636364	True
3758	432	0.5454545454545454	True
3758	3550	0.45454545454545453	False
3758	3490	0.36363636363636365	True
3758	79	0.2727272727272727	True
3758	84	0.18181818181818182	True
3758	2540	0.09090909090909091	True
4191	2732	0.9090909090909091	False
4191	3773	0.8181818181818182	False
4191	1513	0.7272727272727273	False
4191	2504	0.6363636363636364	False
4191	84	0.5454545454545454	True
4191	1455	0.45454545454545453	True
4191	2540	0.36363636363636365	True
4191	1827	0.2727272727272727	True
4191	432	0.18181818181818182	True
4191	3927	0.09090909090909091	True
4123	2504	0.9090909090909091	False
4123	3737	0.8181818181818182	False
4123	2732	0.7272727272727273	False
4123	1610	0.6363636363636364	True
4123	3818	0.5454545454545454	True
4123	603	0.45454545454545453	True
4123	1513	0.36363636363636365	False
4123	1012	0.2727272727272727	True
4123	3550	0.18181818181818182	False
4123	432	0.09090909090909091	True
4595	2504	0.9090909090909091	False
4595	2732	0.8181818181818182	False
4595	1513	0.7272727272727273	False
4595	69	0.6363636363636364	True
4595	3927	0.5454545454545454	True
4595	2540	0.45454545454545453	True
4595	1827	0.36363636363636365	True
4595	2353	0.2727272727272727	True
4595	3737	0.18181818181818182	False
4595	1610	0.09090909090909091	True
128	1513	0.9090909090909091	False
128	2504	0.8181818181818182	False
128	3818	0.7272727272727273	True
128	3550	0.6363636363636364	False
128	2732	0.5454545454545454	False
128	2197	0.45454545454545453	True
128	3490	0.36363636363636365	True
128	1824	0.2727272727272727	True
128	1610	0.18181818181818182	True
128	2540	0.09090909090909091	True
311	3818	0.9090909090909091	True
311	2732	0.8181818181818182	False
311	2504	0.7272727272727273	False
311	1513	0.6363636363636364	False
311	1827	0.5454545454545454	True
311	69	0.45454545454545453	True
311	3637	0.36363636363636365	True
311	1012	0.2727272727272727	True
311	3737	0.18181818181818182	False
311	2197	0.09090909090909091	True
4894	2504	0.9090909090909091	False
4894	1610	0.8181818181818182	True
4894	2732	0.7272727272727273	False
4894	84	0.6363636363636364	True
4894	3550	0.5454545454545454	False
4894	2551	0.45454545454545453	True
4894	3773	0.36363636363636365	False
4894	1513	0.2727272727272727	False
4894	3490	0.18181818181818182	True
4894	2885	0.09090909090909091	True
1095	1513	0.9090909090909091	False
1095	2732	0.8181818181818182	False
1095	2504	0.7272727272727273	False
1095	1610	0.6363636363636364	True
1095	3818	0.5454545454545454	True
1095	3773	0.45454545454545453	False
1095	3550	0.36363636363636365	False
1095	2540	0.2727272727272727	True
1095	2551	0.18181818181818182	True
1095	84	0.09090909090909091	True
4801	2504	0.9090909090909091	False
4801	3737	0.8181818181818182	False
4801	2732	0.7272727272727273	False
4801	84	0.6363636363636364	True
4801	3818	0.5454545454545454	True
4801	3490	0.45454545454545453	True
4801	3773	0.36363636363636365	False
4801	69	0.2727272727272727	True
4801	1513	0.18181818181818182	False
4801	432	0.09090909090909091	True
835	3737	0.9090909090909091	False
835	2504	0.8181818181818182	False
835	3773	0.7272727272727273	False
835	432	0.6363636363636364	True
835	3550	0.5454545454545454	False
835	3490	0.45454545454545453	True
835	3818	0.36363636363636365	True
835	1513	0.2727272727272727	False
835	1827	0.18181818181818182	True
835	84	0.09090909090909091	True
685	3737	0.9090909090909091	False
685	3773	0.8181818181818182	False
685	2504	0.7272727272727273	False
685	3550	0.6363636363636364	False
685	69	0.5454545454545454	True
685	84	0.45454545454545453	True
685	432	0.36363636363636365	True
685	2312	0.2727272727272727	True
685	1455	0.18181818181818182	True
685	2885	0.09090909090909091	True
618	3773	0.9090909090909091	False
618	1513	0.8181818181818182	False
618	2732	0.7272727272727273	False
618	2504	0.6363636363636364	False
618	79	0.5454545454545454	True
618	3550	0.45454545454545453	False
618	3490	0.36363636363636365	True
618	1610	0.2727272727272727	True
618	1824	0.18181818181818182	True
618	1523	0.09090909090909091	True
5201	1513	0.9090909090909091	False
5201	3773	0.8181818181818182	False
5201	2504	0.7272727272727273	False
5201	2732	0.6363636363636364	False
5201	1610	0.5454545454545454	True
5201	3550	0.45454545454545453	False
5201	3737	0.36363636363636365	False
5201	432	0.2727272727272727	True
5201	84	0.18181818181818182	True
5201	79	0.09090909090909091	True
4302	3737	0.9090909090909091	False
4302	3550	0.8181818181818182	False
4302	1610	0.7272727272727273	True
4302	2732	0.6363636363636364	False
4302	432	0.5454545454545454	True
4302	69	0.45454545454545453	True
4302	2504	0.36363636363636365	False
4302	3490	0.2727272727272727	True
4302	1824	0.18181818181818182	True
4302	3637	0.09090909090909091	True
4278	3737	0.9090909090909091	False
4278	2504	0.8181818181818182	False
4278	432	0.7272727272727273	True
4278	84	0.6363636363636364	True
4278	3550	0.5454545454545454	False
4278	1610	0.45454545454545453	True
4278	3818	0.36363636363636365	True
4278	69	0.2727272727272727	True
4278	3773	0.18181818181818182	False
4278	3490	0.09090909090909091	True
6023	3818	0.9090909090909091	True
6023	1513	0.8181818181818182	False
6023	1827	0.7272727272727273	True
6023	432	0.6363636363636364	True
6023	2504	0.5454545454545454	False
6023	3550	0.45454545454545453	False
6023	79	0.36363636363636365	True
6023	3490	0.2727272727272727	True
6023	2540	0.18181818181818182	True
6023	69	0.09090909090909091	True
578	2504	0.9090909090909091	False
578	2732	0.8181818181818182	False
578	1827	0.7272727272727273	True
578	2885	0.6363636363636364	True
578	3818	0.5454545454545454	True
578	3927	0.45454545454545453	True
578	1513	0.36363636363636365	False
578	1012	0.2727272727272727	True
578	3737	0.18181818181818182	False
578	3550	0.09090909090909091	False
1682	3818	0.9090909090909091	True
1682	2504	0.8181818181818182	False
1682	1012	0.7272727272727273	True
1682	3737	0.6363636363636364	False
1682	1827	0.5454545454545454	True
1682	3927	0.45454545454545453	True
1682	3490	0.36363636363636365	True
1682	1513	0.2727272727272727	False
1682	2885	0.18181818181818182	True
1682	79	0.09090909090909091	True
1137	3737	0.9090909090909091	False
1137	2504	0.8181818181818182	False
1137	432	0.7272727272727273	True
1137	3773	0.6363636363636364	False
1137	3818	0.5454545454545454	True
1137	1455	0.45454545454545453	True
1137	84	0.36363636363636365	True
1137	1610	0.2727272727272727	True
1137	1012	0.18181818181818182	True
1137	3927	0.09090909090909091	True
5904	3550	0.9090909090909091	False
5904	3737	0.8181818181818182	False
5904	2504	0.7272727272727273	False
5904	1012	0.6363636363636364	True
5904	1827	0.5454545454545454	True
5904	2732	0.45454545454545453	False
5904	3773	0.36363636363636365	False
5904	1513	0.2727272727272727	False
5904	79	0.18181818181818182	True
5904	2885	0.09090909090909091	True
3424	3737	0.9090909090909091	False
3424	79	0.8181818181818182	True
3424	3550	0.7272727272727273	False
3424	2504	0.6363636363636364	False
3424	3773	0.5454545454545454	False
3424	1012	0.45454545454545453	True
3424	2732	0.36363636363636365	False
3424	84	0.2727272727272727	True
3424	3927	0.18181818181818182	True
3424	1610	0.09090909090909091	True
3550	2732	0.9090909090909091	False
3550	1513	0.8181818181818182	False
3550	2504	0.7272727272727273	False
3550	1827	0.6363636363636364	True
3550	1012	0.5454545454545454	True
3550	3550	0.45454545454545453	False
3550	3773	0.36363636363636365	False
3550	1610	0.2727272727272727	True
3550	69	0.18181818181818182	True
3550	2540	0.09090909090909091	True
5107	84	0.9090909090909091	True
5107	2732	0.8181818181818182	False
5107	3737	0.7272727272727273	False
5107	1610	0.6363636363636364	True
5107	2504	0.5454545454545454	False
5107	2312	0.45454545454545453	True
5107	69	0.36363636363636365	True
5107	3550	0.2727272727272727	False
5107	1012	0.18181818181818182	True
5107	2551	0.09090909090909091	True
5590	69	0.9090909090909091	True
5590	2504	0.8181818181818182	False
5590	3818	0.7272727272727273	True
5590	3550	0.6363636363636364	False
5590	1827	0.5454545454545454	True
5590	1513	0.45454545454545453	False
5590	3737	0.36363636363636365	False
5590	2312	0.2727272727272727	True
5590	1824	0.18181818181818182	True
5590	432	0.09090909090909091	True
3300	3737	0.9090909090909091	False
3300	2732	0.8181818181818182	False
3300	3773	0.7272727272727273	False
3300	2504	0.6363636363636364	False
3300	69	0.5454545454545454	True
3300	1012	0.45454545454545453	True
3300	3818	0.36363636363636365	True
3300	1827	0.2727272727272727	True
3300	2312	0.18181818181818182	True
3300	3927	0.09090909090909091	True
2690	2732	0.9090909090909091	False
2690	2504	0.8181818181818182	False
2690	1012	0.7272727272727273	True
2690	3550	0.6363636363636364	False
2690	2551	0.5454545454545454	True
2690	1513	0.45454545454545453	False
2690	603	0.36363636363636365	True
2690	1610	0.2727272727272727	True
2690	3737	0.18181818181818182	False
2690	69	0.09090909090909091	True
4045	3737	0.9090909090909091	False
4045	432	0.8181818181818182	True
4045	2504	0.7272727272727273	False
4045	1610	0.6363636363636364	True
4045	3490	0.5454545454545454	True
4045	2540	0.45454545454545453	True
4045	1012	0.36363636363636365	True
4045	3818	0.2727272727272727	True
4045	3550	0.18181818181818182	False
4045	1827	0.09090909090909091	True
2924	2732	0.9090909090909091	False
2924	1523	0.8181818181818182	True
2924	1610	0.7272727272727273	True
2924	3637	0.6363636363636364	True
2924	1107	0.5454545454545454	True
2924	3773	0.45454545454545453	False
2924	1513	0.36363636363636365	False
2924	3927	0.2727272727272727	True
2924	1687	0.18181818181818182	True
2924	3490	0.09090909090909091	True
4177	2504	0.9090909090909091	False
4177	3550	0.8181818181818182	False
4177	2732	0.7272727272727273	False
4177	3737	0.6363636363636364	False
4177	84	0.5454545454545454	True
4177	1610	0.45454545454545453	True
4177	603	0.36363636363636365	True
4177	432	0.2727272727272727	True
4177	2540	0.18181818181818182	True
4177	1513	0.09090909090909091	False
1209	84	0.9090909090909091	True
1209	2504	0.8181818181818182	False
1209	1513	0.7272727272727273	False
1209	2732	0.6363636363636364	False
1209	3490	0.5454545454545454	True
1209	432	0.45454545454545453	True
1209	2540	0.36363636363636365	True
1209	69	0.2727272727272727	True
1209	1610	0.18181818181818182	True
1209	3773	0.09090909090909091	False
