38	3620	0.9090909090909091	False
38	2437	0.8181818181818182	False
38	2879	0.7272727272727273	True
38	1856	0.6363636363636364	False
38	2755	0.5454545454545454	False
38	1066	0.45454545454545453	False
38	2181	0.36363636363636365	False
38	874	0.2727272727272727	True
38	2075	0.18181818181818182	True
38	3578	0.09090909090909091	True
493	3620	0.9090909090909091	False
493	2181	0.8181818181818182	False
493	1066	0.7272727272727273	False
493	522	0.6363636363636364	True
493	3026	0.5454545454545454	True
493	1856	0.45454545454545453	False
493	1812	0.36363636363636365	True
493	874	0.2727272727272727	True
493	1895	0.18181818181818182	True
493	2879	0.09090909090909091	True
1841	3620	0.9090909090909091	False
1841	522	0.8181818181818182	True
1841	2437	0.7272727272727273	False
1841	1956	0.6363636363636364	True
1841	1455	0.5454545454545454	True
1841	1066	0.45454545454545453	False
1841	1856	0.36363636363636365	False
1841	2879	0.2727272727272727	True
1841	2353	0.18181818181818182	True
1841	3578	0.09090909090909091	True
1397	3620	0.9090909090909091	False
1397	2181	0.8181818181818182	False
1397	874	0.7272727272727273	True
1397	3316	0.6363636363636364	True
1397	1455	0.5454545454545454	True
1397	2755	0.45454545454545453	False
1397	1586	0.36363636363636365	True
1397	3026	0.2727272727272727	True
1397	1856	0.18181818181818182	False
1397	1066	0.09090909090909091	False
1729	3620	0.9090909090909091	False
1729	2181	0.8181818181818182	False
1729	1455	0.7272727272727273	True
1729	1895	0.6363636363636364	True
1729	3578	0.5454545454545454	True
1729	874	0.45454545454545453	True
1729	522	0.36363636363636365	True
1729	1856	0.2727272727272727	False
1729	1066	0.18181818181818182	False
1729	1812	0.09090909090909091	True
5751	3620	0.9090909090909091	False
5751	1895	0.8181818181818182	True
5751	874	0.7272727272727273	True
5751	1066	0.6363636363636364	False
5751	522	0.5454545454545454	True
5751	1856	0.45454545454545453	False
5751	2437	0.36363636363636365	False
5751	2181	0.2727272727272727	False
5751	3026	0.18181818181818182	True
5751	1455	0.09090909090909091	True
358	3620	0.9090909090909091	False
358	2181	0.8181818181818182	False
358	3316	0.7272727272727273	True
358	2638	0.6363636363636364	True
358	1812	0.5454545454545454	True
358	2755	0.45454545454545453	False
358	1895	0.36363636363636365	True
358	1066	0.2727272727272727	False
358	2634	0.18181818181818182	True
358	1811	0.09090909090909091	True
2831	3620	0.9090909090909091	False
2831	3316	0.8181818181818182	True
2831	2879	0.7272727272727273	True
2831	522	0.6363636363636364	True
2831	2348	0.5454545454545454	True
2831	2755	0.45454545454545453	False
2831	2634	0.36363636363636365	True
2831	1066	0.2727272727272727	False
2831	587	0.18181818181818182	True
2831	1586	0.09090909090909091	True
476	3620	0.9090909090909091	False
476	522	0.8181818181818182	True
476	2634	0.7272727272727273	True
476	3316	0.6363636363636364	True
476	2879	0.5454545454545454	True
476	1066	0.45454545454545453	False
476	2353	0.36363636363636365	True
476	2075	0.2727272727272727	True
476	1455	0.18181818181818182	True
476	1956	0.09090909090909091	True
3570	3620	0.9090909090909091	False
3570	2437	0.8181818181818182	False
3570	2755	0.7272727272727273	False
3570	874	0.6363636363636364	True
3570	3073	0.5454545454545454	True
3570	1066	0.45454545454545453	False
3570	2181	0.36363636363636365	False
3570	1856	0.2727272727272727	False
3570	522	0.18181818181818182	True
3570	2638	0.09090909090909091	True
1928	3620	0.9090909090909091	False
1928	2437	0.8181818181818182	False
1928	1856	0.7272727272727273	False
1928	874	0.6363636363636364	True
1928	2879	0.5454545454545454	True
1928	2755	0.45454545454545453	False
1928	2348	0.36363636363636365	True
1928	3578	0.2727272727272727	True
1928	522	0.18181818181818182	True
1928	3948	0.09090909090909091	True
698	3620	0.9090909090909091	False
698	2879	0.8181818181818182	True
698	1812	0.7272727272727273	True
698	2755	0.6363636363636364	False
698	1066	0.5454545454545454	False
698	2437	0.45454545454545453	False
698	2634	0.36363636363636365	True
698	2181	0.2727272727272727	False
698	2654	0.18181818181818182	True
698	1856	0.09090909090909091	False
5813	3620	0.9090909090909091	False
5813	2879	0.8181818181818182	True
5813	2755	0.7272727272727273	False
5813	1007	0.6363636363636364	True
5813	874	0.5454545454545454	True
5813	1856	0.45454545454545453	False
5813	2437	0.36363636363636365	False
5813	3026	0.2727272727272727	True
5813	2181	0.18181818181818182	False
5813	2925	0.09090909090909091	True
5245	3620	0.9090909090909091	False
5245	1856	0.8181818181818182	False
5245	1066	0.7272727272727273	False
5245	1007	0.6363636363636364	True
5245	3578	0.5454545454545454	True
5245	1956	0.45454545454545453	True
5245	1895	0.36363636363636365	True
5245	522	0.2727272727272727	True
5245	1911	0.18181818181818182	True
5245	2879	0.09090909090909091	True
6032	3620	0.9090909090909091	False
6032	874	0.8181818181818182	True
6032	2755	0.7272727272727273	False
6032	2437	0.6363636363636364	False
6032	2879	0.5454545454545454	True
6032	1856	0.45454545454545453	False
6032	2075	0.36363636363636365	True
6032	3578	0.2727272727272727	True
6032	1007	0.18181818181818182	True
6032	3073	0.09090909090909091	True
490	3620	0.9090909090909091	False
490	3316	0.8181818181818182	True
490	2755	0.7272727272727273	False
490	2181	0.6363636363636364	False
490	3553	0.5454545454545454	True
490	1856	0.45454545454545453	False
490	1812	0.36363636363636365	True
490	3578	0.2727272727272727	True
490	587	0.18181818181818182	True
490	2437	0.09090909090909091	False
2643	3620	0.9090909090909091	False
2643	2879	0.8181818181818182	True
2643	2437	0.7272727272727273	False
2643	2181	0.6363636363636364	False
2643	3050	0.5454545454545454	True
2643	3073	0.45454545454545453	True
2643	874	0.36363636363636365	True
2643	3578	0.2727272727272727	True
2643	1856	0.18181818181818182	False
2643	2371	0.09090909090909091	True
2221	3620	0.9090909090909091	False
2221	2181	0.8181818181818182	False
2221	3316	0.7272727272727273	True
2221	2755	0.6363636363636364	False
2221	1066	0.5454545454545454	False
2221	1895	0.45454545454545453	True
2221	2638	0.36363636363636365	True
2221	587	0.2727272727272727	True
2221	1856	0.18181818181818182	False
2221	1586	0.09090909090909091	True
2384	3620	0.9090909090909091	False
2384	2028	0.8181818181818182	True
2384	1455	0.7272727272727273	True
2384	2353	0.6363636363636364	True
2384	3578	0.5454545454545454	True
2384	1856	0.45454545454545453	False
2384	2437	0.36363636363636365	False
2384	522	0.2727272727272727	True
2384	1066	0.18181818181818182	False
2384	1895	0.09090909090909091	True
2994	3620	0.9090909090909091	False
2994	2437	0.8181818181818182	False
2994	522	0.7272727272727273	True
2994	1856	0.6363636363636364	False
2994	2879	0.5454545454545454	True
2994	874	0.45454545454545453	True
2994	1455	0.36363636363636365	True
2994	1066	0.2727272727272727	False
2994	3073	0.18181818181818182	True
2994	1956	0.09090909090909091	True
5078	3620	0.9090909090909091	False
5078	2181	0.8181818181818182	False
5078	1455	0.7272727272727273	True
5078	3316	0.6363636363636364	True
5078	522	0.5454545454545454	True
5078	2437	0.45454545454545453	False
5078	3073	0.36363636363636365	True
5078	1812	0.2727272727272727	True
5078	1856	0.18181818181818182	False
5078	1066	0.09090909090909091	False
2849	3620	0.9090909090909091	False
2849	1856	0.8181818181818182	False
2849	874	0.7272727272727273	True
2849	2755	0.6363636363636364	False
2849	2437	0.5454545454545454	False
2849	1007	0.45454545454545453	True
2849	3948	0.36363636363636365	True
2849	1066	0.2727272727272727	False
2849	3578	0.18181818181818182	True
2849	2674	0.09090909090909091	True
1346	3620	0.9090909090909091	False
1346	2755	0.8181818181818182	False
1346	2181	0.7272727272727273	False
1346	3026	0.6363636363636364	True
1346	1812	0.5454545454545454	True
1346	3316	0.45454545454545453	True
1346	1586	0.36363636363636365	True
1346	1007	0.2727272727272727	True
1346	1856	0.18181818181818182	False
1346	2879	0.09090909090909091	True
2941	3620	0.9090909090909091	False
2941	2181	0.8181818181818182	False
2941	522	0.7272727272727273	True
2941	1066	0.6363636363636364	False
2941	3073	0.5454545454545454	True
2941	874	0.45454545454545453	True
2941	2437	0.36363636363636365	False
2941	1455	0.2727272727272727	True
2941	2879	0.18181818181818182	True
2941	3578	0.09090909090909091	True
404	3620	0.9090909090909091	False
404	2437	0.8181818181818182	False
404	522	0.7272727272727273	True
404	1856	0.6363636363636364	False
404	3050	0.5454545454545454	True
404	1956	0.45454545454545453	True
404	2181	0.36363636363636365	False
404	3026	0.2727272727272727	True
404	3073	0.18181818181818182	True
404	1564	0.09090909090909091	True
1102	3620	0.9090909090909091	False
1102	2755	0.8181818181818182	False
1102	1856	0.7272727272727273	False
1102	1911	0.6363636363636364	True
1102	2437	0.5454545454545454	False
1102	2879	0.45454545454545453	True
1102	1811	0.36363636363636365	True
1102	874	0.2727272727272727	True
1102	1956	0.18181818181818182	True
1102	1066	0.09090909090909091	False
339	3620	0.9090909090909091	False
339	2879	0.8181818181818182	True
339	2437	0.7272727272727273	False
339	2755	0.6363636363636364	False
339	1856	0.5454545454545454	False
339	3948	0.45454545454545453	True
339	2674	0.36363636363636365	True
339	1007	0.2727272727272727	True
339	1066	0.18181818181818182	False
339	874	0.09090909090909091	True
5595	3620	0.9090909090909091	False
5595	2755	0.8181818181818182	False
5595	1812	0.7272727272727273	True
5595	2634	0.6363636363636364	True
5595	2879	0.5454545454545454	True
5595	3073	0.45454545454545453	True
5595	1856	0.36363636363636365	False
5595	587	0.2727272727272727	True
5595	3553	0.18181818181818182	True
5595	3316	0.09090909090909091	True
2717	3620	0.9090909090909091	False
2717	2181	0.8181818181818182	False
2717	2755	0.7272727272727273	False
2717	3316	0.6363636363636364	True
2717	874	0.5454545454545454	True
2717	1066	0.45454545454545453	False
2717	1812	0.36363636363636365	True
2717	1856	0.2727272727272727	False
2717	522	0.18181818181818182	True
2717	2675	0.09090909090909091	True
2697	3620	0.9090909090909091	False
2697	874	0.8181818181818182	True
2697	522	0.7272727272727273	True
2697	1895	0.6363636363636364	True
2697	2181	0.5454545454545454	False
2697	3026	0.45454545454545453	True
2697	2437	0.36363636363636365	False
2697	3073	0.2727272727272727	True
2697	1812	0.18181818181818182	True
2697	1856	0.09090909090909091	False
952	3620	0.9090909090909091	False
952	1895	0.8181818181818182	True
952	2437	0.7272727272727273	False
952	874	0.6363636363636364	True
952	2181	0.5454545454545454	False
952	1856	0.45454545454545453	False
952	3026	0.36363636363636365	True
952	2755	0.2727272727272727	False
952	1066	0.18181818181818182	False
952	2654	0.09090909090909091	True
2425	3620	0.9090909090909091	False
2425	2634	0.8181818181818182	True
2425	2879	0.7272727272727273	True
2425	522	0.6363636363636364	True
2425	1812	0.5454545454545454	True
2425	2638	0.45454545454545453	True
2425	3316	0.36363636363636365	True
2425	2181	0.2727272727272727	False
2425	587	0.18181818181818182	True
2425	1586	0.09090909090909091	True
4440	3620	0.9090909090909091	False
4440	874	0.8181818181818182	True
4440	1895	0.7272727272727273	True
4440	1811	0.6363636363636364	True
4440	1455	0.5454545454545454	True
4440	1956	0.45454545454545453	True
4440	1856	0.36363636363636365	False
4440	3578	0.2727272727272727	True
4440	2181	0.18181818181818182	False
4440	1066	0.09090909090909091	False
2790	3620	0.9090909090909091	False
2790	1007	0.8181818181818182	True
2790	2879	0.7272727272727273	True
2790	3026	0.6363636363636364	True
2790	1856	0.5454545454545454	False
2790	2755	0.45454545454545453	False
2790	1812	0.36363636363636365	True
2790	1066	0.2727272727272727	False
2790	2181	0.18181818181818182	False
2790	1956	0.09090909090909091	True
2407	3620	0.9090909090909091	False
2407	522	0.8181818181818182	True
2407	2437	0.7272727272727273	False
2407	2634	0.6363636363636364	True
2407	1066	0.5454545454545454	False
2407	2879	0.45454545454545453	True
2407	2755	0.36363636363636365	False
2407	1455	0.2727272727272727	True
2407	1856	0.18181818181818182	False
2407	2181	0.09090909090909091	False
599	3620	0.9090909090909091	False
599	2437	0.8181818181818182	False
599	3578	0.7272727272727273	True
599	874	0.6363636363636364	True
599	1856	0.5454545454545454	False
599	1455	0.45454545454545453	True
599	2181	0.36363636363636365	False
599	1007	0.2727272727272727	True
599	2755	0.18181818181818182	False
599	2075	0.09090909090909091	True
1079	3620	0.9090909090909091	False
1079	3948	0.8181818181818182	True
1079	2755	0.7272727272727273	False
1079	1066	0.6363636363636364	False
1079	1007	0.5454545454545454	True
1079	2674	0.45454545454545453	True
1079	874	0.36363636363636365	True
1079	2879	0.2727272727272727	True
1079	2437	0.18181818181818182	False
1079	1856	0.09090909090909091	False
2451	3620	0.9090909090909091	False
2451	2755	0.8181818181818182	False
2451	2181	0.7272727272727273	False
2451	874	0.6363636363636364	True
2451	3316	0.5454545454545454	True
2451	2879	0.45454545454545453	True
2451	1066	0.36363636363636365	False
2451	2925	0.2727272727272727	True
2451	2437	0.18181818181818182	False
2451	1856	0.09090909090909091	False
2262	3620	0.9090909090909091	False
2262	1956	0.8181818181818182	True
2262	1856	0.7272727272727273	False
2262	2437	0.6363636363636364	False
2262	1811	0.5454545454545454	True
2262	1895	0.45454545454545453	True
2262	3948	0.36363636363636365	True
2262	522	0.2727272727272727	True
2262	1564	0.18181818181818182	True
2262	3578	0.09090909090909091	True
961	3620	0.9090909090909091	False
961	1811	0.8181818181818182	True
961	1066	0.7272727272727273	False
961	1812	0.6363636363636364	True
961	1895	0.5454545454545454	True
961	1856	0.45454545454545453	False
961	1455	0.36363636363636365	True
961	2755	0.2727272727272727	False
961	1956	0.18181818181818182	True
961	3578	0.09090909090909091	True
3023	3620	0.9090909090909091	False
3023	522	0.8181818181818182	True
3023	1066	0.7272727272727273	False
3023	1895	0.6363636363636364	True
3023	3073	0.5454545454545454	True
3023	1455	0.45454545454545453	True
3023	2181	0.36363636363636365	False
3023	1811	0.2727272727272727	True
3023	1812	0.18181818181818182	True
3023	2437	0.09090909090909091	False
409	3620	0.9090909090909091	False
409	2437	0.8181818181818182	False
409	1911	0.7272727272727273	True
409	2634	0.6363636363636364	True
409	1956	0.5454545454545454	True
409	1856	0.45454545454545453	False
409	522	0.36363636363636365	True
409	2879	0.2727272727272727	True
409	3073	0.18181818181818182	True
409	2674	0.09090909090909091	True
2985	3620	0.9090909090909091	False
2985	2437	0.8181818181818182	False
2985	1856	0.7272727272727273	False
2985	874	0.6363636363636364	True
2985	2181	0.5454545454545454	False
2985	1455	0.45454545454545453	True
2985	1066	0.36363636363636365	False
2985	2755	0.2727272727272727	False
2985	3578	0.18181818181818182	True
2985	522	0.09090909090909091	True
4976	3620	0.9090909090909091	False
4976	874	0.8181818181818182	True
4976	3026	0.7272727272727273	True
4976	1066	0.6363636363636364	False
4976	1895	0.5454545454545454	True
4976	1811	0.45454545454545453	True
4976	2755	0.36363636363636365	False
4976	2181	0.2727272727272727	False
4976	87	0.18181818181818182	True
4976	3672	0.09090909090909091	True
2346	3620	0.9090909090909091	False
2346	1066	0.8181818181818182	False
2346	1856	0.7272727272727273	False
2346	1455	0.6363636363636364	True
2346	874	0.5454545454545454	True
2346	522	0.45454545454545453	True
2346	2755	0.36363636363636365	False
2346	1956	0.2727272727272727	True
2346	2353	0.18181818181818182	True
2346	1895	0.09090909090909091	True
2209	3620	0.9090909090909091	False
2209	1856	0.8181818181818182	False
2209	3948	0.7272727272727273	True
2209	3557	0.6363636363636364	True
2209	2437	0.5454545454545454	False
2209	522	0.45454545454545453	True
2209	1066	0.36363636363636365	False
2209	1956	0.2727272727272727	True
2209	2755	0.18181818181818182	False
2209	1455	0.09090909090909091	True
4818	3620	0.9090909090909091	False
4818	2181	0.8181818181818182	False
4818	2437	0.7272727272727273	False
4818	1856	0.6363636363636364	False
4818	2755	0.5454545454545454	False
4818	874	0.45454545454545453	True
4818	2674	0.36363636363636365	True
4818	3316	0.2727272727272727	True
4818	3578	0.18181818181818182	True
4818	1066	0.09090909090909091	False
5369	3620	0.9090909090909091	False
5369	2638	0.8181818181818182	True
5369	522	0.7272727272727273	True
5369	2437	0.6363636363636364	False
5369	2353	0.5454545454545454	True
5369	1856	0.45454545454545453	False
5369	3557	0.36363636363636365	True
5369	2634	0.2727272727272727	True
5369	1956	0.18181818181818182	True
5369	1066	0.09090909090909091	False
5841	3620	0.9090909090909091	False
5841	1856	0.8181818181818182	False
5841	2755	0.7272727272727273	False
5841	1007	0.6363636363636364	True
5841	2181	0.5454545454545454	False
5841	874	0.45454545454545453	True
5841	3557	0.36363636363636365	True
5841	2437	0.2727272727272727	False
5841	1066	0.18181818181818182	False
5841	1956	0.09090909090909091	True
2383	3620	0.9090909090909091	False
2383	1066	0.8181818181818182	False
2383	1455	0.7272727272727273	True
2383	1856	0.6363636363636364	False
2383	2181	0.5454545454545454	False
2383	522	0.45454545454545453	True
2383	1956	0.36363636363636365	True
2383	1895	0.2727272727272727	True
2383	2437	0.18181818181818182	False
2383	1007	0.09090909090909091	True
1136	3620	0.9090909090909091	False
1136	2879	0.8181818181818182	True
1136	1586	0.7272727272727273	True
1136	3073	0.6363636363636364	True
1136	2755	0.5454545454545454	False
1136	2181	0.45454545454545453	False
1136	3316	0.36363636363636365	True
1136	2634	0.2727272727272727	True
1136	1066	0.18181818181818182	False
1136	2348	0.09090909090909091	True
761	3620	0.9090909090909091	False
761	2437	0.8181818181818182	False
761	3073	0.7272727272727273	True
761	522	0.6363636363636364	True
761	1455	0.5454545454545454	True
761	1066	0.45454545454545453	False
761	874	0.36363636363636365	True
761	1856	0.2727272727272727	False
761	2755	0.18181818181818182	False
761	1911	0.09090909090909091	True
2862	3620	0.9090909090909091	False
2862	2755	0.8181818181818182	False
2862	1066	0.7272727272727273	False
2862	874	0.6363636363636364	True
2862	1007	0.5454545454545454	True
2862	3026	0.45454545454545453	True
2862	1856	0.36363636363636365	False
2862	522	0.2727272727272727	True
2862	1956	0.18181818181818182	True
2862	3553	0.09090909090909091	True
5492	3620	0.9090909090909091	False
5492	2181	0.8181818181818182	False
5492	874	0.7272727272727273	True
5492	3073	0.6363636363636364	True
5492	1856	0.5454545454545454	False
5492	2879	0.45454545454545453	True
5492	2437	0.36363636363636365	False
5492	1455	0.2727272727272727	True
5492	2353	0.18181818181818182	True
5492	522	0.09090909090909091	True
5873	3620	0.9090909090909091	False
5873	2755	0.8181818181818182	False
5873	874	0.7272727272727273	True
5873	2181	0.6363636363636364	False
5873	3316	0.5454545454545454	True
5873	3073	0.45454545454545453	True
5873	1066	0.36363636363636365	False
5873	1812	0.2727272727272727	True
5873	2654	0.18181818181818182	True
5873	2879	0.09090909090909091	True
5983	3620	0.9090909090909091	False
5983	2755	0.8181818181818182	False
5983	1066	0.7272727272727273	False
5983	1455	0.6363636363636364	True
5983	874	0.5454545454545454	True
5983	522	0.45454545454545453	True
5983	3073	0.36363636363636365	True
5983	2181	0.2727272727272727	False
5983	2437	0.18181818181818182	False
5983	1856	0.09090909090909091	False
276	3620	0.9090909090909091	False
276	2437	0.8181818181818182	False
276	3073	0.7272727272727273	True
276	874	0.6363636363636364	True
276	1895	0.5454545454545454	True
276	2181	0.45454545454545453	False
276	2755	0.36363636363636365	False
276	522	0.2727272727272727	True
276	1975	0.18181818181818182	True
276	3026	0.09090909090909091	True
412	3620	0.9090909090909091	False
412	2755	0.8181818181818182	False
412	1007	0.7272727272727273	True
412	1856	0.6363636363636364	False
412	1956	0.5454545454545454	True
412	1066	0.45454545454545453	False
412	3316	0.36363636363636365	True
412	3557	0.2727272727272727	True
412	3026	0.18181818181818182	True
412	1586	0.09090909090909091	True
5064	3620	0.9090909090909091	False
5064	1895	0.8181818181818182	True
5064	3578	0.7272727272727273	True
5064	522	0.6363636363636364	True
5064	1956	0.5454545454545454	True
5064	2353	0.45454545454545453	True
5064	2028	0.36363636363636365	True
5064	1455	0.2727272727272727	True
5064	1856	0.18181818181818182	False
5064	87	0.09090909090909091	True
3932	3620	0.9090909090909091	False
3932	2181	0.8181818181818182	False
3932	2879	0.7272727272727273	True
3932	1975	0.6363636363636364	True
3932	1455	0.5454545454545454	True
3932	3316	0.45454545454545453	True
3932	1812	0.36363636363636365	True
3932	1066	0.2727272727272727	False
3932	2075	0.18181818181818182	True
3932	3578	0.09090909090909091	True
4513	3620	0.9090909090909091	False
4513	2437	0.8181818181818182	False
4513	2181	0.7272727272727273	False
4513	1856	0.6363636363636364	False
4513	522	0.5454545454545454	True
4513	1066	0.45454545454545453	False
4513	874	0.36363636363636365	True
4513	3026	0.2727272727272727	True
4513	1007	0.18181818181818182	True
4513	1455	0.09090909090909091	True
3775	3620	0.9090909090909091	False
3775	2437	0.8181818181818182	False
3775	2755	0.7272727272727273	False
3775	1856	0.6363636363636364	False
3775	2879	0.5454545454545454	True
3775	3026	0.45454545454545453	True
3775	1066	0.36363636363636365	False
3775	1911	0.2727272727272727	True
3775	522	0.18181818181818182	True
3775	3050	0.09090909090909091	True
2077	3620	0.9090909090909091	False
2077	2437	0.8181818181818182	False
2077	2755	0.7272727272727273	False
2077	2879	0.6363636363636364	True
2077	3948	0.5454545454545454	True
2077	1856	0.45454545454545453	False
2077	1911	0.36363636363636365	True
2077	2674	0.2727272727272727	True
2077	3050	0.18181818181818182	True
2077	74	0.09090909090909091	True
2982	3620	0.9090909090909091	False
2982	2437	0.8181818181818182	False
2982	522	0.7272727272727273	True
2982	2879	0.6363636363636364	True
2982	2755	0.5454545454545454	False
2982	2348	0.45454545454545453	True
2982	1856	0.36363636363636365	False
2982	1066	0.2727272727272727	False
2982	2634	0.18181818181818182	True
2982	2674	0.09090909090909091	True
3837	3620	0.9090909090909091	False
3837	2755	0.8181818181818182	False
3837	2437	0.7272727272727273	False
3837	1007	0.6363636363636364	True
3837	1856	0.5454545454545454	False
3837	1066	0.45454545454545453	False
3837	3050	0.36363636363636365	True
3837	2879	0.2727272727272727	True
3837	874	0.18181818181818182	True
3837	3026	0.09090909090909091	True
482	3620	0.9090909090909091	False
482	522	0.8181818181818182	True
482	1066	0.7272727272727273	False
482	3073	0.6363636363636364	True
482	1895	0.5454545454545454	True
482	2181	0.45454545454545453	False
482	2437	0.36363636363636365	False
482	1455	0.2727272727272727	True
482	1956	0.18181818181818182	True
482	1856	0.09090909090909091	False
2058	3620	0.9090909090909091	False
2058	3578	0.8181818181818182	True
2058	1856	0.7272727272727273	False
2058	1895	0.6363636363636364	True
2058	874	0.5454545454545454	True
2058	1811	0.45454545454545453	True
2058	1455	0.36363636363636365	True
2058	1066	0.2727272727272727	False
2058	3316	0.18181818181818182	True
2058	1007	0.09090909090909091	True
979	3620	0.9090909090909091	False
979	1007	0.8181818181818182	True
979	2755	0.7272727272727273	False
979	1066	0.6363636363636364	False
979	2879	0.5454545454545454	True
979	1856	0.45454545454545453	False
979	3557	0.36363636363636365	True
979	3578	0.2727272727272727	True
979	587	0.18181818181818182	True
979	1895	0.09090909090909091	True
625	3620	0.9090909090909091	False
625	1856	0.8181818181818182	False
625	874	0.7272727272727273	True
625	1455	0.6363636363636364	True
625	2674	0.5454545454545454	True
625	2437	0.45454545454545453	False
625	3578	0.36363636363636365	True
625	2353	0.2727272727272727	True
625	1066	0.18181818181818182	False
625	74	0.09090909090909091	True
2026	3620	0.9090909090909091	False
2026	1066	0.8181818181818182	False
2026	1455	0.7272727272727273	True
2026	2181	0.6363636363636364	False
2026	1856	0.5454545454545454	False
2026	2755	0.45454545454545453	False
2026	3316	0.36363636363636365	True
2026	1895	0.2727272727272727	True
2026	3578	0.18181818181818182	True
2026	1811	0.09090909090909091	True
3822	3620	0.9090909090909091	False
3822	2437	0.8181818181818182	False
3822	874	0.7272727272727273	True
3822	3948	0.6363636363636364	True
3822	1856	0.5454545454545454	False
3822	2181	0.45454545454545453	False
3822	2755	0.36363636363636365	False
3822	1066	0.2727272727272727	False
3822	74	0.18181818181818182	True
3822	3026	0.09090909090909091	True
5338	3620	0.9090909090909091	False
5338	2437	0.8181818181818182	False
5338	1856	0.7272727272727273	False
5338	2755	0.6363636363636364	False
5338	1066	0.5454545454545454	False
5338	2879	0.45454545454545453	True
5338	1007	0.36363636363636365	True
5338	522	0.2727272727272727	True
5338	874	0.18181818181818182	True
5338	3553	0.09090909090909091	True
3890	3620	0.9090909090909091	False
3890	522	0.8181818181818182	True
3890	1856	0.7272727272727273	False
3890	2437	0.6363636363636364	False
3890	1455	0.5454545454545454	True
3890	3316	0.45454545454545453	True
3890	2879	0.36363636363636365	True
3890	3578	0.2727272727272727	True
3890	2675	0.18181818181818182	True
3890	1066	0.09090909090909091	False
4492	3620	0.9090909090909091	False
4492	2437	0.8181818181818182	False
4492	2755	0.7272727272727273	False
4492	874	0.6363636363636364	True
4492	2879	0.5454545454545454	True
4492	1856	0.45454545454545453	False
4492	2181	0.36363636363636365	False
4492	1066	0.2727272727272727	False
4492	2075	0.18181818181818182	True
4492	522	0.09090909090909091	True
594	3620	0.9090909090909091	False
594	2181	0.8181818181818182	False
594	3316	0.7272727272727273	True
594	3026	0.6363636363636364	True
594	1812	0.5454545454545454	True
594	2437	0.45454545454545453	False
594	3073	0.36363636363636365	True
594	874	0.2727272727272727	True
594	1856	0.18181818181818182	False
594	87	0.09090909090909091	True
5053	3620	0.9090909090909091	False
5053	2755	0.8181818181818182	False
5053	3316	0.7272727272727273	True
5053	1856	0.6363636363636364	False
5053	874	0.5454545454545454	True
5053	3553	0.45454545454545453	True
5053	2638	0.36363636363636365	True
5053	2661	0.2727272727272727	True
5053	2181	0.18181818181818182	False
5053	1812	0.09090909090909091	True
2796	3620	0.9090909090909091	False
2796	3316	0.8181818181818182	True
2796	1856	0.7272727272727273	False
2796	2879	0.6363636363636364	True
2796	2437	0.5454545454545454	False
2796	2181	0.45454545454545453	False
2796	3578	0.36363636363636365	True
2796	522	0.2727272727272727	True
2796	3073	0.18181818181818182	True
2796	3948	0.09090909090909091	True
5673	3620	0.9090909090909091	False
5673	874	0.8181818181818182	True
5673	1856	0.7272727272727273	False
5673	2181	0.6363636363636364	False
5673	3026	0.5454545454545454	True
5673	1455	0.45454545454545453	True
5673	1066	0.36363636363636365	False
5673	1811	0.2727272727272727	True
5673	87	0.18181818181818182	True
5673	2879	0.09090909090909091	True
4067	3620	0.9090909090909091	False
4067	2181	0.8181818181818182	False
4067	1066	0.7272727272727273	False
4067	2755	0.6363636363636364	False
4067	3316	0.5454545454545454	True
4067	1812	0.45454545454545453	True
4067	1811	0.36363636363636365	True
4067	1856	0.2727272727272727	False
4067	1455	0.18181818181818182	True
4067	1895	0.09090909090909091	True
5087	3620	0.9090909090909091	False
5087	2755	0.8181818181818182	False
5087	2437	0.7272727272727273	False
5087	1856	0.6363636363636364	False
5087	2879	0.5454545454545454	True
5087	2638	0.45454545454545453	True
5087	2675	0.36363636363636365	True
5087	1066	0.2727272727272727	False
5087	874	0.18181818181818182	True
5087	522	0.09090909090909091	True
285	3620	0.9090909090909091	False
285	2755	0.8181818181818182	False
285	1812	0.7272727272727273	True
285	3316	0.6363636363636364	True
285	1856	0.5454545454545454	False
285	2181	0.45454545454545453	False
285	2634	0.36363636363636365	True
285	1911	0.2727272727272727	True
285	1066	0.18181818181818182	False
285	3553	0.09090909090909091	True
2491	3620	0.9090909090909091	False
2491	1066	0.8181818181818182	False
2491	2181	0.7272727272727273	False
2491	1812	0.6363636363636364	True
2491	1856	0.5454545454545454	False
2491	2879	0.45454545454545453	True
2491	2755	0.36363636363636365	False
2491	3026	0.2727272727272727	True
2491	522	0.18181818181818182	True
2491	3316	0.09090909090909091	True
4448	3620	0.9090909090909091	False
4448	2755	0.8181818181818182	False
4448	1586	0.7272727272727273	True
4448	3316	0.6363636363636364	True
4448	2879	0.5454545454545454	True
4448	3073	0.45454545454545453	True
4448	2348	0.36363636363636365	True
4448	2181	0.2727272727272727	False
4448	1975	0.18181818181818182	True
4448	874	0.09090909090909091	True
3463	3620	0.9090909090909091	False
3463	2181	0.8181818181818182	False
3463	2755	0.7272727272727273	False
3463	3316	0.6363636363636364	True
3463	1066	0.5454545454545454	False
3463	1856	0.45454545454545453	False
3463	522	0.36363636363636365	True
3463	3578	0.2727272727272727	True
3463	2437	0.18181818181818182	False
3463	1812	0.09090909090909091	True
2040	3620	0.9090909090909091	False
2040	1856	0.8181818181818182	False
2040	1455	0.7272727272727273	True
2040	2675	0.6363636363636364	True
2040	2353	0.5454545454545454	True
2040	3578	0.45454545454545453	True
2040	74	0.36363636363636365	True
2040	2437	0.2727272727272727	False
2040	2075	0.18181818181818182	True
2040	3316	0.09090909090909091	True
5998	3620	0.9090909090909091	False
5998	2755	0.8181818181818182	False
5998	3553	0.7272727272727273	True
5998	1856	0.6363636363636364	False
5998	522	0.5454545454545454	True
5998	1066	0.45454545454545453	False
5998	2925	0.36363636363636365	True
5998	874	0.2727272727272727	True
5998	2634	0.18181818181818182	True
5998	2437	0.09090909090909091	False
1833	3620	0.9090909090909091	False
1833	2755	0.8181818181818182	False
1833	1856	0.7272727272727273	False
1833	874	0.6363636363636364	True
1833	2075	0.5454545454545454	True
1833	2437	0.45454545454545453	False
1833	1812	0.36363636363636365	True
1833	2879	0.2727272727272727	True
1833	3578	0.18181818181818182	True
1833	1455	0.09090909090909091	True
1244	3620	0.9090909090909091	False
1244	1856	0.8181818181818182	False
1244	2181	0.7272727272727273	False
1244	1066	0.6363636363636364	False
1244	3026	0.5454545454545454	True
1244	874	0.45454545454545453	True
1244	2879	0.36363636363636365	True
1244	3578	0.2727272727272727	True
1244	1811	0.18181818181818182	True
1244	2755	0.09090909090909091	False
1084	3620	0.9090909090909091	False
1084	874	0.8181818181818182	True
1084	2437	0.7272727272727273	False
1084	2755	0.6363636363636364	False
1084	1856	0.5454545454545454	False
1084	1066	0.45454545454545453	False
1084	3026	0.36363636363636365	True
1084	2181	0.2727272727272727	False
1084	2879	0.18181818181818182	True
1084	1812	0.09090909090909091	True
4574	3620	0.9090909090909091	False
4574	2755	0.8181818181818182	False
4574	2634	0.7272727272727273	True
4574	3316	0.6363636363636364	True
4574	1455	0.5454545454545454	True
4574	1856	0.45454545454545453	False
4574	2181	0.36363636363636365	False
4574	1911	0.2727272727272727	True
4574	3073	0.18181818181818182	True
4574	1066	0.09090909090909091	False
6019	3620	0.9090909090909091	False
6019	2755	0.8181818181818182	False
6019	1007	0.7272727272727273	True
6019	2075	0.6363636363636364	True
6019	874	0.5454545454545454	True
6019	1812	0.45454545454545453	True
6019	1856	0.36363636363636365	False
6019	3316	0.2727272727272727	True
6019	3578	0.18181818181818182	True
6019	2879	0.09090909090909091	True
4885	3620	0.9090909090909091	False
4885	2181	0.8181818181818182	False
4885	2437	0.7272727272727273	False
4885	522	0.6363636363636364	True
4885	3026	0.5454545454545454	True
4885	1895	0.45454545454545453	True
4885	3073	0.36363636363636365	True
4885	1529	0.2727272727272727	True
4885	3578	0.18181818181818182	True
4885	1812	0.09090909090909091	True
3778	3620	0.9090909090909091	False
3778	1812	0.8181818181818182	True
3778	1856	0.7272727272727273	False
3778	3578	0.6363636363636364	True
3778	3073	0.5454545454545454	True
3778	2879	0.45454545454545453	True
3778	2674	0.36363636363636365	True
3778	1066	0.2727272727272727	False
3778	2181	0.18181818181818182	False
3778	2755	0.09090909090909091	False
1073	3620	0.9090909090909091	False
1073	3316	0.8181818181818182	True
1073	874	0.7272727272727273	True
1073	2654	0.6363636363636364	True
1073	1812	0.5454545454545454	True
1073	2634	0.45454545454545453	True
1073	2075	0.36363636363636365	True
1073	2879	0.2727272727272727	True
1073	3073	0.18181818181818182	True
1073	2348	0.09090909090909091	True
2851	3620	0.9090909090909091	False
2851	2181	0.8181818181818182	False
2851	2437	0.7272727272727273	False
2851	522	0.6363636363636364	True
2851	3316	0.5454545454545454	True
2851	1895	0.45454545454545453	True
2851	3073	0.36363636363636365	True
2851	1455	0.2727272727272727	True
2851	3578	0.18181818181818182	True
2851	2879	0.09090909090909091	True
1475	3620	0.9090909090909091	False
1475	2437	0.8181818181818182	False
1475	874	0.7272727272727273	True
1475	2181	0.6363636363636364	False
1475	1856	0.5454545454545454	False
1475	2879	0.45454545454545453	True
1475	3050	0.36363636363636365	True
1475	1455	0.2727272727272727	True
1475	1066	0.18181818181818182	False
1475	3026	0.09090909090909091	True
1034	3620	0.9090909090909091	False
1034	1856	0.8181818181818182	False
1034	1066	0.7272727272727273	False
1034	874	0.6363636363636364	True
1034	2755	0.5454545454545454	False
1034	2879	0.45454545454545453	True
1034	1455	0.36363636363636365	True
1034	2437	0.2727272727272727	False
1034	2353	0.18181818181818182	True
1034	1812	0.09090909090909091	True
1001	3620	0.9090909090909091	False
1001	522	0.8181818181818182	True
1001	1066	0.7272727272727273	False
1001	1812	0.6363636363636364	True
1001	2181	0.5454545454545454	False
1001	3578	0.45454545454545453	True
1001	1455	0.36363636363636365	True
1001	1856	0.2727272727272727	False
1001	3316	0.18181818181818182	True
1001	2879	0.09090909090909091	True
2472	3620	0.9090909090909091	False
2472	1455	0.8181818181818182	True
2472	1066	0.7272727272727273	False
2472	2075	0.6363636363636364	True
2472	2181	0.5454545454545454	False
2472	874	0.45454545454545453	True
2472	1856	0.36363636363636365	False
2472	522	0.2727272727272727	True
2472	3073	0.18181818181818182	True
2472	2353	0.09090909090909091	True
1384	3620	0.9090909090909091	False
1384	2437	0.8181818181818182	False
1384	2879	0.7272727272727273	True
1384	2755	0.6363636363636364	False
1384	522	0.5454545454545454	True
1384	1586	0.45454545454545453	True
1384	3026	0.36363636363636365	True
1384	1066	0.2727272727272727	False
1384	2634	0.18181818181818182	True
1384	2181	0.09090909090909091	False
