5461	215	0.9090909090909091	False
5461	3823	0.8181818181818182	True
5461	1228	0.7272727272727273	True
5461	1826	0.6363636363636364	False
5461	2761	0.5454545454545454	False
5461	101	0.45454545454545453	True
5461	497	0.36363636363636365	False
5461	3928	0.2727272727272727	True
5461	2898	0.18181818181818182	True
5461	87	0.09090909090909091	True
4063	2553	0.9090909090909091	True
4063	497	0.8181818181818182	False
4063	2761	0.7272727272727273	False
4063	3823	0.6363636363636364	True
4063	2858	0.5454545454545454	True
4063	215	0.45454545454545453	False
4063	3757	0.36363636363636365	True
4063	3098	0.2727272727272727	True
4063	307	0.18181818181818182	True
4063	158	0.09090909090909091	True
518	215	0.9090909090909091	False
518	2761	0.8181818181818182	False
518	481	0.7272727272727273	False
518	1276	0.6363636363636364	True
518	3823	0.5454545454545454	True
518	2287	0.45454545454545453	True
518	497	0.36363636363636365	False
518	3098	0.2727272727272727	True
518	3928	0.18181818181818182	True
518	3757	0.09090909090909091	True
5345	215	0.9090909090909091	False
5345	481	0.8181818181818182	False
5345	1228	0.7272727272727273	True
5345	1826	0.6363636363636364	False
5345	2761	0.5454545454545454	False
5345	3928	0.45454545454545453	True
5345	3098	0.36363636363636365	True
5345	101	0.2727272727272727	True
5345	3385	0.18181818181818182	True
5345	1276	0.09090909090909091	True
3299	215	0.9090909090909091	False
3299	2761	0.8181818181818182	False
3299	481	0.7272727272727273	False
3299	497	0.6363636363636364	False
3299	1276	0.5454545454545454	True
3299	3757	0.45454545454545453	True
3299	2287	0.36363636363636365	True
3299	3385	0.2727272727272727	True
3299	2553	0.18181818181818182	True
3299	869	0.09090909090909091	True
4979	215	0.9090909090909091	False
4979	3098	0.8181818181818182	True
4979	481	0.7272727272727273	False
4979	3928	0.6363636363636364	True
4979	1276	0.5454545454545454	True
4979	497	0.45454545454545453	False
4979	2761	0.36363636363636365	False
4979	1826	0.2727272727272727	False
4979	1228	0.18181818181818182	True
4979	2287	0.09090909090909091	True
4547	215	0.9090909090909091	False
4547	2898	0.8181818181818182	True
4547	2761	0.7272727272727273	False
4547	1228	0.6363636363636364	True
4547	1826	0.5454545454545454	False
4547	2858	0.45454545454545453	True
4547	2314	0.36363636363636365	True
4547	481	0.2727272727272727	False
4547	3550	0.18181818181818182	True
4547	3098	0.09090909090909091	True
4	215	0.9090909090909091	False
4	2553	0.8181818181818182	True
4	3928	0.7272727272727273	True
4	481	0.6363636363636364	False
4	1826	0.5454545454545454	False
4	158	0.45454545454545453	True
4	2761	0.36363636363636365	False
4	2858	0.2727272727272727	True
4	1733	0.18181818181818182	True
4	3823	0.09090909090909091	True
1150	215	0.9090909090909091	False
1150	3928	0.8181818181818182	True
1150	3098	0.7272727272727273	True
1150	2858	0.6363636363636364	True
1150	481	0.5454545454545454	False
1150	1826	0.45454545454545453	False
1150	3757	0.36363636363636365	True
1150	497	0.2727272727272727	False
1150	1733	0.18181818181818182	True
1150	2761	0.09090909090909091	False
544	215	0.9090909090909091	False
544	497	0.8181818181818182	False
544	481	0.7272727272727273	False
544	1228	0.6363636363636364	True
544	1826	0.5454545454545454	False
544	2287	0.45454545454545453	True
544	3011	0.36363636363636365	True
544	3928	0.2727272727272727	True
544	869	0.18181818181818182	True
544	2247	0.09090909090909091	True
971	215	0.9090909090909091	False
971	481	0.8181818181818182	False
971	2553	0.7272727272727273	True
971	497	0.6363636363636364	False
971	3098	0.5454545454545454	True
971	1826	0.45454545454545453	False
971	3550	0.36363636363636365	True
971	307	0.2727272727272727	True
971	3928	0.18181818181818182	True
971	2858	0.09090909090909091	True
1004	215	0.9090909090909091	False
1004	481	0.8181818181818182	False
1004	2761	0.7272727272727273	False
1004	87	0.6363636363636364	True
1004	3098	0.5454545454545454	True
1004	1826	0.45454545454545453	False
1004	3757	0.36363636363636365	True
1004	456	0.2727272727272727	True
1004	3385	0.18181818181818182	True
1004	497	0.09090909090909091	False
958	215	0.9090909090909091	False
958	481	0.8181818181818182	False
958	2761	0.7272727272727273	False
958	2935	0.6363636363636364	True
958	3757	0.5454545454545454	True
958	1826	0.45454545454545453	False
958	3098	0.36363636363636365	True
958	2553	0.2727272727272727	True
958	87	0.18181818181818182	True
958	497	0.09090909090909091	False
5844	215	0.9090909090909091	False
5844	497	0.8181818181818182	False
5844	2553	0.7272727272727273	True
5844	481	0.6363636363636364	False
5844	3757	0.5454545454545454	True
5844	101	0.45454545454545453	True
5844	2761	0.36363636363636365	False
5844	1228	0.2727272727272727	True
5844	3928	0.18181818181818182	True
5844	2287	0.09090909090909091	True
4275	215	0.9090909090909091	False
4275	497	0.8181818181818182	False
4275	3928	0.7272727272727273	True
4275	1228	0.6363636363636364	True
4275	307	0.5454545454545454	True
4275	1826	0.45454545454545453	False
4275	3098	0.36363636363636365	True
4275	869	0.2727272727272727	True
4275	2858	0.18181818181818182	True
4275	2553	0.09090909090909091	True
1955	215	0.9090909090909091	False
1955	2553	0.8181818181818182	True
1955	1826	0.7272727272727273	False
1955	2761	0.6363636363636364	False
1955	3928	0.5454545454545454	True
1955	1499	0.45454545454545453	True
1955	3098	0.36363636363636365	True
1955	3550	0.2727272727272727	True
1955	2858	0.18181818181818182	True
1955	3823	0.09090909090909091	True
4742	215	0.9090909090909091	False
4742	2761	0.8181818181818182	False
4742	481	0.7272727272727273	False
4742	1826	0.6363636363636364	False
4742	2553	0.5454545454545454	True
4742	101	0.45454545454545453	True
4742	87	0.36363636363636365	True
4742	307	0.2727272727272727	True
4742	3550	0.18181818181818182	True
4742	3757	0.09090909090909091	True
1107	215	0.9090909090909091	False
1107	2761	0.8181818181818182	False
1107	2287	0.7272727272727273	True
1107	481	0.6363636363636364	False
1107	3098	0.5454545454545454	True
1107	1826	0.45454545454545453	False
1107	1733	0.36363636363636365	True
1107	87	0.2727272727272727	True
1107	497	0.18181818181818182	False
1107	307	0.09090909090909091	True
1839	215	0.9090909090909091	False
1839	481	0.8181818181818182	False
1839	2553	0.7272727272727273	True
1839	2761	0.6363636363636364	False
1839	497	0.5454545454545454	False
1839	3098	0.45454545454545453	True
1839	3385	0.36363636363636365	True
1839	307	0.2727272727272727	True
1839	1276	0.18181818181818182	True
1839	3550	0.09090909090909091	True
5129	215	0.9090909090909091	False
5129	481	0.8181818181818182	False
5129	1826	0.7272727272727273	False
5129	3928	0.6363636363636364	True
5129	2761	0.5454545454545454	False
5129	2935	0.45454545454545453	True
5129	3098	0.36363636363636365	True
5129	497	0.2727272727272727	False
5129	307	0.18181818181818182	True
5129	2498	0.09090909090909091	True
570	215	0.9090909090909091	False
570	481	0.8181818181818182	False
570	2761	0.7272727272727273	False
570	1826	0.6363636363636364	False
570	497	0.5454545454545454	False
570	3928	0.45454545454545453	True
570	101	0.36363636363636365	True
570	3098	0.2727272727272727	True
570	1228	0.18181818181818182	True
570	1276	0.09090909090909091	True
3744	215	0.9090909090909091	False
3744	481	0.8181818181818182	False
3744	2761	0.7272727272727273	False
3744	1228	0.6363636363636364	True
3744	1826	0.5454545454545454	False
3744	497	0.45454545454545453	False
3744	2287	0.36363636363636365	True
3744	3098	0.2727272727272727	True
3744	3550	0.18181818181818182	True
3744	3385	0.09090909090909091	True
2599	215	0.9090909090909091	False
2599	481	0.8181818181818182	False
2599	2761	0.7272727272727273	False
2599	101	0.6363636363636364	True
2599	1826	0.5454545454545454	False
2599	2287	0.45454545454545453	True
2599	87	0.36363636363636365	True
2599	497	0.2727272727272727	False
2599	2935	0.18181818181818182	True
2599	307	0.09090909090909091	True
4077	215	0.9090909090909091	False
4077	2761	0.8181818181818182	False
4077	3098	0.7272727272727273	True
4077	2314	0.6363636363636364	True
4077	481	0.5454545454545454	False
4077	1733	0.45454545454545453	True
4077	1826	0.36363636363636365	False
4077	456	0.2727272727272727	True
4077	3757	0.18181818181818182	True
4077	1276	0.09090909090909091	True
2891	215	0.9090909090909091	False
2891	2287	0.8181818181818182	True
2891	2761	0.7272727272727273	False
2891	1276	0.6363636363636364	True
2891	1228	0.5454545454545454	True
2891	481	0.45454545454545453	False
2891	3823	0.36363636363636365	True
2891	3385	0.2727272727272727	True
2891	101	0.18181818181818182	True
2891	3928	0.09090909090909091	True
350	215	0.9090909090909091	False
350	481	0.8181818181818182	False
350	497	0.7272727272727273	False
350	1826	0.6363636363636364	False
350	2761	0.5454545454545454	False
350	101	0.45454545454545453	True
350	3098	0.36363636363636365	True
350	1228	0.2727272727272727	True
350	2247	0.18181818181818182	True
350	3928	0.09090909090909091	True
3049	215	0.9090909090909091	False
3049	2761	0.8181818181818182	False
3049	1826	0.7272727272727273	False
3049	3823	0.6363636363636364	True
3049	1228	0.5454545454545454	True
3049	869	0.45454545454545453	True
3049	481	0.36363636363636365	False
3049	1733	0.2727272727272727	True
3049	3098	0.18181818181818182	True
3049	1276	0.09090909090909091	True
913	215	0.9090909090909091	False
913	481	0.8181818181818182	False
913	497	0.7272727272727273	False
913	3823	0.6363636363636364	True
913	2287	0.5454545454545454	True
913	1826	0.45454545454545453	False
913	3098	0.36363636363636365	True
913	2876	0.2727272727272727	True
913	2761	0.18181818181818182	False
913	456	0.09090909090909091	True
5602	215	0.9090909090909091	False
5602	2761	0.8181818181818182	False
5602	481	0.7272727272727273	False
5602	1276	0.6363636363636364	True
5602	2553	0.5454545454545454	True
5602	2287	0.45454545454545453	True
5602	1228	0.36363636363636365	True
5602	1826	0.2727272727272727	False
5602	101	0.18181818181818182	True
5602	307	0.09090909090909091	True
661	215	0.9090909090909091	False
661	2761	0.8181818181818182	False
661	1228	0.7272727272727273	True
661	3550	0.6363636363636364	True
661	1826	0.5454545454545454	False
661	2287	0.45454545454545453	True
661	3757	0.36363636363636365	True
661	481	0.2727272727272727	False
661	2314	0.18181818181818182	True
661	497	0.09090909090909091	False
5404	215	0.9090909090909091	False
5404	3098	0.8181818181818182	True
5404	2858	0.7272727272727273	True
5404	3928	0.6363636363636364	True
5404	497	0.5454545454545454	False
5404	2287	0.45454545454545453	True
5404	481	0.36363636363636365	False
5404	3769	0.2727272727272727	True
5404	2379	0.18181818181818182	True
5404	101	0.09090909090909091	True
3111	215	0.9090909090909091	False
3111	2761	0.8181818181818182	False
3111	481	0.7272727272727273	False
3111	497	0.6363636363636364	False
3111	3098	0.5454545454545454	True
3111	869	0.45454545454545453	True
3111	1276	0.36363636363636365	True
3111	3757	0.2727272727272727	True
3111	2935	0.18181818181818182	True
3111	456	0.09090909090909091	True
4213	2761	0.9090909090909091	False
4213	215	0.8181818181818182	False
4213	481	0.7272727272727273	False
4213	2287	0.6363636363636364	True
4213	1826	0.5454545454545454	False
4213	2314	0.45454545454545453	True
4213	1733	0.36363636363636365	True
4213	3098	0.2727272727272727	True
4213	3757	0.18181818181818182	True
4213	2498	0.09090909090909091	True
2953	215	0.9090909090909091	False
2953	2761	0.8181818181818182	False
2953	481	0.7272727272727273	False
2953	497	0.6363636363636364	False
2953	1228	0.5454545454545454	True
2953	1826	0.45454545454545453	False
2953	3823	0.36363636363636365	True
2953	2553	0.2727272727272727	True
2953	3928	0.18181818181818182	True
2953	101	0.09090909090909091	True
5695	215	0.9090909090909091	False
5695	2761	0.8181818181818182	False
5695	3098	0.7272727272727273	True
5695	3757	0.6363636363636364	True
5695	456	0.5454545454545454	True
5695	3823	0.45454545454545453	True
5695	3928	0.36363636363636365	True
5695	1276	0.2727272727272727	True
5695	2898	0.18181818181818182	True
5695	3385	0.09090909090909091	True
5883	215	0.9090909090909091	False
5883	1826	0.8181818181818182	False
5883	481	0.7272727272727273	False
5883	497	0.6363636363636364	False
5883	2761	0.5454545454545454	False
5883	3098	0.45454545454545453	True
5883	869	0.36363636363636365	True
5883	307	0.2727272727272727	True
5883	1228	0.18181818181818182	True
5883	87	0.09090909090909091	True
931	215	0.9090909090909091	False
931	481	0.8181818181818182	False
931	497	0.7272727272727273	False
931	3098	0.6363636363636364	True
931	869	0.5454545454545454	True
931	2761	0.45454545454545453	False
931	2287	0.36363636363636365	True
931	1826	0.2727272727272727	False
931	2858	0.18181818181818182	True
931	1276	0.09090909090909091	True
5706	215	0.9090909090909091	False
5706	2761	0.8181818181818182	False
5706	1228	0.7272727272727273	True
5706	3928	0.6363636363636364	True
5706	1276	0.5454545454545454	True
5706	2287	0.45454545454545453	True
5706	481	0.36363636363636365	False
5706	3098	0.2727272727272727	True
5706	2498	0.18181818181818182	True
5706	101	0.09090909090909091	True
3984	215	0.9090909090909091	False
3984	456	0.8181818181818182	True
3984	2761	0.7272727272727273	False
3984	3757	0.6363636363636364	True
3984	497	0.5454545454545454	False
3984	1228	0.45454545454545453	True
3984	3928	0.36363636363636365	True
3984	2287	0.2727272727272727	True
3984	3385	0.18181818181818182	True
3984	481	0.09090909090909091	False
4671	215	0.9090909090909091	False
4671	2287	0.8181818181818182	True
4671	1733	0.7272727272727273	True
4671	2761	0.6363636363636364	False
4671	3928	0.5454545454545454	True
4671	1276	0.45454545454545453	True
4671	3823	0.36363636363636365	True
4671	3757	0.2727272727272727	True
4671	2858	0.18181818181818182	True
4671	3098	0.09090909090909091	True
4843	215	0.9090909090909091	False
4843	481	0.8181818181818182	False
4843	3928	0.7272727272727273	True
4843	1826	0.6363636363636364	False
4843	1228	0.5454545454545454	True
4843	2287	0.45454545454545453	True
4843	3098	0.36363636363636365	True
4843	3550	0.2727272727272727	True
4843	2898	0.18181818181818182	True
4843	2314	0.09090909090909091	True
1217	215	0.9090909090909091	False
1217	1733	0.8181818181818182	True
1217	3928	0.7272727272727273	True
1217	2287	0.6363636363636364	True
1217	1228	0.5454545454545454	True
1217	3098	0.45454545454545453	True
1217	2761	0.36363636363636365	False
1217	3769	0.2727272727272727	True
1217	3757	0.18181818181818182	True
1217	3823	0.09090909090909091	True
1713	215	0.9090909090909091	False
1713	3098	0.8181818181818182	True
1713	481	0.7272727272727273	False
1713	3757	0.6363636363636364	True
1713	2761	0.5454545454545454	False
1713	3928	0.45454545454545453	True
1713	307	0.36363636363636365	True
1713	2287	0.2727272727272727	True
1713	2553	0.18181818181818182	True
1713	497	0.09090909090909091	False
236	215	0.9090909090909091	False
236	481	0.8181818181818182	False
236	497	0.7272727272727273	False
236	2761	0.6363636363636364	False
236	1826	0.5454545454545454	False
236	2858	0.45454545454545453	True
236	869	0.36363636363636365	True
236	1392	0.2727272727272727	True
236	1276	0.18181818181818182	True
236	307	0.09090909090909091	True
310	3823	0.9090909090909091	True
310	2287	0.8181818181818182	True
310	497	0.7272727272727273	False
310	2761	0.6363636363636364	False
310	1228	0.5454545454545454	True
310	3385	0.45454545454545453	True
310	481	0.36363636363636365	False
310	3757	0.2727272727272727	True
310	2553	0.18181818181818182	True
310	2858	0.09090909090909091	True
4107	215	0.9090909090909091	False
4107	2498	0.8181818181818182	True
4107	2761	0.7272727272727273	False
4107	481	0.6363636363636364	False
4107	101	0.5454545454545454	True
4107	1228	0.45454545454545453	True
4107	3385	0.36363636363636365	True
4107	1826	0.2727272727272727	False
4107	2287	0.18181818181818182	True
4107	3928	0.09090909090909091	True
2974	215	0.9090909090909091	False
2974	481	0.8181818181818182	False
2974	497	0.7272727272727273	False
2974	1826	0.6363636363636364	False
2974	2761	0.5454545454545454	False
2974	1592	0.45454545454545453	True
2974	3098	0.36363636363636365	True
2974	1228	0.2727272727272727	True
2974	456	0.18181818181818182	True
2974	3757	0.09090909090909091	True
3192	215	0.9090909090909091	False
3192	2761	0.8181818181818182	False
3192	2287	0.7272727272727273	True
3192	3757	0.6363636363636364	True
3192	3823	0.5454545454545454	True
3192	1276	0.45454545454545453	True
3192	481	0.36363636363636365	False
3192	1228	0.2727272727272727	True
3192	2498	0.18181818181818182	True
3192	3928	0.09090909090909091	True
1614	3928	0.9090909090909091	True
1614	215	0.8181818181818182	False
1614	3823	0.7272727272727273	True
1614	2761	0.6363636363636364	False
1614	2287	0.5454545454545454	True
1614	2553	0.45454545454545453	True
1614	1826	0.36363636363636365	False
1614	101	0.2727272727272727	True
1614	3385	0.18181818181818182	True
1614	1228	0.09090909090909091	True
1590	2761	0.9090909090909091	False
1590	215	0.8181818181818182	False
1590	3757	0.7272727272727273	True
1590	87	0.6363636363636364	True
1590	481	0.5454545454545454	False
1590	2498	0.45454545454545453	True
1590	1733	0.36363636363636365	True
1590	2287	0.2727272727272727	True
1590	3385	0.18181818181818182	True
1590	2935	0.09090909090909091	True
5896	215	0.9090909090909091	False
5896	481	0.8181818181818182	False
5896	1826	0.7272727272727273	False
5896	497	0.6363636363636364	False
5896	3098	0.5454545454545454	True
5896	3928	0.45454545454545453	True
5896	2761	0.36363636363636365	False
5896	2553	0.2727272727272727	True
5896	1228	0.18181818181818182	True
5896	307	0.09090909090909091	True
1804	215	0.9090909090909091	False
1804	481	0.8181818181818182	False
1804	497	0.7272727272727273	False
1804	2287	0.6363636363636364	True
1804	1392	0.5454545454545454	True
1804	2247	0.45454545454545453	True
1804	2761	0.36363636363636365	False
1804	456	0.2727272727272727	True
1804	3098	0.18181818181818182	True
1804	3928	0.09090909090909091	True
3403	2761	0.9090909090909091	False
3403	481	0.8181818181818182	False
3403	869	0.7272727272727273	True
3403	2553	0.6363636363636364	True
3403	1826	0.5454545454545454	False
3403	1228	0.45454545454545453	True
3403	2314	0.36363636363636365	True
3403	2491	0.2727272727272727	True
3403	215	0.18181818181818182	False
3403	2287	0.09090909090909091	True
4869	215	0.9090909090909091	False
4869	2761	0.8181818181818182	False
4869	481	0.7272727272727273	False
4869	1826	0.6363636363636364	False
4869	3098	0.5454545454545454	True
4869	87	0.45454545454545453	True
4869	2553	0.36363636363636365	True
4869	1276	0.2727272727272727	True
4869	869	0.18181818181818182	True
4869	307	0.09090909090909091	True
499	215	0.9090909090909091	False
499	481	0.8181818181818182	False
499	2761	0.7272727272727273	False
499	497	0.6363636363636364	False
499	1276	0.5454545454545454	True
499	101	0.45454545454545453	True
499	1826	0.36363636363636365	False
499	2898	0.2727272727272727	True
499	307	0.18181818181818182	True
499	2287	0.09090909090909091	True
2723	215	0.9090909090909091	False
2723	101	0.8181818181818182	True
2723	1228	0.7272727272727273	True
2723	497	0.6363636363636364	False
2723	2287	0.5454545454545454	True
2723	2898	0.45454545454545453	True
2723	3823	0.36363636363636365	True
2723	1276	0.2727272727272727	True
2723	481	0.18181818181818182	False
2723	3928	0.09090909090909091	True
3081	215	0.9090909090909091	False
3081	2761	0.8181818181818182	False
3081	481	0.7272727272727273	False
3081	87	0.6363636363636364	True
3081	3385	0.5454545454545454	True
3081	1228	0.45454545454545453	True
3081	1826	0.36363636363636365	False
3081	3098	0.2727272727272727	True
3081	2491	0.18181818181818182	True
3081	456	0.09090909090909091	True
1924	215	0.9090909090909091	False
1924	2287	0.8181818181818182	True
1924	307	0.7272727272727273	True
1924	481	0.6363636363636364	False
1924	2761	0.5454545454545454	False
1924	497	0.45454545454545453	False
1924	2247	0.36363636363636365	True
1924	2858	0.2727272727272727	True
1924	3928	0.18181818181818182	True
1924	1826	0.09090909090909091	False
655	215	0.9090909090909091	False
655	3928	0.8181818181818182	True
655	1276	0.7272727272727273	True
655	1228	0.6363636363636364	True
655	2761	0.5454545454545454	False
655	307	0.45454545454545453	True
655	3098	0.36363636363636365	True
655	2287	0.2727272727272727	True
655	1826	0.18181818181818182	False
655	481	0.09090909090909091	False
5742	215	0.9090909090909091	False
5742	1228	0.8181818181818182	True
5742	3098	0.7272727272727273	True
5742	1826	0.6363636363636364	False
5742	2761	0.5454545454545454	False
5742	3823	0.45454545454545453	True
5742	497	0.36363636363636365	False
5742	3928	0.2727272727272727	True
5742	869	0.18181818181818182	True
5742	3550	0.09090909090909091	True
3272	2761	0.9090909090909091	False
3272	481	0.8181818181818182	False
3272	497	0.7272727272727273	False
3272	3385	0.6363636363636364	True
3272	2553	0.5454545454545454	True
3272	215	0.45454545454545453	False
3272	1826	0.36363636363636365	False
3272	3823	0.2727272727272727	True
3272	3098	0.18181818181818182	True
3272	3928	0.09090909090909091	True
1594	215	0.9090909090909091	False
1594	3098	0.8181818181818182	True
1594	1228	0.7272727272727273	True
1594	3928	0.6363636363636364	True
1594	497	0.5454545454545454	False
1594	481	0.45454545454545453	False
1594	2247	0.36363636363636365	True
1594	2761	0.2727272727272727	False
1594	1826	0.18181818181818182	False
1594	3550	0.09090909090909091	True
660	215	0.9090909090909091	False
660	481	0.8181818181818182	False
660	497	0.7272727272727273	False
660	1826	0.6363636363636364	False
660	2287	0.5454545454545454	True
660	2761	0.45454545454545453	False
660	101	0.36363636363636365	True
660	2935	0.2727272727272727	True
660	2247	0.18181818181818182	True
660	3550	0.09090909090909091	True
2505	215	0.9090909090909091	False
2505	2761	0.8181818181818182	False
2505	2287	0.7272727272727273	True
2505	481	0.6363636363636364	False
2505	1276	0.5454545454545454	True
2505	1826	0.45454545454545453	False
2505	497	0.36363636363636365	False
2505	101	0.2727272727272727	True
2505	2314	0.18181818181818182	True
2505	3550	0.09090909090909091	True
3265	215	0.9090909090909091	False
3265	3757	0.8181818181818182	True
3265	2761	0.7272727272727273	False
3265	456	0.6363636363636364	True
3265	1499	0.5454545454545454	True
3265	3928	0.45454545454545453	True
3265	87	0.36363636363636365	True
3265	2898	0.2727272727272727	True
3265	2935	0.18181818181818182	True
3265	3098	0.09090909090909091	True
4643	497	0.9090909090909091	False
4643	215	0.8181818181818182	False
4643	3823	0.7272727272727273	True
4643	481	0.6363636363636364	False
4643	1228	0.5454545454545454	True
4643	3385	0.45454545454545453	True
4643	3098	0.36363636363636365	True
4643	2553	0.2727272727272727	True
4643	1826	0.18181818181818182	False
4643	869	0.09090909090909091	True
4862	215	0.9090909090909091	False
4862	481	0.8181818181818182	False
4862	2761	0.7272727272727273	False
4862	1826	0.6363636363636364	False
4862	497	0.5454545454545454	False
4862	307	0.45454545454545453	True
4862	2314	0.36363636363636365	True
4862	869	0.2727272727272727	True
4862	3550	0.18181818181818182	True
4862	101	0.09090909090909091	True
3496	215	0.9090909090909091	False
3496	3928	0.8181818181818182	True
3496	1228	0.7272727272727273	True
3496	481	0.6363636363636364	False
3496	497	0.5454545454545454	False
3496	1276	0.45454545454545453	True
3496	2287	0.36363636363636365	True
3496	3098	0.2727272727272727	True
3496	2247	0.18181818181818182	True
3496	2761	0.09090909090909091	False
2597	215	0.9090909090909091	False
2597	3098	0.8181818181818182	True
2597	1228	0.7272727272727273	True
2597	3757	0.6363636363636364	True
2597	3550	0.5454545454545454	True
2597	2761	0.45454545454545453	False
2597	2287	0.36363636363636365	True
2597	3928	0.2727272727272727	True
2597	481	0.18181818181818182	False
2597	3769	0.09090909090909091	True
3101	215	0.9090909090909091	False
3101	2287	0.8181818181818182	True
3101	1228	0.7272727272727273	True
3101	2761	0.6363636363636364	False
3101	1826	0.5454545454545454	False
3101	1733	0.45454545454545453	True
3101	2858	0.36363636363636365	True
3101	1276	0.2727272727272727	True
3101	481	0.18181818181818182	False
3101	497	0.09090909090909091	False
4030	215	0.9090909090909091	False
4030	497	0.8181818181818182	False
4030	3098	0.7272727272727273	True
4030	2858	0.6363636363636364	True
4030	3757	0.5454545454545454	True
4030	2553	0.45454545454545453	True
4030	3928	0.36363636363636365	True
4030	481	0.2727272727272727	False
4030	3769	0.18181818181818182	True
4030	2761	0.09090909090909091	False
4011	215	0.9090909090909091	False
4011	497	0.8181818181818182	False
4011	481	0.7272727272727273	False
4011	2761	0.6363636363636364	False
4011	2287	0.5454545454545454	True
4011	3098	0.45454545454545453	True
4011	3823	0.36363636363636365	True
4011	1826	0.2727272727272727	False
4011	1228	0.18181818181818182	True
4011	2553	0.09090909090909091	True
2255	2761	0.9090909090909091	False
2255	481	0.8181818181818182	False
2255	215	0.7272727272727273	False
2255	2498	0.6363636363636364	True
2255	3823	0.5454545454545454	True
2255	1276	0.45454545454545453	True
2255	1826	0.36363636363636365	False
2255	3098	0.2727272727272727	True
2255	1392	0.18181818181818182	True
2255	2287	0.09090909090909091	True
1034	215	0.9090909090909091	False
1034	2761	0.8181818181818182	False
1034	1826	0.7272727272727273	False
1034	307	0.6363636363636364	True
1034	3928	0.5454545454545454	True
1034	1276	0.45454545454545453	True
1034	2553	0.36363636363636365	True
1034	1228	0.2727272727272727	True
1034	869	0.18181818181818182	True
1034	481	0.09090909090909091	False
5243	215	0.9090909090909091	False
5243	2287	0.8181818181818182	True
5243	481	0.7272727272727273	False
5243	497	0.6363636363636364	False
5243	2761	0.5454545454545454	False
5243	1228	0.45454545454545453	True
5243	1276	0.36363636363636365	True
5243	2247	0.2727272727272727	True
5243	101	0.18181818181818182	True
5243	3098	0.09090909090909091	True
4460	215	0.9090909090909091	False
4460	497	0.8181818181818182	False
4460	1228	0.7272727272727273	True
4460	3550	0.6363636363636364	True
4460	3385	0.5454545454545454	True
4460	101	0.45454545454545453	True
4460	3098	0.36363636363636365	True
4460	481	0.2727272727272727	False
4460	2761	0.18181818181818182	False
4460	2553	0.09090909090909091	True
5199	215	0.9090909090909091	False
5199	497	0.8181818181818182	False
5199	3928	0.7272727272727273	True
5199	3757	0.6363636363636364	True
5199	3098	0.5454545454545454	True
5199	2553	0.45454545454545453	True
5199	3823	0.36363636363636365	True
5199	2898	0.2727272727272727	True
5199	1228	0.18181818181818182	True
5199	2858	0.09090909090909091	True
177	215	0.9090909090909091	False
177	481	0.8181818181818182	False
177	497	0.7272727272727273	False
177	2761	0.6363636363636364	False
177	2553	0.5454545454545454	True
177	3928	0.45454545454545453	True
177	1826	0.36363636363636365	False
177	307	0.2727272727272727	True
177	1592	0.18181818181818182	True
177	1392	0.09090909090909091	True
467	3098	0.9090909090909091	True
467	215	0.8181818181818182	False
467	481	0.7272727272727273	False
467	497	0.6363636363636364	False
467	2761	0.5454545454545454	False
467	1826	0.45454545454545453	False
467	3928	0.36363636363636365	True
467	2553	0.2727272727272727	True
467	307	0.18181818181818182	True
467	869	0.09090909090909091	True
2333	215	0.9090909090909091	False
2333	3928	0.8181818181818182	True
2333	101	0.7272727272727273	True
2333	1228	0.6363636363636364	True
2333	2761	0.5454545454545454	False
2333	2858	0.45454545454545453	True
2333	497	0.36363636363636365	False
2333	3823	0.2727272727272727	True
2333	1826	0.18181818181818182	False
2333	307	0.09090909090909091	True
3705	2761	0.9090909090909091	False
3705	3385	0.8181818181818182	True
3705	481	0.7272727272727273	False
3705	2553	0.6363636363636364	True
3705	215	0.5454545454545454	False
3705	3757	0.45454545454545453	True
3705	3928	0.36363636363636365	True
3705	87	0.2727272727272727	True
3705	1276	0.18181818181818182	True
3705	3098	0.09090909090909091	True
3608	215	0.9090909090909091	False
3608	3757	0.8181818181818182	True
3608	3928	0.7272727272727273	True
3608	3098	0.6363636363636364	True
3608	2935	0.5454545454545454	True
3608	2858	0.45454545454545453	True
3608	1826	0.36363636363636365	False
3608	2553	0.2727272727272727	True
3608	3823	0.18181818181818182	True
3608	87	0.09090909090909091	True
855	215	0.9090909090909091	False
855	497	0.8181818181818182	False
855	2761	0.7272727272727273	False
855	3757	0.6363636363636364	True
855	1276	0.5454545454545454	True
855	3098	0.45454545454545453	True
855	2553	0.36363636363636365	True
855	1499	0.2727272727272727	True
855	2858	0.18181818181818182	True
855	3823	0.09090909090909091	True
545	215	0.9090909090909091	False
545	497	0.8181818181818182	False
545	1228	0.7272727272727273	True
545	481	0.6363636363636364	False
545	2247	0.5454545454545454	True
545	2287	0.45454545454545453	True
545	1826	0.36363636363636365	False
545	3098	0.2727272727272727	True
545	3823	0.18181818181818182	True
545	1276	0.09090909090909091	True
5234	215	0.9090909090909091	False
5234	3823	0.8181818181818182	True
5234	2761	0.7272727272727273	False
5234	2287	0.6363636363636364	True
5234	1276	0.5454545454545454	True
5234	481	0.45454545454545453	False
5234	3385	0.36363636363636365	True
5234	1228	0.2727272727272727	True
5234	497	0.18181818181818182	False
5234	101	0.09090909090909091	True
116	215	0.9090909090909091	False
116	481	0.8181818181818182	False
116	1826	0.7272727272727273	False
116	2761	0.6363636363636364	False
116	3098	0.5454545454545454	True
116	307	0.45454545454545453	True
116	87	0.36363636363636365	True
116	1592	0.2727272727272727	True
116	1733	0.18181818181818182	True
116	2935	0.09090909090909091	True
5939	215	0.9090909090909091	False
5939	3928	0.8181818181818182	True
5939	2761	0.7272727272727273	False
5939	2858	0.6363636363636364	True
5939	2498	0.5454545454545454	True
5939	3757	0.45454545454545453	True
5939	3098	0.36363636363636365	True
5939	1826	0.2727272727272727	False
5939	1733	0.18181818181818182	True
5939	481	0.09090909090909091	False
206	215	0.9090909090909091	False
206	481	0.8181818181818182	False
206	1826	0.7272727272727273	False
206	497	0.6363636363636364	False
206	2247	0.5454545454545454	True
206	2876	0.45454545454545453	True
206	2858	0.36363636363636365	True
206	2406	0.2727272727272727	True
206	307	0.18181818181818182	True
206	2287	0.09090909090909091	True
1490	215	0.9090909090909091	False
1490	497	0.8181818181818182	False
1490	481	0.7272727272727273	False
1490	3928	0.6363636363636364	True
1490	1228	0.5454545454545454	True
1490	3098	0.45454545454545453	True
1490	2761	0.36363636363636365	False
1490	1826	0.2727272727272727	False
1490	2553	0.18181818181818182	True
1490	3385	0.09090909090909091	True
5160	215	0.9090909090909091	False
5160	3928	0.8181818181818182	True
5160	481	0.7272727272727273	False
5160	3098	0.6363636363636364	True
5160	497	0.5454545454545454	False
5160	1276	0.45454545454545453	True
5160	1228	0.36363636363636365	True
5160	3550	0.2727272727272727	True
5160	1826	0.18181818181818182	False
5160	2287	0.09090909090909091	True
1304	215	0.9090909090909091	False
1304	2761	0.8181818181818182	False
1304	2287	0.7272727272727273	True
1304	3098	0.6363636363636364	True
1304	3757	0.5454545454545454	True
1304	3928	0.45454545454545453	True
1304	1276	0.36363636363636365	True
1304	481	0.2727272727272727	False
1304	3823	0.18181818181818182	True
1304	2898	0.09090909090909091	True
2095	497	0.9090909090909091	False
2095	215	0.8181818181818182	False
2095	2761	0.7272727272727273	False
2095	3385	0.6363636363636364	True
2095	481	0.5454545454545454	False
2095	3757	0.45454545454545453	True
2095	3098	0.36363636363636365	True
2095	3928	0.2727272727272727	True
2095	3823	0.18181818181818182	True
2095	1826	0.09090909090909091	False
1497	215	0.9090909090909091	False
1497	481	0.8181818181818182	False
1497	1826	0.7272727272727273	False
1497	3098	0.6363636363636364	True
1497	2761	0.5454545454545454	False
1497	497	0.45454545454545453	False
1497	3385	0.36363636363636365	True
1497	1228	0.2727272727272727	True
1497	3928	0.18181818181818182	True
1497	869	0.09090909090909091	True
2181	1228	0.9090909090909091	True
2181	215	0.8181818181818182	False
2181	3823	0.7272727272727273	True
2181	2761	0.6363636363636364	False
2181	3098	0.5454545454545454	True
2181	1826	0.45454545454545453	False
2181	1733	0.36363636363636365	True
2181	3385	0.2727272727272727	True
2181	3928	0.18181818181818182	True
2181	869	0.09090909090909091	True
267	215	0.9090909090909091	False
267	2761	0.8181818181818182	False
267	481	0.7272727272727273	False
267	497	0.6363636363636364	False
267	3757	0.5454545454545454	True
267	1228	0.45454545454545453	True
267	2553	0.36363636363636365	True
267	3823	0.2727272727272727	True
267	2287	0.18181818181818182	True
267	3550	0.09090909090909091	True
1948	215	0.9090909090909091	False
1948	2761	0.8181818181818182	False
1948	481	0.7272727272727273	False
1948	1592	0.6363636363636364	True
1948	3928	0.5454545454545454	True
1948	2935	0.45454545454545453	True
1948	3098	0.36363636363636365	True
1948	1826	0.2727272727272727	False
1948	3757	0.18181818181818182	True
1948	1733	0.09090909090909091	True
3288	215	0.9090909090909091	False
3288	1228	0.8181818181818182	True
3288	3928	0.7272727272727273	True
3288	3757	0.6363636363636364	True
3288	2247	0.5454545454545454	True
3288	3098	0.45454545454545453	True
3288	3550	0.36363636363636365	True
3288	2287	0.2727272727272727	True
3288	497	0.18181818181818182	False
3288	1276	0.09090909090909091	True
191	2553	0.9090909090909091	True
191	2876	0.8181818181818182	True
191	215	0.7272727272727273	False
191	481	0.6363636363636364	False
191	3823	0.5454545454545454	True
191	1826	0.45454545454545453	False
191	3757	0.36363636363636365	True
191	2761	0.2727272727272727	False
191	497	0.18181818181818182	False
191	2314	0.09090909090909091	True
4714	215	0.9090909090909091	False
4714	2761	0.8181818181818182	False
4714	497	0.7272727272727273	False
4714	481	0.6363636363636364	False
4714	1228	0.5454545454545454	True
4714	1826	0.45454545454545453	False
4714	2287	0.36363636363636365	True
4714	1276	0.2727272727272727	True
4714	3098	0.18181818181818182	True
4714	3823	0.09090909090909091	True
94	215	0.9090909090909091	False
94	481	0.8181818181818182	False
94	3928	0.7272727272727273	True
94	2247	0.6363636363636364	True
94	2761	0.5454545454545454	False
94	101	0.45454545454545453	True
94	1826	0.36363636363636365	False
94	3098	0.2727272727272727	True
94	1228	0.18181818181818182	True
94	1276	0.09090909090909091	True
