5674	1600	0.9090909090909091	False
5674	3785	0.8181818181818182	False
5674	3822	0.7272727272727273	False
5674	2346	0.6363636363636364	True
5674	2529	0.5454545454545454	False
5674	2325	0.45454545454545453	True
5674	2795	0.36363636363636365	True
5674	276	0.2727272727272727	True
5674	2938	0.18181818181818182	True
5674	594	0.09090909090909091	True
5390	1600	0.9090909090909091	False
5390	3785	0.8181818181818182	False
5390	2529	0.7272727272727273	False
5390	2325	0.6363636363636364	True
5390	594	0.5454545454545454	True
5390	1476	0.45454545454545453	False
5390	2795	0.36363636363636365	True
5390	3822	0.2727272727272727	False
5390	2938	0.18181818181818182	True
5390	2626	0.09090909090909091	True
4980	1600	0.9090909090909091	False
4980	3785	0.8181818181818182	False
4980	3822	0.7272727272727273	False
4980	2529	0.6363636363636364	False
4980	2795	0.5454545454545454	True
4980	1476	0.45454545454545453	False
4980	1671	0.36363636363636365	True
4980	2860	0.2727272727272727	True
4980	2626	0.18181818181818182	True
4980	276	0.09090909090909091	True
2951	1600	0.9090909090909091	False
2951	3785	0.8181818181818182	False
2951	2795	0.7272727272727273	True
2951	276	0.6363636363636364	True
2951	2529	0.5454545454545454	False
2951	3822	0.45454545454545453	False
2951	2346	0.36363636363636365	True
2951	2938	0.2727272727272727	True
2951	2886	0.18181818181818182	True
2951	2325	0.09090909090909091	True
4953	1600	0.9090909090909091	False
4953	3785	0.8181818181818182	False
4953	2938	0.7272727272727273	True
4953	3822	0.6363636363636364	False
4953	2795	0.5454545454545454	True
4953	276	0.45454545454545453	True
4953	1671	0.36363636363636365	True
4953	2860	0.2727272727272727	True
4953	2529	0.18181818181818182	False
4953	594	0.09090909090909091	True
3253	1600	0.9090909090909091	False
3253	3785	0.8181818181818182	False
3253	2938	0.7272727272727273	True
3253	2346	0.6363636363636364	True
3253	3822	0.5454545454545454	False
3253	2325	0.45454545454545453	True
3253	2795	0.36363636363636365	True
3253	2112	0.2727272727272727	True
3253	276	0.18181818181818182	True
3253	2005	0.09090909090909091	True
4232	1600	0.9090909090909091	False
4232	3785	0.8181818181818182	False
4232	1476	0.7272727272727273	False
4232	3822	0.6363636363636364	False
4232	1671	0.5454545454545454	True
4232	2529	0.45454545454545453	False
4232	2626	0.36363636363636365	True
4232	2860	0.2727272727272727	True
4232	2938	0.18181818181818182	True
4232	2795	0.09090909090909091	True
2578	1600	0.9090909090909091	False
2578	3785	0.8181818181818182	False
2578	2938	0.7272727272727273	True
2578	1671	0.6363636363636364	True
2578	2529	0.5454545454545454	False
2578	2795	0.45454545454545453	True
2578	1476	0.36363636363636365	False
2578	2346	0.2727272727272727	True
2578	3822	0.18181818181818182	False
2578	2453	0.09090909090909091	True
476	1600	0.9090909090909091	False
476	3785	0.8181818181818182	False
476	2529	0.7272727272727273	False
476	3822	0.6363636363636364	False
476	276	0.5454545454545454	True
476	594	0.45454545454545453	True
476	1476	0.36363636363636365	False
476	2626	0.2727272727272727	True
476	2938	0.18181818181818182	True
476	2325	0.09090909090909091	True
1939	1600	0.9090909090909091	False
1939	3785	0.8181818181818182	False
1939	1671	0.7272727272727273	True
1939	3822	0.6363636363636364	False
1939	2795	0.5454545454545454	True
1939	2529	0.45454545454545453	False
1939	2860	0.36363636363636365	True
1939	2938	0.2727272727272727	True
1939	1476	0.18181818181818182	False
1939	2346	0.09090909090909091	True
5414	1600	0.9090909090909091	False
5414	3785	0.8181818181818182	False
5414	2529	0.7272727272727273	False
5414	3822	0.6363636363636364	False
5414	376	0.5454545454545454	True
5414	1476	0.45454545454545453	False
5414	2325	0.36363636363636365	True
5414	2112	0.2727272727272727	True
5414	2860	0.18181818181818182	True
5414	2626	0.09090909090909091	True
6013	1600	0.9090909090909091	False
6013	3785	0.8181818181818182	False
6013	1476	0.7272727272727273	False
6013	2529	0.6363636363636364	False
6013	2938	0.5454545454545454	True
6013	2325	0.45454545454545453	True
6013	594	0.36363636363636365	True
6013	2626	0.2727272727272727	True
6013	1671	0.18181818181818182	True
6013	2860	0.09090909090909091	True
4808	1600	0.9090909090909091	False
4808	3785	0.8181818181818182	False
4808	594	0.7272727272727273	True
4808	2626	0.6363636363636364	True
4808	2529	0.5454545454545454	False
4808	3822	0.45454545454545453	False
4808	1476	0.36363636363636365	False
4808	2325	0.2727272727272727	True
4808	276	0.18181818181818182	True
4808	2346	0.09090909090909091	True
1528	1600	0.9090909090909091	False
1528	3785	0.8181818181818182	False
1528	2529	0.7272727272727273	False
1528	1476	0.6363636363636364	False
1528	2626	0.5454545454545454	True
1528	3822	0.45454545454545453	False
1528	376	0.36363636363636365	True
1528	2325	0.2727272727272727	True
1528	594	0.18181818181818182	True
1528	2390	0.09090909090909091	True
3300	1600	0.9090909090909091	False
3300	3785	0.8181818181818182	False
3300	2938	0.7272727272727273	True
3300	3822	0.6363636363636364	False
3300	276	0.5454545454545454	True
3300	1671	0.45454545454545453	True
3300	2886	0.36363636363636365	True
3300	2860	0.2727272727272727	True
3300	2112	0.18181818181818182	True
3300	2940	0.09090909090909091	True
5244	1600	0.9090909090909091	False
5244	3785	0.8181818181818182	False
5244	2938	0.7272727272727273	True
5244	2529	0.6363636363636364	False
5244	3822	0.5454545454545454	False
5244	2795	0.45454545454545453	True
5244	1476	0.36363636363636365	False
5244	2626	0.2727272727272727	True
5244	376	0.18181818181818182	True
5244	2860	0.09090909090909091	True
4117	1600	0.9090909090909091	False
4117	3785	0.8181818181818182	False
4117	2795	0.7272727272727273	True
4117	2325	0.6363636363636364	True
4117	276	0.5454545454545454	True
4117	1671	0.45454545454545453	True
4117	2529	0.36363636363636365	False
4117	3822	0.2727272727272727	False
4117	2938	0.18181818181818182	True
4117	2346	0.09090909090909091	True
2025	1600	0.9090909090909091	False
2025	3785	0.8181818181818182	False
2025	3822	0.7272727272727273	False
2025	1671	0.6363636363636364	True
2025	2529	0.5454545454545454	False
2025	2795	0.45454545454545453	True
2025	1476	0.36363636363636365	False
2025	2860	0.2727272727272727	True
2025	594	0.18181818181818182	True
2025	276	0.09090909090909091	True
4645	1600	0.9090909090909091	False
4645	3785	0.8181818181818182	False
4645	3822	0.7272727272727273	False
4645	2938	0.6363636363636364	True
4645	2112	0.5454545454545454	True
4645	2529	0.45454545454545453	False
4645	594	0.36363636363636365	True
4645	1476	0.2727272727272727	False
4645	2860	0.18181818181818182	True
4645	376	0.09090909090909091	True
3488	1600	0.9090909090909091	False
3488	3785	0.8181818181818182	False
3488	2938	0.7272727272727273	True
3488	1671	0.6363636363636364	True
3488	2529	0.5454545454545454	False
3488	2795	0.45454545454545453	True
3488	2325	0.36363636363636365	True
3488	276	0.2727272727272727	True
3488	1476	0.18181818181818182	False
3488	2112	0.09090909090909091	True
4193	1600	0.9090909090909091	False
4193	3785	0.8181818181818182	False
4193	3822	0.7272727272727273	False
4193	2346	0.6363636363636364	True
4193	2795	0.5454545454545454	True
4193	2529	0.45454545454545453	False
4193	376	0.36363636363636365	True
4193	2453	0.2727272727272727	True
4193	2325	0.18181818181818182	True
4193	594	0.09090909090909091	True
2080	1600	0.9090909090909091	False
2080	3785	0.8181818181818182	False
2080	3822	0.7272727272727273	False
2080	2938	0.6363636363636364	True
2080	376	0.5454545454545454	True
2080	1476	0.45454545454545453	False
2080	2325	0.36363636363636365	True
2080	2346	0.2727272727272727	True
2080	2529	0.18181818181818182	False
2080	276	0.09090909090909091	True
77	1600	0.9090909090909091	False
77	3785	0.8181818181818182	False
77	2938	0.7272727272727273	True
77	3822	0.6363636363636364	False
77	2795	0.5454545454545454	True
77	2346	0.45454545454545453	True
77	2860	0.36363636363636365	True
77	2529	0.2727272727272727	False
77	1671	0.18181818181818182	True
77	276	0.09090909090909091	True
4063	1600	0.9090909090909091	False
4063	3785	0.8181818181818182	False
4063	3822	0.7272727272727273	False
4063	2795	0.6363636363636364	True
4063	276	0.5454545454545454	True
4063	2112	0.45454545454545453	True
4063	2860	0.36363636363636365	True
4063	1476	0.2727272727272727	False
4063	2529	0.18181818181818182	False
4063	2938	0.09090909090909091	True
2183	1600	0.9090909090909091	False
2183	3785	0.8181818181818182	False
2183	2529	0.7272727272727273	False
2183	3822	0.6363636363636364	False
2183	276	0.5454545454545454	True
2183	594	0.45454545454545453	True
2183	2325	0.36363636363636365	True
2183	2860	0.2727272727272727	True
2183	2795	0.18181818181818182	True
2183	2112	0.09090909090909091	True
3689	1600	0.9090909090909091	False
3689	3785	0.8181818181818182	False
3689	2529	0.7272727272727273	False
3689	3822	0.6363636363636364	False
3689	376	0.5454545454545454	True
3689	2325	0.45454545454545453	True
3689	2626	0.36363636363636365	True
3689	2795	0.2727272727272727	True
3689	594	0.18181818181818182	True
3689	2860	0.09090909090909091	True
1082	1600	0.9090909090909091	False
1082	3785	0.8181818181818182	False
1082	2325	0.7272727272727273	True
1082	2529	0.6363636363636364	False
1082	2795	0.5454545454545454	True
1082	3822	0.45454545454545453	False
1082	2346	0.36363636363636365	True
1082	3389	0.2727272727272727	True
1082	1671	0.18181818181818182	True
1082	276	0.09090909090909091	True
4170	1600	0.9090909090909091	False
4170	3785	0.8181818181818182	False
4170	2795	0.7272727272727273	True
4170	276	0.6363636363636364	True
4170	3822	0.5454545454545454	False
4170	2346	0.45454545454545453	True
4170	2529	0.36363636363636365	False
4170	2325	0.2727272727272727	True
4170	2886	0.18181818181818182	True
4170	2860	0.09090909090909091	True
2093	1600	0.9090909090909091	False
2093	3785	0.8181818181818182	False
2093	2529	0.7272727272727273	False
2093	3822	0.6363636363636364	False
2093	2325	0.5454545454545454	True
2093	1476	0.45454545454545453	False
2093	2860	0.36363636363636365	True
2093	276	0.2727272727272727	True
2093	2938	0.18181818181818182	True
2093	376	0.09090909090909091	True
6026	1600	0.9090909090909091	False
6026	3785	0.8181818181818182	False
6026	3822	0.7272727272727273	False
6026	276	0.6363636363636364	True
6026	2529	0.5454545454545454	False
6026	376	0.45454545454545453	True
6026	1476	0.36363636363636365	False
6026	2886	0.2727272727272727	True
6026	2112	0.18181818181818182	True
6026	2860	0.09090909090909091	True
5773	1600	0.9090909090909091	False
5773	3785	0.8181818181818182	False
5773	276	0.7272727272727273	True
5773	2346	0.6363636363636364	True
5773	2529	0.5454545454545454	False
5773	3822	0.45454545454545453	False
5773	2795	0.36363636363636365	True
5773	1476	0.2727272727272727	False
5773	2938	0.18181818181818182	True
5773	1671	0.09090909090909091	True
5545	1600	0.9090909090909091	False
5545	3785	0.8181818181818182	False
5545	2795	0.7272727272727273	True
5545	2529	0.6363636363636364	False
5545	3822	0.5454545454545454	False
5545	2938	0.45454545454545453	True
5545	2325	0.36363636363636365	True
5545	594	0.2727272727272727	True
5545	1476	0.18181818181818182	False
5545	2860	0.09090909090909091	True
3763	1600	0.9090909090909091	False
3763	3785	0.8181818181818182	False
3763	2529	0.7272727272727273	False
3763	3822	0.6363636363636364	False
3763	2795	0.5454545454545454	True
3763	2112	0.45454545454545453	True
3763	2860	0.36363636363636365	True
3763	1476	0.2727272727272727	False
3763	276	0.18181818181818182	True
3763	2325	0.09090909090909091	True
4240	1600	0.9090909090909091	False
4240	3785	0.8181818181818182	False
4240	2938	0.7272727272727273	True
4240	3822	0.6363636363636364	False
4240	2860	0.5454545454545454	True
4240	1671	0.45454545454545453	True
4240	2886	0.36363636363636365	True
4240	1476	0.2727272727272727	False
4240	376	0.18181818181818182	True
4240	276	0.09090909090909091	True
3716	1600	0.9090909090909091	False
3716	3785	0.8181818181818182	False
3716	2529	0.7272727272727273	False
3716	1671	0.6363636363636364	True
3716	276	0.5454545454545454	True
3716	2325	0.45454545454545453	True
3716	1476	0.36363636363636365	False
3716	2938	0.2727272727272727	True
3716	2346	0.18181818181818182	True
3716	3822	0.09090909090909091	False
4343	1600	0.9090909090909091	False
4343	3785	0.8181818181818182	False
4343	3822	0.7272727272727273	False
4343	276	0.6363636363636364	True
4343	2529	0.5454545454545454	False
4343	2325	0.45454545454545453	True
4343	1476	0.36363636363636365	False
4343	2795	0.2727272727272727	True
4343	2626	0.18181818181818182	True
4343	594	0.09090909090909091	True
3605	1600	0.9090909090909091	False
3605	3785	0.8181818181818182	False
3605	2938	0.7272727272727273	True
3605	2529	0.6363636363636364	False
3605	1671	0.5454545454545454	True
3605	1476	0.45454545454545453	False
3605	2860	0.36363636363636365	True
3605	376	0.2727272727272727	True
3605	3822	0.18181818181818182	False
3605	2940	0.09090909090909091	True
3610	1600	0.9090909090909091	False
3610	3785	0.8181818181818182	False
3610	2529	0.7272727272727273	False
3610	532	0.6363636363636364	True
3610	2626	0.5454545454545454	True
3610	1476	0.45454545454545453	False
3610	2938	0.36363636363636365	True
3610	1671	0.2727272727272727	True
3610	2346	0.18181818181818182	True
3610	2860	0.09090909090909091	True
3592	1600	0.9090909090909091	False
3592	3785	0.8181818181818182	False
3592	2938	0.7272727272727273	True
3592	3822	0.6363636363636364	False
3592	1476	0.5454545454545454	False
3592	2529	0.45454545454545453	False
3592	2626	0.36363636363636365	True
3592	2346	0.2727272727272727	True
3592	2860	0.18181818181818182	True
3592	594	0.09090909090909091	True
2733	1600	0.9090909090909091	False
2733	3785	0.8181818181818182	False
2733	3822	0.7272727272727273	False
2733	2529	0.6363636363636364	False
2733	276	0.5454545454545454	True
2733	2795	0.45454545454545453	True
2733	2346	0.36363636363636365	True
2733	1671	0.2727272727272727	True
2733	2938	0.18181818181818182	True
2733	2860	0.09090909090909091	True
1557	1600	0.9090909090909091	False
1557	3785	0.8181818181818182	False
1557	2938	0.7272727272727273	True
1557	2529	0.6363636363636364	False
1557	3822	0.5454545454545454	False
1557	1476	0.45454545454545453	False
1557	276	0.36363636363636365	True
1557	2860	0.2727272727272727	True
1557	2325	0.18181818181818182	True
1557	594	0.09090909090909091	True
28	1600	0.9090909090909091	False
28	3785	0.8181818181818182	False
28	2529	0.7272727272727273	False
28	1476	0.6363636363636364	False
28	3822	0.5454545454545454	False
28	276	0.45454545454545453	True
28	2626	0.36363636363636365	True
28	376	0.2727272727272727	True
28	1671	0.18181818181818182	True
28	2860	0.09090909090909091	True
3905	1600	0.9090909090909091	False
3905	3785	0.8181818181818182	False
3905	3822	0.7272727272727273	False
3905	2938	0.6363636363636364	True
3905	1476	0.5454545454545454	False
3905	2346	0.45454545454545453	True
3905	2529	0.36363636363636365	False
3905	2325	0.2727272727272727	True
3905	2626	0.18181818181818182	True
3905	594	0.09090909090909091	True
4670	1600	0.9090909090909091	False
4670	3785	0.8181818181818182	False
4670	2529	0.7272727272727273	False
4670	3822	0.6363636363636364	False
4670	376	0.5454545454545454	True
4670	1476	0.45454545454545453	False
4670	2626	0.36363636363636365	True
4670	2325	0.2727272727272727	True
4670	594	0.18181818181818182	True
4670	276	0.09090909090909091	True
3427	1600	0.9090909090909091	False
3427	3785	0.8181818181818182	False
3427	2325	0.7272727272727273	True
3427	2529	0.6363636363636364	False
3427	594	0.5454545454545454	True
3427	1476	0.45454545454545453	False
3427	2346	0.36363636363636365	True
3427	3822	0.2727272727272727	False
3427	2938	0.18181818181818182	True
3427	1671	0.09090909090909091	True
214	1600	0.9090909090909091	False
214	3785	0.8181818181818182	False
214	2795	0.7272727272727273	True
214	2325	0.6363636363636364	True
214	2529	0.5454545454545454	False
214	3822	0.45454545454545453	False
214	2346	0.36363636363636365	True
214	1671	0.2727272727272727	True
214	276	0.18181818181818182	True
214	1476	0.09090909090909091	False
1413	1600	0.9090909090909091	False
1413	3785	0.8181818181818182	False
1413	3822	0.7272727272727273	False
1413	276	0.6363636363636364	True
1413	2112	0.5454545454545454	True
1413	1476	0.45454545454545453	False
1413	2860	0.36363636363636365	True
1413	2886	0.2727272727272727	True
1413	2529	0.18181818181818182	False
1413	2626	0.09090909090909091	True
5997	1600	0.9090909090909091	False
5997	3785	0.8181818181818182	False
5997	2938	0.7272727272727273	True
5997	594	0.6363636363636364	True
5997	276	0.5454545454545454	True
5997	2346	0.45454545454545453	True
5997	1476	0.36363636363636365	False
5997	532	0.2727272727272727	True
5997	1671	0.18181818181818182	True
5997	2325	0.09090909090909091	True
777	1600	0.9090909090909091	False
777	3785	0.8181818181818182	False
777	3822	0.7272727272727273	False
777	2938	0.6363636363636364	True
777	2795	0.5454545454545454	True
777	2529	0.45454545454545453	False
777	2860	0.36363636363636365	True
777	276	0.2727272727272727	True
777	3389	0.18181818181818182	True
777	2346	0.09090909090909091	True
5432	1600	0.9090909090909091	False
5432	3785	0.8181818181818182	False
5432	2346	0.7272727272727273	True
5432	2529	0.6363636363636364	False
5432	3822	0.5454545454545454	False
5432	2795	0.45454545454545453	True
5432	2860	0.36363636363636365	True
5432	276	0.2727272727272727	True
5432	1671	0.18181818181818182	True
5432	2938	0.09090909090909091	True
4365	1600	0.9090909090909091	False
4365	3785	0.8181818181818182	False
4365	2529	0.7272727272727273	False
4365	2325	0.6363636363636364	True
4365	1476	0.5454545454545454	False
4365	3822	0.45454545454545453	False
4365	594	0.36363636363636365	True
4365	2626	0.2727272727272727	True
4365	2860	0.18181818181818182	True
4365	276	0.09090909090909091	True
2994	1600	0.9090909090909091	False
2994	3785	0.8181818181818182	False
2994	2529	0.7272727272727273	False
2994	3822	0.6363636363636364	False
2994	1476	0.5454545454545454	False
2994	2938	0.45454545454545453	True
2994	1671	0.36363636363636365	True
2994	276	0.2727272727272727	True
2994	2626	0.18181818181818182	True
2994	2860	0.09090909090909091	True
4445	1600	0.9090909090909091	False
4445	3785	0.8181818181818182	False
4445	2529	0.7272727272727273	False
4445	376	0.6363636363636364	True
4445	3822	0.5454545454545454	False
4445	2325	0.45454545454545453	True
4445	1476	0.36363636363636365	False
4445	1671	0.2727272727272727	True
4445	2938	0.18181818181818182	True
4445	2795	0.09090909090909091	True
5167	1600	0.9090909090909091	False
5167	3785	0.8181818181818182	False
5167	2938	0.7272727272727273	True
5167	1476	0.6363636363636364	False
5167	3822	0.5454545454545454	False
5167	2529	0.45454545454545453	False
5167	2325	0.36363636363636365	True
5167	2626	0.2727272727272727	True
5167	2860	0.18181818181818182	True
5167	1671	0.09090909090909091	True
1277	1600	0.9090909090909091	False
1277	3785	0.8181818181818182	False
1277	2529	0.7272727272727273	False
1277	376	0.6363636363636364	True
1277	3822	0.5454545454545454	False
1277	2938	0.45454545454545453	True
1277	2346	0.36363636363636365	True
1277	2860	0.2727272727272727	True
1277	1671	0.18181818181818182	True
1277	276	0.09090909090909091	True
3487	1600	0.9090909090909091	False
3487	3785	0.8181818181818182	False
3487	2938	0.7272727272727273	True
3487	276	0.6363636363636364	True
3487	2860	0.5454545454545454	True
3487	3822	0.45454545454545453	False
3487	594	0.36363636363636365	True
3487	1671	0.2727272727272727	True
3487	1476	0.18181818181818182	False
3487	2112	0.09090909090909091	True
3777	1600	0.9090909090909091	False
3777	3785	0.8181818181818182	False
3777	2529	0.7272727272727273	False
3777	3822	0.6363636363636364	False
3777	1476	0.5454545454545454	False
3777	2795	0.45454545454545453	True
3777	2626	0.36363636363636365	True
3777	594	0.2727272727272727	True
3777	2325	0.18181818181818182	True
3777	2860	0.09090909090909091	True
4020	1600	0.9090909090909091	False
4020	3785	0.8181818181818182	False
4020	2529	0.7272727272727273	False
4020	594	0.6363636363636364	True
4020	2795	0.5454545454545454	True
4020	3822	0.45454545454545453	False
4020	2860	0.36363636363636365	True
4020	2325	0.2727272727272727	True
4020	1476	0.18181818181818182	False
4020	2626	0.09090909090909091	True
3176	1600	0.9090909090909091	False
3176	3785	0.8181818181818182	False
3176	2938	0.7272727272727273	True
3176	1476	0.6363636363636364	False
3176	1671	0.5454545454545454	True
3176	2860	0.45454545454545453	True
3176	2529	0.36363636363636365	False
3176	3822	0.2727272727272727	False
3176	2005	0.18181818181818182	True
3176	2795	0.09090909090909091	True
3352	1600	0.9090909090909091	False
3352	3785	0.8181818181818182	False
3352	3822	0.7272727272727273	False
3352	2529	0.6363636363636364	False
3352	276	0.5454545454545454	True
3352	2325	0.45454545454545453	True
3352	1476	0.36363636363636365	False
3352	2795	0.2727272727272727	True
3352	2860	0.18181818181818182	True
3352	376	0.09090909090909091	True
5456	1600	0.9090909090909091	False
5456	3785	0.8181818181818182	False
5456	2795	0.7272727272727273	True
5456	594	0.6363636363636364	True
5456	2529	0.5454545454545454	False
5456	1671	0.45454545454545453	True
5456	2860	0.36363636363636365	True
5456	2346	0.2727272727272727	True
5456	3822	0.18181818181818182	False
5456	2325	0.09090909090909091	True
2929	1600	0.9090909090909091	False
2929	3785	0.8181818181818182	False
2929	2346	0.7272727272727273	True
2929	2529	0.6363636363636364	False
2929	594	0.5454545454545454	True
2929	3822	0.45454545454545453	False
2929	2325	0.36363636363636365	True
2929	2795	0.2727272727272727	True
2929	1671	0.18181818181818182	True
2929	276	0.09090909090909091	True
5173	1600	0.9090909090909091	False
5173	3785	0.8181818181818182	False
5173	3822	0.7272727272727273	False
5173	2529	0.6363636363636364	False
5173	594	0.5454545454545454	True
5173	2626	0.45454545454545453	True
5173	1476	0.36363636363636365	False
5173	2860	0.2727272727272727	True
5173	276	0.18181818181818182	True
5173	2795	0.09090909090909091	True
4733	1600	0.9090909090909091	False
4733	3785	0.8181818181818182	False
4733	1671	0.7272727272727273	True
4733	3822	0.6363636363636364	False
4733	2529	0.5454545454545454	False
4733	594	0.45454545454545453	True
4733	2938	0.36363636363636365	True
4733	2860	0.2727272727272727	True
4733	2346	0.18181818181818182	True
4733	2795	0.09090909090909091	True
3424	1600	0.9090909090909091	False
3424	3785	0.8181818181818182	False
3424	3822	0.7272727272727273	False
3424	2938	0.6363636363636364	True
3424	1476	0.5454545454545454	False
3424	2529	0.45454545454545453	False
3424	2626	0.36363636363636365	True
3424	594	0.2727272727272727	True
3424	376	0.18181818181818182	True
3424	532	0.09090909090909091	True
5944	1600	0.9090909090909091	False
5944	3785	0.8181818181818182	False
5944	3822	0.7272727272727273	False
5944	1476	0.6363636363636364	False
5944	2529	0.5454545454545454	False
5944	2112	0.45454545454545453	True
5944	988	0.36363636363636365	True
5944	2626	0.2727272727272727	True
5944	2325	0.18181818181818182	True
5944	2346	0.09090909090909091	True
2071	1600	0.9090909090909091	False
2071	3785	0.8181818181818182	False
2071	2938	0.7272727272727273	True
2071	2346	0.6363636363636364	True
2071	2325	0.5454545454545454	True
2071	594	0.45454545454545453	True
2071	1476	0.36363636363636365	False
2071	276	0.2727272727272727	True
2071	3822	0.18181818181818182	False
2071	2529	0.09090909090909091	False
1958	1600	0.9090909090909091	False
1958	3785	0.8181818181818182	False
1958	2529	0.7272727272727273	False
1958	1671	0.6363636363636364	True
1958	2325	0.5454545454545454	True
1958	3822	0.45454545454545453	False
1958	376	0.36363636363636365	True
1958	1476	0.2727272727272727	False
1958	2860	0.18181818181818182	True
1958	2938	0.09090909090909091	True
1998	1600	0.9090909090909091	False
1998	3785	0.8181818181818182	False
1998	1671	0.7272727272727273	True
1998	2346	0.6363636363636364	True
1998	2938	0.5454545454545454	True
1998	1476	0.45454545454545453	False
1998	2529	0.36363636363636365	False
1998	3822	0.2727272727272727	False
1998	2626	0.18181818181818182	True
1998	988	0.09090909090909091	True
3217	1600	0.9090909090909091	False
3217	3785	0.8181818181818182	False
3217	2529	0.7272727272727273	False
3217	1476	0.6363636363636364	False
3217	2346	0.5454545454545454	True
3217	3822	0.45454545454545453	False
3217	1671	0.36363636363636365	True
3217	2938	0.2727272727272727	True
3217	2325	0.18181818181818182	True
3217	2860	0.09090909090909091	True
1677	1600	0.9090909090909091	False
1677	3785	0.8181818181818182	False
1677	3822	0.7272727272727273	False
1677	2529	0.6363636363636364	False
1677	1476	0.5454545454545454	False
1677	1671	0.45454545454545453	True
1677	2940	0.36363636363636365	True
1677	2626	0.2727272727272727	True
1677	2325	0.18181818181818182	True
1677	376	0.09090909090909091	True
4351	1600	0.9090909090909091	False
4351	3785	0.8181818181818182	False
4351	2938	0.7272727272727273	True
4351	3822	0.6363636363636364	False
4351	2529	0.5454545454545454	False
4351	1671	0.45454545454545453	True
4351	376	0.36363636363636365	True
4351	1476	0.2727272727272727	False
4351	2940	0.18181818181818182	True
4351	276	0.09090909090909091	True
1063	1600	0.9090909090909091	False
1063	3785	0.8181818181818182	False
1063	3822	0.7272727272727273	False
1063	2529	0.6363636363636364	False
1063	2325	0.5454545454545454	True
1063	376	0.45454545454545453	True
1063	276	0.36363636363636365	True
1063	594	0.2727272727272727	True
1063	1476	0.18181818181818182	False
1063	2940	0.09090909090909091	True
1210	1600	0.9090909090909091	False
1210	3785	0.8181818181818182	False
1210	2529	0.7272727272727273	False
1210	3822	0.6363636363636364	False
1210	1476	0.5454545454545454	False
1210	2626	0.45454545454545453	True
1210	2346	0.36363636363636365	True
1210	594	0.2727272727272727	True
1210	2860	0.18181818181818182	True
1210	2325	0.09090909090909091	True
3894	1600	0.9090909090909091	False
3894	3785	0.8181818181818182	False
3894	2529	0.7272727272727273	False
3894	2325	0.6363636363636364	True
3894	1476	0.5454545454545454	False
3894	3822	0.45454545454545453	False
3894	2626	0.36363636363636365	True
3894	276	0.2727272727272727	True
3894	594	0.18181818181818182	True
3894	2346	0.09090909090909091	True
4144	1600	0.9090909090909091	False
4144	3785	0.8181818181818182	False
4144	2938	0.7272727272727273	True
4144	1476	0.6363636363636364	False
4144	2529	0.5454545454545454	False
4144	1671	0.45454545454545453	True
4144	2860	0.36363636363636365	True
4144	3822	0.2727272727272727	False
4144	594	0.18181818181818182	True
4144	2112	0.09090909090909091	True
1054	1600	0.9090909090909091	False
1054	3785	0.8181818181818182	False
1054	2529	0.7272727272727273	False
1054	2795	0.6363636363636364	True
1054	2938	0.5454545454545454	True
1054	1671	0.45454545454545453	True
1054	2346	0.36363636363636365	True
1054	2453	0.2727272727272727	True
1054	3822	0.18181818181818182	False
1054	532	0.09090909090909091	True
5793	1600	0.9090909090909091	False
5793	3785	0.8181818181818182	False
5793	2529	0.7272727272727273	False
5793	3822	0.6363636363636364	False
5793	2860	0.5454545454545454	True
5793	1476	0.45454545454545453	False
5793	2626	0.36363636363636365	True
5793	376	0.2727272727272727	True
5793	276	0.18181818181818182	True
5793	2938	0.09090909090909091	True
5557	1600	0.9090909090909091	False
5557	3785	0.8181818181818182	False
5557	594	0.7272727272727273	True
5557	2795	0.6363636363636364	True
5557	2346	0.5454545454545454	True
5557	276	0.45454545454545453	True
5557	3822	0.36363636363636365	False
5557	2938	0.2727272727272727	True
5557	2325	0.18181818181818182	True
5557	2529	0.09090909090909091	False
4484	1600	0.9090909090909091	False
4484	3785	0.8181818181818182	False
4484	3822	0.7272727272727273	False
4484	2112	0.6363636363636364	True
4484	276	0.5454545454545454	True
4484	2938	0.45454545454545453	True
4484	2860	0.36363636363636365	True
4484	1476	0.2727272727272727	False
4484	594	0.18181818181818182	True
4484	2795	0.09090909090909091	True
3523	1600	0.9090909090909091	False
3523	3785	0.8181818181818182	False
3523	276	0.7272727272727273	True
3523	3822	0.6363636363636364	False
3523	2529	0.5454545454545454	False
3523	594	0.45454545454545453	True
3523	2112	0.36363636363636365	True
3523	2346	0.2727272727272727	True
3523	2795	0.18181818181818182	True
3523	2860	0.09090909090909091	True
1920	1600	0.9090909090909091	False
1920	3785	0.8181818181818182	False
1920	2529	0.7272727272727273	False
1920	3822	0.6363636363636364	False
1920	2795	0.5454545454545454	True
1920	988	0.45454545454545453	True
1920	1476	0.36363636363636365	False
1920	2860	0.2727272727272727	True
1920	2346	0.18181818181818182	True
1920	376	0.09090909090909091	True
5993	1600	0.9090909090909091	False
5993	3785	0.8181818181818182	False
5993	2529	0.7272727272727273	False
5993	276	0.6363636363636364	True
5993	3822	0.5454545454545454	False
5993	2112	0.45454545454545453	True
5993	2938	0.36363636363636365	True
5993	2860	0.2727272727272727	True
5993	1671	0.18181818181818182	True
5993	2346	0.09090909090909091	True
5797	1600	0.9090909090909091	False
5797	3785	0.8181818181818182	False
5797	1476	0.7272727272727273	False
5797	2529	0.6363636363636364	False
5797	3822	0.5454545454545454	False
5797	2626	0.45454545454545453	True
5797	594	0.36363636363636365	True
5797	2325	0.2727272727272727	True
5797	2346	0.18181818181818182	True
5797	532	0.09090909090909091	True
455	1600	0.9090909090909091	False
455	3785	0.8181818181818182	False
455	1476	0.7272727272727273	False
455	2529	0.6363636363636364	False
455	2325	0.5454545454545454	True
455	3822	0.45454545454545453	False
455	594	0.36363636363636365	True
455	2940	0.2727272727272727	True
455	2938	0.18181818181818182	True
455	1671	0.09090909090909091	True
3970	1600	0.9090909090909091	False
3970	3785	0.8181818181818182	False
3970	2795	0.7272727272727273	True
3970	3822	0.6363636363636364	False
3970	2626	0.5454545454545454	True
3970	2529	0.45454545454545453	False
3970	2453	0.36363636363636365	True
3970	1476	0.2727272727272727	False
3970	2860	0.18181818181818182	True
3970	2346	0.09090909090909091	True
5599	1600	0.9090909090909091	False
5599	3785	0.8181818181818182	False
5599	276	0.7272727272727273	True
5599	2795	0.6363636363636364	True
5599	2938	0.5454545454545454	True
5599	2346	0.45454545454545453	True
5599	3822	0.36363636363636365	False
5599	2325	0.2727272727272727	True
5599	2112	0.18181818181818182	True
5599	2529	0.09090909090909091	False
5934	1600	0.9090909090909091	False
5934	3785	0.8181818181818182	False
5934	2938	0.7272727272727273	True
5934	2795	0.6363636363636364	True
5934	1671	0.5454545454545454	True
5934	3822	0.45454545454545453	False
5934	2860	0.36363636363636365	True
5934	2112	0.2727272727272727	True
5934	2529	0.18181818181818182	False
5934	276	0.09090909090909091	True
1782	1600	0.9090909090909091	False
1782	3785	0.8181818181818182	False
1782	1671	0.7272727272727273	True
1782	2938	0.6363636363636364	True
1782	2795	0.5454545454545454	True
1782	3822	0.45454545454545453	False
1782	2860	0.36363636363636365	True
1782	1476	0.2727272727272727	False
1782	2346	0.18181818181818182	True
1782	2529	0.09090909090909091	False
719	1600	0.9090909090909091	False
719	3785	0.8181818181818182	False
719	2325	0.7272727272727273	True
719	376	0.6363636363636364	True
719	1476	0.5454545454545454	False
719	3822	0.45454545454545453	False
719	2529	0.36363636363636365	False
719	2938	0.2727272727272727	True
719	1671	0.18181818181818182	True
719	2940	0.09090909090909091	True
4071	1600	0.9090909090909091	False
4071	3785	0.8181818181818182	False
4071	2325	0.7272727272727273	True
4071	3822	0.6363636363636364	False
4071	2795	0.5454545454545454	True
4071	594	0.45454545454545453	True
4071	2112	0.36363636363636365	True
4071	2938	0.2727272727272727	True
4071	2529	0.18181818181818182	False
4071	276	0.09090909090909091	True
1955	1600	0.9090909090909091	False
1955	3785	0.8181818181818182	False
1955	2529	0.7272727272727273	False
1955	2795	0.6363636363636364	True
1955	3822	0.5454545454545454	False
1955	2325	0.45454545454545453	True
1955	2626	0.36363636363636365	True
1955	594	0.2727272727272727	True
1955	276	0.18181818181818182	True
1955	1671	0.09090909090909091	True
894	1600	0.9090909090909091	False
894	3785	0.8181818181818182	False
894	2529	0.7272727272727273	False
894	1476	0.6363636363636364	False
894	2325	0.5454545454545454	True
894	276	0.45454545454545453	True
894	3822	0.36363636363636365	False
894	2860	0.2727272727272727	True
894	1671	0.18181818181818182	True
894	2626	0.09090909090909091	True
1425	1600	0.9090909090909091	False
1425	3785	0.8181818181818182	False
1425	3822	0.7272727272727273	False
1425	276	0.6363636363636364	True
1425	594	0.5454545454545454	True
1425	2529	0.45454545454545453	False
1425	2325	0.36363636363636365	True
1425	2860	0.2727272727272727	True
1425	2795	0.18181818181818182	True
1425	2112	0.09090909090909091	True
1155	1600	0.9090909090909091	False
1155	3785	0.8181818181818182	False
1155	1476	0.7272727272727273	False
1155	2325	0.6363636363636364	True
1155	2529	0.5454545454545454	False
1155	2626	0.45454545454545453	True
1155	3822	0.36363636363636365	False
1155	276	0.2727272727272727	True
1155	2938	0.18181818181818182	True
1155	1671	0.09090909090909091	True
981	1600	0.9090909090909091	False
981	3785	0.8181818181818182	False
981	2346	0.7272727272727273	True
981	276	0.6363636363636364	True
981	3822	0.5454545454545454	False
981	2325	0.45454545454545453	True
981	2529	0.36363636363636365	False
981	2626	0.2727272727272727	True
981	2795	0.18181818181818182	True
981	2938	0.09090909090909091	True
1603	1600	0.9090909090909091	False
1603	3785	0.8181818181818182	False
1603	2938	0.7272727272727273	True
1603	1671	0.6363636363636364	True
1603	2529	0.5454545454545454	False
1603	2325	0.45454545454545453	True
1603	2112	0.36363636363636365	True
1603	2860	0.2727272727272727	True
1603	1476	0.18181818181818182	False
1603	3822	0.09090909090909091	False
5722	1600	0.9090909090909091	False
5722	3785	0.8181818181818182	False
5722	2529	0.7272727272727273	False
5722	376	0.6363636363636364	True
5722	1476	0.5454545454545454	False
5722	3822	0.45454545454545453	False
5722	2860	0.36363636363636365	True
5722	2626	0.2727272727272727	True
5722	2886	0.18181818181818182	True
5722	2325	0.09090909090909091	True
1643	1600	0.9090909090909091	False
1643	3785	0.8181818181818182	False
1643	2529	0.7272727272727273	False
1643	3822	0.6363636363636364	False
1643	2938	0.5454545454545454	True
1643	2325	0.45454545454545453	True
1643	2346	0.36363636363636365	True
1643	2860	0.2727272727272727	True
1643	376	0.18181818181818182	True
1643	276	0.09090909090909091	True
