3575	121	0.9090909090909091	False
3575	3271	0.8181818181818182	False
3575	244	0.7272727272727273	False
3575	362	0.6363636363636364	False
3575	998	0.5454545454545454	True
3575	902	0.45454545454545453	False
3575	3161	0.36363636363636365	True
3575	480	0.2727272727272727	True
3575	2263	0.18181818181818182	True
3575	2526	0.09090909090909091	True
452	3271	0.9090909090909091	False
452	362	0.8181818181818182	False
452	121	0.7272727272727273	False
452	998	0.6363636363636364	True
452	244	0.5454545454545454	False
452	2526	0.45454545454545453	True
452	2778	0.36363636363636365	True
452	356	0.2727272727272727	True
452	2929	0.18181818181818182	True
452	3781	0.09090909090909091	True
4575	121	0.9090909090909091	False
4575	362	0.8181818181818182	False
4575	902	0.7272727272727273	False
4575	2263	0.6363636363636364	True
4575	2826	0.5454545454545454	True
4575	2526	0.45454545454545453	True
4575	998	0.36363636363636365	True
4575	3781	0.2727272727272727	True
4575	356	0.18181818181818182	True
4575	2692	0.09090909090909091	True
6014	121	0.9090909090909091	False
6014	3781	0.8181818181818182	True
6014	362	0.7272727272727273	False
6014	2526	0.6363636363636364	True
6014	2929	0.5454545454545454	True
6014	3271	0.45454545454545453	False
6014	2778	0.36363636363636365	True
6014	902	0.2727272727272727	False
6014	244	0.18181818181818182	False
6014	998	0.09090909090909091	True
81	121	0.9090909090909091	False
81	3271	0.8181818181818182	False
81	362	0.7272727272727273	False
81	3781	0.6363636363636364	True
81	2929	0.5454545454545454	True
81	2778	0.45454545454545453	True
81	902	0.36363636363636365	False
81	356	0.2727272727272727	True
81	244	0.18181818181818182	False
81	238	0.09090909090909091	True
1137	121	0.9090909090909091	False
1137	362	0.8181818181818182	False
1137	3271	0.7272727272727273	False
1137	2929	0.6363636363636364	True
1137	902	0.5454545454545454	False
1137	2526	0.45454545454545453	True
1137	2263	0.36363636363636365	True
1137	2826	0.2727272727272727	True
1137	244	0.18181818181818182	False
1137	3161	0.09090909090909091	True
98	121	0.9090909090909091	False
98	3271	0.8181818181818182	False
98	2526	0.7272727272727273	True
98	2263	0.6363636363636364	True
98	362	0.5454545454545454	False
98	902	0.45454545454545453	False
98	2929	0.36363636363636365	True
98	998	0.2727272727272727	True
98	3161	0.18181818181818182	True
98	2692	0.09090909090909091	True
3005	3781	0.9090909090909091	True
3005	121	0.8181818181818182	False
3005	2929	0.7272727272727273	True
3005	3271	0.6363636363636364	False
3005	244	0.5454545454545454	False
3005	362	0.45454545454545453	False
3005	2526	0.36363636363636365	True
3005	2692	0.2727272727272727	True
3005	2778	0.18181818181818182	True
3005	902	0.09090909090909091	False
5874	121	0.9090909090909091	False
5874	362	0.8181818181818182	False
5874	244	0.7272727272727273	False
5874	3271	0.6363636363636364	False
5874	3781	0.5454545454545454	True
5874	3691	0.45454545454545453	True
5874	998	0.36363636363636365	True
5874	356	0.2727272727272727	True
5874	2263	0.18181818181818182	True
5874	2929	0.09090909090909091	True
1758	3271	0.9090909090909091	False
1758	121	0.8181818181818182	False
1758	2929	0.7272727272727273	True
1758	244	0.6363636363636364	False
1758	2526	0.5454545454545454	True
1758	902	0.45454545454545453	False
1758	2263	0.36363636363636365	True
1758	356	0.2727272727272727	True
1758	362	0.18181818181818182	False
1758	3691	0.09090909090909091	True
91	121	0.9090909090909091	False
91	3781	0.8181818181818182	True
91	2929	0.7272727272727273	True
91	244	0.6363636363636364	False
91	3271	0.5454545454545454	False
91	902	0.45454545454545453	False
91	2526	0.36363636363636365	True
91	362	0.2727272727272727	False
91	2826	0.18181818181818182	True
91	356	0.09090909090909091	True
4272	3271	0.9090909090909091	False
4272	244	0.8181818181818182	False
4272	121	0.7272727272727273	False
4272	2929	0.6363636363636364	True
4272	2526	0.5454545454545454	True
4272	2263	0.45454545454545453	True
4272	3781	0.36363636363636365	True
4272	3691	0.2727272727272727	True
4272	362	0.18181818181818182	False
4272	902	0.09090909090909091	False
5694	121	0.9090909090909091	False
5694	3271	0.8181818181818182	False
5694	3161	0.7272727272727273	True
5694	362	0.6363636363636364	False
5694	244	0.5454545454545454	False
5694	3691	0.45454545454545453	True
5694	2526	0.36363636363636365	True
5694	238	0.2727272727272727	True
5694	902	0.18181818181818182	False
5694	2929	0.09090909090909091	True
2687	3271	0.9090909090909091	False
2687	121	0.8181818181818182	False
2687	2526	0.7272727272727273	True
2687	244	0.6363636363636364	False
2687	2263	0.5454545454545454	True
2687	902	0.45454545454545453	False
2687	3781	0.36363636363636365	True
2687	2929	0.2727272727272727	True
2687	3161	0.18181818181818182	True
2687	362	0.09090909090909091	False
5339	121	0.9090909090909091	False
5339	3271	0.8181818181818182	False
5339	2929	0.7272727272727273	True
5339	3781	0.6363636363636364	True
5339	244	0.5454545454545454	False
5339	362	0.45454545454545453	False
5339	3161	0.36363636363636365	True
5339	2778	0.2727272727272727	True
5339	2263	0.18181818181818182	True
5339	998	0.09090909090909091	True
1482	362	0.9090909090909091	False
1482	244	0.8181818181818182	False
1482	3271	0.7272727272727273	False
1482	3691	0.6363636363636364	True
1482	121	0.5454545454545454	False
1482	238	0.45454545454545453	True
1482	902	0.36363636363636365	False
1482	2826	0.2727272727272727	True
1482	3781	0.18181818181818182	True
1482	2526	0.09090909090909091	True
2568	121	0.9090909090909091	False
2568	3271	0.8181818181818182	False
2568	244	0.7272727272727273	False
2568	3161	0.6363636363636364	True
2568	362	0.5454545454545454	False
2568	2929	0.45454545454545453	True
2568	902	0.36363636363636365	False
2568	998	0.2727272727272727	True
2568	2263	0.18181818181818182	True
2568	238	0.09090909090909091	True
3281	121	0.9090909090909091	False
3281	2526	0.8181818181818182	True
3281	3271	0.7272727272727273	False
3281	2929	0.6363636363636364	True
3281	3781	0.5454545454545454	True
3281	3161	0.45454545454545453	True
3281	244	0.36363636363636365	False
3281	2955	0.2727272727272727	True
3281	2263	0.18181818181818182	True
3281	362	0.09090909090909091	False
174	244	0.9090909090909091	False
174	3271	0.8181818181818182	False
174	121	0.7272727272727273	False
174	362	0.6363636363636364	False
174	2929	0.5454545454545454	True
174	2778	0.45454545454545453	True
174	902	0.36363636363636365	False
174	1039	0.2727272727272727	True
174	2826	0.18181818181818182	True
174	2704	0.09090909090909091	True
1029	362	0.9090909090909091	False
1029	121	0.8181818181818182	False
1029	2826	0.7272727272727273	True
1029	2263	0.6363636363636364	True
1029	238	0.5454545454545454	True
1029	244	0.45454545454545453	False
1029	2929	0.36363636363636365	True
1029	902	0.2727272727272727	False
1029	3691	0.18181818181818182	True
1029	3271	0.09090909090909091	False
3171	121	0.9090909090909091	False
3171	3271	0.8181818181818182	False
3171	902	0.7272727272727273	False
3171	362	0.6363636363636364	False
3171	244	0.5454545454545454	False
3171	356	0.45454545454545453	True
3171	2263	0.36363636363636365	True
3171	2929	0.2727272727272727	True
3171	998	0.18181818181818182	True
3171	480	0.09090909090909091	True
3742	121	0.9090909090909091	False
3742	2526	0.8181818181818182	True
3742	2929	0.7272727272727273	True
3742	3781	0.6363636363636364	True
3742	3271	0.5454545454545454	False
3742	362	0.45454545454545453	False
3742	356	0.36363636363636365	True
3742	3161	0.2727272727272727	True
3742	2263	0.18181818181818182	True
3742	902	0.09090909090909091	False
622	3271	0.9090909090909091	False
622	121	0.8181818181818182	False
622	2929	0.7272727272727273	True
622	2526	0.6363636363636364	True
622	998	0.5454545454545454	True
622	902	0.45454545454545453	False
622	362	0.36363636363636365	False
622	3161	0.2727272727272727	True
622	244	0.18181818181818182	False
622	2263	0.09090909090909091	True
3573	121	0.9090909090909091	False
3573	3271	0.8181818181818182	False
3573	902	0.7272727272727273	False
3573	362	0.6363636363636364	False
3573	244	0.5454545454545454	False
3573	3161	0.45454545454545453	True
3573	2929	0.36363636363636365	True
3573	2692	0.2727272727272727	True
3573	2263	0.18181818181818182	True
3573	3691	0.09090909090909091	True
3041	121	0.9090909090909091	False
3041	362	0.8181818181818182	False
3041	3781	0.7272727272727273	True
3041	244	0.6363636363636364	False
3041	2778	0.5454545454545454	True
3041	3271	0.45454545454545453	False
3041	3691	0.36363636363636365	True
3041	902	0.2727272727272727	False
3041	3161	0.18181818181818182	True
3041	998	0.09090909090909091	True
2094	121	0.9090909090909091	False
2094	3271	0.8181818181818182	False
2094	902	0.7272727272727273	False
2094	3781	0.6363636363636364	True
2094	362	0.5454545454545454	False
2094	2778	0.45454545454545453	True
2094	244	0.36363636363636365	False
2094	2263	0.2727272727272727	True
2094	3161	0.18181818181818182	True
2094	2692	0.09090909090909091	True
1406	2778	0.9090909090909091	True
1406	121	0.8181818181818182	False
1406	3271	0.7272727272727273	False
1406	362	0.6363636363636364	False
1406	244	0.5454545454545454	False
1406	998	0.45454545454545453	True
1406	3781	0.36363636363636365	True
1406	2526	0.2727272727272727	True
1406	902	0.18181818181818182	False
1406	2929	0.09090909090909091	True
4554	3271	0.9090909090909091	False
4554	244	0.8181818181818182	False
4554	3161	0.7272727272727273	True
4554	2929	0.6363636363636364	True
4554	121	0.5454545454545454	False
4554	3781	0.45454545454545453	True
4554	2526	0.36363636363636365	True
4554	2692	0.2727272727272727	True
4554	2955	0.18181818181818182	True
4554	356	0.09090909090909091	True
1010	121	0.9090909090909091	False
1010	902	0.8181818181818182	False
1010	3271	0.7272727272727273	False
1010	244	0.6363636363636364	False
1010	3781	0.5454545454545454	True
1010	2929	0.45454545454545453	True
1010	2263	0.36363636363636365	True
1010	2778	0.2727272727272727	True
1010	356	0.18181818181818182	True
1010	2526	0.09090909090909091	True
5248	244	0.9090909090909091	False
5248	3271	0.8181818181818182	False
5248	2929	0.7272727272727273	True
5248	121	0.6363636363636364	False
5248	3781	0.5454545454545454	True
5248	362	0.45454545454545453	False
5248	902	0.36363636363636365	False
5248	2526	0.2727272727272727	True
5248	2826	0.18181818181818182	True
5248	2778	0.09090909090909091	True
3337	3271	0.9090909090909091	False
3337	3781	0.8181818181818182	True
3337	121	0.7272727272727273	False
3337	2263	0.6363636363636364	True
3337	2929	0.5454545454545454	True
3337	2526	0.45454545454545453	True
3337	244	0.36363636363636365	False
3337	902	0.2727272727272727	False
3337	356	0.18181818181818182	True
3337	362	0.09090909090909091	False
5273	2263	0.9090909090909091	True
5273	121	0.8181818181818182	False
5273	3781	0.7272727272727273	True
5273	3271	0.6363636363636364	False
5273	2929	0.5454545454545454	True
5273	362	0.45454545454545453	False
5273	902	0.36363636363636365	False
5273	244	0.2727272727272727	False
5273	2778	0.18181818181818182	True
5273	3691	0.09090909090909091	True
334	362	0.9090909090909091	False
334	121	0.8181818181818182	False
334	244	0.7272727272727273	False
334	902	0.6363636363636364	False
334	3271	0.5454545454545454	False
334	2778	0.45454545454545453	True
334	2526	0.36363636363636365	True
334	2826	0.2727272727272727	True
334	998	0.18181818181818182	True
334	3691	0.09090909090909091	True
2690	3271	0.9090909090909091	False
2690	121	0.8181818181818182	False
2690	362	0.7272727272727273	False
2690	244	0.6363636363636364	False
2690	998	0.5454545454545454	True
2690	2263	0.45454545454545453	True
2690	356	0.36363636363636365	True
2690	902	0.2727272727272727	False
2690	3691	0.18181818181818182	True
2690	2526	0.09090909090909091	True
5828	2929	0.9090909090909091	True
5828	121	0.8181818181818182	False
5828	2526	0.7272727272727273	True
5828	3161	0.6363636363636364	True
5828	2692	0.5454545454545454	True
5828	3271	0.45454545454545453	False
5828	3781	0.36363636363636365	True
5828	362	0.2727272727272727	False
5828	902	0.18181818181818182	False
5828	2826	0.09090909090909091	True
3810	121	0.9090909090909091	False
3810	3271	0.8181818181818182	False
3810	362	0.7272727272727273	False
3810	998	0.6363636363636364	True
3810	244	0.5454545454545454	False
3810	902	0.45454545454545453	False
3810	2263	0.36363636363636365	True
3810	3161	0.2727272727272727	True
3810	2692	0.18181818181818182	True
3810	3691	0.09090909090909091	True
1570	2929	0.9090909090909091	True
1570	2526	0.8181818181818182	True
1570	121	0.7272727272727273	False
1570	2263	0.6363636363636364	True
1570	244	0.5454545454545454	False
1570	3271	0.45454545454545453	False
1570	3781	0.36363636363636365	True
1570	902	0.2727272727272727	False
1570	3161	0.18181818181818182	True
1570	362	0.09090909090909091	False
1028	121	0.9090909090909091	False
1028	3271	0.8181818181818182	False
1028	2526	0.7272727272727273	True
1028	2929	0.6363636363636364	True
1028	3781	0.5454545454545454	True
1028	362	0.45454545454545453	False
1028	244	0.36363636363636365	False
1028	356	0.2727272727272727	True
1028	902	0.18181818181818182	False
1028	2778	0.09090909090909091	True
5447	121	0.9090909090909091	False
5447	362	0.8181818181818182	False
5447	998	0.7272727272727273	True
5447	2263	0.6363636363636364	True
5447	3781	0.5454545454545454	True
5447	244	0.45454545454545453	False
5447	3271	0.36363636363636365	False
5447	2526	0.2727272727272727	True
5447	2929	0.18181818181818182	True
5447	3691	0.09090909090909091	True
1876	3271	0.9090909090909091	False
1876	3781	0.8181818181818182	True
1876	362	0.7272727272727273	False
1876	121	0.6363636363636364	False
1876	244	0.5454545454545454	False
1876	2526	0.45454545454545453	True
1876	2929	0.36363636363636365	True
1876	3691	0.2727272727272727	True
1876	356	0.18181818181818182	True
1876	2778	0.09090909090909091	True
4524	121	0.9090909090909091	False
4524	362	0.8181818181818182	False
4524	244	0.7272727272727273	False
4524	3271	0.6363636363636364	False
4524	902	0.5454545454545454	False
4524	356	0.45454545454545453	True
4524	2263	0.36363636363636365	True
4524	3691	0.2727272727272727	True
4524	2929	0.18181818181818182	True
4524	2526	0.09090909090909091	True
2266	3271	0.9090909090909091	False
2266	121	0.8181818181818182	False
2266	2263	0.7272727272727273	True
2266	2526	0.6363636363636364	True
2266	2929	0.5454545454545454	True
2266	902	0.45454545454545453	False
2266	244	0.36363636363636365	False
2266	998	0.2727272727272727	True
2266	362	0.18181818181818182	False
2266	3161	0.09090909090909091	True
2456	121	0.9090909090909091	False
2456	362	0.8181818181818182	False
2456	244	0.7272727272727273	False
2456	2929	0.6363636363636364	True
2456	2526	0.5454545454545454	True
2456	3271	0.45454545454545453	False
2456	356	0.36363636363636365	True
2456	2263	0.2727272727272727	True
2456	902	0.18181818181818182	False
2456	998	0.09090909090909091	True
4198	902	0.9090909090909091	False
4198	121	0.8181818181818182	False
4198	3271	0.7272727272727273	False
4198	362	0.6363636363636364	False
4198	244	0.5454545454545454	False
4198	2526	0.45454545454545453	True
4198	2929	0.36363636363636365	True
4198	356	0.2727272727272727	True
4198	3691	0.18181818181818182	True
4198	2263	0.09090909090909091	True
1307	121	0.9090909090909091	False
1307	902	0.8181818181818182	False
1307	3271	0.7272727272727273	False
1307	362	0.6363636363636364	False
1307	2526	0.5454545454545454	True
1307	2263	0.45454545454545453	True
1307	2929	0.36363636363636365	True
1307	356	0.2727272727272727	True
1307	2692	0.18181818181818182	True
1307	998	0.09090909090909091	True
3643	3271	0.9090909090909091	False
3643	121	0.8181818181818182	False
3643	2929	0.7272727272727273	True
3643	244	0.6363636363636364	False
3643	902	0.5454545454545454	False
3643	362	0.45454545454545453	False
3643	2263	0.36363636363636365	True
3643	356	0.2727272727272727	True
3643	3781	0.18181818181818182	True
3643	2526	0.09090909090909091	True
1315	2929	0.9090909090909091	True
1315	121	0.8181818181818182	False
1315	244	0.7272727272727273	False
1315	3781	0.6363636363636364	True
1315	3271	0.5454545454545454	False
1315	2263	0.45454545454545453	True
1315	1039	0.36363636363636365	True
1315	2778	0.2727272727272727	True
1315	3161	0.18181818181818182	True
1315	2526	0.09090909090909091	True
48	3271	0.9090909090909091	False
48	362	0.8181818181818182	False
48	121	0.7272727272727273	False
48	902	0.6363636363636364	False
48	2263	0.5454545454545454	True
48	998	0.45454545454545453	True
48	2778	0.36363636363636365	True
48	244	0.2727272727272727	False
48	2526	0.18181818181818182	True
48	356	0.09090909090909091	True
5428	3271	0.9090909090909091	False
5428	2526	0.8181818181818182	True
5428	121	0.7272727272727273	False
5428	2263	0.6363636363636364	True
5428	2929	0.5454545454545454	True
5428	244	0.45454545454545453	False
5428	362	0.36363636363636365	False
5428	902	0.2727272727272727	False
5428	356	0.18181818181818182	True
5428	3691	0.09090909090909091	True
5568	3781	0.9090909090909091	True
5568	2929	0.8181818181818182	True
5568	121	0.7272727272727273	False
5568	362	0.6363636363636364	False
5568	356	0.5454545454545454	True
5568	3271	0.45454545454545453	False
5568	2263	0.36363636363636365	True
5568	2778	0.2727272727272727	True
5568	2526	0.18181818181818182	True
5568	244	0.09090909090909091	False
3676	121	0.9090909090909091	False
3676	3271	0.8181818181818182	False
3676	902	0.7272727272727273	False
3676	2263	0.6363636363636364	True
3676	362	0.5454545454545454	False
3676	3691	0.45454545454545453	True
3676	998	0.36363636363636365	True
3676	2526	0.2727272727272727	True
3676	244	0.18181818181818182	False
3676	3781	0.09090909090909091	True
5480	121	0.9090909090909091	False
5480	902	0.8181818181818182	False
5480	3781	0.7272727272727273	True
5480	3271	0.6363636363636364	False
5480	362	0.5454545454545454	False
5480	244	0.45454545454545453	False
5480	2929	0.36363636363636365	True
5480	2263	0.2727272727272727	True
5480	2526	0.18181818181818182	True
5480	2692	0.09090909090909091	True
5438	3271	0.9090909090909091	False
5438	121	0.8181818181818182	False
5438	244	0.7272727272727273	False
5438	2263	0.6363636363636364	True
5438	362	0.5454545454545454	False
5438	3691	0.45454545454545453	True
5438	998	0.36363636363636365	True
5438	3781	0.2727272727272727	True
5438	3161	0.18181818181818182	True
5438	2929	0.09090909090909091	True
1489	3781	0.9090909090909091	True
1489	2929	0.8181818181818182	True
1489	121	0.7272727272727273	False
1489	3271	0.6363636363636364	False
1489	902	0.5454545454545454	False
1489	2526	0.45454545454545453	True
1489	2778	0.36363636363636365	True
1489	362	0.2727272727272727	False
1489	924	0.18181818181818182	True
1489	356	0.09090909090909091	True
5006	121	0.9090909090909091	False
5006	2929	0.8181818181818182	True
5006	3271	0.7272727272727273	False
5006	3781	0.6363636363636364	True
5006	2526	0.5454545454545454	True
5006	902	0.45454545454545453	False
5006	244	0.36363636363636365	False
5006	356	0.2727272727272727	True
5006	2263	0.18181818181818182	True
5006	3161	0.09090909090909091	True
507	121	0.9090909090909091	False
507	3271	0.8181818181818182	False
507	356	0.7272727272727273	True
507	2526	0.6363636363636364	True
507	2263	0.5454545454545454	True
507	2929	0.45454545454545453	True
507	362	0.36363636363636365	False
507	3161	0.2727272727272727	True
507	998	0.18181818181818182	True
507	902	0.09090909090909091	False
2438	121	0.9090909090909091	False
2438	362	0.8181818181818182	False
2438	902	0.7272727272727273	False
2438	3271	0.6363636363636364	False
2438	244	0.5454545454545454	False
2438	2778	0.45454545454545453	True
2438	2263	0.36363636363636365	True
2438	998	0.2727272727272727	True
2438	3691	0.18181818181818182	True
2438	356	0.09090909090909091	True
2159	121	0.9090909090909091	False
2159	3781	0.8181818181818182	True
2159	362	0.7272727272727273	False
2159	3271	0.6363636363636364	False
2159	2263	0.5454545454545454	True
2159	2929	0.45454545454545453	True
2159	244	0.36363636363636365	False
2159	3691	0.2727272727272727	True
2159	238	0.18181818181818182	True
2159	3161	0.09090909090909091	True
1734	121	0.9090909090909091	False
1734	362	0.8181818181818182	False
1734	2929	0.7272727272727273	True
1734	3271	0.6363636363636364	False
1734	3781	0.5454545454545454	True
1734	2263	0.45454545454545453	True
1734	244	0.36363636363636365	False
1734	356	0.2727272727272727	True
1734	2826	0.18181818181818182	True
1734	2526	0.09090909090909091	True
5769	3271	0.9090909090909091	False
5769	121	0.8181818181818182	False
5769	362	0.7272727272727273	False
5769	244	0.6363636363636364	False
5769	902	0.5454545454545454	False
5769	2778	0.45454545454545453	True
5769	998	0.36363636363636365	True
5769	2826	0.2727272727272727	True
5769	356	0.18181818181818182	True
5769	2263	0.09090909090909091	True
2518	121	0.9090909090909091	False
2518	244	0.8181818181818182	False
2518	2929	0.7272727272727273	True
2518	3271	0.6363636363636364	False
2518	2263	0.5454545454545454	True
2518	362	0.45454545454545453	False
2518	902	0.36363636363636365	False
2518	2526	0.2727272727272727	True
2518	3691	0.18181818181818182	True
2518	3781	0.09090909090909091	True
4536	121	0.9090909090909091	False
4536	362	0.8181818181818182	False
4536	3781	0.7272727272727273	True
4536	2263	0.6363636363636364	True
4536	2929	0.5454545454545454	True
4536	998	0.45454545454545453	True
4536	2526	0.36363636363636365	True
4536	3271	0.2727272727272727	False
4536	244	0.18181818181818182	False
4536	3161	0.09090909090909091	True
4786	3271	0.9090909090909091	False
4786	121	0.8181818181818182	False
4786	244	0.7272727272727273	False
4786	2929	0.6363636363636364	True
4786	3161	0.5454545454545454	True
4786	2263	0.45454545454545453	True
4786	2526	0.36363636363636365	True
4786	362	0.2727272727272727	False
4786	998	0.18181818181818182	True
4786	902	0.09090909090909091	False
515	3271	0.9090909090909091	False
515	121	0.8181818181818182	False
515	244	0.7272727272727273	False
515	3691	0.6363636363636364	True
515	2526	0.5454545454545454	True
515	902	0.45454545454545453	False
515	3781	0.36363636363636365	True
515	2263	0.2727272727272727	True
515	3161	0.18181818181818182	True
515	362	0.09090909090909091	False
4894	3271	0.9090909090909091	False
4894	362	0.8181818181818182	False
4894	121	0.7272727272727273	False
4894	902	0.6363636363636364	False
4894	244	0.5454545454545454	False
4894	998	0.45454545454545453	True
4894	2826	0.36363636363636365	True
4894	2778	0.2727272727272727	True
4894	2263	0.18181818181818182	True
4894	3161	0.09090909090909091	True
5576	121	0.9090909090909091	False
5576	362	0.8181818181818182	False
5576	998	0.7272727272727273	True
5576	2778	0.6363636363636364	True
5576	902	0.5454545454545454	False
5576	2929	0.45454545454545453	True
5576	244	0.36363636363636365	False
5576	2704	0.2727272727272727	True
5576	3271	0.18181818181818182	False
5576	3691	0.09090909090909091	True
666	244	0.9090909090909091	False
666	121	0.8181818181818182	False
666	3271	0.7272727272727273	False
666	3781	0.6363636363636364	True
666	362	0.5454545454545454	False
666	2826	0.45454545454545453	True
666	2929	0.36363636363636365	True
666	902	0.2727272727272727	False
666	2263	0.18181818181818182	True
666	924	0.09090909090909091	True
5091	244	0.9090909090909091	False
5091	3271	0.8181818181818182	False
5091	121	0.7272727272727273	False
5091	362	0.6363636363636364	False
5091	902	0.5454545454545454	False
5091	2263	0.45454545454545453	True
5091	2692	0.36363636363636365	True
5091	2929	0.2727272727272727	True
5091	2826	0.18181818181818182	True
5091	3161	0.09090909090909091	True
743	3271	0.9090909090909091	False
743	902	0.8181818181818182	False
743	362	0.7272727272727273	False
743	121	0.6363636363636364	False
743	2263	0.5454545454545454	True
743	244	0.45454545454545453	False
743	2526	0.36363636363636365	True
743	3691	0.2727272727272727	True
743	2778	0.18181818181818182	True
743	2692	0.09090909090909091	True
873	3271	0.9090909090909091	False
873	2526	0.8181818181818182	True
873	121	0.7272727272727273	False
873	362	0.6363636363636364	False
873	2929	0.5454545454545454	True
873	3781	0.45454545454545453	True
873	244	0.36363636363636365	False
873	2263	0.2727272727272727	True
873	356	0.18181818181818182	True
873	924	0.09090909090909091	True
554	3781	0.9090909090909091	True
554	2929	0.8181818181818182	True
554	121	0.7272727272727273	False
554	3271	0.6363636363636364	False
554	2778	0.5454545454545454	True
554	2526	0.45454545454545453	True
554	244	0.36363636363636365	False
554	362	0.2727272727272727	False
554	3161	0.18181818181818182	True
554	2692	0.09090909090909091	True
5902	3271	0.9090909090909091	False
5902	121	0.8181818181818182	False
5902	244	0.7272727272727273	False
5902	362	0.6363636363636364	False
5902	902	0.5454545454545454	False
5902	2929	0.45454545454545453	True
5902	2778	0.36363636363636365	True
5902	3781	0.2727272727272727	True
5902	3691	0.18181818181818182	True
5902	3161	0.09090909090909091	True
4400	244	0.9090909090909091	False
4400	121	0.8181818181818182	False
4400	3271	0.7272727272727273	False
4400	362	0.6363636363636364	False
4400	3781	0.5454545454545454	True
4400	2929	0.45454545454545453	True
4400	2526	0.36363636363636365	True
4400	902	0.2727272727272727	False
4400	3691	0.18181818181818182	True
4400	2778	0.09090909090909091	True
2950	121	0.9090909090909091	False
2950	362	0.8181818181818182	False
2950	2263	0.7272727272727273	True
2950	902	0.6363636363636364	False
2950	3271	0.5454545454545454	False
2950	244	0.45454545454545453	False
2950	2929	0.36363636363636365	True
2950	3781	0.2727272727272727	True
2950	356	0.18181818181818182	True
2950	3691	0.09090909090909091	True
3082	3271	0.9090909090909091	False
3082	362	0.8181818181818182	False
3082	121	0.7272727272727273	False
3082	244	0.6363636363636364	False
3082	2929	0.5454545454545454	True
3082	2778	0.45454545454545453	True
3082	3781	0.36363636363636365	True
3082	902	0.2727272727272727	False
3082	3161	0.18181818181818182	True
3082	2526	0.09090909090909091	True
4625	121	0.9090909090909091	False
4625	2929	0.8181818181818182	True
4625	244	0.7272727272727273	False
4625	362	0.6363636363636364	False
4625	3781	0.5454545454545454	True
4625	3271	0.45454545454545453	False
4625	2778	0.36363636363636365	True
4625	2263	0.2727272727272727	True
4625	998	0.18181818181818182	True
4625	356	0.09090909090909091	True
2945	121	0.9090909090909091	False
2945	3271	0.8181818181818182	False
2945	2929	0.7272727272727273	True
2945	3161	0.6363636363636364	True
2945	2526	0.5454545454545454	True
2945	3781	0.45454545454545453	True
2945	3691	0.36363636363636365	True
2945	902	0.2727272727272727	False
2945	2263	0.18181818181818182	True
2945	362	0.09090909090909091	False
3499	121	0.9090909090909091	False
3499	3271	0.8181818181818182	False
3499	902	0.7272727272727273	False
3499	2526	0.6363636363636364	True
3499	2929	0.5454545454545454	True
3499	2263	0.45454545454545453	True
3499	362	0.36363636363636365	False
3499	356	0.2727272727272727	True
3499	3781	0.18181818181818182	True
3499	244	0.09090909090909091	False
1704	121	0.9090909090909091	False
1704	244	0.8181818181818182	False
1704	3271	0.7272727272727273	False
1704	362	0.6363636363636364	False
1704	2263	0.5454545454545454	True
1704	3691	0.45454545454545453	True
1704	902	0.36363636363636365	False
1704	2692	0.2727272727272727	True
1704	3781	0.18181818181818182	True
1704	3161	0.09090909090909091	True
1138	121	0.9090909090909091	False
1138	2692	0.8181818181818182	True
1138	3781	0.7272727272727273	True
1138	2929	0.6363636363636364	True
1138	3271	0.5454545454545454	False
1138	902	0.45454545454545453	False
1138	244	0.36363636363636365	False
1138	2526	0.2727272727272727	True
1138	3161	0.18181818181818182	True
1138	362	0.09090909090909091	False
5263	3271	0.9090909090909091	False
5263	121	0.8181818181818182	False
5263	244	0.7272727272727273	False
5263	362	0.6363636363636364	False
5263	902	0.5454545454545454	False
5263	3781	0.45454545454545453	True
5263	2526	0.36363636363636365	True
5263	2929	0.2727272727272727	True
5263	2778	0.18181818181818182	True
5263	998	0.09090909090909091	True
5441	121	0.9090909090909091	False
5441	2929	0.8181818181818182	True
5441	3781	0.7272727272727273	True
5441	362	0.6363636363636364	False
5441	3271	0.5454545454545454	False
5441	2263	0.45454545454545453	True
5441	902	0.36363636363636365	False
5441	244	0.2727272727272727	False
5441	2526	0.18181818181818182	True
5441	2826	0.09090909090909091	True
4656	121	0.9090909090909091	False
4656	2526	0.8181818181818182	True
4656	3781	0.7272727272727273	True
4656	362	0.6363636363636364	False
4656	902	0.5454545454545454	False
4656	3271	0.45454545454545453	False
4656	998	0.36363636363636365	True
4656	244	0.2727272727272727	False
4656	2929	0.18181818181818182	True
4656	2955	0.09090909090909091	True
5521	3781	0.9090909090909091	True
5521	2929	0.8181818181818182	True
5521	244	0.7272727272727273	False
5521	121	0.6363636363636364	False
5521	2526	0.5454545454545454	True
5521	3271	0.45454545454545453	False
5521	362	0.36363636363636365	False
5521	2263	0.2727272727272727	True
5521	3161	0.18181818181818182	True
5521	2826	0.09090909090909091	True
1381	121	0.9090909090909091	False
1381	3781	0.8181818181818182	True
1381	902	0.7272727272727273	False
1381	2778	0.6363636363636364	True
1381	2929	0.5454545454545454	True
1381	362	0.45454545454545453	False
1381	998	0.36363636363636365	True
1381	2526	0.2727272727272727	True
1381	2826	0.18181818181818182	True
1381	2263	0.09090909090909091	True
1589	121	0.9090909090909091	False
1589	362	0.8181818181818182	False
1589	3271	0.7272727272727273	False
1589	244	0.6363636363636364	False
1589	2929	0.5454545454545454	True
1589	998	0.45454545454545453	True
1589	2526	0.36363636363636365	True
1589	3781	0.2727272727272727	True
1589	2263	0.18181818181818182	True
1589	2826	0.09090909090909091	True
2648	121	0.9090909090909091	False
2648	902	0.8181818181818182	False
2648	362	0.7272727272727273	False
2648	998	0.6363636363636364	True
2648	3271	0.5454545454545454	False
2648	2526	0.45454545454545453	True
2648	3781	0.36363636363636365	True
2648	2778	0.2727272727272727	True
2648	244	0.18181818181818182	False
2648	2929	0.09090909090909091	True
1265	3271	0.9090909090909091	False
1265	2263	0.8181818181818182	True
1265	121	0.7272727272727273	False
1265	3781	0.6363636363636364	True
1265	2929	0.5454545454545454	True
1265	2778	0.45454545454545453	True
1265	244	0.36363636363636365	False
1265	362	0.2727272727272727	False
1265	3691	0.18181818181818182	True
1265	924	0.09090909090909091	True
3545	121	0.9090909090909091	False
3545	2263	0.8181818181818182	True
3545	3271	0.7272727272727273	False
3545	902	0.6363636363636364	False
3545	362	0.5454545454545454	False
3545	2929	0.45454545454545453	True
3545	2526	0.36363636363636365	True
3545	3781	0.2727272727272727	True
3545	998	0.18181818181818182	True
3545	2704	0.09090909090909091	True
2838	3271	0.9090909090909091	False
2838	121	0.8181818181818182	False
2838	244	0.7272727272727273	False
2838	2526	0.6363636363636364	True
2838	362	0.5454545454545454	False
2838	2929	0.45454545454545453	True
2838	3781	0.36363636363636365	True
2838	3161	0.2727272727272727	True
2838	2263	0.18181818181818182	True
2838	2826	0.09090909090909091	True
4229	902	0.9090909090909091	False
4229	121	0.8181818181818182	False
4229	3271	0.7272727272727273	False
4229	2692	0.6363636363636364	True
4229	362	0.5454545454545454	False
4229	2929	0.45454545454545453	True
4229	2826	0.36363636363636365	True
4229	2263	0.2727272727272727	True
4229	356	0.18181818181818182	True
4229	3161	0.09090909090909091	True
4357	121	0.9090909090909091	False
4357	902	0.8181818181818182	False
4357	3781	0.7272727272727273	True
4357	362	0.6363636363636364	False
4357	244	0.5454545454545454	False
4357	2778	0.45454545454545453	True
4357	3271	0.36363636363636365	False
4357	2526	0.2727272727272727	True
4357	3691	0.18181818181818182	True
4357	2929	0.09090909090909091	True
2396	121	0.9090909090909091	False
2396	3781	0.8181818181818182	True
2396	362	0.7272727272727273	False
2396	244	0.6363636363636364	False
2396	902	0.5454545454545454	False
2396	998	0.45454545454545453	True
2396	2778	0.36363636363636365	True
2396	2526	0.2727272727272727	True
2396	2826	0.18181818181818182	True
2396	2929	0.09090909090909091	True
188	121	0.9090909090909091	False
188	244	0.8181818181818182	False
188	362	0.7272727272727273	False
188	3271	0.6363636363636364	False
188	2929	0.5454545454545454	True
188	2778	0.45454545454545453	True
188	3161	0.36363636363636365	True
188	3781	0.2727272727272727	True
188	2826	0.18181818181818182	True
188	356	0.09090909090909091	True
5141	121	0.9090909090909091	False
5141	3271	0.8181818181818182	False
5141	362	0.7272727272727273	False
5141	2263	0.6363636363636364	True
5141	244	0.5454545454545454	False
5141	3781	0.45454545454545453	True
5141	902	0.36363636363636365	False
5141	2526	0.2727272727272727	True
5141	356	0.18181818181818182	True
5141	2929	0.09090909090909091	True
3266	362	0.9090909090909091	False
3266	2526	0.8181818181818182	True
3266	121	0.7272727272727273	False
3266	244	0.6363636363636364	False
3266	3271	0.5454545454545454	False
3266	902	0.45454545454545453	False
3266	2778	0.36363636363636365	True
3266	998	0.2727272727272727	True
3266	356	0.18181818181818182	True
3266	2929	0.09090909090909091	True
2638	121	0.9090909090909091	False
2638	3271	0.8181818181818182	False
2638	2526	0.7272727272727273	True
2638	3161	0.6363636363636364	True
2638	244	0.5454545454545454	False
2638	2929	0.45454545454545453	True
2638	362	0.36363636363636365	False
2638	3691	0.2727272727272727	True
2638	356	0.18181818181818182	True
2638	998	0.09090909090909091	True
193	3271	0.9090909090909091	False
193	121	0.8181818181818182	False
193	244	0.7272727272727273	False
193	2526	0.6363636363636364	True
193	362	0.5454545454545454	False
193	902	0.45454545454545453	False
193	3691	0.36363636363636365	True
193	356	0.2727272727272727	True
193	3161	0.18181818181818182	True
193	2263	0.09090909090909091	True
397	3271	0.9090909090909091	False
397	121	0.8181818181818182	False
397	362	0.7272727272727273	False
397	2526	0.6363636363636364	True
397	2692	0.5454545454545454	True
397	902	0.45454545454545453	False
397	244	0.36363636363636365	False
397	2929	0.2727272727272727	True
397	3161	0.18181818181818182	True
397	3691	0.09090909090909091	True
