509	3040	0.9090909090909091	False
509	2614	0.8181818181818182	True
509	1677	0.7272727272727273	True
509	10	0.6363636363636364	True
509	3770	0.5454545454545454	True
509	3296	0.45454545454545453	False
509	3740	0.36363636363636365	False
509	534	0.2727272727272727	False
509	1040	0.18181818181818182	False
509	3454	0.09090909090909091	True
2862	3040	0.9090909090909091	False
2862	1040	0.8181818181818182	False
2862	3296	0.7272727272727273	False
2862	2614	0.6363636363636364	True
2862	1677	0.5454545454545454	True
2862	534	0.45454545454545453	False
2862	3740	0.36363636363636365	False
2862	3657	0.2727272727272727	True
2862	3379	0.18181818181818182	True
2862	3726	0.09090909090909091	True
853	3040	0.9090909090909091	False
853	3296	0.8181818181818182	False
853	3379	0.7272727272727273	True
853	147	0.6363636363636364	True
853	2410	0.5454545454545454	False
853	534	0.45454545454545453	False
853	2935	0.36363636363636365	True
853	3419	0.2727272727272727	True
853	1040	0.18181818181818182	False
853	3770	0.09090909090909091	True
877	3296	0.9090909090909091	False
877	2410	0.8181818181818182	False
877	2935	0.7272727272727273	True
877	534	0.6363636363636364	False
877	1040	0.5454545454545454	False
877	3720	0.45454545454545453	True
877	158	0.36363636363636365	True
877	147	0.2727272727272727	True
877	3040	0.18181818181818182	False
877	2772	0.09090909090909091	True
3555	1677	0.9090909090909091	True
3555	3740	0.8181818181818182	False
3555	3296	0.7272727272727273	False
3555	3040	0.6363636363636364	False
3555	3720	0.5454545454545454	True
3555	3454	0.45454545454545453	True
3555	3410	0.36363636363636365	True
3555	436	0.2727272727272727	True
3555	3928	0.18181818181818182	True
3555	3770	0.09090909090909091	True
1319	3296	0.9090909090909091	False
1319	3040	0.8181818181818182	False
1319	3419	0.7272727272727273	True
1319	1040	0.6363636363636364	False
1319	3770	0.5454545454545454	True
1319	3379	0.45454545454545453	True
1319	2410	0.36363636363636365	False
1319	3454	0.2727272727272727	True
1319	3740	0.18181818181818182	False
1319	3928	0.09090909090909091	True
3297	1040	0.9090909090909091	False
3297	3344	0.8181818181818182	True
3297	3296	0.7272727272727273	False
3297	3770	0.6363636363636364	True
3297	534	0.5454545454545454	False
3297	2241	0.45454545454545453	True
3297	10	0.36363636363636365	True
3297	2935	0.2727272727272727	True
3297	1677	0.18181818181818182	True
3297	3379	0.09090909090909091	True
1692	158	0.9090909090909091	True
1692	3040	0.8181818181818182	False
1692	2935	0.7272727272727273	True
1692	2410	0.6363636363636364	False
1692	3296	0.5454545454545454	False
1692	3454	0.45454545454545453	True
1692	3720	0.36363636363636365	True
1692	3740	0.2727272727272727	False
1692	436	0.18181818181818182	True
1692	1677	0.09090909090909091	True
5395	3770	0.9090909090909091	True
5395	3040	0.8181818181818182	False
5395	3454	0.7272727272727273	True
5395	3296	0.6363636363636364	False
5395	2935	0.5454545454545454	True
5395	2410	0.45454545454545453	False
5395	2614	0.36363636363636365	True
5395	3726	0.2727272727272727	True
5395	1040	0.18181818181818182	False
5395	3740	0.09090909090909091	False
3792	3040	0.9090909090909091	False
3792	3296	0.8181818181818182	False
3792	3344	0.7272727272727273	True
3792	3726	0.6363636363636364	True
3792	3740	0.5454545454545454	False
3792	158	0.45454545454545453	True
3792	3657	0.36363636363636365	True
3792	1040	0.2727272727272727	False
3792	3454	0.18181818181818182	True
3792	1677	0.09090909090909091	True
2960	1040	0.9090909090909091	False
2960	534	0.8181818181818182	False
2960	3040	0.7272727272727273	False
2960	3296	0.6363636363636364	False
2960	3344	0.5454545454545454	True
2960	2011	0.45454545454545453	True
2960	2410	0.36363636363636365	False
2960	1875	0.2727272727272727	True
2960	158	0.18181818181818182	True
2960	3770	0.09090909090909091	True
3787	3040	0.9090909090909091	False
3787	158	0.8181818181818182	True
3787	3379	0.7272727272727273	True
3787	3344	0.6363636363636364	True
3787	3296	0.5454545454545454	False
3787	3454	0.45454545454545453	True
3787	3740	0.36363636363636365	False
3787	3726	0.2727272727272727	True
3787	3928	0.18181818181818182	True
3787	534	0.09090909090909091	False
930	3928	0.9090909090909091	True
930	158	0.8181818181818182	True
930	2935	0.7272727272727273	True
930	3726	0.6363636363636364	True
930	3379	0.5454545454545454	True
930	436	0.45454545454545453	True
930	10	0.36363636363636365	True
930	534	0.2727272727272727	False
930	3770	0.18181818181818182	True
930	3296	0.09090909090909091	False
5830	3040	0.9090909090909091	False
5830	3726	0.8181818181818182	True
5830	3454	0.7272727272727273	True
5830	1677	0.6363636363636364	True
5830	2410	0.5454545454545454	False
5830	3379	0.45454545454545453	True
5830	3740	0.36363636363636365	False
5830	3928	0.2727272727272727	True
5830	2935	0.18181818181818182	True
5830	540	0.09090909090909091	True
3615	3296	0.9090909090909091	False
3615	1040	0.8181818181818182	False
3615	3040	0.7272727272727273	False
3615	1677	0.6363636363636364	True
3615	3344	0.5454545454545454	True
3615	3740	0.45454545454545453	False
3615	2410	0.36363636363636365	False
3615	3454	0.2727272727272727	True
3615	3770	0.18181818181818182	True
3615	3657	0.09090909090909091	True
5762	10	0.9090909090909091	True
5762	2410	0.8181818181818182	False
5762	3419	0.7272727272727273	True
5762	1040	0.6363636363636364	False
5762	3040	0.5454545454545454	False
5762	1677	0.45454545454545453	True
5762	3296	0.36363636363636365	False
5762	3454	0.2727272727272727	True
5762	2614	0.18181818181818182	True
5762	3344	0.09090909090909091	True
2550	3296	0.9090909090909091	False
2550	3040	0.8181818181818182	False
2550	3740	0.7272727272727273	False
2550	1040	0.6363636363636364	False
2550	3726	0.5454545454545454	True
2550	158	0.45454545454545453	True
2550	3454	0.36363636363636365	True
2550	436	0.2727272727272727	True
2550	3344	0.18181818181818182	True
2550	3379	0.09090909090909091	True
1438	158	0.9090909090909091	True
1438	436	0.8181818181818182	True
1438	3740	0.7272727272727273	False
1438	3040	0.6363636363636364	False
1438	3928	0.5454545454545454	True
1438	3296	0.45454545454545453	False
1438	1677	0.36363636363636365	True
1438	3454	0.2727272727272727	True
1438	2935	0.18181818181818182	True
1438	3379	0.09090909090909091	True
1763	3296	0.9090909090909091	False
1763	1040	0.8181818181818182	False
1763	2410	0.7272727272727273	False
1763	3740	0.6363636363636364	False
1763	2935	0.5454545454545454	True
1763	3379	0.45454545454545453	True
1763	3928	0.36363636363636365	True
1763	3040	0.2727272727272727	False
1763	1677	0.18181818181818182	True
1763	158	0.09090909090909091	True
5139	2410	0.9090909090909091	False
5139	3344	0.8181818181818182	True
5139	3740	0.7272727272727273	False
5139	2935	0.6363636363636364	True
5139	3296	0.5454545454545454	False
5139	3770	0.45454545454545453	True
5139	1040	0.36363636363636365	False
5139	158	0.2727272727272727	True
5139	3040	0.18181818181818182	False
5139	534	0.09090909090909091	False
1017	2410	0.9090909090909091	False
1017	3296	0.8181818181818182	False
1017	3770	0.7272727272727273	True
1017	10	0.6363636363636364	True
1017	1040	0.5454545454545454	False
1017	3454	0.45454545454545453	True
1017	3419	0.36363636363636365	True
1017	3928	0.2727272727272727	True
1017	158	0.18181818181818182	True
1017	2614	0.09090909090909091	True
3438	1040	0.9090909090909091	False
3438	3740	0.8181818181818182	False
3438	3296	0.7272727272727273	False
3438	3726	0.6363636363636364	True
3438	3454	0.5454545454545454	True
3438	3657	0.45454545454545453	True
3438	1677	0.36363636363636365	True
3438	534	0.2727272727272727	False
3438	3040	0.18181818181818182	False
3438	3419	0.09090909090909091	True
1088	158	0.9090909090909091	True
1088	3379	0.8181818181818182	True
1088	3740	0.7272727272727273	False
1088	534	0.6363636363636364	False
1088	3296	0.5454545454545454	False
1088	2410	0.45454545454545453	False
1088	2935	0.36363636363636365	True
1088	1677	0.2727272727272727	True
1088	3928	0.18181818181818182	True
1088	1040	0.09090909090909091	False
2233	3726	0.9090909090909091	True
2233	3928	0.8181818181818182	True
2233	3379	0.7272727272727273	True
2233	534	0.6363636363636364	False
2233	2410	0.5454545454545454	False
2233	1677	0.45454545454545453	True
2233	436	0.36363636363636365	True
2233	3740	0.2727272727272727	False
2233	2935	0.18181818181818182	True
2233	1040	0.09090909090909091	False
806	2410	0.9090909090909091	False
806	3454	0.8181818181818182	True
806	3726	0.7272727272727273	True
806	1040	0.6363636363636364	False
806	3296	0.5454545454545454	False
806	3040	0.45454545454545453	False
806	3740	0.36363636363636365	False
806	3928	0.2727272727272727	True
806	2935	0.18181818181818182	True
806	1677	0.09090909090909091	True
4700	10	0.9090909090909091	True
4700	3296	0.8181818181818182	False
4700	3344	0.7272727272727273	True
4700	3740	0.6363636363636364	False
4700	3770	0.5454545454545454	True
4700	1677	0.45454545454545453	True
4700	1040	0.36363636363636365	False
4700	3726	0.2727272727272727	True
4700	3454	0.18181818181818182	True
4700	3410	0.09090909090909091	True
4339	3379	0.9090909090909091	True
4339	2935	0.8181818181818182	True
4339	534	0.7272727272727273	False
4339	3296	0.6363636363636364	False
4339	158	0.5454545454545454	True
4339	3726	0.45454545454545453	True
4339	3040	0.36363636363636365	False
4339	2410	0.2727272727272727	False
4339	1040	0.18181818181818182	False
4339	3928	0.09090909090909091	True
5538	147	0.9090909090909091	True
5538	3770	0.8181818181818182	True
5538	534	0.7272727272727273	False
5538	1040	0.6363636363636364	False
5538	3296	0.5454545454545454	False
5538	158	0.45454545454545453	True
5538	10	0.36363636363636365	True
5538	2935	0.2727272727272727	True
5538	3454	0.18181818181818182	True
5538	2772	0.09090909090909091	True
2045	158	0.9090909090909091	True
2045	3454	0.8181818181818182	True
2045	3040	0.7272727272727273	False
2045	3296	0.6363636363636364	False
2045	436	0.5454545454545454	True
2045	3740	0.45454545454545453	False
2045	3928	0.36363636363636365	True
2045	3344	0.2727272727272727	True
2045	1677	0.18181818181818182	True
2045	3720	0.09090909090909091	True
2003	3454	0.9090909090909091	True
2003	3726	0.8181818181818182	True
2003	3040	0.7272727272727273	False
2003	3379	0.6363636363636364	True
2003	599	0.5454545454545454	True
2003	534	0.45454545454545453	False
2003	158	0.36363636363636365	True
2003	147	0.2727272727272727	True
2003	2772	0.18181818181818182	True
2003	436	0.09090909090909091	True
5666	3040	0.9090909090909091	False
5666	158	0.8181818181818182	True
5666	2410	0.7272727272727273	False
5666	3296	0.6363636363636364	False
5666	3379	0.5454545454545454	True
5666	534	0.45454545454545453	False
5666	1040	0.36363636363636365	False
5666	3740	0.2727272727272727	False
5666	1591	0.18181818181818182	True
5666	1677	0.09090909090909091	True
3024	158	0.9090909090909091	True
3024	2410	0.8181818181818182	False
3024	3344	0.7272727272727273	True
3024	3296	0.6363636363636364	False
3024	436	0.5454545454545454	True
3024	3040	0.45454545454545453	False
3024	3720	0.36363636363636365	True
3024	10	0.2727272727272727	True
3024	2935	0.18181818181818182	True
3024	1677	0.09090909090909091	True
1823	3379	0.9090909090909091	True
1823	158	0.8181818181818182	True
1823	2935	0.7272727272727273	True
1823	3928	0.6363636363636364	True
1823	3040	0.5454545454545454	False
1823	3454	0.45454545454545453	True
1823	1677	0.36363636363636365	True
1823	3726	0.2727272727272727	True
1823	436	0.18181818181818182	True
1823	3419	0.09090909090909091	True
3912	2935	0.9090909090909091	True
3912	3296	0.8181818181818182	False
3912	3344	0.7272727272727273	True
3912	158	0.6363636363636364	True
3912	3770	0.5454545454545454	True
3912	1040	0.45454545454545453	False
3912	3720	0.36363636363636365	True
3912	3040	0.2727272727272727	False
3912	2410	0.18181818181818182	False
3912	3410	0.09090909090909091	True
2330	3296	0.9090909090909091	False
2330	2935	0.8181818181818182	True
2330	540	0.7272727272727273	True
2330	158	0.6363636363636364	True
2330	2410	0.5454545454545454	False
2330	147	0.45454545454545453	True
2330	3928	0.36363636363636365	True
2330	534	0.2727272727272727	False
2330	3344	0.18181818181818182	True
2330	3720	0.09090909090909091	True
2416	158	0.9090909090909091	True
2416	534	0.8181818181818182	False
2416	3740	0.7272727272727273	False
2416	3726	0.6363636363636364	True
2416	436	0.5454545454545454	True
2416	599	0.45454545454545453	True
2416	3379	0.36363636363636365	True
2416	1040	0.2727272727272727	False
2416	176	0.18181818181818182	True
2416	3720	0.09090909090909091	True
1371	2935	0.9090909090909091	True
1371	2410	0.8181818181818182	False
1371	10	0.7272727272727273	True
1371	3379	0.6363636363636364	True
1371	3419	0.5454545454545454	True
1371	3740	0.45454545454545453	False
1371	1677	0.36363636363636365	True
1371	3726	0.2727272727272727	True
1371	3928	0.18181818181818182	True
1371	3296	0.09090909090909091	False
2209	2410	0.9090909090909091	False
2209	158	0.8181818181818182	True
2209	3296	0.7272727272727273	False
2209	3928	0.6363636363636364	True
2209	1591	0.5454545454545454	True
2209	3740	0.45454545454545453	False
2209	3040	0.36363636363636365	False
2209	1040	0.2727272727272727	False
2209	2935	0.18181818181818182	True
2209	3720	0.09090909090909091	True
1141	3296	0.9090909090909091	False
1141	1040	0.8181818181818182	False
1141	2410	0.7272727272727273	False
1141	3740	0.6363636363636364	False
1141	3454	0.5454545454545454	True
1141	3657	0.45454545454545453	True
1141	3040	0.36363636363636365	False
1141	3379	0.2727272727272727	True
1141	2935	0.18181818181818182	True
1141	3419	0.09090909090909091	True
1347	158	0.9090909090909091	True
1347	3928	0.8181818181818182	True
1347	3454	0.7272727272727273	True
1347	2255	0.6363636363636364	True
1347	3040	0.5454545454545454	False
1347	2935	0.45454545454545453	True
1347	436	0.36363636363636365	True
1347	599	0.2727272727272727	True
1347	3740	0.18181818181818182	False
1347	3344	0.09090909090909091	True
3767	3454	0.9090909090909091	True
3767	3740	0.8181818181818182	False
3767	158	0.7272727272727273	True
3767	3040	0.6363636363636364	False
3767	3770	0.5454545454545454	True
3767	2935	0.45454545454545453	True
3767	3296	0.36363636363636365	False
3767	2410	0.2727272727272727	False
3767	436	0.18181818181818182	True
3767	3726	0.09090909090909091	True
3786	3454	0.9090909090909091	True
3786	3928	0.8181818181818182	True
3786	2410	0.7272727272727273	False
3786	158	0.6363636363636364	True
3786	3040	0.5454545454545454	False
3786	2935	0.45454545454545453	True
3786	1677	0.36363636363636365	True
3786	3770	0.2727272727272727	True
3786	3740	0.18181818181818182	False
3786	3296	0.09090909090909091	False
3482	3040	0.9090909090909091	False
3482	3726	0.8181818181818182	True
3482	3770	0.7272727272727273	True
3482	3454	0.6363636363636364	True
3482	158	0.5454545454545454	True
3482	3296	0.45454545454545453	False
3482	3379	0.36363636363636365	True
3482	534	0.2727272727272727	False
3482	1875	0.18181818181818182	True
3482	2772	0.09090909090909091	True
4942	3296	0.9090909090909091	False
4942	1040	0.8181818181818182	False
4942	3770	0.7272727272727273	True
4942	3344	0.6363636363636364	True
4942	3740	0.5454545454545454	False
4942	2410	0.45454545454545453	False
4942	10	0.36363636363636365	True
4942	2935	0.2727272727272727	True
4942	3410	0.18181818181818182	True
4942	3040	0.09090909090909091	False
440	3296	0.9090909090909091	False
440	3344	0.8181818181818182	True
440	10	0.7272727272727273	True
440	3040	0.6363636363636364	False
440	2410	0.5454545454545454	False
440	2935	0.45454545454545453	True
440	3770	0.36363636363636365	True
440	1040	0.2727272727272727	False
440	158	0.18181818181818182	True
440	3740	0.09090909090909091	False
548	1040	0.9090909090909091	False
548	534	0.8181818181818182	False
548	3379	0.7272727272727273	True
548	147	0.6363636363636364	True
548	2935	0.5454545454545454	True
548	3740	0.45454545454545453	False
548	2410	0.36363636363636365	False
548	3296	0.2727272727272727	False
548	3770	0.18181818181818182	True
548	3726	0.09090909090909091	True
1602	2410	0.9090909090909091	False
1602	10	0.8181818181818182	True
1602	1040	0.7272727272727273	False
1602	3040	0.6363636363636364	False
1602	3657	0.5454545454545454	True
1602	1677	0.45454545454545453	True
1602	534	0.36363636363636365	False
1602	3296	0.2727272727272727	False
1602	3454	0.18181818181818182	True
1602	3419	0.09090909090909091	True
3659	3379	0.9090909090909091	True
3659	3740	0.8181818181818182	False
3659	3454	0.7272727272727273	True
3659	158	0.6363636363636364	True
3659	2935	0.5454545454545454	True
3659	436	0.45454545454545453	True
3659	3296	0.36363636363636365	False
3659	3040	0.2727272727272727	False
3659	3726	0.18181818181818182	True
3659	534	0.09090909090909091	False
2782	1040	0.9090909090909091	False
2782	3740	0.8181818181818182	False
2782	3296	0.7272727272727273	False
2782	2410	0.6363636363636364	False
2782	534	0.5454545454545454	False
2782	158	0.45454545454545453	True
2782	1591	0.36363636363636365	True
2782	2935	0.2727272727272727	True
2782	1677	0.18181818181818182	True
2782	3379	0.09090909090909091	True
5164	3379	0.9090909090909091	True
5164	534	0.8181818181818182	False
5164	3040	0.7272727272727273	False
5164	2935	0.6363636363636364	True
5164	3770	0.5454545454545454	True
5164	1040	0.45454545454545453	False
5164	3726	0.36363636363636365	True
5164	3720	0.2727272727272727	True
5164	147	0.18181818181818182	True
5164	436	0.09090909090909091	True
180	2410	0.9090909090909091	False
180	3040	0.8181818181818182	False
180	3454	0.7272727272727273	True
180	3726	0.6363636363636364	True
180	1040	0.5454545454545454	False
180	158	0.45454545454545453	True
180	3928	0.36363636363636365	True
180	3740	0.2727272727272727	False
180	1591	0.18181818181818182	True
180	436	0.09090909090909091	True
1277	3296	0.9090909090909091	False
1277	1591	0.8181818181818182	True
1277	3657	0.7272727272727273	True
1277	158	0.6363636363636364	True
1277	2935	0.5454545454545454	True
1277	3379	0.45454545454545453	True
1277	1040	0.36363636363636365	False
1277	3040	0.2727272727272727	False
1277	436	0.18181818181818182	True
1277	2410	0.09090909090909091	False
70	10	0.9090909090909091	True
70	2410	0.8181818181818182	False
70	1040	0.7272727272727273	False
70	1677	0.6363636363636364	True
70	534	0.5454545454545454	False
70	3740	0.45454545454545453	False
70	3344	0.36363636363636365	True
70	3657	0.2727272727272727	True
70	3296	0.18181818181818182	False
70	2935	0.09090909090909091	True
4652	3296	0.9090909090909091	False
4652	3454	0.8181818181818182	True
4652	3740	0.7272727272727273	False
4652	2410	0.6363636363636364	False
4652	3040	0.5454545454545454	False
4652	1040	0.45454545454545453	False
4652	3344	0.36363636363636365	True
4652	158	0.2727272727272727	True
4652	10	0.18181818181818182	True
4652	1677	0.09090909090909091	True
4352	158	0.9090909090909091	True
4352	3454	0.8181818181818182	True
4352	3928	0.7272727272727273	True
4352	534	0.6363636363636364	False
4352	3726	0.5454545454545454	True
4352	147	0.45454545454545453	True
4352	1677	0.36363636363636365	True
4352	3740	0.2727272727272727	False
4352	2935	0.18181818181818182	True
4352	436	0.09090909090909091	True
4407	3296	0.9090909090909091	False
4407	3040	0.8181818181818182	False
4407	436	0.7272727272727273	True
4407	3454	0.6363636363636364	True
4407	3740	0.5454545454545454	False
4407	3928	0.45454545454545453	True
4407	158	0.36363636363636365	True
4407	2410	0.2727272727272727	False
4407	2935	0.18181818181818182	True
4407	1591	0.09090909090909091	True
4218	3296	0.9090909090909091	False
4218	3344	0.8181818181818182	True
4218	3040	0.7272727272727273	False
4218	3740	0.6363636363636364	False
4218	1040	0.5454545454545454	False
4218	1875	0.45454545454545453	True
4218	158	0.36363636363636365	True
4218	436	0.2727272727272727	True
4218	534	0.18181818181818182	False
4218	3770	0.09090909090909091	True
374	1040	0.9090909090909091	False
374	3296	0.8181818181818182	False
374	3770	0.7272727272727273	True
374	3740	0.6363636363636364	False
374	3726	0.5454545454545454	True
374	3040	0.45454545454545453	False
374	3344	0.36363636363636365	True
374	1677	0.2727272727272727	True
374	3928	0.18181818181818182	True
374	534	0.09090909090909091	False
5594	3040	0.9090909090909091	False
5594	3379	0.8181818181818182	True
5594	158	0.7272727272727273	True
5594	534	0.6363636363636364	False
5594	3740	0.5454545454545454	False
5594	3726	0.45454545454545453	True
5594	1040	0.36363636363636365	False
5594	1677	0.2727272727272727	True
5594	3770	0.18181818181818182	True
5594	2410	0.09090909090909091	False
5486	3296	0.9090909090909091	False
5486	1040	0.8181818181818182	False
5486	3770	0.7272727272727273	True
5486	2935	0.6363636363636364	True
5486	3344	0.5454545454545454	True
5486	3379	0.45454545454545453	True
5486	158	0.36363636363636365	True
5486	534	0.2727272727272727	False
5486	10	0.18181818181818182	True
5486	3740	0.09090909090909091	False
3379	3740	0.9090909090909091	False
3379	158	0.8181818181818182	True
3379	1677	0.7272727272727273	True
3379	3379	0.6363636363636364	True
3379	534	0.5454545454545454	False
3379	3040	0.45454545454545453	False
3379	2410	0.36363636363636365	False
3379	2935	0.2727272727272727	True
3379	3928	0.18181818181818182	True
3379	436	0.09090909090909091	True
156	3770	0.9090909090909091	True
156	1040	0.8181818181818182	False
156	10	0.7272727272727273	True
156	3296	0.6363636363636364	False
156	3419	0.5454545454545454	True
156	534	0.45454545454545453	False
156	2935	0.36363636363636365	True
156	147	0.2727272727272727	True
156	3454	0.18181818181818182	True
156	3040	0.09090909090909091	False
3357	3726	0.9090909090909091	True
3357	436	0.8181818181818182	True
3357	3344	0.7272727272727273	True
3357	3379	0.6363636363636364	True
3357	3740	0.5454545454545454	False
3357	3040	0.45454545454545453	False
3357	534	0.36363636363636365	False
3357	158	0.2727272727272727	True
3357	2935	0.18181818181818182	True
3357	1677	0.09090909090909091	True
4221	3379	0.9090909090909091	True
4221	3770	0.8181818181818182	True
4221	2935	0.7272727272727273	True
4221	1040	0.6363636363636364	False
4221	534	0.5454545454545454	False
4221	2614	0.45454545454545453	True
4221	3419	0.36363636363636365	True
4221	158	0.2727272727272727	True
4221	3167	0.18181818181818182	True
4221	10	0.09090909090909091	True
3020	1040	0.9090909090909091	False
3020	3726	0.8181818181818182	True
3020	534	0.7272727272727273	False
3020	3770	0.6363636363636364	True
3020	3419	0.5454545454545454	True
3020	3379	0.45454545454545453	True
3020	10	0.36363636363636365	True
3020	2614	0.2727272727272727	True
3020	2935	0.18181818181818182	True
3020	3040	0.09090909090909091	False
4548	2410	0.9090909090909091	False
4548	3040	0.8181818181818182	False
4548	3454	0.7272727272727273	True
4548	3928	0.6363636363636364	True
4548	1677	0.5454545454545454	True
4548	3296	0.45454545454545453	False
4548	2614	0.36363636363636365	True
4548	2241	0.2727272727272727	True
4548	147	0.18181818181818182	True
4548	3740	0.09090909090909091	False
5260	534	0.9090909090909091	False
5260	2935	0.8181818181818182	True
5260	147	0.7272727272727273	True
5260	1040	0.6363636363636364	False
5260	3040	0.5454545454545454	False
5260	3296	0.45454545454545453	False
5260	2410	0.36363636363636365	False
5260	436	0.2727272727272727	True
5260	158	0.18181818181818182	True
5260	3740	0.09090909090909091	False
5897	2935	0.9090909090909091	True
5897	3296	0.8181818181818182	False
5897	3379	0.7272727272727273	True
5897	3040	0.6363636363636364	False
5897	2410	0.5454545454545454	False
5897	3419	0.45454545454545453	True
5897	3454	0.36363636363636365	True
5897	3928	0.2727272727272727	True
5897	158	0.18181818181818182	True
5897	3770	0.09090909090909091	True
5331	2241	0.9090909090909091	True
5331	436	0.8181818181818182	True
5331	3296	0.7272727272727273	False
5331	1040	0.6363636363636364	False
5331	3740	0.5454545454545454	False
5331	2614	0.45454545454545453	True
5331	2935	0.36363636363636365	True
5331	158	0.2727272727272727	True
5331	3040	0.18181818181818182	False
5331	2410	0.09090909090909091	False
3906	3040	0.9090909090909091	False
3906	3454	0.8181818181818182	True
3906	3296	0.7272727272727273	False
3906	3740	0.6363636363636364	False
3906	3770	0.5454545454545454	True
3906	1040	0.45454545454545453	False
3906	3379	0.36363636363636365	True
3906	2379	0.2727272727272727	True
3906	158	0.18181818181818182	True
3906	2410	0.09090909090909091	False
3229	2410	0.9090909090909091	False
3229	3296	0.8181818181818182	False
3229	1677	0.7272727272727273	True
3229	3720	0.6363636363636364	True
3229	2935	0.5454545454545454	True
3229	3040	0.45454545454545453	False
3229	3379	0.36363636363636365	True
3229	3740	0.2727272727272727	False
3229	1040	0.18181818181818182	False
3229	534	0.09090909090909091	False
3270	3296	0.9090909090909091	False
3270	2410	0.8181818181818182	False
3270	2935	0.7272727272727273	True
3270	147	0.6363636363636364	True
3270	1040	0.5454545454545454	False
3270	158	0.45454545454545453	True
3270	3740	0.36363636363636365	False
3270	3928	0.2727272727272727	True
3270	534	0.18181818181818182	False
3270	436	0.09090909090909091	True
3205	3040	0.9090909090909091	False
3205	3296	0.8181818181818182	False
3205	3740	0.7272727272727273	False
3205	1040	0.6363636363636364	False
3205	3770	0.5454545454545454	True
3205	3454	0.45454545454545453	True
3205	3726	0.36363636363636365	True
3205	1677	0.2727272727272727	True
3205	147	0.18181818181818182	True
3205	2410	0.09090909090909091	False
2470	3740	0.9090909090909091	False
2470	1677	0.8181818181818182	True
2470	3040	0.7272727272727273	False
2470	2410	0.6363636363636364	False
2470	158	0.5454545454545454	True
2470	3296	0.45454545454545453	False
2470	534	0.36363636363636365	False
2470	3454	0.2727272727272727	True
2470	3344	0.18181818181818182	True
2470	3726	0.09090909090909091	True
6026	158	0.9090909090909091	True
6026	3040	0.8181818181818182	False
6026	3740	0.7272727272727273	False
6026	3726	0.6363636363636364	True
6026	2772	0.5454545454545454	True
6026	147	0.45454545454545453	True
6026	3296	0.36363636363636365	False
6026	3454	0.2727272727272727	True
6026	534	0.18181818181818182	False
6026	3770	0.09090909090909091	True
2738	3344	0.9090909090909091	True
2738	158	0.8181818181818182	True
2738	10	0.7272727272727273	True
2738	3296	0.6363636363636364	False
2738	3040	0.5454545454545454	False
2738	2410	0.45454545454545453	False
2738	2772	0.36363636363636365	True
2738	3770	0.2727272727272727	True
2738	1040	0.18181818181818182	False
2738	3740	0.09090909090909091	False
6001	2410	0.9090909090909091	False
6001	3040	0.8181818181818182	False
6001	3296	0.7272727272727273	False
6001	2935	0.6363636363636364	True
6001	534	0.5454545454545454	False
6001	1040	0.45454545454545453	False
6001	158	0.36363636363636365	True
6001	3379	0.2727272727272727	True
6001	3344	0.18181818181818182	True
6001	3726	0.09090909090909091	True
3455	2410	0.9090909090909091	False
3455	3040	0.8181818181818182	False
3455	158	0.7272727272727273	True
3455	3296	0.6363636363636364	False
3455	1040	0.5454545454545454	False
3455	1591	0.45454545454545453	True
3455	3419	0.36363636363636365	True
3455	1694	0.2727272727272727	True
3455	3379	0.18181818181818182	True
3455	3545	0.09090909090909091	True
1975	3040	0.9090909090909091	False
1975	1677	0.8181818181818182	True
1975	2410	0.7272727272727273	False
1975	3379	0.6363636363636364	True
1975	158	0.5454545454545454	True
1975	3720	0.45454545454545453	True
1975	3167	0.36363636363636365	True
1975	3726	0.2727272727272727	True
1975	3770	0.18181818181818182	True
1975	534	0.09090909090909091	False
5804	3040	0.9090909090909091	False
5804	158	0.8181818181818182	True
5804	2935	0.7272727272727273	True
5804	534	0.6363636363636364	False
5804	3296	0.5454545454545454	False
5804	1040	0.45454545454545453	False
5804	3379	0.36363636363636365	True
5804	1677	0.2727272727272727	True
5804	164	0.18181818181818182	True
5804	2410	0.09090909090909091	False
4778	3296	0.9090909090909091	False
4778	2410	0.8181818181818182	False
4778	10	0.7272727272727273	True
4778	436	0.6363636363636364	True
4778	3454	0.5454545454545454	True
4778	1040	0.45454545454545453	False
4778	147	0.36363636363636365	True
4778	2935	0.2727272727272727	True
4778	534	0.18181818181818182	False
4778	3344	0.09090909090909091	True
4330	3040	0.9090909090909091	False
4330	3379	0.8181818181818182	True
4330	3296	0.7272727272727273	False
4330	3344	0.6363636363636364	True
4330	1677	0.5454545454545454	True
4330	3726	0.45454545454545453	True
4330	3770	0.36363636363636365	True
4330	158	0.2727272727272727	True
4330	2935	0.18181818181818182	True
4330	1040	0.09090909090909091	False
1432	2410	0.9090909090909091	False
1432	2935	0.8181818181818182	True
1432	3296	0.7272727272727273	False
1432	3344	0.6363636363636364	True
1432	3040	0.5454545454545454	False
1432	1040	0.45454545454545453	False
1432	3419	0.36363636363636365	True
1432	3720	0.2727272727272727	True
1432	436	0.18181818181818182	True
1432	3740	0.09090909090909091	False
1408	3770	0.9090909090909091	True
1408	10	0.8181818181818182	True
1408	1677	0.7272727272727273	True
1408	3296	0.6363636363636364	False
1408	3454	0.5454545454545454	True
1408	3740	0.45454545454545453	False
1408	534	0.36363636363636365	False
1408	3344	0.2727272727272727	True
1408	3040	0.18181818181818182	False
1408	2011	0.09090909090909091	True
2693	147	0.9090909090909091	True
2693	534	0.8181818181818182	False
2693	2935	0.7272727272727273	True
2693	436	0.6363636363636364	True
2693	3770	0.5454545454545454	True
2693	3040	0.45454545454545453	False
2693	3454	0.36363636363636365	True
2693	2011	0.2727272727272727	True
2693	3379	0.18181818181818182	True
2693	1677	0.09090909090909091	True
3481	2935	0.9090909090909091	True
3481	158	0.8181818181818182	True
3481	2410	0.7272727272727273	False
3481	3379	0.6363636363636364	True
3481	3344	0.5454545454545454	True
3481	1040	0.45454545454545453	False
3481	3296	0.36363636363636365	False
3481	3770	0.2727272727272727	True
3481	3726	0.18181818181818182	True
3481	534	0.09090909090909091	False
5542	3454	0.9090909090909091	True
5542	3344	0.8181818181818182	True
5542	3040	0.7272727272727273	False
5542	3296	0.6363636363636364	False
5542	3720	0.5454545454545454	True
5542	2410	0.45454545454545453	False
5542	3740	0.36363636363636365	False
5542	2935	0.2727272727272727	True
5542	3770	0.18181818181818182	True
5542	1677	0.09090909090909091	True
325	158	0.9090909090909091	True
325	3296	0.8181818181818182	False
325	2935	0.7272727272727273	True
325	3379	0.6363636363636364	True
325	1040	0.5454545454545454	False
325	3344	0.45454545454545453	True
325	147	0.36363636363636365	True
325	534	0.2727272727272727	False
325	3040	0.18181818181818182	False
325	3770	0.09090909090909091	True
92	3296	0.9090909090909091	False
92	3040	0.8181818181818182	False
92	3928	0.7272727272727273	True
92	158	0.6363636363636364	True
92	3770	0.5454545454545454	True
92	1677	0.45454545454545453	True
92	2410	0.36363636363636365	False
92	10	0.2727272727272727	True
92	3344	0.18181818181818182	True
92	1040	0.09090909090909091	False
5990	3296	0.9090909090909091	False
5990	2241	0.8181818181818182	True
5990	1040	0.7272727272727273	False
5990	3379	0.6363636363636364	True
5990	3040	0.5454545454545454	False
5990	2614	0.45454545454545453	True
5990	1677	0.36363636363636365	True
5990	3167	0.2727272727272727	True
5990	3720	0.18181818181818182	True
5990	3740	0.09090909090909091	False
1453	3379	0.9090909090909091	True
1453	158	0.8181818181818182	True
1453	2935	0.7272727272727273	True
1453	534	0.6363636363636364	False
1453	3296	0.5454545454545454	False
1453	3770	0.45454545454545453	True
1453	3419	0.36363636363636365	True
1453	1040	0.2727272727272727	False
1453	3040	0.18181818181818182	False
1453	3344	0.09090909090909091	True
1851	158	0.9090909090909091	True
1851	3726	0.8181818181818182	True
1851	534	0.7272727272727273	False
1851	3167	0.6363636363636364	True
1851	1040	0.5454545454545454	False
1851	2614	0.45454545454545453	True
1851	3740	0.36363636363636365	False
1851	3379	0.2727272727272727	True
1851	3344	0.18181818181818182	True
1851	3770	0.09090909090909091	True
2139	3040	0.9090909090909091	False
2139	3770	0.8181818181818182	True
2139	3296	0.7272727272727273	False
2139	1040	0.6363636363636364	False
2139	3454	0.5454545454545454	True
2139	3726	0.45454545454545453	True
2139	3419	0.36363636363636365	True
2139	3657	0.2727272727272727	True
2139	2410	0.18181818181818182	False
2139	2772	0.09090909090909091	True
3332	3296	0.9090909090909091	False
3332	3657	0.8181818181818182	True
3332	3040	0.7272727272727273	False
3332	3344	0.6363636363636364	True
3332	10	0.5454545454545454	True
3332	2410	0.45454545454545453	False
3332	404	0.36363636363636365	True
3332	1677	0.2727272727272727	True
3332	3454	0.18181818181818182	True
3332	3928	0.09090909090909091	True
5414	3296	0.9090909090909091	False
5414	2410	0.8181818181818182	False
5414	1040	0.7272727272727273	False
5414	3379	0.6363636363636364	True
5414	3770	0.5454545454545454	True
5414	534	0.45454545454545453	False
5414	2935	0.36363636363636365	True
5414	3344	0.2727272727272727	True
5414	3040	0.18181818181818182	False
5414	3740	0.09090909090909091	False
2113	3296	0.9090909090909091	False
2113	3040	0.8181818181818182	False
2113	1040	0.7272727272727273	False
2113	2410	0.6363636363636364	False
2113	2935	0.5454545454545454	True
2113	3344	0.45454545454545453	True
2113	158	0.36363636363636365	True
2113	3740	0.2727272727272727	False
2113	2772	0.18181818181818182	True
2113	534	0.09090909090909091	False
1913	534	0.9090909090909091	False
1913	436	0.8181818181818182	True
1913	1677	0.7272727272727273	True
1913	3726	0.6363636363636364	True
1913	158	0.5454545454545454	True
1913	3379	0.45454545454545453	True
1913	2011	0.36363636363636365	True
1913	3040	0.2727272727272727	False
1913	1694	0.18181818181818182	True
1913	2935	0.09090909090909091	True
1631	3740	0.9090909090909091	False
1631	158	0.8181818181818182	True
1631	3296	0.7272727272727273	False
1631	3928	0.6363636363636364	True
1631	3040	0.5454545454545454	False
1631	1677	0.45454545454545453	True
1631	3454	0.36363636363636365	True
1631	3379	0.2727272727272727	True
1631	2935	0.18181818181818182	True
1631	3344	0.09090909090909091	True
1870	2410	0.9090909090909091	False
1870	3296	0.8181818181818182	False
1870	1040	0.7272727272727273	False
1870	158	0.6363636363636364	True
1870	3040	0.5454545454545454	False
1870	3740	0.45454545454545453	False
1870	534	0.36363636363636365	False
1870	1591	0.2727272727272727	True
1870	3344	0.18181818181818182	True
1870	2935	0.09090909090909091	True
5049	2410	0.9090909090909091	False
5049	3040	0.8181818181818182	False
5049	1040	0.7272727272727273	False
5049	158	0.6363636363636364	True
5049	3296	0.5454545454545454	False
5049	3740	0.45454545454545453	False
5049	1677	0.36363636363636365	True
5049	3720	0.2727272727272727	True
5049	3344	0.18181818181818182	True
5049	534	0.09090909090909091	False
