981	3412	0.9090909090909091	False
981	2522	0.8181818181818182	False
981	1575	0.7272727272727273	True
981	741	0.6363636363636364	False
981	63	0.5454545454545454	False
981	3398	0.45454545454545453	True
981	1100	0.36363636363636365	True
981	1113	0.2727272727272727	False
981	1834	0.18181818181818182	True
981	2504	0.09090909090909091	True
4640	3412	0.9090909090909091	False
4640	2522	0.8181818181818182	False
4640	1113	0.7272727272727273	False
4640	2504	0.6363636363636364	True
4640	1834	0.5454545454545454	True
4640	63	0.45454545454545453	False
4640	1100	0.36363636363636365	True
4640	2394	0.2727272727272727	True
4640	1575	0.18181818181818182	True
4640	2365	0.09090909090909091	True
203	3412	0.9090909090909091	False
203	2522	0.8181818181818182	False
203	1113	0.7272727272727273	False
203	63	0.6363636363636364	False
203	1834	0.5454545454545454	True
203	1035	0.45454545454545453	True
203	986	0.36363636363636365	True
203	2365	0.2727272727272727	True
203	741	0.18181818181818182	False
203	902	0.09090909090909091	True
3295	3412	0.9090909090909091	False
3295	2522	0.8181818181818182	False
3295	978	0.7272727272727273	True
3295	63	0.6363636363636364	False
3295	1035	0.5454545454545454	True
3295	1113	0.45454545454545453	False
3295	1100	0.36363636363636365	True
3295	2394	0.2727272727272727	True
3295	3398	0.18181818181818182	True
3295	986	0.09090909090909091	True
893	3412	0.9090909090909091	False
893	63	0.8181818181818182	False
893	1834	0.7272727272727273	True
893	1113	0.6363636363636364	False
893	2522	0.5454545454545454	False
893	2394	0.45454545454545453	True
893	1575	0.36363636363636365	True
893	2365	0.2727272727272727	True
893	3398	0.18181818181818182	True
893	986	0.09090909090909091	True
4477	3412	0.9090909090909091	False
4477	2522	0.8181818181818182	False
4477	1113	0.7272727272727273	False
4477	1575	0.6363636363636364	True
4477	3398	0.5454545454545454	True
4477	63	0.45454545454545453	False
4477	1834	0.36363636363636365	True
4477	2394	0.2727272727272727	True
4477	1035	0.18181818181818182	True
4477	2504	0.09090909090909091	True
1916	3412	0.9090909090909091	False
1916	2522	0.8181818181818182	False
1916	1035	0.7272727272727273	True
1916	2504	0.6363636363636364	True
1916	63	0.5454545454545454	False
1916	741	0.45454545454545453	False
1916	1113	0.36363636363636365	False
1916	986	0.2727272727272727	True
1916	1575	0.18181818181818182	True
1916	902	0.09090909090909091	True
2919	3412	0.9090909090909091	False
2919	2522	0.8181818181818182	False
2919	63	0.7272727272727273	False
2919	1575	0.6363636363636364	True
2919	741	0.5454545454545454	False
2919	1834	0.45454545454545453	True
2919	1113	0.36363636363636365	False
2919	2504	0.2727272727272727	True
2919	2365	0.18181818181818182	True
2919	2874	0.09090909090909091	True
4604	3412	0.9090909090909091	False
4604	2522	0.8181818181818182	False
4604	63	0.7272727272727273	False
4604	1834	0.6363636363636364	True
4604	1113	0.5454545454545454	False
4604	986	0.45454545454545453	True
4604	1575	0.36363636363636365	True
4604	2504	0.2727272727272727	True
4604	1100	0.18181818181818182	True
4604	741	0.09090909090909091	False
4015	3412	0.9090909090909091	False
4015	2522	0.8181818181818182	False
4015	1113	0.7272727272727273	False
4015	63	0.6363636363636364	False
4015	1575	0.5454545454545454	True
4015	1834	0.45454545454545453	True
4015	741	0.36363636363636365	False
4015	2504	0.2727272727272727	True
4015	3398	0.18181818181818182	True
4015	1035	0.09090909090909091	True
938	3412	0.9090909090909091	False
938	1113	0.8181818181818182	False
938	2522	0.7272727272727273	False
938	1575	0.6363636363636364	True
938	3398	0.5454545454545454	True
938	1834	0.45454545454545453	True
938	63	0.36363636363636365	False
938	2394	0.2727272727272727	True
938	741	0.18181818181818182	False
938	902	0.09090909090909091	True
3660	3412	0.9090909090909091	False
3660	63	0.8181818181818182	False
3660	2522	0.7272727272727273	False
3660	1113	0.6363636363636364	False
3660	986	0.5454545454545454	True
3660	1575	0.45454545454545453	True
3660	1834	0.36363636363636365	True
3660	1035	0.2727272727272727	True
3660	2504	0.18181818181818182	True
3660	741	0.09090909090909091	False
1776	3412	0.9090909090909091	False
1776	2522	0.8181818181818182	False
1776	1113	0.7272727272727273	False
1776	2504	0.6363636363636364	True
1776	1575	0.5454545454545454	True
1776	2394	0.45454545454545453	True
1776	3398	0.36363636363636365	True
1776	902	0.2727272727272727	True
1776	63	0.18181818181818182	False
1776	1100	0.09090909090909091	True
1116	3412	0.9090909090909091	False
1116	2522	0.8181818181818182	False
1116	741	0.7272727272727273	False
1116	2504	0.6363636363636364	True
1116	1100	0.5454545454545454	True
1116	164	0.45454545454545453	True
1116	1113	0.36363636363636365	False
1116	1575	0.2727272727272727	True
1116	1834	0.18181818181818182	True
1116	1035	0.09090909090909091	True
2753	3412	0.9090909090909091	False
2753	2522	0.8181818181818182	False
2753	1035	0.7272727272727273	True
2753	2504	0.6363636363636364	True
2753	63	0.5454545454545454	False
2753	741	0.45454545454545453	False
2753	986	0.36363636363636365	True
2753	902	0.2727272727272727	True
2753	1100	0.18181818181818182	True
2753	1113	0.09090909090909091	False
5126	3412	0.9090909090909091	False
5126	2522	0.8181818181818182	False
5126	2365	0.7272727272727273	True
5126	63	0.6363636363636364	False
5126	1834	0.5454545454545454	True
5126	1575	0.45454545454545453	True
5126	1113	0.36363636363636365	False
5126	3398	0.2727272727272727	True
5126	741	0.18181818181818182	False
5126	1100	0.09090909090909091	True
1878	3412	0.9090909090909091	False
1878	2522	0.8181818181818182	False
1878	1113	0.7272727272727273	False
1878	63	0.6363636363636364	False
1878	3398	0.5454545454545454	True
1878	1834	0.45454545454545453	True
1878	1035	0.36363636363636365	True
1878	2394	0.2727272727272727	True
1878	1575	0.18181818181818182	True
1878	741	0.09090909090909091	False
1995	3412	0.9090909090909091	False
1995	2522	0.8181818181818182	False
1995	741	0.7272727272727273	False
1995	1575	0.6363636363636364	True
1995	2504	0.5454545454545454	True
1995	1035	0.45454545454545453	True
1995	63	0.36363636363636365	False
1995	164	0.2727272727272727	True
1995	902	0.18181818181818182	True
1995	316	0.09090909090909091	True
454	3412	0.9090909090909091	False
454	2522	0.8181818181818182	False
454	1834	0.7272727272727273	True
454	1575	0.6363636363636364	True
454	1113	0.5454545454545454	False
454	63	0.45454545454545453	False
454	741	0.36363636363636365	False
454	3398	0.2727272727272727	True
454	2504	0.18181818181818182	True
454	1100	0.09090909090909091	True
359	3412	0.9090909090909091	False
359	2522	0.8181818181818182	False
359	63	0.7272727272727273	False
359	1834	0.6363636363636364	True
359	1035	0.5454545454545454	True
359	1100	0.45454545454545453	True
359	1113	0.36363636363636365	False
359	741	0.2727272727272727	False
359	3398	0.18181818181818182	True
359	1575	0.09090909090909091	True
3692	3412	0.9090909090909091	False
3692	2522	0.8181818181818182	False
3692	1834	0.7272727272727273	True
3692	1035	0.6363636363636364	True
3692	1575	0.5454545454545454	True
3692	63	0.45454545454545453	False
3692	164	0.36363636363636365	True
3692	3398	0.2727272727272727	True
3692	741	0.18181818181818182	False
3692	681	0.09090909090909091	True
2217	3412	0.9090909090909091	False
2217	2522	0.8181818181818182	False
2217	3398	0.7272727272727273	True
2217	741	0.6363636363636364	False
2217	2394	0.5454545454545454	True
2217	164	0.45454545454545453	True
2217	1834	0.36363636363636365	True
2217	2262	0.2727272727272727	True
2217	1035	0.18181818181818182	True
2217	1575	0.09090909090909091	True
1830	3412	0.9090909090909091	False
1830	2522	0.8181818181818182	False
1830	1035	0.7272727272727273	True
1830	63	0.6363636363636364	False
1830	741	0.5454545454545454	False
1830	986	0.45454545454545453	True
1830	3398	0.36363636363636365	True
1830	1575	0.2727272727272727	True
1830	1113	0.18181818181818182	False
1830	2394	0.09090909090909091	True
3168	3412	0.9090909090909091	False
3168	2522	0.8181818181818182	False
3168	1100	0.7272727272727273	True
3168	741	0.6363636363636364	False
3168	63	0.5454545454545454	False
3168	2365	0.45454545454545453	True
3168	2504	0.36363636363636365	True
3168	1035	0.2727272727272727	True
3168	681	0.18181818181818182	True
3168	164	0.09090909090909091	True
513	3412	0.9090909090909091	False
513	2522	0.8181818181818182	False
513	1113	0.7272727272727273	False
513	1575	0.6363636363636364	True
513	741	0.5454545454545454	False
513	63	0.45454545454545453	False
513	2504	0.36363636363636365	True
513	986	0.2727272727272727	True
513	2394	0.18181818181818182	True
513	1035	0.09090909090909091	True
5573	3412	0.9090909090909091	False
5573	2522	0.8181818181818182	False
5573	1035	0.7272727272727273	True
5573	2394	0.6363636363636364	True
5573	741	0.5454545454545454	False
5573	2504	0.45454545454545453	True
5573	1113	0.36363636363636365	False
5573	164	0.2727272727272727	True
5573	316	0.18181818181818182	True
5573	1575	0.09090909090909091	True
5921	3412	0.9090909090909091	False
5921	2522	0.8181818181818182	False
5921	63	0.7272727272727273	False
5921	1113	0.6363636363636364	False
5921	1575	0.5454545454545454	True
5921	1834	0.45454545454545453	True
5921	2504	0.36363636363636365	True
5921	741	0.2727272727272727	False
5921	986	0.18181818181818182	True
5921	978	0.09090909090909091	True
2605	3412	0.9090909090909091	False
2605	2522	0.8181818181818182	False
2605	2394	0.7272727272727273	True
2605	1113	0.6363636363636364	False
2605	3398	0.5454545454545454	True
2605	1575	0.45454545454545453	True
2605	63	0.36363636363636365	False
2605	741	0.2727272727272727	False
2605	1834	0.18181818181818182	True
2605	2504	0.09090909090909091	True
2914	3412	0.9090909090909091	False
2914	2522	0.8181818181818182	False
2914	1113	0.7272727272727273	False
2914	3398	0.6363636363636364	True
2914	1575	0.5454545454545454	True
2914	741	0.45454545454545453	False
2914	63	0.36363636363636365	False
2914	1834	0.2727272727272727	True
2914	164	0.18181818181818182	True
2914	2504	0.09090909090909091	True
1070	3412	0.9090909090909091	False
1070	1113	0.8181818181818182	False
1070	2522	0.7272727272727273	False
1070	1575	0.6363636363636364	True
1070	3398	0.5454545454545454	True
1070	1834	0.45454545454545453	True
1070	2394	0.36363636363636365	True
1070	2504	0.2727272727272727	True
1070	63	0.18181818181818182	False
1070	2366	0.09090909090909091	True
3999	3412	0.9090909090909091	False
3999	2522	0.8181818181818182	False
3999	1113	0.7272727272727273	False
3999	741	0.6363636363636364	False
3999	1575	0.5454545454545454	True
3999	2394	0.45454545454545453	True
3999	1035	0.36363636363636365	True
3999	2504	0.2727272727272727	True
3999	164	0.18181818181818182	True
3999	3398	0.09090909090909091	True
1246	3412	0.9090909090909091	False
1246	2522	0.8181818181818182	False
1246	63	0.7272727272727273	False
1246	741	0.6363636363636364	False
1246	1113	0.5454545454545454	False
1246	1575	0.45454545454545453	True
1246	1834	0.36363636363636365	True
1246	3398	0.2727272727272727	True
1246	1035	0.18181818181818182	True
1246	681	0.09090909090909091	True
4217	3412	0.9090909090909091	False
4217	2522	0.8181818181818182	False
4217	1834	0.7272727272727273	True
4217	1575	0.6363636363636364	True
4217	1113	0.5454545454545454	False
4217	63	0.45454545454545453	False
4217	2504	0.36363636363636365	True
4217	741	0.2727272727272727	False
4217	3398	0.18181818181818182	True
4217	3927	0.09090909090909091	True
5638	3412	0.9090909090909091	False
5638	2522	0.8181818181818182	False
5638	1113	0.7272727272727273	False
5638	1035	0.6363636363636364	True
5638	902	0.5454545454545454	True
5638	741	0.45454545454545453	False
5638	986	0.36363636363636365	True
5638	2504	0.2727272727272727	True
5638	63	0.18181818181818182	False
5638	3398	0.09090909090909091	True
2739	3412	0.9090909090909091	False
2739	2522	0.8181818181818182	False
2739	1113	0.7272727272727273	False
2739	63	0.6363636363636364	False
2739	986	0.5454545454545454	True
2739	1035	0.45454545454545453	True
2739	2365	0.36363636363636365	True
2739	741	0.2727272727272727	False
2739	1834	0.18181818181818182	True
2739	164	0.09090909090909091	True
1365	3412	0.9090909090909091	False
1365	2522	0.8181818181818182	False
1365	63	0.7272727272727273	False
1365	986	0.6363636363636364	True
1365	1113	0.5454545454545454	False
1365	1575	0.45454545454545453	True
1365	1834	0.36363636363636365	True
1365	741	0.2727272727272727	False
1365	902	0.18181818181818182	True
1365	2504	0.09090909090909091	True
2549	3412	0.9090909090909091	False
2549	2522	0.8181818181818182	False
2549	3398	0.7272727272727273	True
2549	1113	0.6363636363636364	False
2549	1035	0.5454545454545454	True
2549	1575	0.45454545454545453	True
2549	2394	0.36363636363636365	True
2549	63	0.2727272727272727	False
2549	1834	0.18181818181818182	True
2549	2262	0.09090909090909091	True
1382	3412	0.9090909090909091	False
1382	2522	0.8181818181818182	False
1382	3398	0.7272727272727273	True
1382	1575	0.6363636363636364	True
1382	741	0.5454545454545454	False
1382	63	0.45454545454545453	False
1382	164	0.36363636363636365	True
1382	1035	0.2727272727272727	True
1382	2394	0.18181818181818182	True
1382	372	0.09090909090909091	True
3094	3412	0.9090909090909091	False
3094	2522	0.8181818181818182	False
3094	1575	0.7272727272727273	True
3094	1113	0.6363636363636364	False
3094	63	0.5454545454545454	False
3094	741	0.45454545454545453	False
3094	2504	0.36363636363636365	True
3094	2365	0.2727272727272727	True
3094	1834	0.18181818181818182	True
3094	3398	0.09090909090909091	True
3490	3412	0.9090909090909091	False
3490	2522	0.8181818181818182	False
3490	1575	0.7272727272727273	True
3490	63	0.6363636363636364	False
3490	1834	0.5454545454545454	True
3490	741	0.45454545454545453	False
3490	2504	0.36363636363636365	True
3490	1113	0.2727272727272727	False
3490	3398	0.18181818181818182	True
3490	2394	0.09090909090909091	True
5791	3412	0.9090909090909091	False
5791	2522	0.8181818181818182	False
5791	63	0.7272727272727273	False
5791	1113	0.6363636363636364	False
5791	3398	0.5454545454545454	True
5791	1575	0.45454545454545453	True
5791	1834	0.36363636363636365	True
5791	2504	0.2727272727272727	True
5791	741	0.18181818181818182	False
5791	1035	0.09090909090909091	True
2338	3412	0.9090909090909091	False
2338	2522	0.8181818181818182	False
2338	741	0.7272727272727273	False
2338	164	0.6363636363636364	True
2338	2262	0.5454545454545454	True
2338	1100	0.45454545454545453	True
2338	2365	0.36363636363636365	True
2338	1834	0.2727272727272727	True
2338	2394	0.18181818181818182	True
2338	63	0.09090909090909091	False
5177	3412	0.9090909090909091	False
5177	2522	0.8181818181818182	False
5177	741	0.7272727272727273	False
5177	2504	0.6363636363636364	True
5177	316	0.5454545454545454	True
5177	63	0.45454545454545453	False
5177	1100	0.36363636363636365	True
5177	2394	0.2727272727272727	True
5177	164	0.18181818181818182	True
5177	1575	0.09090909090909091	True
1110	3412	0.9090909090909091	False
1110	1113	0.8181818181818182	False
1110	2522	0.7272727272727273	False
1110	63	0.6363636363636364	False
1110	1834	0.5454545454545454	True
1110	1575	0.45454545454545453	True
1110	741	0.36363636363636365	False
1110	1100	0.2727272727272727	True
1110	986	0.18181818181818182	True
1110	2365	0.09090909090909091	True
5054	3412	0.9090909090909091	False
5054	2522	0.8181818181818182	False
5054	1035	0.7272727272727273	True
5054	1113	0.6363636363636364	False
5054	63	0.5454545454545454	False
5054	1834	0.45454545454545453	True
5054	986	0.36363636363636365	True
5054	2504	0.2727272727272727	True
5054	946	0.18181818181818182	True
5054	2394	0.09090909090909091	True
4868	3412	0.9090909090909091	False
4868	741	0.8181818181818182	False
4868	2522	0.7272727272727273	False
4868	1035	0.6363636363636364	True
4868	902	0.5454545454545454	True
4868	1113	0.45454545454545453	False
4868	946	0.36363636363636365	True
4868	986	0.2727272727272727	True
4868	63	0.18181818181818182	False
4868	3398	0.09090909090909091	True
352	3412	0.9090909090909091	False
352	2522	0.8181818181818182	False
352	1575	0.7272727272727273	True
352	2504	0.6363636363636364	True
352	63	0.5454545454545454	False
352	741	0.45454545454545453	False
352	1100	0.36363636363636365	True
352	1113	0.2727272727272727	False
352	2394	0.18181818181818182	True
352	316	0.09090909090909091	True
3937	3412	0.9090909090909091	False
3937	2522	0.8181818181818182	False
3937	1113	0.7272727272727273	False
3937	1575	0.6363636363636364	True
3937	63	0.5454545454545454	False
3937	2504	0.45454545454545453	True
3937	3398	0.36363636363636365	True
3937	2394	0.2727272727272727	True
3937	1834	0.18181818181818182	True
3937	1100	0.09090909090909091	True
3234	3412	0.9090909090909091	False
3234	2522	0.8181818181818182	False
3234	1113	0.7272727272727273	False
3234	63	0.6363636363636364	False
3234	986	0.5454545454545454	True
3234	1035	0.45454545454545453	True
3234	2504	0.36363636363636365	True
3234	1575	0.2727272727272727	True
3234	681	0.18181818181818182	True
3234	2768	0.09090909090909091	True
1631	3412	0.9090909090909091	False
1631	2522	0.8181818181818182	False
1631	1575	0.7272727272727273	True
1631	1113	0.6363636363636364	False
1631	2394	0.5454545454545454	True
1631	1834	0.45454545454545453	True
1631	3398	0.36363636363636365	True
1631	1035	0.2727272727272727	True
1631	3927	0.18181818181818182	True
1631	63	0.09090909090909091	False
621	3412	0.9090909090909091	False
621	2522	0.8181818181818182	False
621	63	0.7272727272727273	False
621	2504	0.6363636363636364	True
621	1100	0.5454545454545454	True
621	741	0.45454545454545453	False
621	1575	0.36363636363636365	True
621	1113	0.2727272727272727	False
621	978	0.18181818181818182	True
621	2394	0.09090909090909091	True
114	3412	0.9090909090909091	False
114	2522	0.8181818181818182	False
114	63	0.7272727272727273	False
114	1575	0.6363636363636364	True
114	1100	0.5454545454545454	True
114	2504	0.45454545454545453	True
114	1035	0.36363636363636365	True
114	1113	0.2727272727272727	False
114	1834	0.18181818181818182	True
114	741	0.09090909090909091	False
612	3412	0.9090909090909091	False
612	2522	0.8181818181818182	False
612	1575	0.7272727272727273	True
612	2504	0.6363636363636364	True
612	1834	0.5454545454545454	True
612	1113	0.45454545454545453	False
612	681	0.36363636363636365	True
612	741	0.2727272727272727	False
612	63	0.18181818181818182	False
612	2394	0.09090909090909091	True
3029	3412	0.9090909090909091	False
3029	2522	0.8181818181818182	False
3029	1113	0.7272727272727273	False
3029	986	0.6363636363636364	True
3029	2365	0.5454545454545454	True
3029	1035	0.45454545454545453	True
3029	741	0.36363636363636365	False
3029	3398	0.2727272727272727	True
3029	63	0.18181818181818182	False
3029	2504	0.09090909090909091	True
82	3412	0.9090909090909091	False
82	2522	0.8181818181818182	False
82	1113	0.7272727272727273	False
82	3398	0.6363636363636364	True
82	1035	0.5454545454545454	True
82	63	0.45454545454545453	False
82	1834	0.36363636363636365	True
82	1575	0.2727272727272727	True
82	2000	0.18181818181818182	True
82	164	0.09090909090909091	True
4806	3412	0.9090909090909091	False
4806	2522	0.8181818181818182	False
4806	63	0.7272727272727273	False
4806	1113	0.6363636363636364	False
4806	1834	0.5454545454545454	True
4806	986	0.45454545454545453	True
4806	1100	0.36363636363636365	True
4806	1575	0.2727272727272727	True
4806	1035	0.18181818181818182	True
4806	2504	0.09090909090909091	True
1361	3412	0.9090909090909091	False
1361	2522	0.8181818181818182	False
1361	1575	0.7272727272727273	True
1361	1113	0.6363636363636364	False
1361	63	0.5454545454545454	False
1361	741	0.45454545454545453	False
1361	3398	0.36363636363636365	True
1361	2000	0.2727272727272727	True
1361	164	0.18181818181818182	True
1361	1035	0.09090909090909091	True
5661	3412	0.9090909090909091	False
5661	2522	0.8181818181818182	False
5661	1100	0.7272727272727273	True
5661	741	0.6363636363636364	False
5661	63	0.5454545454545454	False
5661	1035	0.45454545454545453	True
5661	2394	0.36363636363636365	True
5661	2504	0.2727272727272727	True
5661	1834	0.18181818181818182	True
5661	164	0.09090909090909091	True
5716	3412	0.9090909090909091	False
5716	2522	0.8181818181818182	False
5716	1113	0.7272727272727273	False
5716	2394	0.6363636363636364	True
5716	1575	0.5454545454545454	True
5716	3398	0.45454545454545453	True
5716	1035	0.36363636363636365	True
5716	741	0.2727272727272727	False
5716	164	0.18181818181818182	True
5716	2365	0.09090909090909091	True
5496	3412	0.9090909090909091	False
5496	2522	0.8181818181818182	False
5496	1575	0.7272727272727273	True
5496	1113	0.6363636363636364	False
5496	2504	0.5454545454545454	True
5496	741	0.45454545454545453	False
5496	1834	0.36363636363636365	True
5496	2394	0.2727272727272727	True
5496	164	0.18181818181818182	True
5496	1100	0.09090909090909091	True
496	3412	0.9090909090909091	False
496	2522	0.8181818181818182	False
496	2365	0.7272727272727273	True
496	1834	0.6363636363636364	True
496	2394	0.5454545454545454	True
496	1100	0.45454545454545453	True
496	741	0.36363636363636365	False
496	2504	0.2727272727272727	True
496	1113	0.18181818181818182	False
496	681	0.09090909090909091	True
5423	3412	0.9090909090909091	False
5423	2522	0.8181818181818182	False
5423	1113	0.7272727272727273	False
5423	63	0.6363636363636364	False
5423	1575	0.5454545454545454	True
5423	741	0.45454545454545453	False
5423	3398	0.36363636363636365	True
5423	2504	0.2727272727272727	True
5423	1035	0.18181818181818182	True
5423	1834	0.09090909090909091	True
333	3412	0.9090909090909091	False
333	2522	0.8181818181818182	False
333	1575	0.7272727272727273	True
333	741	0.6363636363636364	False
333	3398	0.5454545454545454	True
333	2394	0.45454545454545453	True
333	63	0.36363636363636365	False
333	316	0.2727272727272727	True
333	164	0.18181818181818182	True
333	1100	0.09090909090909091	True
1993	3412	0.9090909090909091	False
1993	2522	0.8181818181818182	False
1993	63	0.7272727272727273	False
1993	1035	0.6363636363636364	True
1993	2504	0.5454545454545454	True
1993	741	0.45454545454545453	False
1993	978	0.36363636363636365	True
1993	1575	0.2727272727272727	True
1993	986	0.18181818181818182	True
1993	902	0.09090909090909091	True
2683	3412	0.9090909090909091	False
2683	2522	0.8181818181818182	False
2683	1834	0.7272727272727273	True
2683	1113	0.6363636363636364	False
2683	1575	0.5454545454545454	True
2683	2394	0.45454545454545453	True
2683	741	0.36363636363636365	False
2683	2504	0.2727272727272727	True
2683	63	0.18181818181818182	False
2683	3398	0.09090909090909091	True
5765	3412	0.9090909090909091	False
5765	2522	0.8181818181818182	False
5765	63	0.7272727272727273	False
5765	1035	0.6363636363636364	True
5765	1834	0.5454545454545454	True
5765	2504	0.45454545454545453	True
5765	1575	0.36363636363636365	True
5765	741	0.2727272727272727	False
5765	1100	0.18181818181818182	True
5765	681	0.09090909090909091	True
1530	3412	0.9090909090909091	False
1530	2522	0.8181818181818182	False
1530	1113	0.7272727272727273	False
1530	986	0.6363636363636364	True
1530	1834	0.5454545454545454	True
1530	63	0.45454545454545453	False
1530	2504	0.36363636363636365	True
1530	1575	0.2727272727272727	True
1530	1035	0.18181818181818182	True
1530	1100	0.09090909090909091	True
1768	3412	0.9090909090909091	False
1768	2522	0.8181818181818182	False
1768	1113	0.7272727272727273	False
1768	63	0.6363636363636364	False
1768	741	0.5454545454545454	False
1768	1575	0.45454545454545453	True
1768	1834	0.36363636363636365	True
1768	986	0.2727272727272727	True
1768	164	0.18181818181818182	True
1768	681	0.09090909090909091	True
4447	3412	0.9090909090909091	False
4447	2522	0.8181818181818182	False
4447	1113	0.7272727272727273	False
4447	2365	0.6363636363636364	True
4447	3398	0.5454545454545454	True
4447	741	0.45454545454545453	False
4447	63	0.36363636363636365	False
4447	1834	0.2727272727272727	True
4447	1575	0.18181818181818182	True
4447	164	0.09090909090909091	True
4504	3412	0.9090909090909091	False
4504	2522	0.8181818181818182	False
4504	1035	0.7272727272727273	True
4504	741	0.6363636363636364	False
4504	1834	0.5454545454545454	True
4504	1100	0.45454545454545453	True
4504	2394	0.36363636363636365	True
4504	164	0.2727272727272727	True
4504	63	0.18181818181818182	False
4504	2504	0.09090909090909091	True
5693	3412	0.9090909090909091	False
5693	2522	0.8181818181818182	False
5693	1575	0.7272727272727273	True
5693	1834	0.6363636363636364	True
5693	3398	0.5454545454545454	True
5693	2504	0.45454545454545453	True
5693	2394	0.36363636363636365	True
5693	741	0.2727272727272727	False
5693	164	0.18181818181818182	True
5693	1100	0.09090909090909091	True
5829	3412	0.9090909090909091	False
5829	2522	0.8181818181818182	False
5829	1575	0.7272727272727273	True
5829	3398	0.6363636363636364	True
5829	63	0.5454545454545454	False
5829	1035	0.45454545454545453	True
5829	1113	0.36363636363636365	False
5829	2504	0.2727272727272727	True
5829	978	0.18181818181818182	True
5829	2394	0.09090909090909091	True
1861	3412	0.9090909090909091	False
1861	2522	0.8181818181818182	False
1861	63	0.7272727272727273	False
1861	2504	0.6363636363636364	True
1861	741	0.5454545454545454	False
1861	1113	0.45454545454545453	False
1861	1035	0.36363636363636365	True
1861	1575	0.2727272727272727	True
1861	1100	0.18181818181818182	True
1861	1834	0.09090909090909091	True
1883	3412	0.9090909090909091	False
1883	2522	0.8181818181818182	False
1883	63	0.7272727272727273	False
1883	1575	0.6363636363636364	True
1883	741	0.5454545454545454	False
1883	1834	0.45454545454545453	True
1883	1113	0.36363636363636365	False
1883	2504	0.2727272727272727	True
1883	1035	0.18181818181818182	True
1883	986	0.09090909090909091	True
2465	3412	0.9090909090909091	False
2465	2522	0.8181818181818182	False
2465	2394	0.7272727272727273	True
2465	1834	0.6363636363636364	True
2465	63	0.5454545454545454	False
2465	1035	0.45454545454545453	True
2465	1113	0.36363636363636365	False
2465	2504	0.2727272727272727	True
2465	1100	0.18181818181818182	True
2465	2365	0.09090909090909091	True
5666	3412	0.9090909090909091	False
5666	2522	0.8181818181818182	False
5666	1113	0.7272727272727273	False
5666	63	0.6363636363636364	False
5666	1575	0.5454545454545454	True
5666	741	0.45454545454545453	False
5666	2504	0.36363636363636365	True
5666	1100	0.2727272727272727	True
5666	986	0.18181818181818182	True
5666	1834	0.09090909090909091	True
230	3412	0.9090909090909091	False
230	2522	0.8181818181818182	False
230	3398	0.7272727272727273	True
230	2394	0.6363636363636364	True
230	1575	0.5454545454545454	True
230	1035	0.45454545454545453	True
230	2504	0.36363636363636365	True
230	164	0.2727272727272727	True
230	2262	0.18181818181818182	True
230	741	0.09090909090909091	False
5759	3412	0.9090909090909091	False
5759	2522	0.8181818181818182	False
5759	1113	0.7272727272727273	False
5759	2504	0.6363636363636364	True
5759	63	0.5454545454545454	False
5759	741	0.45454545454545453	False
5759	986	0.36363636363636365	True
5759	1575	0.2727272727272727	True
5759	2365	0.18181818181818182	True
5759	1035	0.09090909090909091	True
1261	3412	0.9090909090909091	False
1261	2522	0.8181818181818182	False
1261	902	0.7272727272727273	True
1261	1113	0.6363636363636364	False
1261	2504	0.5454545454545454	True
1261	986	0.45454545454545453	True
1261	2365	0.36363636363636365	True
1261	1834	0.2727272727272727	True
1261	741	0.18181818181818182	False
1261	63	0.09090909090909091	False
3155	3412	0.9090909090909091	False
3155	2522	0.8181818181818182	False
3155	63	0.7272727272727273	False
3155	1575	0.6363636363636364	True
3155	1113	0.5454545454545454	False
3155	1035	0.45454545454545453	True
3155	741	0.36363636363636365	False
3155	2504	0.2727272727272727	True
3155	3398	0.18181818181818182	True
3155	1834	0.09090909090909091	True
3960	3412	0.9090909090909091	False
3960	2522	0.8181818181818182	False
3960	1113	0.7272727272727273	False
3960	3398	0.6363636363636364	True
3960	1035	0.5454545454545454	True
3960	1575	0.45454545454545453	True
3960	741	0.36363636363636365	False
3960	63	0.2727272727272727	False
3960	2394	0.18181818181818182	True
3960	164	0.09090909090909091	True
5985	3412	0.9090909090909091	False
5985	2522	0.8181818181818182	False
5985	741	0.7272727272727273	False
5985	1113	0.6363636363636364	False
5985	1035	0.5454545454545454	True
5985	1575	0.45454545454545453	True
5985	3398	0.36363636363636365	True
5985	164	0.2727272727272727	True
5985	2504	0.18181818181818182	True
5985	2394	0.09090909090909091	True
1678	3412	0.9090909090909091	False
1678	2522	0.8181818181818182	False
1678	741	0.7272727272727273	False
1678	1100	0.6363636363636364	True
1678	1113	0.5454545454545454	False
1678	1035	0.45454545454545453	True
1678	63	0.36363636363636365	False
1678	2504	0.2727272727272727	True
1678	164	0.18181818181818182	True
1678	1575	0.09090909090909091	True
553	3412	0.9090909090909091	False
553	2522	0.8181818181818182	False
553	63	0.7272727272727273	False
553	1035	0.6363636363636364	True
553	3398	0.5454545454545454	True
553	1575	0.45454545454545453	True
553	1113	0.36363636363636365	False
553	1834	0.2727272727272727	True
553	741	0.18181818181818182	False
553	164	0.09090909090909091	True
5237	3412	0.9090909090909091	False
5237	2522	0.8181818181818182	False
5237	2394	0.7272727272727273	True
5237	1035	0.6363636363636364	True
5237	1113	0.5454545454545454	False
5237	3398	0.45454545454545453	True
5237	164	0.36363636363636365	True
5237	741	0.2727272727272727	False
5237	1834	0.18181818181818182	True
5237	1100	0.09090909090909091	True
236	3412	0.9090909090909091	False
236	2522	0.8181818181818182	False
236	63	0.7272727272727273	False
236	1575	0.6363636363636364	True
236	1035	0.5454545454545454	True
236	1113	0.45454545454545453	False
236	1834	0.36363636363636365	True
236	741	0.2727272727272727	False
236	3398	0.18181818181818182	True
236	2394	0.09090909090909091	True
607	3412	0.9090909090909091	False
607	2522	0.8181818181818182	False
607	1113	0.7272727272727273	False
607	1575	0.6363636363636364	True
607	63	0.5454545454545454	False
607	741	0.45454545454545453	False
607	1100	0.36363636363636365	True
607	2504	0.2727272727272727	True
607	3398	0.18181818181818182	True
607	1834	0.09090909090909091	True
3102	3412	0.9090909090909091	False
3102	2522	0.8181818181818182	False
3102	741	0.7272727272727273	False
3102	1113	0.6363636363636364	False
3102	1035	0.5454545454545454	True
3102	986	0.45454545454545453	True
3102	902	0.36363636363636365	True
3102	1575	0.2727272727272727	True
3102	164	0.18181818181818182	True
3102	1834	0.09090909090909091	True
267	3412	0.9090909090909091	False
267	2522	0.8181818181818182	False
267	1575	0.7272727272727273	True
267	741	0.6363636363636364	False
267	1834	0.5454545454545454	True
267	1113	0.45454545454545453	False
267	1100	0.36363636363636365	True
267	2504	0.2727272727272727	True
267	2394	0.18181818181818182	True
267	63	0.09090909090909091	False
4885	3412	0.9090909090909091	False
4885	2522	0.8181818181818182	False
4885	1575	0.7272727272727273	True
4885	2504	0.6363636363636364	True
4885	63	0.5454545454545454	False
4885	741	0.45454545454545453	False
4885	3398	0.36363636363636365	True
4885	2394	0.2727272727272727	True
4885	1100	0.18181818181818182	True
4885	316	0.09090909090909091	True
3781	3412	0.9090909090909091	False
3781	2522	0.8181818181818182	False
3781	3398	0.7272727272727273	True
3781	1113	0.6363636363636364	False
3781	1035	0.5454545454545454	True
3781	1575	0.45454545454545453	True
3781	2504	0.36363636363636365	True
3781	164	0.2727272727272727	True
3781	1100	0.18181818181818182	True
3781	986	0.09090909090909091	True
2320	3412	0.9090909090909091	False
2320	2522	0.8181818181818182	False
2320	1035	0.7272727272727273	True
2320	741	0.6363636363636364	False
2320	63	0.5454545454545454	False
2320	3398	0.45454545454545453	True
2320	1575	0.36363636363636365	True
2320	2394	0.2727272727272727	True
2320	1113	0.18181818181818182	False
2320	164	0.09090909090909091	True
298	3412	0.9090909090909091	False
298	2522	0.8181818181818182	False
298	2365	0.7272727272727273	True
298	63	0.6363636363636364	False
298	1834	0.5454545454545454	True
298	741	0.45454545454545453	False
298	2504	0.36363636363636365	True
298	1100	0.2727272727272727	True
298	3398	0.18181818181818182	True
298	1575	0.09090909090909091	True
3097	3412	0.9090909090909091	False
3097	1113	0.8181818181818182	False
3097	986	0.7272727272727273	True
3097	2522	0.6363636363636364	False
3097	1035	0.5454545454545454	True
3097	2504	0.45454545454545453	True
3097	2394	0.36363636363636365	True
3097	63	0.2727272727272727	False
3097	1834	0.18181818181818182	True
3097	3927	0.09090909090909091	True
4550	3412	0.9090909090909091	False
4550	2522	0.8181818181818182	False
4550	63	0.7272727272727273	False
4550	3398	0.6363636363636364	True
4550	741	0.5454545454545454	False
4550	1100	0.45454545454545453	True
4550	1575	0.36363636363636365	True
4550	1834	0.2727272727272727	True
4550	2504	0.18181818181818182	True
4550	2394	0.09090909090909091	True
5956	3412	0.9090909090909091	False
5956	2522	0.8181818181818182	False
5956	1113	0.7272727272727273	False
5956	63	0.6363636363636364	False
5956	1035	0.5454545454545454	True
5956	741	0.45454545454545453	False
5956	1100	0.36363636363636365	True
5956	986	0.2727272727272727	True
5956	2504	0.18181818181818182	True
5956	1834	0.09090909090909091	True
1620	3412	0.9090909090909091	False
1620	2522	0.8181818181818182	False
1620	2504	0.7272727272727273	True
1620	741	0.6363636363636364	False
1620	1035	0.5454545454545454	True
1620	2394	0.45454545454545453	True
1620	1100	0.36363636363636365	True
1620	902	0.2727272727272727	True
1620	986	0.18181818181818182	True
1620	164	0.09090909090909091	True
4775	3412	0.9090909090909091	False
4775	2522	0.8181818181818182	False
4775	1035	0.7272727272727273	True
4775	741	0.6363636363636364	False
4775	164	0.5454545454545454	True
4775	63	0.45454545454545453	False
4775	2262	0.36363636363636365	True
4775	986	0.2727272727272727	True
4775	681	0.18181818181818182	True
4775	2394	0.09090909090909091	True
2213	3412	0.9090909090909091	False
2213	2522	0.8181818181818182	False
2213	741	0.7272727272727273	False
2213	2394	0.6363636363636364	True
2213	1035	0.5454545454545454	True
2213	164	0.45454545454545453	True
2213	1575	0.36363636363636365	True
2213	1100	0.2727272727272727	True
2213	3398	0.18181818181818182	True
2213	63	0.09090909090909091	False
