882	359	0.9090909090909091	False
882	3113	0.8181818181818182	False
882	2493	0.7272727272727273	True
882	2796	0.6363636363636364	False
882	609	0.5454545454545454	False
882	3643	0.45454545454545453	False
882	783	0.36363636363636365	True
882	446	0.2727272727272727	True
882	1806	0.18181818181818182	True
882	1341	0.09090909090909091	True
5036	2796	0.9090909090909091	False
5036	2493	0.8181818181818182	True
5036	3113	0.7272727272727273	False
5036	446	0.6363636363636364	True
5036	359	0.5454545454545454	False
5036	3643	0.45454545454545453	False
5036	609	0.36363636363636365	False
5036	866	0.2727272727272727	True
5036	1533	0.18181818181818182	True
5036	1341	0.09090909090909091	True
4844	2796	0.9090909090909091	False
4844	3113	0.8181818181818182	False
4844	1341	0.7272727272727273	True
4844	609	0.6363636363636364	False
4844	197	0.5454545454545454	True
4844	2493	0.45454545454545453	True
4844	1533	0.36363636363636365	True
4844	446	0.2727272727272727	True
4844	3643	0.18181818181818182	False
4844	359	0.09090909090909091	False
4272	732	0.9090909090909091	True
4272	319	0.8181818181818182	True
4272	335	0.7272727272727273	True
4272	609	0.6363636363636364	False
4272	866	0.5454545454545454	True
4272	3643	0.45454545454545453	False
4272	3113	0.36363636363636365	False
4272	197	0.2727272727272727	True
4272	2304	0.18181818181818182	True
4272	2301	0.09090909090909091	True
585	2796	0.9090909090909091	False
585	3643	0.8181818181818182	False
585	609	0.7272727272727273	False
585	446	0.6363636363636364	True
585	3113	0.5454545454545454	False
585	2301	0.45454545454545453	True
585	197	0.36363636363636365	True
585	359	0.2727272727272727	False
585	1341	0.18181818181818182	True
585	2493	0.09090909090909091	True
2053	2493	0.9090909090909091	True
2053	2796	0.8181818181818182	False
2053	3643	0.7272727272727273	False
2053	359	0.6363636363636364	False
2053	3113	0.5454545454545454	False
2053	609	0.45454545454545453	False
2053	2301	0.36363636363636365	True
2053	2735	0.2727272727272727	True
2053	1733	0.18181818181818182	True
2053	866	0.09090909090909091	True
100	2796	0.9090909090909091	False
100	609	0.8181818181818182	False
100	2493	0.7272727272727273	True
100	1341	0.6363636363636364	True
100	446	0.5454545454545454	True
100	3643	0.45454545454545453	False
100	1733	0.36363636363636365	True
100	866	0.2727272727272727	True
100	3113	0.18181818181818182	False
100	2762	0.09090909090909091	True
5382	3643	0.9090909090909091	False
5382	2301	0.8181818181818182	True
5382	2796	0.7272727272727273	False
5382	783	0.6363636363636364	True
5382	2304	0.5454545454545454	True
5382	359	0.45454545454545453	False
5382	1533	0.36363636363636365	True
5382	319	0.2727272727272727	True
5382	609	0.18181818181818182	False
5382	1439	0.09090909090909091	True
389	2301	0.9090909090909091	True
389	319	0.8181818181818182	True
389	2796	0.7272727272727273	False
389	609	0.6363636363636364	False
389	1733	0.5454545454545454	True
389	335	0.45454545454545453	True
389	3643	0.36363636363636365	False
389	866	0.2727272727272727	True
389	783	0.18181818181818182	True
389	3113	0.09090909090909091	False
3573	3643	0.9090909090909091	False
3573	359	0.8181818181818182	False
3573	2796	0.7272727272727273	False
3573	446	0.6363636363636364	True
3573	866	0.5454545454545454	True
3573	319	0.45454545454545453	True
3573	783	0.36363636363636365	True
3573	3113	0.2727272727272727	False
3573	609	0.18181818181818182	False
3573	1733	0.09090909090909091	True
2158	609	0.9090909090909091	False
2158	866	0.8181818181818182	True
2158	2796	0.7272727272727273	False
2158	1341	0.6363636363636364	True
2158	3113	0.5454545454545454	False
2158	446	0.45454545454545453	True
2158	1733	0.36363636363636365	True
2158	3004	0.2727272727272727	True
2158	2301	0.18181818181818182	True
2158	2201	0.09090909090909091	True
4534	2796	0.9090909090909091	False
4534	3643	0.8181818181818182	False
4534	2493	0.7272727272727273	True
4534	1341	0.6363636363636364	True
4534	359	0.5454545454545454	False
4534	335	0.45454545454545453	True
4534	1533	0.36363636363636365	True
4534	3113	0.2727272727272727	False
4534	2301	0.18181818181818182	True
4534	609	0.09090909090909091	False
4201	3643	0.9090909090909091	False
4201	335	0.8181818181818182	True
4201	319	0.7272727272727273	True
4201	2301	0.6363636363636364	True
4201	2304	0.5454545454545454	True
4201	783	0.45454545454545453	True
4201	1733	0.36363636363636365	True
4201	2796	0.2727272727272727	False
4201	359	0.18181818181818182	False
4201	2762	0.09090909090909091	True
3078	3113	0.9090909090909091	False
3078	446	0.8181818181818182	True
3078	1533	0.7272727272727273	True
3078	2493	0.6363636363636364	True
3078	359	0.5454545454545454	False
3078	3643	0.45454545454545453	False
3078	866	0.36363636363636365	True
3078	2796	0.2727272727272727	False
3078	335	0.18181818181818182	True
3078	2304	0.09090909090909091	True
3304	335	0.9090909090909091	True
3304	3113	0.8181818181818182	False
3304	446	0.7272727272727273	True
3304	3643	0.6363636363636364	False
3304	2493	0.5454545454545454	True
3304	866	0.45454545454545453	True
3304	2796	0.36363636363636365	False
3304	319	0.2727272727272727	True
3304	1341	0.18181818181818182	True
3304	609	0.09090909090909091	False
4336	2301	0.9090909090909091	True
4336	3113	0.8181818181818182	False
4336	609	0.7272727272727273	False
4336	2304	0.6363636363636364	True
4336	2796	0.5454545454545454	False
4336	446	0.45454545454545453	True
4336	335	0.36363636363636365	True
4336	1733	0.2727272727272727	True
4336	866	0.18181818181818182	True
4336	3643	0.09090909090909091	False
5673	2796	0.9090909090909091	False
5673	2493	0.8181818181818182	True
5673	3113	0.7272727272727273	False
5673	359	0.6363636363636364	False
5673	609	0.5454545454545454	False
5673	446	0.45454545454545453	True
5673	3643	0.36363636363636365	False
5673	1341	0.2727272727272727	True
5673	866	0.18181818181818182	True
5673	783	0.09090909090909091	True
5929	2796	0.9090909090909091	False
5929	3643	0.8181818181818182	False
5929	1733	0.7272727272727273	True
5929	2493	0.6363636363636364	True
5929	1533	0.5454545454545454	True
5929	1341	0.45454545454545453	True
5929	609	0.36363636363636365	False
5929	3113	0.2727272727272727	False
5929	446	0.18181818181818182	True
5929	2301	0.09090909090909091	True
1097	3643	0.9090909090909091	False
1097	609	0.8181818181818182	False
1097	2796	0.7272727272727273	False
1097	1733	0.6363636363636364	True
1097	2303	0.5454545454545454	True
1097	2304	0.45454545454545453	True
1097	1533	0.36363636363636365	True
1097	359	0.2727272727272727	False
1097	1341	0.18181818181818182	True
1097	1439	0.09090909090909091	True
2743	3643	0.9090909090909091	False
2743	335	0.8181818181818182	True
2743	2796	0.7272727272727273	False
2743	359	0.6363636363636364	False
2743	3113	0.5454545454545454	False
2743	2493	0.45454545454545453	True
2743	1341	0.36363636363636365	True
2743	446	0.2727272727272727	True
2743	319	0.18181818181818182	True
2743	609	0.09090909090909091	False
1212	3643	0.9090909090909091	False
1212	2796	0.8181818181818182	False
1212	2304	0.7272727272727273	True
1212	1733	0.6363636363636364	True
1212	609	0.5454545454545454	False
1212	2301	0.45454545454545453	True
1212	1341	0.36363636363636365	True
1212	2762	0.2727272727272727	True
1212	783	0.18181818181818182	True
1212	335	0.09090909090909091	True
2287	2796	0.9090909090909091	False
2287	609	0.8181818181818182	False
2287	3643	0.7272727272727273	False
2287	2493	0.6363636363636364	True
2287	446	0.5454545454545454	True
2287	359	0.45454545454545453	False
2287	1733	0.36363636363636365	True
2287	3004	0.2727272727272727	True
2287	2301	0.18181818181818182	True
2287	2735	0.09090909090909091	True
4578	335	0.9090909090909091	True
4578	319	0.8181818181818182	True
4578	3426	0.7272727272727273	True
4578	446	0.6363636363636364	True
4578	2796	0.5454545454545454	False
4578	3643	0.45454545454545453	False
4578	609	0.36363636363636365	False
4578	866	0.2727272727272727	True
4578	359	0.18181818181818182	False
4578	3113	0.09090909090909091	False
868	609	0.9090909090909091	False
868	2796	0.8181818181818182	False
868	359	0.7272727272727273	False
868	866	0.6363636363636364	True
868	1806	0.5454545454545454	True
868	3113	0.45454545454545453	False
868	319	0.36363636363636365	True
868	732	0.2727272727272727	True
868	197	0.18181818181818182	True
868	446	0.09090909090909091	True
5891	3643	0.9090909090909091	False
5891	609	0.8181818181818182	False
5891	3113	0.7272727272727273	False
5891	2493	0.6363636363636364	True
5891	2796	0.5454545454545454	False
5891	866	0.45454545454545453	True
5891	2303	0.36363636363636365	True
5891	3426	0.2727272727272727	True
5891	783	0.18181818181818182	True
5891	1341	0.09090909090909091	True
4671	2796	0.9090909090909091	False
4671	2301	0.8181818181818182	True
4671	609	0.7272727272727273	False
4671	3643	0.6363636363636364	False
4671	3113	0.5454545454545454	False
4671	783	0.45454545454545453	True
4671	1341	0.36363636363636365	True
4671	1733	0.2727272727272727	True
4671	3426	0.18181818181818182	True
4671	335	0.09090909090909091	True
1175	2796	0.9090909090909091	False
1175	609	0.8181818181818182	False
1175	3113	0.7272727272727273	False
1175	1341	0.6363636363636364	True
1175	3643	0.5454545454545454	False
1175	359	0.45454545454545453	False
1175	2735	0.36363636363636365	True
1175	2493	0.2727272727272727	True
1175	2304	0.18181818181818182	True
1175	1733	0.09090909090909091	True
5439	359	0.9090909090909091	False
5439	3113	0.8181818181818182	False
5439	609	0.7272727272727273	False
5439	1533	0.6363636363636364	True
5439	2796	0.5454545454545454	False
5439	2735	0.45454545454545453	True
5439	3643	0.36363636363636365	False
5439	446	0.2727272727272727	True
5439	2303	0.18181818181818182	True
5439	2493	0.09090909090909091	True
2750	3113	0.9090909090909091	False
2750	2796	0.8181818181818182	False
2750	2306	0.7272727272727273	True
2750	1341	0.6363636363636364	True
2750	609	0.5454545454545454	False
2750	2493	0.45454545454545453	True
2750	866	0.36363636363636365	True
2750	446	0.2727272727272727	True
2750	3004	0.18181818181818182	True
2750	359	0.09090909090909091	False
5513	2796	0.9090909090909091	False
5513	3643	0.8181818181818182	False
5513	783	0.7272727272727273	True
5513	335	0.6363636363636364	True
5513	446	0.5454545454545454	True
5513	3113	0.45454545454545453	False
5513	2301	0.36363636363636365	True
5513	3426	0.2727272727272727	True
5513	1341	0.18181818181818182	True
5513	609	0.09090909090909091	False
3916	3643	0.9090909090909091	False
3916	2796	0.8181818181818182	False
3916	359	0.7272727272727273	False
3916	1733	0.6363636363636364	True
3916	2301	0.5454545454545454	True
3916	732	0.45454545454545453	True
3916	319	0.36363636363636365	True
3916	2493	0.2727272727272727	True
3916	866	0.18181818181818182	True
3916	1439	0.09090909090909091	True
3215	3113	0.9090909090909091	False
3215	3643	0.8181818181818182	False
3215	1341	0.7272727272727273	True
3215	2493	0.6363636363636364	True
3215	2796	0.5454545454545454	False
3215	609	0.45454545454545453	False
3215	783	0.36363636363636365	True
3215	359	0.2727272727272727	False
3215	335	0.18181818181818182	True
3215	197	0.09090909090909091	True
5283	3643	0.9090909090909091	False
5283	2301	0.8181818181818182	True
5283	2796	0.7272727272727273	False
5283	3113	0.6363636363636364	False
5283	609	0.5454545454545454	False
5283	359	0.45454545454545453	False
5283	446	0.36363636363636365	True
5283	1533	0.2727272727272727	True
5283	197	0.18181818181818182	True
5283	335	0.09090909090909091	True
1314	3643	0.9090909090909091	False
1314	2796	0.8181818181818182	False
1314	2301	0.7272727272727273	True
1314	2493	0.6363636363636364	True
1314	359	0.5454545454545454	False
1314	609	0.45454545454545453	False
1314	1341	0.36363636363636365	True
1314	3426	0.2727272727272727	True
1314	783	0.18181818181818182	True
1314	2304	0.09090909090909091	True
3893	1341	0.9090909090909091	True
3893	3113	0.8181818181818182	False
3893	3643	0.7272727272727273	False
3893	2796	0.6363636363636364	False
3893	2493	0.5454545454545454	True
3893	609	0.45454545454545453	False
3893	783	0.36363636363636365	True
3893	319	0.2727272727272727	True
3893	335	0.18181818181818182	True
3893	1733	0.09090909090909091	True
2592	1733	0.9090909090909091	True
2592	2301	0.8181818181818182	True
2592	866	0.7272727272727273	True
2592	2735	0.6363636363636364	True
2592	3643	0.5454545454545454	False
2592	2303	0.45454545454545453	True
2592	2306	0.36363636363636365	True
2592	2796	0.2727272727272727	False
2592	3113	0.18181818181818182	False
2592	335	0.09090909090909091	True
2832	2796	0.9090909090909091	False
2832	3643	0.8181818181818182	False
2832	2301	0.7272727272727273	True
2832	3113	0.6363636363636364	False
2832	1733	0.5454545454545454	True
2832	783	0.45454545454545453	True
2832	1341	0.36363636363636365	True
2832	2493	0.2727272727272727	True
2832	609	0.18181818181818182	False
2832	866	0.09090909090909091	True
986	2796	0.9090909090909091	False
986	2301	0.8181818181818182	True
986	3643	0.7272727272727273	False
986	1341	0.6363636363636364	True
986	609	0.5454545454545454	False
986	1733	0.45454545454545453	True
986	783	0.36363636363636365	True
986	3113	0.2727272727272727	False
986	2493	0.18181818181818182	True
986	319	0.09090909090909091	True
4851	1733	0.9090909090909091	True
4851	3643	0.8181818181818182	False
4851	2796	0.7272727272727273	False
4851	609	0.6363636363636364	False
4851	2301	0.5454545454545454	True
4851	783	0.45454545454545453	True
4851	1439	0.36363636363636365	True
4851	3113	0.2727272727272727	False
4851	359	0.18181818181818182	False
4851	2304	0.09090909090909091	True
3753	3643	0.9090909090909091	False
3753	609	0.8181818181818182	False
3753	2301	0.7272727272727273	True
3753	2493	0.6363636363636364	True
3753	2796	0.5454545454545454	False
3753	732	0.45454545454545453	True
3753	335	0.36363636363636365	True
3753	1733	0.2727272727272727	True
3753	446	0.18181818181818182	True
3753	3113	0.09090909090909091	False
3473	2796	0.9090909090909091	False
3473	609	0.8181818181818182	False
3473	1341	0.7272727272727273	True
3473	866	0.6363636363636364	True
3473	2493	0.5454545454545454	True
3473	3113	0.45454545454545453	False
3473	359	0.36363636363636365	False
3473	319	0.2727272727272727	True
3473	1806	0.18181818181818182	True
3473	446	0.09090909090909091	True
1318	3113	0.9090909090909091	False
1318	446	0.8181818181818182	True
1318	359	0.7272727272727273	False
1318	2493	0.6363636363636364	True
1318	335	0.5454545454545454	True
1318	3426	0.45454545454545453	True
1318	2796	0.36363636363636365	False
1318	3643	0.2727272727272727	False
1318	609	0.18181818181818182	False
1318	866	0.09090909090909091	True
3782	2796	0.9090909090909091	False
3782	2301	0.8181818181818182	True
3782	2304	0.7272727272727273	True
3782	359	0.6363636363636364	False
3782	3643	0.5454545454545454	False
3782	3113	0.45454545454545453	False
3782	609	0.36363636363636365	False
3782	1341	0.2727272727272727	True
3782	866	0.18181818181818182	True
3782	783	0.09090909090909091	True
4330	2796	0.9090909090909091	False
4330	609	0.8181818181818182	False
4330	2493	0.7272727272727273	True
4330	335	0.6363636363636364	True
4330	446	0.5454545454545454	True
4330	3113	0.45454545454545453	False
4330	2301	0.36363636363636365	True
4330	1733	0.2727272727272727	True
4330	359	0.18181818181818182	False
4330	2735	0.09090909090909091	True
1547	359	0.9090909090909091	False
1547	3113	0.8181818181818182	False
1547	2301	0.7272727272727273	True
1547	335	0.6363636363636364	True
1547	3643	0.5454545454545454	False
1547	446	0.45454545454545453	True
1547	2796	0.36363636363636365	False
1547	1806	0.2727272727272727	True
1547	2493	0.18181818181818182	True
1547	609	0.09090909090909091	False
3746	3113	0.9090909090909091	False
3746	3643	0.8181818181818182	False
3746	783	0.7272727272727273	True
3746	2301	0.6363636363636364	True
3746	2306	0.5454545454545454	True
3746	609	0.45454545454545453	False
3746	2493	0.36363636363636365	True
3746	2796	0.2727272727272727	False
3746	359	0.18181818181818182	False
3746	335	0.09090909090909091	True
2153	609	0.9090909090909091	False
2153	3643	0.8181818181818182	False
2153	2796	0.7272727272727273	False
2153	1733	0.6363636363636364	True
2153	2735	0.5454545454545454	True
2153	319	0.45454545454545453	True
2153	732	0.36363636363636365	True
2153	2301	0.2727272727272727	True
2153	2493	0.18181818181818182	True
2153	359	0.09090909090909091	False
2706	2796	0.9090909090909091	False
2706	3113	0.8181818181818182	False
2706	609	0.7272727272727273	False
2706	2301	0.6363636363636364	True
2706	3643	0.5454545454545454	False
2706	1533	0.45454545454545453	True
2706	197	0.36363636363636365	True
2706	1806	0.2727272727272727	True
2706	359	0.18181818181818182	False
2706	2304	0.09090909090909091	True
3195	2796	0.9090909090909091	False
3195	2493	0.8181818181818182	True
3195	3643	0.7272727272727273	False
3195	1733	0.6363636363636364	True
3195	446	0.5454545454545454	True
3195	866	0.45454545454545453	True
3195	609	0.36363636363636365	False
3195	2303	0.2727272727272727	True
3195	359	0.18181818181818182	False
3195	2301	0.09090909090909091	True
2598	2796	0.9090909090909091	False
2598	1533	0.8181818181818182	True
2598	3643	0.7272727272727273	False
2598	3113	0.6363636363636364	False
2598	359	0.5454545454545454	False
2598	2493	0.45454545454545453	True
2598	446	0.36363636363636365	True
2598	197	0.2727272727272727	True
2598	3426	0.18181818181818182	True
2598	2301	0.09090909090909091	True
3925	2796	0.9090909090909091	False
3925	609	0.8181818181818182	False
3925	3113	0.7272727272727273	False
3925	1733	0.6363636363636364	True
3925	1341	0.5454545454545454	True
3925	866	0.45454545454545453	True
3925	3643	0.36363636363636365	False
3925	446	0.2727272727272727	True
3925	2301	0.18181818181818182	True
3925	2493	0.09090909090909091	True
3578	3643	0.9090909090909091	False
3578	1733	0.8181818181818182	True
3578	2301	0.7272727272727273	True
3578	335	0.6363636363636364	True
3578	2493	0.5454545454545454	True
3578	609	0.45454545454545453	False
3578	2796	0.36363636363636365	False
3578	446	0.2727272727272727	True
3578	2306	0.18181818181818182	True
3578	783	0.09090909090909091	True
5815	866	0.9090909090909091	True
5815	446	0.8181818181818182	True
5815	3113	0.7272727272727273	False
5815	1341	0.6363636363636364	True
5815	609	0.5454545454545454	False
5815	2796	0.45454545454545453	False
5815	319	0.36363636363636365	True
5815	335	0.2727272727272727	True
5815	1733	0.18181818181818182	True
5815	2493	0.09090909090909091	True
3752	1733	0.9090909090909091	True
3752	2796	0.8181818181818182	False
3752	3643	0.7272727272727273	False
3752	359	0.6363636363636364	False
3752	319	0.5454545454545454	True
3752	1439	0.45454545454545453	True
3752	2301	0.36363636363636365	True
3752	335	0.2727272727272727	True
3752	3113	0.18181818181818182	False
3752	732	0.09090909090909091	True
3854	359	0.9090909090909091	False
3854	609	0.8181818181818182	False
3854	2796	0.7272727272727273	False
3854	3113	0.6363636363636364	False
3854	197	0.5454545454545454	True
3854	3643	0.45454545454545453	False
3854	335	0.36363636363636365	True
3854	2301	0.2727272727272727	True
3854	319	0.18181818181818182	True
3854	732	0.09090909090909091	True
2879	2796	0.9090909090909091	False
2879	866	0.8181818181818182	True
2879	2301	0.7272727272727273	True
2879	3426	0.6363636363636364	True
2879	3113	0.5454545454545454	False
2879	446	0.45454545454545453	True
2879	2306	0.36363636363636365	True
2879	609	0.2727272727272727	False
2879	3946	0.18181818181818182	True
2879	2493	0.09090909090909091	True
6038	3643	0.9090909090909091	False
6038	2796	0.8181818181818182	False
6038	2304	0.7272727272727273	True
6038	335	0.6363636363636364	True
6038	2762	0.5454545454545454	True
6038	783	0.45454545454545453	True
6038	359	0.36363636363636365	False
6038	1341	0.2727272727272727	True
6038	2301	0.18181818181818182	True
6038	1439	0.09090909090909091	True
287	2796	0.9090909090909091	False
287	3643	0.8181818181818182	False
287	609	0.7272727272727273	False
287	3113	0.6363636363636364	False
287	335	0.5454545454545454	True
287	1733	0.45454545454545453	True
287	2301	0.36363636363636365	True
287	2303	0.2727272727272727	True
287	319	0.18181818181818182	True
287	2304	0.09090909090909091	True
74	3643	0.9090909090909091	False
74	2796	0.8181818181818182	False
74	2301	0.7272727272727273	True
74	2304	0.6363636363636364	True
74	2493	0.5454545454545454	True
74	609	0.45454545454545453	False
74	446	0.36363636363636365	True
74	1733	0.2727272727272727	True
74	335	0.18181818181818182	True
74	783	0.09090909090909091	True
906	1341	0.9090909090909091	True
906	2796	0.8181818181818182	False
906	3113	0.7272727272727273	False
906	783	0.6363636363636364	True
906	3643	0.5454545454545454	False
906	2493	0.45454545454545453	True
906	335	0.36363636363636365	True
906	446	0.2727272727272727	True
906	609	0.18181818181818182	False
906	359	0.09090909090909091	False
2385	3113	0.9090909090909091	False
2385	2796	0.8181818181818182	False
2385	2493	0.7272727272727273	True
2385	609	0.6363636363636364	False
2385	446	0.5454545454545454	True
2385	1733	0.45454545454545453	True
2385	866	0.36363636363636365	True
2385	1341	0.2727272727272727	True
2385	359	0.18181818181818182	False
2385	3643	0.09090909090909091	False
4955	3113	0.9090909090909091	False
4955	2796	0.8181818181818182	False
4955	2493	0.7272727272727273	True
4955	2301	0.6363636363636364	True
4955	446	0.5454545454545454	True
4955	1341	0.45454545454545453	True
4955	3643	0.36363636363636365	False
4955	359	0.2727272727272727	False
4955	866	0.18181818181818182	True
4955	1733	0.09090909090909091	True
3181	2796	0.9090909090909091	False
3181	3643	0.8181818181818182	False
3181	1341	0.7272727272727273	True
3181	3113	0.6363636363636364	False
3181	2493	0.5454545454545454	True
3181	783	0.45454545454545453	True
3181	2301	0.36363636363636365	True
3181	359	0.2727272727272727	False
3181	609	0.18181818181818182	False
3181	866	0.09090909090909091	True
2006	359	0.9090909090909091	False
2006	2796	0.8181818181818182	False
2006	3643	0.7272727272727273	False
2006	3113	0.6363636363636364	False
2006	609	0.5454545454545454	False
2006	2493	0.45454545454545453	True
2006	1341	0.36363636363636365	True
2006	197	0.2727272727272727	True
2006	783	0.18181818181818182	True
2006	1806	0.09090909090909091	True
1831	2796	0.9090909090909091	False
1831	1341	0.8181818181818182	True
1831	3113	0.7272727272727273	False
1831	2493	0.6363636363636364	True
1831	609	0.5454545454545454	False
1831	3643	0.45454545454545453	False
1831	783	0.36363636363636365	True
1831	2304	0.2727272727272727	True
1831	1533	0.18181818181818182	True
1831	866	0.09090909090909091	True
3586	2735	0.9090909090909091	True
3586	359	0.8181818181818182	False
3586	3113	0.7272727272727273	False
3586	2493	0.6363636363636364	True
3586	3643	0.5454545454545454	False
3586	609	0.45454545454545453	False
3586	2796	0.36363636363636365	False
3586	2301	0.2727272727272727	True
3586	335	0.18181818181818182	True
3586	197	0.09090909090909091	True
2126	2796	0.9090909090909091	False
2126	3113	0.8181818181818182	False
2126	3643	0.7272727272727273	False
2126	609	0.6363636363636364	False
2126	335	0.5454545454545454	True
2126	3426	0.45454545454545453	True
2126	1733	0.36363636363636365	True
2126	359	0.2727272727272727	False
2126	319	0.18181818181818182	True
2126	2301	0.09090909090909091	True
589	3643	0.9090909090909091	False
589	3113	0.8181818181818182	False
589	2796	0.7272727272727273	False
589	1341	0.6363636363636364	True
589	446	0.5454545454545454	True
589	609	0.45454545454545453	False
589	2493	0.36363636363636365	True
589	335	0.2727272727272727	True
589	359	0.18181818181818182	False
589	197	0.09090909090909091	True
4853	3113	0.9090909090909091	False
4853	2796	0.8181818181818182	False
4853	732	0.7272727272727273	True
4853	359	0.6363636363636364	False
4853	197	0.5454545454545454	True
4853	609	0.45454545454545453	False
4853	2493	0.36363636363636365	True
4853	866	0.2727272727272727	True
4853	1341	0.18181818181818182	True
4853	446	0.09090909090909091	True
1678	2796	0.9090909090909091	False
1678	3643	0.8181818181818182	False
1678	1341	0.7272727272727273	True
1678	609	0.6363636363636364	False
1678	3113	0.5454545454545454	False
1678	2301	0.45454545454545453	True
1678	2493	0.36363636363636365	True
1678	2304	0.2727272727272727	True
1678	335	0.18181818181818182	True
1678	446	0.09090909090909091	True
3949	2796	0.9090909090909091	False
3949	3643	0.8181818181818182	False
3949	2301	0.7272727272727273	True
3949	359	0.6363636363636364	False
3949	609	0.5454545454545454	False
3949	2304	0.45454545454545453	True
3949	1341	0.36363636363636365	True
3949	335	0.2727272727272727	True
3949	866	0.18181818181818182	True
3949	2735	0.09090909090909091	True
2883	2796	0.9090909090909091	False
2883	609	0.8181818181818182	False
2883	3643	0.7272727272727273	False
2883	1733	0.6363636363636364	True
2883	446	0.5454545454545454	True
2883	3113	0.45454545454545453	False
2883	2493	0.36363636363636365	True
2883	319	0.2727272727272727	True
2883	2301	0.18181818181818182	True
2883	1806	0.09090909090909091	True
3915	3643	0.9090909090909091	False
3915	3113	0.8181818181818182	False
3915	2301	0.7272727272727273	True
3915	1439	0.6363636363636364	True
3915	2796	0.5454545454545454	False
3915	783	0.45454545454545453	True
3915	359	0.36363636363636365	False
3915	335	0.2727272727272727	True
3915	609	0.18181818181818182	False
3915	2493	0.09090909090909091	True
3529	3643	0.9090909090909091	False
3529	2301	0.8181818181818182	True
3529	3113	0.7272727272727273	False
3529	2796	0.6363636363636364	False
3529	2493	0.5454545454545454	True
3529	783	0.45454545454545453	True
3529	609	0.36363636363636365	False
3529	866	0.2727272727272727	True
3529	1533	0.18181818181818182	True
3529	1439	0.09090909090909091	True
17	3643	0.9090909090909091	False
17	2796	0.8181818181818182	False
17	359	0.7272727272727273	False
17	446	0.6363636363636364	True
17	2493	0.5454545454545454	True
17	335	0.45454545454545453	True
17	3113	0.36363636363636365	False
17	1533	0.2727272727272727	True
17	783	0.18181818181818182	True
17	2301	0.09090909090909091	True
4083	2796	0.9090909090909091	False
4083	3113	0.8181818181818182	False
4083	2301	0.7272727272727273	True
4083	3643	0.6363636363636364	False
4083	609	0.5454545454545454	False
4083	2304	0.45454545454545453	True
4083	1533	0.36363636363636365	True
4083	866	0.2727272727272727	True
4083	335	0.18181818181818182	True
4083	446	0.09090909090909091	True
5099	359	0.9090909090909091	False
5099	866	0.8181818181818182	True
5099	2796	0.7272727272727273	False
5099	446	0.6363636363636364	True
5099	609	0.5454545454545454	False
5099	2493	0.45454545454545453	True
5099	3113	0.36363636363636365	False
5099	732	0.2727272727272727	True
5099	3643	0.18181818181818182	False
5099	197	0.09090909090909091	True
5403	3113	0.9090909090909091	False
5403	2796	0.8181818181818182	False
5403	3643	0.7272727272727273	False
5403	783	0.6363636363636364	True
5403	2301	0.5454545454545454	True
5403	446	0.45454545454545453	True
5403	866	0.36363636363636365	True
5403	1341	0.2727272727272727	True
5403	359	0.18181818181818182	False
5403	1533	0.09090909090909091	True
3999	2796	0.9090909090909091	False
3999	3643	0.8181818181818182	False
3999	446	0.7272727272727273	True
3999	3113	0.6363636363636364	False
3999	609	0.5454545454545454	False
3999	1733	0.45454545454545453	True
3999	1341	0.36363636363636365	True
3999	2301	0.2727272727272727	True
3999	866	0.18181818181818182	True
3999	2303	0.09090909090909091	True
3896	732	0.9090909090909091	True
3896	3643	0.8181818181818182	False
3896	609	0.7272727272727273	False
3896	866	0.6363636363636364	True
3896	2796	0.5454545454545454	False
3896	2493	0.45454545454545453	True
3896	2301	0.36363636363636365	True
3896	2304	0.2727272727272727	True
3896	783	0.18181818181818182	True
3896	359	0.09090909090909091	False
5097	866	0.9090909090909091	True
5097	609	0.8181818181818182	False
5097	2796	0.7272727272727273	False
5097	2301	0.6363636363636364	True
5097	319	0.5454545454545454	True
5097	732	0.45454545454545453	True
5097	1341	0.36363636363636365	True
5097	335	0.2727272727272727	True
5097	3643	0.18181818181818182	False
5097	1806	0.09090909090909091	True
2423	2796	0.9090909090909091	False
2423	359	0.8181818181818182	False
2423	3643	0.7272727272727273	False
2423	1341	0.6363636363636364	True
2423	609	0.5454545454545454	False
2423	335	0.45454545454545453	True
2423	732	0.36363636363636365	True
2423	3434	0.2727272727272727	True
2423	446	0.18181818181818182	True
2423	197	0.09090909090909091	True
2539	3113	0.9090909090909091	False
2539	609	0.8181818181818182	False
2539	359	0.7272727272727273	False
2539	335	0.6363636363636364	True
2539	2796	0.5454545454545454	False
2539	1806	0.45454545454545453	True
2539	2735	0.36363636363636365	True
2539	319	0.2727272727272727	True
2539	2303	0.18181818181818182	True
2539	3643	0.09090909090909091	False
4114	2796	0.9090909090909091	False
4114	609	0.8181818181818182	False
4114	3113	0.7272727272727273	False
4114	359	0.6363636363636364	False
4114	3643	0.5454545454545454	False
4114	732	0.45454545454545453	True
4114	197	0.36363636363636365	True
4114	2493	0.2727272727272727	True
4114	866	0.18181818181818182	True
4114	446	0.09090909090909091	True
5364	2796	0.9090909090909091	False
5364	2301	0.8181818181818182	True
5364	3643	0.7272727272727273	False
5364	446	0.6363636363636364	True
5364	609	0.5454545454545454	False
5364	866	0.45454545454545453	True
5364	3426	0.36363636363636365	True
5364	1533	0.2727272727272727	True
5364	783	0.18181818181818182	True
5364	1733	0.09090909090909091	True
4104	446	0.9090909090909091	True
4104	335	0.8181818181818182	True
4104	3113	0.7272727272727273	False
4104	1533	0.6363636363636364	True
4104	2796	0.5454545454545454	False
4104	359	0.45454545454545453	False
4104	866	0.36363636363636365	True
4104	3426	0.2727272727272727	True
4104	2304	0.18181818181818182	True
4104	2493	0.09090909090909091	True
4516	3113	0.9090909090909091	False
4516	3643	0.8181818181818182	False
4516	359	0.7272727272727273	False
4516	783	0.6363636363636364	True
4516	2493	0.5454545454545454	True
4516	1341	0.45454545454545453	True
4516	2796	0.36363636363636365	False
4516	1533	0.2727272727272727	True
4516	446	0.18181818181818182	True
4516	3004	0.09090909090909091	True
4159	1733	0.9090909090909091	True
4159	2796	0.8181818181818182	False
4159	866	0.7272727272727273	True
4159	1341	0.6363636363636364	True
4159	609	0.5454545454545454	False
4159	3113	0.45454545454545453	False
4159	2301	0.36363636363636365	True
4159	2304	0.2727272727272727	True
4159	2493	0.18181818181818182	True
4159	3643	0.09090909090909091	False
2735	2796	0.9090909090909091	False
2735	866	0.8181818181818182	True
2735	3643	0.7272727272727273	False
2735	609	0.6363636363636364	False
2735	3113	0.5454545454545454	False
2735	319	0.45454545454545453	True
2735	1341	0.36363636363636365	True
2735	1733	0.2727272727272727	True
2735	446	0.18181818181818182	True
2735	2301	0.09090909090909091	True
2922	3113	0.9090909090909091	False
2922	2796	0.8181818181818182	False
2922	609	0.7272727272727273	False
2922	2301	0.6363636363636364	True
2922	197	0.5454545454545454	True
2922	1533	0.45454545454545453	True
2922	446	0.36363636363636365	True
2922	732	0.2727272727272727	True
2922	866	0.18181818181818182	True
2922	1733	0.09090909090909091	True
5751	2796	0.9090909090909091	False
5751	3113	0.8181818181818182	False
5751	609	0.7272727272727273	False
5751	2301	0.6363636363636364	True
5751	2493	0.5454545454545454	True
5751	2735	0.45454545454545453	True
5751	359	0.36363636363636365	False
5751	3643	0.2727272727272727	False
5751	335	0.18181818181818182	True
5751	1806	0.09090909090909091	True
4894	783	0.9090909090909091	True
4894	3113	0.8181818181818182	False
4894	3643	0.7272727272727273	False
4894	2796	0.6363636363636364	False
4894	1341	0.5454545454545454	True
4894	3426	0.45454545454545453	True
4894	1533	0.36363636363636365	True
4894	2301	0.2727272727272727	True
4894	2304	0.18181818181818182	True
4894	359	0.09090909090909091	False
3897	2796	0.9090909090909091	False
3897	3113	0.8181818181818182	False
3897	2493	0.7272727272727273	True
3897	3643	0.6363636363636364	False
3897	1341	0.5454545454545454	True
3897	609	0.45454545454545453	False
3897	359	0.36363636363636365	False
3897	446	0.2727272727272727	True
3897	2301	0.18181818181818182	True
3897	783	0.09090909090909091	True
3681	3113	0.9090909090909091	False
3681	2796	0.8181818181818182	False
3681	609	0.7272727272727273	False
3681	3643	0.6363636363636364	False
3681	1733	0.5454545454545454	True
3681	446	0.45454545454545453	True
3681	2201	0.36363636363636365	True
3681	2493	0.2727272727272727	True
3681	1341	0.18181818181818182	True
3681	1439	0.09090909090909091	True
5674	609	0.9090909090909091	False
5674	3113	0.8181818181818182	False
5674	446	0.7272727272727273	True
5674	2796	0.6363636363636364	False
5674	359	0.5454545454545454	False
5674	866	0.45454545454545453	True
5674	2201	0.36363636363636365	True
5674	1533	0.2727272727272727	True
5674	2493	0.18181818181818182	True
5674	2735	0.09090909090909091	True
2568	2796	0.9090909090909091	False
2568	3643	0.8181818181818182	False
2568	359	0.7272727272727273	False
2568	2493	0.6363636363636364	True
2568	609	0.5454545454545454	False
2568	446	0.45454545454545453	True
2568	1341	0.36363636363636365	True
2568	3004	0.2727272727272727	True
2568	783	0.18181818181818182	True
2568	319	0.09090909090909091	True
999	2796	0.9090909090909091	False
999	866	0.8181818181818182	True
999	2301	0.7272727272727273	True
999	1533	0.6363636363636364	True
999	3643	0.5454545454545454	False
999	446	0.45454545454545453	True
999	609	0.36363636363636365	False
999	2304	0.2727272727272727	True
999	732	0.18181818181818182	True
999	1341	0.09090909090909091	True
2606	1341	0.9090909090909091	True
2606	335	0.8181818181818182	True
2606	2304	0.7272727272727273	True
2606	2796	0.6363636363636364	False
2606	732	0.5454545454545454	True
2606	319	0.45454545454545453	True
2606	609	0.36363636363636365	False
2606	866	0.2727272727272727	True
2606	1533	0.18181818181818182	True
2606	3113	0.09090909090909091	False
5484	3113	0.9090909090909091	False
5484	359	0.8181818181818182	False
5484	335	0.7272727272727273	True
5484	2796	0.6363636363636364	False
5484	609	0.5454545454545454	False
5484	3643	0.45454545454545453	False
5484	2735	0.36363636363636365	True
5484	319	0.2727272727272727	True
5484	2493	0.18181818181818182	True
5484	446	0.09090909090909091	True
3427	866	0.9090909090909091	True
3427	609	0.8181818181818182	False
3427	2735	0.7272727272727273	True
3427	3113	0.6363636363636364	False
3427	2796	0.5454545454545454	False
3427	1341	0.45454545454545453	True
3427	446	0.36363636363636365	True
3427	3946	0.2727272727272727	True
3427	2352	0.18181818181818182	True
3427	359	0.09090909090909091	False
