1039	2618	0.9090909090909091	True
1039	3500	0.8181818181818182	False
1039	3824	0.7272727272727273	True
1039	3221	0.6363636363636364	False
1039	309	0.5454545454545454	False
1039	1669	0.45454545454545453	True
1039	2662	0.36363636363636365	False
1039	3056	0.2727272727272727	False
1039	2124	0.18181818181818182	True
1039	3578	0.09090909090909091	True
946	309	0.9090909090909091	False
946	3732	0.8181818181818182	False
946	2417	0.7272727272727273	True
946	1044	0.6363636363636364	True
946	340	0.5454545454545454	True
946	3221	0.45454545454545453	False
946	3500	0.36363636363636365	False
946	3557	0.2727272727272727	True
946	2662	0.18181818181818182	False
946	2618	0.09090909090909091	True
5668	3732	0.9090909090909091	False
5668	2618	0.8181818181818182	True
5668	3056	0.7272727272727273	False
5668	2124	0.6363636363636364	True
5668	3500	0.5454545454545454	False
5668	1900	0.45454545454545453	True
5668	3397	0.36363636363636365	True
5668	1619	0.2727272727272727	True
5668	2626	0.18181818181818182	True
5668	1669	0.09090909090909091	True
5274	3732	0.9090909090909091	False
5274	340	0.8181818181818182	True
5274	309	0.7272727272727273	False
5274	2662	0.6363636363636364	False
5274	3221	0.5454545454545454	False
5274	358	0.45454545454545453	True
5274	3557	0.36363636363636365	True
5274	1620	0.2727272727272727	True
5274	419	0.18181818181818182	True
5274	2918	0.09090909090909091	True
5440	3732	0.9090909090909091	False
5440	3221	0.8181818181818182	False
5440	340	0.7272727272727273	True
5440	309	0.6363636363636364	False
5440	3056	0.5454545454545454	False
5440	3578	0.45454545454545453	True
5440	3557	0.36363636363636365	True
5440	358	0.2727272727272727	True
5440	3500	0.18181818181818182	False
5440	2626	0.09090909090909091	True
4336	3732	0.9090909090909091	False
4336	2618	0.8181818181818182	True
4336	3824	0.7272727272727273	True
4336	3056	0.6363636363636364	False
4336	2662	0.5454545454545454	False
4336	3397	0.45454545454545453	True
4336	309	0.36363636363636365	False
4336	2617	0.2727272727272727	True
4336	867	0.18181818181818182	True
4336	1044	0.09090909090909091	True
5361	3732	0.9090909090909091	False
5361	2662	0.8181818181818182	False
5361	2417	0.7272727272727273	True
5361	3221	0.6363636363636364	False
5361	309	0.5454545454545454	False
5361	2626	0.45454545454545453	True
5361	1669	0.36363636363636365	True
5361	3500	0.2727272727272727	False
5361	1044	0.18181818181818182	True
5361	3062	0.09090909090909091	True
508	3732	0.9090909090909091	False
508	3056	0.8181818181818182	False
508	2417	0.7272727272727273	True
508	340	0.6363636363636364	True
508	3500	0.5454545454545454	False
508	2626	0.45454545454545453	True
508	3557	0.36363636363636365	True
508	889	0.2727272727272727	True
508	3578	0.18181818181818182	True
508	2662	0.09090909090909091	False
3939	3732	0.9090909090909091	False
3939	340	0.8181818181818182	True
3939	3557	0.7272727272727273	True
3939	3221	0.6363636363636364	False
3939	3824	0.5454545454545454	True
3939	3135	0.45454545454545453	True
3939	419	0.36363636363636365	True
3939	309	0.2727272727272727	False
3939	3056	0.18181818181818182	False
3939	3397	0.09090909090909091	True
2598	3732	0.9090909090909091	False
2598	2417	0.8181818181818182	True
2598	2618	0.7272727272727273	True
2598	309	0.6363636363636364	False
2598	1044	0.5454545454545454	True
2598	2617	0.45454545454545453	True
2598	2124	0.36363636363636365	True
2598	1900	0.2727272727272727	True
2598	3578	0.18181818181818182	True
2598	3557	0.09090909090909091	True
346	3732	0.9090909090909091	False
346	889	0.8181818181818182	True
346	3221	0.7272727272727273	False
346	2662	0.6363636363636364	False
346	927	0.5454545454545454	True
346	340	0.45454545454545453	True
346	309	0.36363636363636365	False
346	3557	0.2727272727272727	True
346	2626	0.18181818181818182	True
346	3397	0.09090909090909091	True
276	3732	0.9090909090909091	False
276	2618	0.8181818181818182	True
276	1619	0.7272727272727273	True
276	3500	0.6363636363636364	False
276	2626	0.5454545454545454	True
276	1900	0.45454545454545453	True
276	2124	0.36363636363636365	True
276	3056	0.2727272727272727	False
276	309	0.18181818181818182	False
276	2381	0.09090909090909091	True
1930	2662	0.9090909090909091	False
1930	3732	0.8181818181818182	False
1930	309	0.7272727272727273	False
1930	1044	0.6363636363636364	True
1930	3056	0.5454545454545454	False
1930	2417	0.45454545454545453	True
1930	3221	0.36363636363636365	False
1930	2626	0.2727272727272727	True
1930	3500	0.18181818181818182	False
1930	889	0.09090909090909091	True
3342	3732	0.9090909090909091	False
3342	3824	0.8181818181818182	True
3342	309	0.7272727272727273	False
3342	340	0.6363636363636364	True
3342	3221	0.5454545454545454	False
3342	3578	0.45454545454545453	True
3342	3557	0.36363636363636365	True
3342	2662	0.2727272727272727	False
3342	3397	0.18181818181818182	True
3342	2626	0.09090909090909091	True
56	3732	0.9090909090909091	False
56	309	0.8181818181818182	False
56	3221	0.7272727272727273	False
56	2662	0.6363636363636364	False
56	3578	0.5454545454545454	True
56	340	0.45454545454545453	True
56	2626	0.36363636363636365	True
56	3056	0.2727272727272727	False
56	3824	0.18181818181818182	True
56	3500	0.09090909090909091	False
6024	3732	0.9090909090909091	False
6024	309	0.8181818181818182	False
6024	2662	0.7272727272727273	False
6024	3221	0.6363636363636364	False
6024	358	0.5454545454545454	True
6024	3824	0.45454545454545453	True
6024	1044	0.36363636363636365	True
6024	2626	0.2727272727272727	True
6024	3008	0.18181818181818182	True
6024	3557	0.09090909090909091	True
2792	3732	0.9090909090909091	False
2792	309	0.8181818181818182	False
2792	3824	0.7272727272727273	True
2792	2618	0.6363636363636364	True
2792	340	0.5454545454545454	True
2792	3500	0.45454545454545453	False
2792	3221	0.36363636363636365	False
2792	1619	0.2727272727272727	True
2792	3557	0.18181818181818182	True
2792	1669	0.09090909090909091	True
1125	3221	0.9090909090909091	False
1125	3732	0.8181818181818182	False
1125	340	0.7272727272727273	True
1125	358	0.6363636363636364	True
1125	3500	0.5454545454545454	False
1125	3557	0.45454545454545453	True
1125	309	0.36363636363636365	False
1125	2417	0.2727272727272727	True
1125	2626	0.18181818181818182	True
1125	2381	0.09090909090909091	True
5793	3732	0.9090909090909091	False
5793	3056	0.8181818181818182	False
5793	309	0.7272727272727273	False
5793	3221	0.6363636363636364	False
5793	2662	0.5454545454545454	False
5793	3578	0.45454545454545453	True
5793	889	0.36363636363636365	True
5793	2417	0.2727272727272727	True
5793	3557	0.18181818181818182	True
5793	136	0.09090909090909091	True
3132	3732	0.9090909090909091	False
3132	2618	0.8181818181818182	True
3132	3221	0.7272727272727273	False
3132	3578	0.6363636363636364	True
3132	2124	0.5454545454545454	True
3132	2956	0.45454545454545453	True
3132	309	0.36363636363636365	False
3132	3557	0.2727272727272727	True
3132	1044	0.18181818181818182	True
3132	419	0.09090909090909091	True
2600	3732	0.9090909090909091	False
2600	309	0.8181818181818182	False
2600	3500	0.7272727272727273	False
2600	3221	0.6363636363636364	False
2600	2618	0.5454545454545454	True
2600	1619	0.45454545454545453	True
2600	1858	0.36363636363636365	True
2600	889	0.2727272727272727	True
2600	2662	0.18181818181818182	False
2600	1044	0.09090909090909091	True
2695	3732	0.9090909090909091	False
2695	309	0.8181818181818182	False
2695	2626	0.7272727272727273	True
2695	3500	0.6363636363636364	False
2695	340	0.5454545454545454	True
2695	3824	0.45454545454545453	True
2695	3221	0.36363636363636365	False
2695	2124	0.2727272727272727	True
2695	2417	0.18181818181818182	True
2695	1620	0.09090909090909091	True
2967	3732	0.9090909090909091	False
2967	3221	0.8181818181818182	False
2967	889	0.7272727272727273	True
2967	340	0.6363636363636364	True
2967	309	0.5454545454545454	False
2967	2626	0.45454545454545453	True
2967	3500	0.36363636363636365	False
2967	2662	0.2727272727272727	False
2967	321	0.18181818181818182	True
2967	3397	0.09090909090909091	True
1354	3732	0.9090909090909091	False
1354	309	0.8181818181818182	False
1354	3824	0.7272727272727273	True
1354	2618	0.6363636363636364	True
1354	3500	0.5454545454545454	False
1354	2662	0.45454545454545453	False
1354	3056	0.36363636363636365	False
1354	2626	0.2727272727272727	True
1354	3397	0.18181818181818182	True
1354	1900	0.09090909090909091	True
595	309	0.9090909090909091	False
595	3732	0.8181818181818182	False
595	3500	0.7272727272727273	False
595	3221	0.6363636363636364	False
595	1044	0.5454545454545454	True
595	1669	0.45454545454545453	True
595	2662	0.36363636363636365	False
595	136	0.2727272727272727	True
595	3578	0.18181818181818182	True
595	889	0.09090909090909091	True
4843	3732	0.9090909090909091	False
4843	309	0.8181818181818182	False
4843	2618	0.7272727272727273	True
4843	3056	0.6363636363636364	False
4843	2662	0.5454545454545454	False
4843	2617	0.45454545454545453	True
4843	3578	0.36363636363636365	True
4843	2918	0.2727272727272727	True
4843	136	0.18181818181818182	True
4843	2417	0.09090909090909091	True
5299	3824	0.9090909090909091	True
5299	3397	0.8181818181818182	True
5299	3732	0.7272727272727273	False
5299	2618	0.6363636363636364	True
5299	309	0.5454545454545454	False
5299	2124	0.45454545454545453	True
5299	338	0.36363636363636365	True
5299	3500	0.2727272727272727	False
5299	3056	0.18181818181818182	False
5299	2626	0.09090909090909091	True
5120	3732	0.9090909090909091	False
5120	309	0.8181818181818182	False
5120	3824	0.7272727272727273	True
5120	2662	0.6363636363636364	False
5120	2618	0.5454545454545454	True
5120	3008	0.45454545454545453	True
5120	3500	0.36363636363636365	False
5120	1619	0.2727272727272727	True
5120	1620	0.18181818181818182	True
5120	2124	0.09090909090909091	True
5444	3732	0.9090909090909091	False
5444	3056	0.8181818181818182	False
5444	2626	0.7272727272727273	True
5444	340	0.6363636363636364	True
5444	3500	0.5454545454545454	False
5444	309	0.45454545454545453	False
5444	2124	0.36363636363636365	True
5444	2618	0.2727272727272727	True
5444	2662	0.18181818181818182	False
5444	358	0.09090909090909091	True
5588	3732	0.9090909090909091	False
5588	2417	0.8181818181818182	True
5588	2618	0.7272727272727273	True
5588	1669	0.6363636363636364	True
5588	1044	0.5454545454545454	True
5588	3221	0.45454545454545453	False
5588	2662	0.36363636363636365	False
5588	340	0.2727272727272727	True
5588	309	0.18181818181818182	False
5588	3500	0.09090909090909091	False
2168	3732	0.9090909090909091	False
2168	3056	0.8181818181818182	False
2168	3500	0.7272727272727273	False
2168	3221	0.6363636363636364	False
2168	419	0.5454545454545454	True
2168	2618	0.45454545454545453	True
2168	1669	0.36363636363636365	True
2168	340	0.2727272727272727	True
2168	3557	0.18181818181818182	True
2168	3578	0.09090909090909091	True
3641	340	0.9090909090909091	True
3641	3056	0.8181818181818182	False
3641	2956	0.7272727272727273	True
3641	309	0.6363636363636364	False
3641	3500	0.5454545454545454	False
3641	3732	0.45454545454545453	False
3641	419	0.36363636363636365	True
3641	3221	0.2727272727272727	False
3641	3557	0.18181818181818182	True
3641	889	0.09090909090909091	True
3778	3732	0.9090909090909091	False
3778	3578	0.8181818181818182	True
3778	361	0.7272727272727273	True
3778	2617	0.6363636363636364	True
3778	3824	0.5454545454545454	True
3778	309	0.45454545454545453	False
3778	2662	0.36363636363636365	False
3778	2417	0.2727272727272727	True
3778	927	0.18181818181818182	True
3778	2124	0.09090909090909091	True
5642	3732	0.9090909090909091	False
5642	340	0.8181818181818182	True
5642	2618	0.7272727272727273	True
5642	3221	0.6363636363636364	False
5642	3397	0.5454545454545454	True
5642	419	0.45454545454545453	True
5642	309	0.36363636363636365	False
5642	3500	0.2727272727272727	False
5642	1619	0.18181818181818182	True
5642	3824	0.09090909090909091	True
4330	3732	0.9090909090909091	False
4330	309	0.8181818181818182	False
4330	3221	0.7272727272727273	False
4330	3824	0.6363636363636364	True
4330	3557	0.5454545454545454	True
4330	3578	0.45454545454545453	True
4330	2662	0.36363636363636365	False
4330	3056	0.2727272727272727	False
4330	1044	0.18181818181818182	True
4330	340	0.09090909090909091	True
1592	3732	0.9090909090909091	False
1592	340	0.8181818181818182	True
1592	3824	0.7272727272727273	True
1592	2864	0.6363636363636364	True
1592	3557	0.5454545454545454	True
1592	3221	0.45454545454545453	False
1592	3135	0.36363636363636365	True
1592	309	0.2727272727272727	False
1592	3500	0.18181818181818182	False
1592	2618	0.09090909090909091	True
4400	3732	0.9090909090909091	False
4400	2618	0.8181818181818182	True
4400	3500	0.7272727272727273	False
4400	3056	0.6363636363636364	False
4400	309	0.5454545454545454	False
4400	3824	0.45454545454545453	True
4400	1669	0.36363636363636365	True
4400	1044	0.2727272727272727	True
4400	1900	0.18181818181818182	True
4400	2124	0.09090909090909091	True
173	309	0.9090909090909091	False
173	3732	0.8181818181818182	False
173	2956	0.7272727272727273	True
173	3056	0.6363636363636364	False
173	340	0.5454545454545454	True
173	3221	0.45454545454545453	False
173	3500	0.36363636363636365	False
173	3578	0.2727272727272727	True
173	2662	0.18181818181818182	False
173	3557	0.09090909090909091	True
701	3732	0.9090909090909091	False
701	3056	0.8181818181818182	False
701	3824	0.7272727272727273	True
701	3500	0.6363636363636364	False
701	2618	0.5454545454545454	True
701	419	0.45454545454545453	True
701	340	0.36363636363636365	True
701	3557	0.2727272727272727	True
701	889	0.18181818181818182	True
701	1669	0.09090909090909091	True
3813	3732	0.9090909090909091	False
3813	309	0.8181818181818182	False
3813	2618	0.7272727272727273	True
3813	2417	0.6363636363636364	True
3813	2662	0.5454545454545454	False
3813	3500	0.45454545454545453	False
3813	3056	0.36363636363636365	False
3813	340	0.2727272727272727	True
3813	358	0.18181818181818182	True
3813	1669	0.09090909090909091	True
4940	3732	0.9090909090909091	False
4940	309	0.8181818181818182	False
4940	3221	0.7272727272727273	False
4940	3557	0.6363636363636364	True
4940	2417	0.5454545454545454	True
4940	358	0.45454545454545453	True
4940	3578	0.36363636363636365	True
4940	340	0.2727272727272727	True
4940	1900	0.18181818181818182	True
4940	419	0.09090909090909091	True
5800	3732	0.9090909090909091	False
5800	309	0.8181818181818182	False
5800	2662	0.7272727272727273	False
5800	2626	0.6363636363636364	True
5800	3221	0.5454545454545454	False
5800	3056	0.45454545454545453	False
5800	2417	0.36363636363636365	True
5800	3557	0.2727272727272727	True
5800	3500	0.18181818181818182	False
5800	889	0.09090909090909091	True
3979	3732	0.9090909090909091	False
3979	3500	0.8181818181818182	False
3979	340	0.7272727272727273	True
3979	3221	0.6363636363636364	False
3979	309	0.5454545454545454	False
3979	3056	0.45454545454545453	False
3979	3824	0.36363636363636365	True
3979	2618	0.2727272727272727	True
3979	3008	0.18181818181818182	True
3979	3557	0.09090909090909091	True
240	3732	0.9090909090909091	False
240	2618	0.8181818181818182	True
240	1044	0.7272727272727273	True
240	1669	0.6363636363636364	True
240	3500	0.5454545454545454	False
240	1619	0.45454545454545453	True
240	3221	0.36363636363636365	False
240	1900	0.2727272727272727	True
240	3056	0.18181818181818182	False
240	2662	0.09090909090909091	False
1665	3732	0.9090909090909091	False
1665	3824	0.8181818181818182	True
1665	309	0.7272727272727273	False
1665	340	0.6363636363636364	True
1665	1044	0.5454545454545454	True
1665	2662	0.45454545454545453	False
1665	2417	0.36363636363636365	True
1665	1669	0.2727272727272727	True
1665	3500	0.18181818181818182	False
1665	3221	0.09090909090909091	False
576	3732	0.9090909090909091	False
576	3824	0.8181818181818182	True
576	2662	0.7272727272727273	False
576	2626	0.6363636363636364	True
576	2124	0.5454545454545454	True
576	3397	0.45454545454545453	True
576	1044	0.36363636363636365	True
576	3056	0.2727272727272727	False
576	2417	0.18181818181818182	True
576	309	0.09090909090909091	False
250	3732	0.9090909090909091	False
250	358	0.8181818181818182	True
250	3056	0.7272727272727273	False
250	1620	0.6363636363636364	True
250	2124	0.5454545454545454	True
250	309	0.45454545454545453	False
250	1044	0.36363636363636365	True
250	3557	0.2727272727272727	True
250	340	0.18181818181818182	True
250	3221	0.09090909090909091	False
4335	3732	0.9090909090909091	False
4335	309	0.8181818181818182	False
4335	3221	0.7272727272727273	False
4335	338	0.6363636363636364	True
4335	3557	0.5454545454545454	True
4335	2417	0.45454545454545453	True
4335	3578	0.36363636363636365	True
4335	1044	0.2727272727272727	True
4335	1858	0.18181818181818182	True
4335	2956	0.09090909090909091	True
2048	3732	0.9090909090909091	False
2048	309	0.8181818181818182	False
2048	1044	0.7272727272727273	True
2048	3221	0.6363636363636364	False
2048	3824	0.5454545454545454	True
2048	3500	0.45454545454545453	False
2048	2662	0.36363636363636365	False
2048	1900	0.2727272727272727	True
2048	3056	0.18181818181818182	False
2048	1619	0.09090909090909091	True
5229	3732	0.9090909090909091	False
5229	309	0.8181818181818182	False
5229	340	0.7272727272727273	True
5229	1619	0.6363636363636364	True
5229	419	0.5454545454545454	True
5229	3500	0.45454545454545453	False
5229	136	0.36363636363636365	True
5229	2618	0.2727272727272727	True
5229	3221	0.18181818181818182	False
5229	3824	0.09090909090909091	True
5033	3732	0.9090909090909091	False
5033	3056	0.8181818181818182	False
5033	1044	0.7272727272727273	True
5033	2417	0.6363636363636364	True
5033	2662	0.5454545454545454	False
5033	2626	0.45454545454545453	True
5033	3221	0.36363636363636365	False
5033	3824	0.2727272727272727	True
5033	3500	0.18181818181818182	False
5033	889	0.09090909090909091	True
3701	3732	0.9090909090909091	False
3701	340	0.8181818181818182	True
3701	3500	0.7272727272727273	False
3701	309	0.6363636363636364	False
3701	2662	0.5454545454545454	False
3701	1619	0.45454545454545453	True
3701	2618	0.36363636363636365	True
3701	1620	0.2727272727272727	True
3701	2864	0.18181818181818182	True
3701	3824	0.09090909090909091	True
4911	3732	0.9090909090909091	False
4911	309	0.8181818181818182	False
4911	2618	0.7272727272727273	True
4911	1619	0.6363636363636364	True
4911	3500	0.5454545454545454	False
4911	136	0.45454545454545453	True
4911	2417	0.36363636363636365	True
4911	1669	0.2727272727272727	True
4911	889	0.18181818181818182	True
4911	1858	0.09090909090909091	True
5618	3732	0.9090909090909091	False
5618	309	0.8181818181818182	False
5618	3221	0.7272727272727273	False
5618	2662	0.6363636363636364	False
5618	2956	0.5454545454545454	True
5618	3500	0.45454545454545453	False
5618	3056	0.36363636363636365	False
5618	340	0.2727272727272727	True
5618	3578	0.18181818181818182	True
5618	2626	0.09090909090909091	True
2808	3732	0.9090909090909091	False
2808	309	0.8181818181818182	False
2808	2618	0.7272727272727273	True
2808	1900	0.6363636363636364	True
2808	3500	0.5454545454545454	False
2808	340	0.45454545454545453	True
2808	1619	0.36363636363636365	True
2808	889	0.2727272727272727	True
2808	3056	0.18181818181818182	False
2808	1669	0.09090909090909091	True
2536	3732	0.9090909090909091	False
2536	3824	0.8181818181818182	True
2536	2626	0.7272727272727273	True
2536	3056	0.6363636363636364	False
2536	2662	0.5454545454545454	False
2536	340	0.45454545454545453	True
2536	2124	0.36363636363636365	True
2536	309	0.2727272727272727	False
2536	3500	0.18181818181818182	False
2536	3397	0.09090909090909091	True
1927	309	0.9090909090909091	False
1927	1619	0.8181818181818182	True
1927	1044	0.7272727272727273	True
1927	3824	0.6363636363636364	True
1927	2618	0.5454545454545454	True
1927	3500	0.45454545454545453	False
1927	3732	0.36363636363636365	False
1927	2617	0.2727272727272727	True
1927	361	0.18181818181818182	True
1927	1900	0.09090909090909091	True
1773	3732	0.9090909090909091	False
1773	1044	0.8181818181818182	True
1773	3221	0.7272727272727273	False
1773	1669	0.6363636363636364	True
1773	2662	0.5454545454545454	False
1773	309	0.45454545454545453	False
1773	1619	0.36363636363636365	True
1773	3500	0.2727272727272727	False
1773	3824	0.18181818181818182	True
1773	2618	0.09090909090909091	True
413	3732	0.9090909090909091	False
413	2417	0.8181818181818182	True
413	309	0.7272727272727273	False
413	2956	0.6363636363636364	True
413	3500	0.5454545454545454	False
413	3578	0.45454545454545453	True
413	3221	0.36363636363636365	False
413	3056	0.2727272727272727	False
413	1669	0.18181818181818182	True
413	2626	0.09090909090909091	True
1641	3732	0.9090909090909091	False
1641	309	0.8181818181818182	False
1641	3500	0.7272727272727273	False
1641	419	0.6363636363636364	True
1641	1669	0.5454545454545454	True
1641	3578	0.45454545454545453	True
1641	2956	0.36363636363636365	True
1641	3056	0.2727272727272727	False
1641	2662	0.18181818181818182	False
1641	2618	0.09090909090909091	True
1458	3732	0.9090909090909091	False
1458	3824	0.8181818181818182	True
1458	2618	0.7272727272727273	True
1458	1068	0.6363636363636364	True
1458	3221	0.5454545454545454	False
1458	1044	0.45454545454545453	True
1458	2662	0.36363636363636365	False
1458	3397	0.2727272727272727	True
1458	2124	0.18181818181818182	True
1458	3500	0.09090909090909091	False
3854	3732	0.9090909090909091	False
3854	1044	0.8181818181818182	True
3854	309	0.7272727272727273	False
3854	2626	0.6363636363636364	True
3854	361	0.5454545454545454	True
3854	3221	0.45454545454545453	False
3854	3500	0.36363636363636365	False
3854	2124	0.2727272727272727	True
3854	3557	0.18181818181818182	True
3854	1900	0.09090909090909091	True
4083	3732	0.9090909090909091	False
4083	3824	0.8181818181818182	True
4083	309	0.7272727272727273	False
4083	2864	0.6363636363636364	True
4083	2662	0.5454545454545454	False
4083	3221	0.45454545454545453	False
4083	3397	0.36363636363636365	True
4083	2618	0.2727272727272727	True
4083	3500	0.18181818181818182	False
4083	1620	0.09090909090909091	True
4633	3221	0.9090909090909091	False
4633	1044	0.8181818181818182	True
4633	2662	0.7272727272727273	False
4633	3557	0.6363636363636364	True
4633	3824	0.5454545454545454	True
4633	309	0.45454545454545453	False
4633	3732	0.36363636363636365	False
4633	358	0.2727272727272727	True
4633	2057	0.18181818181818182	True
4633	3062	0.09090909090909091	True
2836	3732	0.9090909090909091	False
2836	3221	0.8181818181818182	False
2836	2956	0.7272727272727273	True
2836	340	0.6363636363636364	True
2836	2417	0.5454545454545454	True
2836	1044	0.45454545454545453	True
2836	309	0.36363636363636365	False
2836	2662	0.2727272727272727	False
2836	3500	0.18181818181818182	False
2836	3578	0.09090909090909091	True
1913	3732	0.9090909090909091	False
1913	3221	0.8181818181818182	False
1913	309	0.7272727272727273	False
1913	2662	0.6363636363636364	False
1913	2864	0.5454545454545454	True
1913	3500	0.45454545454545453	False
1913	2618	0.36363636363636365	True
1913	3557	0.2727272727272727	True
1913	3062	0.18181818181818182	True
1913	1044	0.09090909090909091	True
2260	309	0.9090909090909091	False
2260	889	0.8181818181818182	True
2260	3732	0.7272727272727273	False
2260	340	0.6363636363636364	True
2260	3557	0.5454545454545454	True
2260	3221	0.45454545454545453	False
2260	3056	0.36363636363636365	False
2260	3500	0.2727272727272727	False
2260	3578	0.18181818181818182	True
2260	419	0.09090909090909091	True
4423	3732	0.9090909090909091	False
4423	309	0.8181818181818182	False
4423	2417	0.7272727272727273	True
4423	3221	0.6363636363636364	False
4423	2626	0.5454545454545454	True
4423	3500	0.45454545454545453	False
4423	2662	0.36363636363636365	False
4423	889	0.2727272727272727	True
4423	3056	0.18181818181818182	False
4423	340	0.09090909090909091	True
2503	3732	0.9090909090909091	False
2503	2618	0.8181818181818182	True
2503	3500	0.7272727272727273	False
2503	3056	0.6363636363636364	False
2503	309	0.5454545454545454	False
2503	338	0.45454545454545453	True
2503	3221	0.36363636363636365	False
2503	358	0.2727272727272727	True
2503	1068	0.18181818181818182	True
2503	340	0.09090909090909091	True
401	2662	0.9090909090909091	False
401	309	0.8181818181818182	False
401	3732	0.7272727272727273	False
401	1620	0.6363636363636364	True
401	3056	0.5454545454545454	False
401	2626	0.45454545454545453	True
401	3824	0.36363636363636365	True
401	1044	0.2727272727272727	True
401	3221	0.18181818181818182	False
401	2956	0.09090909090909091	True
4886	3732	0.9090909090909091	False
4886	2618	0.8181818181818182	True
4886	309	0.7272727272727273	False
4886	3500	0.6363636363636364	False
4886	358	0.5454545454545454	True
4886	2124	0.45454545454545453	True
4886	3056	0.36363636363636365	False
4886	419	0.2727272727272727	True
4886	1900	0.18181818181818182	True
4886	340	0.09090909090909091	True
5591	3732	0.9090909090909091	False
5591	3824	0.8181818181818182	True
5591	309	0.7272727272727273	False
5591	2662	0.6363636363636364	False
5591	3056	0.5454545454545454	False
5591	3397	0.45454545454545453	True
5591	3221	0.36363636363636365	False
5591	3500	0.2727272727272727	False
5591	340	0.18181818181818182	True
5591	1044	0.09090909090909091	True
1407	3732	0.9090909090909091	False
1407	309	0.8181818181818182	False
1407	2417	0.7272727272727273	True
1407	889	0.6363636363636364	True
1407	136	0.5454545454545454	True
1407	3557	0.45454545454545453	True
1407	3008	0.36363636363636365	True
1407	3221	0.2727272727272727	False
1407	340	0.18181818181818182	True
1407	2662	0.09090909090909091	False
3611	3732	0.9090909090909091	False
3611	309	0.8181818181818182	False
3611	3221	0.7272727272727273	False
3611	2662	0.6363636363636364	False
3611	3578	0.5454545454545454	True
3611	2417	0.45454545454545453	True
3611	1044	0.36363636363636365	True
3611	1900	0.2727272727272727	True
3611	3056	0.18181818181818182	False
3611	1669	0.09090909090909091	True
1832	3732	0.9090909090909091	False
1832	2618	0.8181818181818182	True
1832	309	0.7272727272727273	False
1832	2662	0.6363636363636364	False
1832	358	0.5454545454545454	True
1832	3500	0.45454545454545453	False
1832	3062	0.36363636363636365	True
1832	3221	0.2727272727272727	False
1832	3056	0.18181818181818182	False
1832	3824	0.09090909090909091	True
2329	3732	0.9090909090909091	False
2329	419	0.8181818181818182	True
2329	2618	0.7272727272727273	True
2329	340	0.6363636363636364	True
2329	358	0.5454545454545454	True
2329	3056	0.45454545454545453	False
2329	3557	0.36363636363636365	True
2329	3500	0.2727272727272727	False
2329	1900	0.18181818181818182	True
2329	3578	0.09090909090909091	True
691	3732	0.9090909090909091	False
691	889	0.8181818181818182	True
691	309	0.7272727272727273	False
691	340	0.6363636363636364	True
691	2417	0.5454545454545454	True
691	3557	0.45454545454545453	True
691	3824	0.36363636363636365	True
691	419	0.2727272727272727	True
691	3056	0.18181818181818182	False
691	2618	0.09090909090909091	True
1434	3732	0.9090909090909091	False
1434	2417	0.8181818181818182	True
1434	309	0.7272727272727273	False
1434	3578	0.6363636363636364	True
1434	2662	0.5454545454545454	False
1434	3557	0.45454545454545453	True
1434	3056	0.36363636363636365	False
1434	3221	0.2727272727272727	False
1434	358	0.18181818181818182	True
1434	1669	0.09090909090909091	True
1947	3732	0.9090909090909091	False
1947	3056	0.8181818181818182	False
1947	2626	0.7272727272727273	True
1947	3578	0.6363636363636364	True
1947	309	0.5454545454545454	False
1947	2662	0.45454545454545453	False
1947	889	0.36363636363636365	True
1947	3500	0.2727272727272727	False
1947	2417	0.18181818181818182	True
1947	3221	0.09090909090909091	False
4645	309	0.9090909090909091	False
4645	3056	0.8181818181818182	False
4645	3578	0.7272727272727273	True
4645	2662	0.6363636363636364	False
4645	3732	0.5454545454545454	False
4645	3221	0.45454545454545453	False
4645	3557	0.36363636363636365	True
4645	2124	0.2727272727272727	True
4645	889	0.18181818181818182	True
4645	1044	0.09090909090909091	True
1591	3732	0.9090909090909091	False
1591	889	0.8181818181818182	True
1591	2417	0.7272727272727273	True
1591	3056	0.6363636363636364	False
1591	358	0.5454545454545454	True
1591	3221	0.45454545454545453	False
1591	2124	0.36363636363636365	True
1591	3500	0.2727272727272727	False
1591	3557	0.18181818181818182	True
1591	2662	0.09090909090909091	False
3057	3732	0.9090909090909091	False
3057	309	0.8181818181818182	False
3057	3221	0.7272727272727273	False
3057	2662	0.6363636363636364	False
3057	3500	0.5454545454545454	False
3057	2417	0.45454545454545453	True
3057	340	0.36363636363636365	True
3057	2618	0.2727272727272727	True
3057	2626	0.18181818181818182	True
3057	1858	0.09090909090909091	True
3889	3732	0.9090909090909091	False
3889	309	0.8181818181818182	False
3889	2662	0.7272727272727273	False
3889	1900	0.6363636363636364	True
3889	3221	0.5454545454545454	False
3889	340	0.45454545454545453	True
3889	3062	0.36363636363636365	True
3889	2618	0.2727272727272727	True
3889	2864	0.18181818181818182	True
3889	1620	0.09090909090909091	True
3502	309	0.9090909090909091	False
3502	3557	0.8181818181818182	True
3502	3221	0.7272727272727273	False
3502	2417	0.6363636363636364	True
3502	340	0.5454545454545454	True
3502	3732	0.45454545454545453	False
3502	136	0.36363636363636365	True
3502	1044	0.2727272727272727	True
3502	1669	0.18181818181818182	True
3502	2381	0.09090909090909091	True
1215	3732	0.9090909090909091	False
1215	2618	0.8181818181818182	True
1215	309	0.7272727272727273	False
1215	3500	0.6363636363636364	False
1215	1619	0.5454545454545454	True
1215	3824	0.45454545454545453	True
1215	3056	0.36363636363636365	False
1215	419	0.2727272727272727	True
1215	340	0.18181818181818182	True
1215	2918	0.09090909090909091	True
4829	3732	0.9090909090909091	False
4829	3824	0.8181818181818182	True
4829	340	0.7272727272727273	True
4829	309	0.6363636363636364	False
4829	2618	0.5454545454545454	True
4829	2417	0.45454545454545453	True
4829	3500	0.36363636363636365	False
4829	3056	0.2727272727272727	False
4829	2662	0.18181818181818182	False
4829	2626	0.09090909090909091	True
1197	3732	0.9090909090909091	False
1197	309	0.8181818181818182	False
1197	3578	0.7272727272727273	True
1197	3824	0.6363636363636364	True
1197	3557	0.5454545454545454	True
1197	3221	0.45454545454545453	False
1197	419	0.36363636363636365	True
1197	340	0.2727272727272727	True
1197	3500	0.18181818181818182	False
1197	2618	0.09090909090909091	True
915	3732	0.9090909090909091	False
915	309	0.8181818181818182	False
915	2662	0.7272727272727273	False
915	3824	0.6363636363636364	True
915	3056	0.5454545454545454	False
915	3578	0.45454545454545453	True
915	2626	0.36363636363636365	True
915	2956	0.2727272727272727	True
915	3221	0.18181818181818182	False
915	3500	0.09090909090909091	False
3000	3732	0.9090909090909091	False
3000	309	0.8181818181818182	False
3000	2956	0.7272727272727273	True
3000	3221	0.6363636363636364	False
3000	340	0.5454545454545454	True
3000	889	0.45454545454545453	True
3000	3578	0.36363636363636365	True
3000	3500	0.2727272727272727	False
3000	3824	0.18181818181818182	True
3000	2417	0.09090909090909091	True
5071	3732	0.9090909090909091	False
5071	2662	0.8181818181818182	False
5071	2618	0.7272727272727273	True
5071	1619	0.6363636363636364	True
5071	2381	0.5454545454545454	True
5071	309	0.45454545454545453	False
5071	1044	0.36363636363636365	True
5071	3221	0.2727272727272727	False
5071	3500	0.18181818181818182	False
5071	3824	0.09090909090909091	True
297	3732	0.9090909090909091	False
297	309	0.8181818181818182	False
297	3221	0.7272727272727273	False
297	3557	0.6363636363636364	True
297	3578	0.5454545454545454	True
297	340	0.45454545454545453	True
297	2417	0.36363636363636365	True
297	1044	0.2727272727272727	True
297	136	0.18181818181818182	True
297	2956	0.09090909090909091	True
5886	3732	0.9090909090909091	False
5886	2662	0.8181818181818182	False
5886	309	0.7272727272727273	False
5886	3221	0.6363636363636364	False
5886	340	0.5454545454545454	True
5886	3557	0.45454545454545453	True
5886	2618	0.36363636363636365	True
5886	2417	0.2727272727272727	True
5886	3135	0.18181818181818182	True
5886	419	0.09090909090909091	True
901	3732	0.9090909090909091	False
901	3221	0.8181818181818182	False
901	2956	0.7272727272727273	True
901	1044	0.6363636363636364	True
901	3056	0.5454545454545454	False
901	3500	0.45454545454545453	False
901	309	0.36363636363636365	False
901	2662	0.2727272727272727	False
901	1669	0.18181818181818182	True
901	340	0.09090909090909091	True
4696	3732	0.9090909090909091	False
4696	3221	0.8181818181818182	False
4696	309	0.7272727272727273	False
4696	1044	0.6363636363636364	True
4696	3500	0.5454545454545454	False
4696	2662	0.45454545454545453	False
4696	889	0.36363636363636365	True
4696	2417	0.2727272727272727	True
4696	3578	0.18181818181818182	True
4696	2626	0.09090909090909091	True
4739	309	0.9090909090909091	False
4739	3732	0.8181818181818182	False
4739	3578	0.7272727272727273	True
4739	2124	0.6363636363636364	True
4739	3056	0.5454545454545454	False
4739	2662	0.45454545454545453	False
4739	2618	0.36363636363636365	True
4739	3824	0.2727272727272727	True
4739	361	0.18181818181818182	True
4739	419	0.09090909090909091	True
1229	3732	0.9090909090909091	False
1229	309	0.8181818181818182	False
1229	3221	0.7272727272727273	False
1229	2956	0.6363636363636364	True
1229	3500	0.5454545454545454	False
1229	419	0.45454545454545453	True
1229	340	0.36363636363636365	True
1229	1900	0.2727272727272727	True
1229	2618	0.18181818181818182	True
1229	3557	0.09090909090909091	True
5079	3732	0.9090909090909091	False
5079	3056	0.8181818181818182	False
5079	309	0.7272727272727273	False
5079	3557	0.6363636363636364	True
5079	2417	0.5454545454545454	True
5079	3500	0.45454545454545453	False
5079	340	0.36363636363636365	True
5079	889	0.2727272727272727	True
5079	2626	0.18181818181818182	True
5079	419	0.09090909090909091	True
1052	3732	0.9090909090909091	False
1052	309	0.8181818181818182	False
1052	3056	0.7272727272727273	False
1052	3500	0.6363636363636364	False
1052	340	0.5454545454545454	True
1052	2864	0.45454545454545453	True
1052	3221	0.36363636363636365	False
1052	419	0.2727272727272727	True
1052	2956	0.18181818181818182	True
1052	2662	0.09090909090909091	False
3055	3732	0.9090909090909091	False
3055	2618	0.8181818181818182	True
3055	3056	0.7272727272727273	False
3055	3824	0.6363636363636364	True
3055	3221	0.5454545454545454	False
3055	3500	0.45454545454545453	False
3055	309	0.36363636363636365	False
3055	340	0.2727272727272727	True
3055	889	0.18181818181818182	True
3055	3557	0.09090909090909091	True
3812	3732	0.9090909090909091	False
3812	419	0.8181818181818182	True
3812	358	0.7272727272727273	True
3812	309	0.6363636363636364	False
3812	340	0.5454545454545454	True
3812	3056	0.45454545454545453	False
3812	3557	0.36363636363636365	True
3812	3500	0.2727272727272727	False
3812	361	0.18181818181818182	True
3812	2662	0.09090909090909091	False
