1702	3546	0.9090909090909091	False
1702	3696	0.8181818181818182	False
1702	326	0.7272727272727273	False
1702	1040	0.6363636363636364	False
1702	3104	0.5454545454545454	True
1702	1829	0.45454545454545453	True
1702	1533	0.36363636363636365	True
1702	3643	0.2727272727272727	True
1702	2123	0.18181818181818182	True
1702	1918	0.09090909090909091	True
2240	3696	0.9090909090909091	False
2240	1040	0.8181818181818182	False
2240	1533	0.7272727272727273	True
2240	586	0.6363636363636364	False
2240	326	0.5454545454545454	False
2240	3104	0.45454545454545453	True
2240	3546	0.36363636363636365	False
2240	1176	0.2727272727272727	True
2240	2123	0.18181818181818182	True
2240	2186	0.09090909090909091	True
1734	586	0.9090909090909091	False
1734	3696	0.8181818181818182	False
1734	1533	0.7272727272727273	True
1734	1176	0.6363636363636364	True
1734	3546	0.5454545454545454	False
1734	2485	0.45454545454545453	True
1734	326	0.36363636363636365	False
1734	1040	0.2727272727272727	False
1734	935	0.18181818181818182	True
1734	1417	0.09090909090909091	True
979	1040	0.9090909090909091	False
979	3696	0.8181818181818182	False
979	1533	0.7272727272727273	True
979	1829	0.6363636363636364	True
979	326	0.5454545454545454	False
979	3104	0.45454545454545453	True
979	586	0.36363636363636365	False
979	732	0.2727272727272727	True
979	2186	0.18181818181818182	True
979	846	0.09090909090909091	True
564	1040	0.9090909090909091	False
564	326	0.8181818181818182	False
564	3696	0.7272727272727273	False
564	586	0.6363636363636364	False
564	3104	0.5454545454545454	True
564	2186	0.45454545454545453	True
564	732	0.36363636363636365	True
564	1829	0.2727272727272727	True
564	3150	0.18181818181818182	True
564	1417	0.09090909090909091	True
2682	3696	0.9090909090909091	False
2682	1533	0.8181818181818182	True
2682	1040	0.7272727272727273	False
2682	326	0.6363636363636364	False
2682	586	0.5454545454545454	False
2682	935	0.45454545454545453	True
2682	3546	0.36363636363636365	False
2682	1829	0.2727272727272727	True
2682	3104	0.18181818181818182	True
2682	1176	0.09090909090909091	True
1221	3546	0.9090909090909091	False
1221	3696	0.8181818181818182	False
1221	3104	0.7272727272727273	True
1221	1040	0.6363636363636364	False
1221	1533	0.5454545454545454	True
1221	935	0.45454545454545453	True
1221	586	0.36363636363636365	False
1221	326	0.2727272727272727	False
1221	1918	0.18181818181818182	True
1221	1829	0.09090909090909091	True
4445	1040	0.9090909090909091	False
4445	326	0.8181818181818182	False
4445	3696	0.7272727272727273	False
4445	1829	0.6363636363636364	True
4445	3546	0.5454545454545454	False
4445	2123	0.45454545454545453	True
4445	3104	0.36363636363636365	True
4445	1533	0.2727272727272727	True
4445	586	0.18181818181818182	False
4445	2716	0.09090909090909091	True
6010	1040	0.9090909090909091	False
6010	586	0.8181818181818182	False
6010	1533	0.7272727272727273	True
6010	3546	0.6363636363636364	False
6010	3696	0.5454545454545454	False
6010	326	0.45454545454545453	False
6010	732	0.36363636363636365	True
6010	1176	0.2727272727272727	True
6010	1829	0.18181818181818182	True
6010	3104	0.09090909090909091	True
431	1040	0.9090909090909091	False
431	1829	0.8181818181818182	True
431	3546	0.7272727272727273	False
431	3696	0.6363636363636364	False
431	586	0.5454545454545454	False
431	1533	0.45454545454545453	True
431	3104	0.36363636363636365	True
431	326	0.2727272727272727	False
431	2123	0.18181818181818182	True
431	935	0.09090909090909091	True
2361	1533	0.9090909090909091	True
2361	3696	0.8181818181818182	False
2361	326	0.7272727272727273	False
2361	1040	0.6363636363636364	False
2361	3546	0.5454545454545454	False
2361	935	0.45454545454545453	True
2361	1829	0.36363636363636365	True
2361	586	0.2727272727272727	False
2361	732	0.18181818181818182	True
2361	3104	0.09090909090909091	True
1143	3696	0.9090909090909091	False
1143	3546	0.8181818181818182	False
1143	1533	0.7272727272727273	True
1143	1040	0.6363636363636364	False
1143	1829	0.5454545454545454	True
1143	2186	0.45454545454545453	True
1143	326	0.36363636363636365	False
1143	586	0.2727272727272727	False
1143	3104	0.18181818181818182	True
1143	1176	0.09090909090909091	True
5968	3546	0.9090909090909091	False
5968	586	0.8181818181818182	False
5968	2123	0.7272727272727273	True
5968	3696	0.6363636363636364	False
5968	2186	0.5454545454545454	True
5968	3361	0.45454545454545453	True
5968	2485	0.36363636363636365	True
5968	1176	0.2727272727272727	True
5968	935	0.18181818181818182	True
5968	1533	0.09090909090909091	True
2543	3696	0.9090909090909091	False
2543	326	0.8181818181818182	False
2543	1040	0.7272727272727273	False
2543	3546	0.6363636363636364	False
2543	2123	0.5454545454545454	True
2543	1533	0.45454545454545453	True
2543	586	0.36363636363636365	False
2543	3104	0.2727272727272727	True
2543	3643	0.18181818181818182	True
2543	2186	0.09090909090909091	True
5826	3696	0.9090909090909091	False
5826	1040	0.8181818181818182	False
5826	2186	0.7272727272727273	True
5826	586	0.6363636363636364	False
5826	326	0.5454545454545454	False
5826	3104	0.45454545454545453	True
5826	1533	0.36363636363636365	True
5826	3546	0.2727272727272727	False
5826	2716	0.18181818181818182	True
5826	1918	0.09090909090909091	True
5231	326	0.9090909090909091	False
5231	3696	0.8181818181818182	False
5231	3546	0.7272727272727273	False
5231	3104	0.6363636363636364	True
5231	1040	0.5454545454545454	False
5231	732	0.45454545454545453	True
5231	3150	0.36363636363636365	True
5231	586	0.2727272727272727	False
5231	935	0.18181818181818182	True
5231	1533	0.09090909090909091	True
2658	3696	0.9090909090909091	False
2658	1040	0.8181818181818182	False
2658	326	0.7272727272727273	False
2658	3546	0.6363636363636364	False
2658	3104	0.5454545454545454	True
2658	586	0.45454545454545453	False
2658	2123	0.36363636363636365	True
2658	1918	0.2727272727272727	True
2658	1533	0.18181818181818182	True
2658	1829	0.09090909090909091	True
4466	3696	0.9090909090909091	False
4466	1040	0.8181818181818182	False
4466	2186	0.7272727272727273	True
4466	586	0.6363636363636364	False
4466	326	0.5454545454545454	False
4466	1533	0.45454545454545453	True
4466	1829	0.36363636363636365	True
4466	3104	0.2727272727272727	True
4466	3546	0.18181818181818182	False
4466	732	0.09090909090909091	True
2819	326	0.9090909090909091	False
2819	3546	0.8181818181818182	False
2819	3696	0.7272727272727273	False
2819	1533	0.6363636363636364	True
2819	1040	0.5454545454545454	False
2819	586	0.45454545454545453	False
2819	1176	0.36363636363636365	True
2819	2186	0.2727272727272727	True
2819	3104	0.18181818181818182	True
2819	1829	0.09090909090909091	True
4290	3546	0.9090909090909091	False
4290	3696	0.8181818181818182	False
4290	1040	0.7272727272727273	False
4290	3104	0.6363636363636364	True
4290	1829	0.5454545454545454	True
4290	586	0.45454545454545453	False
4290	1533	0.36363636363636365	True
4290	2172	0.2727272727272727	True
4290	2123	0.18181818181818182	True
4290	326	0.09090909090909091	False
3162	3696	0.9090909090909091	False
3162	3546	0.8181818181818182	False
3162	1533	0.7272727272727273	True
3162	1040	0.6363636363636364	False
3162	1176	0.5454545454545454	True
3162	935	0.45454545454545453	True
3162	326	0.36363636363636365	False
3162	586	0.2727272727272727	False
3162	3104	0.18181818181818182	True
3162	2123	0.09090909090909091	True
3574	3546	0.9090909090909091	False
3574	1533	0.8181818181818182	True
3574	935	0.7272727272727273	True
3574	1040	0.6363636363636364	False
3574	3104	0.5454545454545454	True
3574	586	0.45454545454545453	False
3574	1176	0.36363636363636365	True
3574	3696	0.2727272727272727	False
3574	600	0.18181818181818182	True
3574	326	0.09090909090909091	False
813	3696	0.9090909090909091	False
813	3546	0.8181818181818182	False
813	326	0.7272727272727273	False
813	1040	0.6363636363636364	False
813	586	0.5454545454545454	False
813	3104	0.45454545454545453	True
813	1533	0.36363636363636365	True
813	2186	0.2727272727272727	True
813	1176	0.18181818181818182	True
813	3361	0.09090909090909091	True
603	3696	0.9090909090909091	False
603	326	0.8181818181818182	False
603	1040	0.7272727272727273	False
603	1829	0.6363636363636364	True
603	935	0.5454545454545454	True
603	3104	0.45454545454545453	True
603	1533	0.36363636363636365	True
603	586	0.2727272727272727	False
603	3546	0.18181818181818182	False
603	1417	0.09090909090909091	True
4901	3696	0.9090909090909091	False
4901	326	0.8181818181818182	False
4901	2186	0.7272727272727273	True
4901	586	0.6363636363636364	False
4901	1040	0.5454545454545454	False
4901	3104	0.45454545454545453	True
4901	1533	0.36363636363636365	True
4901	1829	0.2727272727272727	True
4901	3361	0.18181818181818182	True
4901	3546	0.09090909090909091	False
4209	1040	0.9090909090909091	False
4209	3696	0.8181818181818182	False
4209	1829	0.7272727272727273	True
4209	3546	0.6363636363636364	False
4209	1533	0.5454545454545454	True
4209	3104	0.45454545454545453	True
4209	2186	0.36363636363636365	True
4209	326	0.2727272727272727	False
4209	586	0.18181818181818182	False
4209	732	0.09090909090909091	True
685	1533	0.9090909090909091	True
685	3696	0.8181818181818182	False
685	1040	0.7272727272727273	False
685	3546	0.6363636363636364	False
685	586	0.5454545454545454	False
685	1918	0.45454545454545453	True
685	3104	0.36363636363636365	True
685	2123	0.2727272727272727	True
685	1176	0.18181818181818182	True
685	1829	0.09090909090909091	True
4506	3546	0.9090909090909091	False
4506	1533	0.8181818181818182	True
4506	1040	0.7272727272727273	False
4506	732	0.6363636363636364	True
4506	935	0.5454545454545454	True
4506	586	0.45454545454545453	False
4506	3104	0.36363636363636365	True
4506	3696	0.2727272727272727	False
4506	326	0.18181818181818182	False
4506	1918	0.09090909090909091	True
5073	1040	0.9090909090909091	False
5073	3696	0.8181818181818182	False
5073	326	0.7272727272727273	False
5073	1533	0.6363636363636364	True
5073	3546	0.5454545454545454	False
5073	2186	0.45454545454545453	True
5073	586	0.36363636363636365	False
5073	1829	0.2727272727272727	True
5073	1176	0.18181818181818182	True
5073	3104	0.09090909090909091	True
4654	1040	0.9090909090909091	False
4654	3696	0.8181818181818182	False
4654	1533	0.7272727272727273	True
4654	586	0.6363636363636364	False
4654	2123	0.5454545454545454	True
4654	326	0.45454545454545453	False
4654	732	0.36363636363636365	True
4654	1918	0.2727272727272727	True
4654	1829	0.18181818181818182	True
4654	2485	0.09090909090909091	True
5825	326	0.9090909090909091	False
5825	3696	0.8181818181818182	False
5825	1040	0.7272727272727273	False
5825	586	0.6363636363636364	False
5825	2186	0.5454545454545454	True
5825	3546	0.45454545454545453	False
5825	3150	0.36363636363636365	True
5825	1176	0.2727272727272727	True
5825	1533	0.18181818181818182	True
5825	2968	0.09090909090909091	True
5243	3696	0.9090909090909091	False
5243	1040	0.8181818181818182	False
5243	326	0.7272727272727273	False
5243	3546	0.6363636363636364	False
5243	586	0.5454545454545454	False
5243	3104	0.45454545454545453	True
5243	1533	0.36363636363636365	True
5243	1829	0.2727272727272727	True
5243	2123	0.18181818181818182	True
5243	2186	0.09090909090909091	True
2155	3546	0.9090909090909091	False
2155	1533	0.8181818181818182	True
2155	3104	0.7272727272727273	True
2155	1040	0.6363636363636364	False
2155	3696	0.5454545454545454	False
2155	326	0.45454545454545453	False
2155	1829	0.36363636363636365	True
2155	3643	0.2727272727272727	True
2155	2968	0.18181818181818182	True
2155	935	0.09090909090909091	True
2409	326	0.9090909090909091	False
2409	3696	0.8181818181818182	False
2409	3104	0.7272727272727273	True
2409	1040	0.6363636363636364	False
2409	3546	0.5454545454545454	False
2409	1829	0.45454545454545453	True
2409	586	0.36363636363636365	False
2409	732	0.2727272727272727	True
2409	1533	0.18181818181818182	True
2409	2186	0.09090909090909091	True
295	3696	0.9090909090909091	False
295	1040	0.8181818181818182	False
295	2123	0.7272727272727273	True
295	1533	0.6363636363636364	True
295	935	0.5454545454545454	True
295	2485	0.45454545454545453	True
295	2172	0.36363636363636365	True
295	846	0.2727272727272727	True
295	326	0.18181818181818182	False
295	3546	0.09090909090909091	False
1877	326	0.9090909090909091	False
1877	3696	0.8181818181818182	False
1877	3546	0.7272727272727273	False
1877	1040	0.6363636363636364	False
1877	1533	0.5454545454545454	True
1877	586	0.45454545454545453	False
1877	935	0.36363636363636365	True
1877	2123	0.2727272727272727	True
1877	2186	0.18181818181818182	True
1877	3643	0.09090909090909091	True
3480	3696	0.9090909090909091	False
3480	326	0.8181818181818182	False
3480	1040	0.7272727272727273	False
3480	3546	0.6363636363636364	False
3480	586	0.5454545454545454	False
3480	935	0.45454545454545453	True
3480	2485	0.36363636363636365	True
3480	2123	0.2727272727272727	True
3480	3104	0.18181818181818182	True
3480	3150	0.09090909090909091	True
2324	3696	0.9090909090909091	False
2324	1533	0.8181818181818182	True
2324	326	0.7272727272727273	False
2324	3546	0.6363636363636364	False
2324	1040	0.5454545454545454	False
2324	3104	0.45454545454545453	True
2324	586	0.36363636363636365	False
2324	2186	0.2727272727272727	True
2324	1829	0.18181818181818182	True
2324	935	0.09090909090909091	True
5975	3546	0.9090909090909091	False
5975	586	0.8181818181818182	False
5975	1533	0.7272727272727273	True
5975	2186	0.6363636363636364	True
5975	1040	0.5454545454545454	False
5975	3696	0.45454545454545453	False
5975	326	0.36363636363636365	False
5975	3104	0.2727272727272727	True
5975	1176	0.18181818181818182	True
5975	1829	0.09090909090909091	True
4646	1918	0.9090909090909091	True
4646	3696	0.8181818181818182	False
4646	3546	0.7272727272727273	False
4646	3104	0.6363636363636364	True
4646	2123	0.5454545454545454	True
4646	586	0.45454545454545453	False
4646	326	0.36363636363636365	False
4646	2485	0.2727272727272727	True
4646	1040	0.18181818181818182	False
4646	1533	0.09090909090909091	True
1490	1040	0.9090909090909091	False
1490	3696	0.8181818181818182	False
1490	2123	0.7272727272727273	True
1490	326	0.6363636363636364	False
1490	586	0.5454545454545454	False
1490	1918	0.45454545454545453	True
1490	1533	0.36363636363636365	True
1490	3104	0.2727272727272727	True
1490	3546	0.18181818181818182	False
1490	600	0.09090909090909091	True
4270	3696	0.9090909090909091	False
4270	326	0.8181818181818182	False
4270	3546	0.7272727272727273	False
4270	1040	0.6363636363636364	False
4270	2123	0.5454545454545454	True
4270	1533	0.45454545454545453	True
4270	2485	0.36363636363636365	True
4270	1829	0.2727272727272727	True
4270	2186	0.18181818181818182	True
4270	586	0.09090909090909091	False
4650	3696	0.9090909090909091	False
4650	1533	0.8181818181818182	True
4650	3546	0.7272727272727273	False
4650	1040	0.6363636363636364	False
4650	326	0.5454545454545454	False
4650	935	0.45454545454545453	True
4650	586	0.36363636363636365	False
4650	3104	0.2727272727272727	True
4650	1176	0.18181818181818182	True
4650	3643	0.09090909090909091	True
3405	3696	0.9090909090909091	False
3405	3546	0.8181818181818182	False
3405	326	0.7272727272727273	False
3405	586	0.6363636363636364	False
3405	2123	0.5454545454545454	True
3405	1918	0.45454545454545453	True
3405	3104	0.36363636363636365	True
3405	1176	0.2727272727272727	True
3405	1533	0.18181818181818182	True
3405	1040	0.09090909090909091	False
3832	3696	0.9090909090909091	False
3832	1533	0.8181818181818182	True
3832	1040	0.7272727272727273	False
3832	326	0.6363636363636364	False
3832	3546	0.5454545454545454	False
3832	935	0.45454545454545453	True
3832	2123	0.36363636363636365	True
3832	1918	0.2727272727272727	True
3832	3104	0.18181818181818182	True
3832	586	0.09090909090909091	False
2750	3696	0.9090909090909091	False
2750	1040	0.8181818181818182	False
2750	3104	0.7272727272727273	True
2750	586	0.6363636363636364	False
2750	326	0.5454545454545454	False
2750	1918	0.45454545454545453	True
2750	3546	0.36363636363636365	False
2750	2123	0.2727272727272727	True
2750	600	0.18181818181818182	True
2750	1829	0.09090909090909091	True
483	3696	0.9090909090909091	False
483	326	0.8181818181818182	False
483	1040	0.7272727272727273	False
483	3546	0.6363636363636364	False
483	846	0.5454545454545454	True
483	586	0.45454545454545453	False
483	3104	0.36363636363636365	True
483	2123	0.2727272727272727	True
483	1918	0.18181818181818182	True
483	1176	0.09090909090909091	True
1618	3696	0.9090909090909091	False
1618	3546	0.8181818181818182	False
1618	326	0.7272727272727273	False
1618	2123	0.6363636363636364	True
1618	1040	0.5454545454545454	False
1618	1533	0.45454545454545453	True
1618	586	0.36363636363636365	False
1618	1918	0.2727272727272727	True
1618	935	0.18181818181818182	True
1618	3104	0.09090909090909091	True
1317	3696	0.9090909090909091	False
1317	1040	0.8181818181818182	False
1317	1533	0.7272727272727273	True
1317	586	0.6363636363636364	False
1317	1918	0.5454545454545454	True
1317	3104	0.45454545454545453	True
1317	326	0.36363636363636365	False
1317	2485	0.2727272727272727	True
1317	3546	0.18181818181818182	False
1317	935	0.09090909090909091	True
5232	3696	0.9090909090909091	False
5232	326	0.8181818181818182	False
5232	586	0.7272727272727273	False
5232	1040	0.6363636363636364	False
5232	1533	0.5454545454545454	True
5232	1829	0.45454545454545453	True
5232	732	0.36363636363636365	True
5232	1417	0.2727272727272727	True
5232	3546	0.18181818181818182	False
5232	2186	0.09090909090909091	True
1297	3696	0.9090909090909091	False
1297	1040	0.8181818181818182	False
1297	3546	0.7272727272727273	False
1297	2123	0.6363636363636364	True
1297	1918	0.5454545454545454	True
1297	1533	0.45454545454545453	True
1297	3104	0.36363636363636365	True
1297	326	0.2727272727272727	False
1297	3643	0.18181818181818182	True
1297	586	0.09090909090909091	False
4994	1040	0.9090909090909091	False
4994	3696	0.8181818181818182	False
4994	326	0.7272727272727273	False
4994	586	0.6363636363636364	False
4994	3104	0.5454545454545454	True
4994	1829	0.45454545454545453	True
4994	846	0.36363636363636365	True
4994	3546	0.2727272727272727	False
4994	1918	0.18181818181818182	True
4994	2123	0.09090909090909091	True
3174	3104	0.9090909090909091	True
3174	3546	0.8181818181818182	False
3174	326	0.7272727272727273	False
3174	3696	0.6363636363636364	False
3174	1040	0.5454545454545454	False
3174	1829	0.45454545454545453	True
3174	586	0.36363636363636365	False
3174	3643	0.2727272727272727	True
3174	2485	0.18181818181818182	True
3174	2186	0.09090909090909091	True
5202	3104	0.9090909090909091	True
5202	3546	0.8181818181818182	False
5202	3696	0.7272727272727273	False
5202	1918	0.6363636363636364	True
5202	1040	0.5454545454545454	False
5202	2123	0.45454545454545453	True
5202	586	0.36363636363636365	False
5202	3643	0.2727272727272727	True
5202	326	0.18181818181818182	False
5202	846	0.09090909090909091	True
4334	3696	0.9090909090909091	False
4334	586	0.8181818181818182	False
4334	1040	0.7272727272727273	False
4334	3546	0.6363636363636364	False
4334	3104	0.5454545454545454	True
4334	2123	0.45454545454545453	True
4334	1829	0.36363636363636365	True
4334	1918	0.2727272727272727	True
4334	326	0.18181818181818182	False
4334	2716	0.09090909090909091	True
3374	1040	0.9090909090909091	False
3374	3696	0.8181818181818182	False
3374	1918	0.7272727272727273	True
3374	586	0.6363636363636364	False
3374	1533	0.5454545454545454	True
3374	3546	0.45454545454545453	False
3374	2123	0.36363636363636365	True
3374	3104	0.2727272727272727	True
3374	326	0.18181818181818182	False
3374	732	0.09090909090909091	True
3612	326	0.9090909090909091	False
3612	3696	0.8181818181818182	False
3612	3546	0.7272727272727273	False
3612	1040	0.6363636363636364	False
3612	586	0.5454545454545454	False
3612	2123	0.45454545454545453	True
3612	935	0.36363636363636365	True
3612	3104	0.2727272727272727	True
3612	1533	0.18181818181818182	True
3612	1417	0.09090909090909091	True
3760	3696	0.9090909090909091	False
3760	326	0.8181818181818182	False
3760	1040	0.7272727272727273	False
3760	2123	0.6363636363636364	True
3760	1533	0.5454545454545454	True
3760	1918	0.45454545454545453	True
3760	2485	0.36363636363636365	True
3760	3104	0.2727272727272727	True
3760	3546	0.18181818181818182	False
3760	586	0.09090909090909091	False
5496	3696	0.9090909090909091	False
5496	586	0.8181818181818182	False
5496	3546	0.7272727272727273	False
5496	1533	0.6363636363636364	True
5496	3104	0.5454545454545454	True
5496	1040	0.45454545454545453	False
5496	2186	0.36363636363636365	True
5496	1918	0.2727272727272727	True
5496	935	0.18181818181818182	True
5496	1176	0.09090909090909091	True
2964	3696	0.9090909090909091	False
2964	1040	0.8181818181818182	False
2964	326	0.7272727272727273	False
2964	1533	0.6363636363636364	True
2964	3546	0.5454545454545454	False
2964	3104	0.45454545454545453	True
2964	1829	0.36363636363636365	True
2964	586	0.2727272727272727	False
2964	732	0.18181818181818182	True
2964	3150	0.09090909090909091	True
1890	1533	0.9090909090909091	True
1890	586	0.8181818181818182	False
1890	3546	0.7272727272727273	False
1890	2485	0.6363636363636364	True
1890	3361	0.5454545454545454	True
1890	3696	0.45454545454545453	False
1890	1918	0.36363636363636365	True
1890	3104	0.2727272727272727	True
1890	1040	0.18181818181818182	False
1890	326	0.09090909090909091	False
4797	1040	0.9090909090909091	False
4797	3696	0.8181818181818182	False
4797	1533	0.7272727272727273	True
4797	326	0.6363636363636364	False
4797	3546	0.5454545454545454	False
4797	1829	0.45454545454545453	True
4797	586	0.36363636363636365	False
4797	846	0.2727272727272727	True
4797	732	0.18181818181818182	True
4797	2123	0.09090909090909091	True
5025	3696	0.9090909090909091	False
5025	326	0.8181818181818182	False
5025	3546	0.7272727272727273	False
5025	1040	0.6363636363636364	False
5025	2123	0.5454545454545454	True
5025	3104	0.45454545454545453	True
5025	1533	0.36363636363636365	True
5025	3643	0.2727272727272727	True
5025	935	0.18181818181818182	True
5025	1829	0.09090909090909091	True
816	3696	0.9090909090909091	False
816	1040	0.8181818181818182	False
816	586	0.7272727272727273	False
816	326	0.6363636363636364	False
816	3104	0.5454545454545454	True
816	2186	0.45454545454545453	True
816	1829	0.36363636363636365	True
816	1918	0.2727272727272727	True
816	1533	0.18181818181818182	True
816	2123	0.09090909090909091	True
4557	1040	0.9090909090909091	False
4557	3696	0.8181818181818182	False
4557	586	0.7272727272727273	False
4557	3104	0.6363636363636364	True
4557	1918	0.5454545454545454	True
4557	326	0.45454545454545453	False
4557	1829	0.36363636363636365	True
4557	2123	0.2727272727272727	True
4557	1533	0.18181818181818182	True
4557	600	0.09090909090909091	True
2671	3696	0.9090909090909091	False
2671	326	0.8181818181818182	False
2671	2485	0.7272727272727273	True
2671	586	0.6363636363636364	False
2671	1533	0.5454545454545454	True
2671	1040	0.45454545454545453	False
2671	3546	0.36363636363636365	False
2671	3361	0.2727272727272727	True
2671	3104	0.18181818181818182	True
2671	935	0.09090909090909091	True
2019	1040	0.9090909090909091	False
2019	3696	0.8181818181818182	False
2019	2123	0.7272727272727273	True
2019	3546	0.6363636363636364	False
2019	326	0.5454545454545454	False
2019	586	0.45454545454545453	False
2019	1918	0.36363636363636365	True
2019	846	0.2727272727272727	True
2019	3104	0.18181818181818182	True
2019	935	0.09090909090909091	True
4897	3696	0.9090909090909091	False
4897	3546	0.8181818181818182	False
4897	326	0.7272727272727273	False
4897	1533	0.6363636363636364	True
4897	1040	0.5454545454545454	False
4897	935	0.45454545454545453	True
4897	2123	0.36363636363636365	True
4897	732	0.2727272727272727	True
4897	3643	0.18181818181818182	True
4897	3104	0.09090909090909091	True
5654	326	0.9090909090909091	False
5654	1040	0.8181818181818182	False
5654	3696	0.7272727272727273	False
5654	1829	0.6363636363636364	True
5654	2186	0.5454545454545454	True
5654	2716	0.45454545454545453	True
5654	3546	0.36363636363636365	False
5654	586	0.2727272727272727	False
5654	3104	0.18181818181818182	True
5654	2123	0.09090909090909091	True
1415	586	0.9090909090909091	False
1415	1040	0.8181818181818182	False
1415	3104	0.7272727272727273	True
1415	3696	0.6363636363636364	False
1415	1918	0.5454545454545454	True
1415	3546	0.45454545454545453	False
1415	1829	0.36363636363636365	True
1415	846	0.2727272727272727	True
1415	1533	0.18181818181818182	True
1415	600	0.09090909090909091	True
3296	1040	0.9090909090909091	False
3296	3696	0.8181818181818182	False
3296	586	0.7272727272727273	False
3296	1918	0.6363636363636364	True
3296	1829	0.5454545454545454	True
3296	1533	0.45454545454545453	True
3296	3104	0.36363636363636365	True
3296	2123	0.2727272727272727	True
3296	2186	0.18181818181818182	True
3296	846	0.09090909090909091	True
3993	3696	0.9090909090909091	False
3993	326	0.8181818181818182	False
3993	1040	0.7272727272727273	False
3993	3104	0.6363636363636364	True
3993	3546	0.5454545454545454	False
3993	1533	0.45454545454545453	True
3993	935	0.36363636363636365	True
3993	586	0.2727272727272727	False
3993	3643	0.18181818181818182	True
3993	2186	0.09090909090909091	True
1978	326	0.9090909090909091	False
1978	3104	0.8181818181818182	True
1978	3546	0.7272727272727273	False
1978	1040	0.6363636363636364	False
1978	1829	0.5454545454545454	True
1978	3696	0.45454545454545453	False
1978	3643	0.36363636363636365	True
1978	935	0.2727272727272727	True
1978	2123	0.18181818181818182	True
1978	586	0.09090909090909091	False
5618	3696	0.9090909090909091	False
5618	3546	0.8181818181818182	False
5618	1040	0.7272727272727273	False
5618	3104	0.6363636363636364	True
5618	586	0.5454545454545454	False
5618	326	0.45454545454545453	False
5618	2123	0.36363636363636365	True
5618	1918	0.2727272727272727	True
5618	1533	0.18181818181818182	True
5618	935	0.09090909090909091	True
3788	3546	0.9090909090909091	False
3788	1533	0.8181818181818182	True
3788	3696	0.7272727272727273	False
3788	326	0.6363636363636364	False
3788	3104	0.5454545454545454	True
3788	2123	0.45454545454545453	True
3788	1829	0.36363636363636365	True
3788	3643	0.2727272727272727	True
3788	1040	0.18181818181818182	False
3788	586	0.09090909090909091	False
3713	3546	0.9090909090909091	False
3713	3696	0.8181818181818182	False
3713	326	0.7272727272727273	False
3713	3104	0.6363636363636364	True
3713	1040	0.5454545454545454	False
3713	2123	0.45454545454545453	True
3713	586	0.36363636363636365	False
3713	1829	0.2727272727272727	True
3713	1918	0.18181818181818182	True
3713	935	0.09090909090909091	True
4495	326	0.9090909090909091	False
4495	3696	0.8181818181818182	False
4495	1040	0.7272727272727273	False
4495	3546	0.6363636363636364	False
4495	586	0.5454545454545454	False
4495	1533	0.45454545454545453	True
4495	3104	0.36363636363636365	True
4495	1829	0.2727272727272727	True
4495	935	0.18181818181818182	True
4495	732	0.09090909090909091	True
1589	1040	0.9090909090909091	False
1589	586	0.8181818181818182	False
1589	3696	0.7272727272727273	False
1589	3546	0.6363636363636364	False
1589	1533	0.5454545454545454	True
1589	1829	0.45454545454545453	True
1589	3104	0.36363636363636365	True
1589	1918	0.2727272727272727	True
1589	732	0.18181818181818182	True
1589	1176	0.09090909090909091	True
1881	3696	0.9090909090909091	False
1881	586	0.8181818181818182	False
1881	1040	0.7272727272727273	False
1881	1533	0.6363636363636364	True
1881	326	0.5454545454545454	False
1881	3546	0.45454545454545453	False
1881	1829	0.36363636363636365	True
1881	2186	0.2727272727272727	True
1881	732	0.18181818181818182	True
1881	1918	0.09090909090909091	True
4749	3696	0.9090909090909091	False
4749	1040	0.8181818181818182	False
4749	586	0.7272727272727273	False
4749	2123	0.6363636363636364	True
4749	1918	0.5454545454545454	True
4749	732	0.45454545454545453	True
4749	1533	0.36363636363636365	True
4749	1176	0.2727272727272727	True
4749	846	0.18181818181818182	True
4749	1829	0.09090909090909091	True
5373	326	0.9090909090909091	False
5373	3696	0.8181818181818182	False
5373	3546	0.7272727272727273	False
5373	1040	0.6363636363636364	False
5373	3104	0.5454545454545454	True
5373	1829	0.45454545454545453	True
5373	1533	0.36363636363636365	True
5373	935	0.2727272727272727	True
5373	2186	0.18181818181818182	True
5373	586	0.09090909090909091	False
5896	1040	0.9090909090909091	False
5896	3696	0.8181818181818182	False
5896	3546	0.7272727272727273	False
5896	1533	0.6363636363636364	True
5896	326	0.5454545454545454	False
5896	1829	0.45454545454545453	True
5896	3104	0.36363636363636365	True
5896	586	0.2727272727272727	False
5896	732	0.18181818181818182	True
5896	3643	0.09090909090909091	True
149	3696	0.9090909090909091	False
149	586	0.8181818181818182	False
149	1040	0.7272727272727273	False
149	3104	0.6363636363636364	True
149	3546	0.5454545454545454	False
149	326	0.45454545454545453	False
149	1533	0.36363636363636365	True
149	1918	0.2727272727272727	True
149	2186	0.18181818181818182	True
149	2485	0.09090909090909091	True
4483	1040	0.9090909090909091	False
4483	3696	0.8181818181818182	False
4483	3104	0.7272727272727273	True
4483	326	0.6363636363636364	False
4483	586	0.5454545454545454	False
4483	1918	0.45454545454545453	True
4483	1829	0.36363636363636365	True
4483	3546	0.2727272727272727	False
4483	2123	0.18181818181818182	True
4483	3643	0.09090909090909091	True
763	3546	0.9090909090909091	False
763	3696	0.8181818181818182	False
763	326	0.7272727272727273	False
763	2186	0.6363636363636364	True
763	935	0.5454545454545454	True
763	1533	0.45454545454545453	True
763	1040	0.36363636363636365	False
763	2123	0.2727272727272727	True
763	586	0.18181818181818182	False
763	1176	0.09090909090909091	True
4261	3696	0.9090909090909091	False
4261	1040	0.8181818181818182	False
4261	1533	0.7272727272727273	True
4261	586	0.6363636363636364	False
4261	2485	0.5454545454545454	True
4261	3546	0.45454545454545453	False
4261	1176	0.36363636363636365	True
4261	326	0.2727272727272727	False
4261	732	0.18181818181818182	True
4261	1829	0.09090909090909091	True
3226	1533	0.9090909090909091	True
3226	3696	0.8181818181818182	False
3226	326	0.7272727272727273	False
3226	1040	0.6363636363636364	False
3226	3546	0.5454545454545454	False
3226	3104	0.45454545454545453	True
3226	586	0.36363636363636365	False
3226	1176	0.2727272727272727	True
3226	1829	0.18181818181818182	True
3226	732	0.09090909090909091	True
687	3696	0.9090909090909091	False
687	1533	0.8181818181818182	True
687	1040	0.7272727272727273	False
687	326	0.6363636363636364	False
687	1829	0.5454545454545454	True
687	3546	0.45454545454545453	False
687	586	0.36363636363636365	False
687	3104	0.2727272727272727	True
687	2186	0.18181818181818182	True
687	846	0.09090909090909091	True
1388	3696	0.9090909090909091	False
1388	1040	0.8181818181818182	False
1388	1829	0.7272727272727273	True
1388	326	0.6363636363636364	False
1388	586	0.5454545454545454	False
1388	3104	0.45454545454545453	True
1388	2123	0.36363636363636365	True
1388	3546	0.2727272727272727	False
1388	1918	0.18181818181818182	True
1388	1533	0.09090909090909091	True
4120	1040	0.9090909090909091	False
4120	3696	0.8181818181818182	False
4120	1918	0.7272727272727273	True
4120	586	0.6363636363636364	False
4120	2123	0.5454545454545454	True
4120	3546	0.45454545454545453	False
4120	3104	0.36363636363636365	True
4120	1829	0.2727272727272727	True
4120	846	0.18181818181818182	True
4120	326	0.09090909090909091	False
33	2123	0.9090909090909091	True
33	586	0.8181818181818182	False
33	3546	0.7272727272727273	False
33	1918	0.6363636363636364	True
33	3696	0.5454545454545454	False
33	1040	0.45454545454545453	False
33	326	0.36363636363636365	False
33	3104	0.2727272727272727	True
33	2485	0.18181818181818182	True
33	1176	0.09090909090909091	True
1536	1829	0.9090909090909091	True
1536	3696	0.8181818181818182	False
1536	3546	0.7272727272727273	False
1536	1040	0.6363636363636364	False
1536	3104	0.5454545454545454	True
1536	586	0.45454545454545453	False
1536	2123	0.36363636363636365	True
1536	1533	0.2727272727272727	True
1536	1918	0.18181818181818182	True
1536	2172	0.09090909090909091	True
1931	1040	0.9090909090909091	False
1931	3696	0.8181818181818182	False
1931	3546	0.7272727272727273	False
1931	1918	0.6363636363636364	True
1931	3104	0.5454545454545454	True
1931	2123	0.45454545454545453	True
1931	1533	0.36363636363636365	True
1931	586	0.2727272727272727	False
1931	2413	0.18181818181818182	True
1931	846	0.09090909090909091	True
30	3546	0.9090909090909091	False
30	3696	0.8181818181818182	False
30	326	0.7272727272727273	False
30	1533	0.6363636363636364	True
30	586	0.5454545454545454	False
30	3361	0.45454545454545453	True
30	1176	0.36363636363636365	True
30	732	0.2727272727272727	True
30	935	0.18181818181818182	True
30	1040	0.09090909090909091	False
4100	3546	0.9090909090909091	False
4100	326	0.8181818181818182	False
4100	3696	0.7272727272727273	False
4100	1040	0.6363636363636364	False
4100	1533	0.5454545454545454	True
4100	2186	0.45454545454545453	True
4100	2485	0.36363636363636365	True
4100	1176	0.2727272727272727	True
4100	3104	0.18181818181818182	True
4100	586	0.09090909090909091	False
1475	3696	0.9090909090909091	False
1475	1040	0.8181818181818182	False
1475	2123	0.7272727272727273	True
1475	586	0.6363636363636364	False
1475	326	0.5454545454545454	False
1475	1533	0.45454545454545453	True
1475	1918	0.36363636363636365	True
1475	1829	0.2727272727272727	True
1475	2186	0.18181818181818182	True
1475	2716	0.09090909090909091	True
2971	3696	0.9090909090909091	False
2971	326	0.8181818181818182	False
2971	3546	0.7272727272727273	False
2971	3104	0.6363636363636364	True
2971	1040	0.5454545454545454	False
2971	732	0.45454545454545453	True
2971	1829	0.36363636363636365	True
2971	586	0.2727272727272727	False
2971	2186	0.18181818181818182	True
2971	1533	0.09090909090909091	True
4992	586	0.9090909090909091	False
4992	1040	0.8181818181818182	False
4992	3696	0.7272727272727273	False
4992	1829	0.6363636363636364	True
4992	1918	0.5454545454545454	True
4992	732	0.45454545454545453	True
4992	3546	0.36363636363636365	False
4992	3104	0.2727272727272727	True
4992	1533	0.18181818181818182	True
4992	2123	0.09090909090909091	True
2472	3696	0.9090909090909091	False
2472	1040	0.8181818181818182	False
2472	586	0.7272727272727273	False
2472	2123	0.6363636363636364	True
2472	326	0.5454545454545454	False
2472	1829	0.45454545454545453	True
2472	3546	0.36363636363636365	False
2472	1176	0.2727272727272727	True
2472	732	0.18181818181818182	True
2472	3104	0.09090909090909091	True
