1079	3773	0.9090909090909091	False
1079	1265	0.8181818181818182	False
1079	628	0.7272727272727273	True
1079	2256	0.6363636363636364	True
1079	340	0.5454545454545454	True
1079	2287	0.45454545454545453	False
1079	1050	0.36363636363636365	True
1079	3872	0.2727272727272727	True
1079	1327	0.18181818181818182	False
1079	3932	0.09090909090909091	False
3959	3773	0.9090909090909091	False
3959	3872	0.8181818181818182	True
3959	1265	0.7272727272727273	False
3959	628	0.6363636363636364	True
3959	1327	0.5454545454545454	False
3959	3200	0.45454545454545453	True
3959	3932	0.36363636363636365	False
3959	2048	0.2727272727272727	True
3959	910	0.18181818181818182	True
3959	3062	0.09090909090909091	True
640	3773	0.9090909090909091	False
640	1265	0.8181818181818182	False
640	628	0.7272727272727273	True
640	3932	0.6363636363636364	False
640	3872	0.5454545454545454	True
640	2569	0.45454545454545453	True
640	1327	0.36363636363636365	False
640	2256	0.2727272727272727	True
640	2287	0.18181818181818182	False
640	3660	0.09090909090909091	True
4021	3773	0.9090909090909091	False
4021	1265	0.8181818181818182	False
4021	628	0.7272727272727273	True
4021	3872	0.6363636363636364	True
4021	3932	0.5454545454545454	False
4021	2287	0.45454545454545453	False
4021	1050	0.36363636363636365	True
4021	757	0.2727272727272727	True
4021	1573	0.18181818181818182	True
4021	2353	0.09090909090909091	True
5895	3773	0.9090909090909091	False
5895	1265	0.8181818181818182	False
5895	1327	0.7272727272727273	False
5895	3872	0.6363636363636364	True
5895	2569	0.5454545454545454	True
5895	3932	0.45454545454545453	False
5895	3660	0.36363636363636365	True
5895	2353	0.2727272727272727	True
5895	2287	0.18181818181818182	False
5895	2202	0.09090909090909091	True
2164	3773	0.9090909090909091	False
2164	1265	0.8181818181818182	False
2164	3932	0.7272727272727273	False
2164	757	0.6363636363636364	True
2164	1327	0.5454545454545454	False
2164	2256	0.45454545454545453	True
2164	3200	0.36363636363636365	True
2164	2353	0.2727272727272727	True
2164	3660	0.18181818181818182	True
2164	628	0.09090909090909091	True
2318	3773	0.9090909090909091	False
2318	1327	0.8181818181818182	False
2318	3932	0.7272727272727273	False
2318	3872	0.6363636363636364	True
2318	1265	0.5454545454545454	False
2318	2569	0.45454545454545453	True
2318	2048	0.36363636363636365	True
2318	137	0.2727272727272727	True
2318	1573	0.18181818181818182	True
2318	628	0.09090909090909091	True
4245	3773	0.9090909090909091	False
4245	1265	0.8181818181818182	False
4245	628	0.7272727272727273	True
4245	2287	0.6363636363636364	False
4245	3932	0.5454545454545454	False
4245	2256	0.45454545454545453	True
4245	1573	0.36363636363636365	True
4245	3660	0.2727272727272727	True
4245	1050	0.18181818181818182	True
4245	757	0.09090909090909091	True
742	3773	0.9090909090909091	False
742	1265	0.8181818181818182	False
742	2569	0.7272727272727273	True
742	3932	0.6363636363636364	False
742	1327	0.5454545454545454	False
742	2287	0.45454545454545453	False
742	2048	0.36363636363636365	True
742	2431	0.2727272727272727	True
742	628	0.18181818181818182	True
742	3872	0.09090909090909091	True
4330	3773	0.9090909090909091	False
4330	3932	0.8181818181818182	False
4330	1265	0.7272727272727273	False
4330	1327	0.6363636363636364	False
4330	757	0.5454545454545454	True
4330	628	0.45454545454545453	True
4330	3872	0.36363636363636365	True
4330	3660	0.2727272727272727	True
4330	137	0.18181818181818182	True
4330	2048	0.09090909090909091	True
3287	3773	0.9090909090909091	False
3287	1265	0.8181818181818182	False
3287	440	0.7272727272727273	True
3287	3932	0.6363636363636364	False
3287	628	0.5454545454545454	True
3287	3660	0.45454545454545453	True
3287	2057	0.36363636363636365	True
3287	1327	0.2727272727272727	False
3287	2072	0.18181818181818182	True
3287	3872	0.09090909090909091	True
4665	3773	0.9090909090909091	False
4665	1265	0.8181818181818182	False
4665	2569	0.7272727272727273	True
4665	1327	0.6363636363636364	False
4665	3153	0.5454545454545454	True
4665	2287	0.45454545454545453	False
4665	3872	0.36363636363636365	True
4665	861	0.2727272727272727	True
4665	628	0.18181818181818182	True
4665	3932	0.09090909090909091	False
5355	3773	0.9090909090909091	False
5355	1327	0.8181818181818182	False
5355	3872	0.7272727272727273	True
5355	3932	0.6363636363636364	False
5355	1265	0.5454545454545454	False
5355	757	0.45454545454545453	True
5355	2287	0.36363636363636365	False
5355	2256	0.2727272727272727	True
5355	3014	0.18181818181818182	True
5355	2569	0.09090909090909091	True
4240	3773	0.9090909090909091	False
4240	3932	0.8181818181818182	False
4240	1265	0.7272727272727273	False
4240	1327	0.6363636363636364	False
4240	1573	0.5454545454545454	True
4240	757	0.45454545454545453	True
4240	3872	0.36363636363636365	True
4240	628	0.2727272727272727	True
4240	3660	0.18181818181818182	True
4240	2569	0.09090909090909091	True
2087	3773	0.9090909090909091	False
2087	1265	0.8181818181818182	False
2087	2256	0.7272727272727273	True
2087	3932	0.6363636363636364	False
2087	3660	0.5454545454545454	True
2087	2287	0.45454545454545453	False
2087	757	0.36363636363636365	True
2087	2072	0.2727272727272727	True
2087	1327	0.18181818181818182	False
2087	628	0.09090909090909091	True
1653	3773	0.9090909090909091	False
1653	1265	0.8181818181818182	False
1653	3932	0.7272727272727273	False
1653	2256	0.6363636363636364	True
1653	1327	0.5454545454545454	False
1653	2287	0.45454545454545453	False
1653	2353	0.36363636363636365	True
1653	757	0.2727272727272727	True
1653	628	0.18181818181818182	True
1653	3200	0.09090909090909091	True
451	3773	0.9090909090909091	False
451	1265	0.8181818181818182	False
451	2256	0.7272727272727273	True
451	3660	0.6363636363636364	True
451	2072	0.5454545454545454	True
451	628	0.45454545454545453	True
451	757	0.36363636363636365	True
451	3932	0.2727272727272727	False
451	440	0.18181818181818182	True
451	2287	0.09090909090909091	False
5578	3773	0.9090909090909091	False
5578	137	0.8181818181818182	True
5578	3932	0.7272727272727273	False
5578	757	0.6363636363636364	True
5578	1265	0.5454545454545454	False
5578	2287	0.45454545454545453	False
5578	1327	0.36363636363636365	False
5578	3872	0.2727272727272727	True
5578	3200	0.18181818181818182	True
5578	303	0.09090909090909091	True
1297	3773	0.9090909090909091	False
1297	1265	0.8181818181818182	False
1297	3932	0.7272727272727273	False
1297	628	0.6363636363636364	True
1297	757	0.5454545454545454	True
1297	1327	0.45454545454545453	False
1297	2287	0.36363636363636365	False
1297	2353	0.2727272727272727	True
1297	137	0.18181818181818182	True
1297	3596	0.09090909090909091	True
4224	3773	0.9090909090909091	False
4224	1265	0.8181818181818182	False
4224	3932	0.7272727272727273	False
4224	757	0.6363636363636364	True
4224	3872	0.5454545454545454	True
4224	2048	0.45454545454545453	True
4224	628	0.36363636363636365	True
4224	2287	0.2727272727272727	False
4224	1327	0.18181818181818182	False
4224	2057	0.09090909090909091	True
2891	3773	0.9090909090909091	False
2891	1265	0.8181818181818182	False
2891	2287	0.7272727272727273	False
2891	3660	0.6363636363636364	True
2891	3932	0.5454545454545454	False
2891	628	0.45454545454545453	True
2891	2353	0.36363636363636365	True
2891	2256	0.2727272727272727	True
2891	757	0.18181818181818182	True
2891	2072	0.09090909090909091	True
5479	3773	0.9090909090909091	False
5479	1265	0.8181818181818182	False
5479	757	0.7272727272727273	True
5479	2287	0.6363636363636364	False
5479	3768	0.5454545454545454	True
5479	3932	0.45454545454545453	False
5479	2353	0.36363636363636365	True
5479	3596	0.2727272727272727	True
5479	3062	0.18181818181818182	True
5479	2256	0.09090909090909091	True
3590	3773	0.9090909090909091	False
3590	2072	0.8181818181818182	True
3590	1265	0.7272727272727273	False
3590	2287	0.6363636363636364	False
3590	757	0.5454545454545454	True
3590	3660	0.45454545454545453	True
3590	3768	0.36363636363636365	True
3590	3014	0.2727272727272727	True
3590	303	0.18181818181818182	True
3590	2256	0.09090909090909091	True
167	3773	0.9090909090909091	False
167	1265	0.8181818181818182	False
167	628	0.7272727272727273	True
167	3932	0.6363636363636364	False
167	757	0.5454545454545454	True
167	1327	0.45454545454545453	False
167	2072	0.36363636363636365	True
167	3872	0.2727272727272727	True
167	2287	0.18181818181818182	False
167	2353	0.09090909090909091	True
1983	3773	0.9090909090909091	False
1983	1265	0.8181818181818182	False
1983	1327	0.7272727272727273	False
1983	3872	0.6363636363636364	True
1983	3932	0.5454545454545454	False
1983	2569	0.45454545454545453	True
1983	628	0.36363636363636365	True
1983	2353	0.2727272727272727	True
1983	2287	0.18181818181818182	False
1983	861	0.09090909090909091	True
38	3773	0.9090909090909091	False
38	1265	0.8181818181818182	False
38	3872	0.7272727272727273	True
38	1327	0.6363636363636364	False
38	3932	0.5454545454545454	False
38	2287	0.45454545454545453	False
38	757	0.36363636363636365	True
38	2353	0.2727272727272727	True
38	628	0.18181818181818182	True
38	861	0.09090909090909091	True
4601	3773	0.9090909090909091	False
4601	1327	0.8181818181818182	False
4601	1265	0.7272727272727273	False
4601	3932	0.6363636363636364	False
4601	757	0.5454545454545454	True
4601	861	0.45454545454545453	True
4601	3596	0.36363636363636365	True
4601	2569	0.2727272727272727	True
4601	3872	0.18181818181818182	True
4601	2287	0.09090909090909091	False
975	3773	0.9090909090909091	False
975	1265	0.8181818181818182	False
975	2287	0.7272727272727273	False
975	2256	0.6363636363636364	True
975	2072	0.5454545454545454	True
975	3660	0.45454545454545453	True
975	861	0.36363636363636365	True
975	757	0.2727272727272727	True
975	1327	0.18181818181818182	False
975	3932	0.09090909090909091	False
797	3773	0.9090909090909091	False
797	1265	0.8181818181818182	False
797	2287	0.7272727272727273	False
797	1327	0.6363636363636364	False
797	757	0.5454545454545454	True
797	3932	0.45454545454545453	False
797	861	0.36363636363636365	True
797	628	0.2727272727272727	True
797	2256	0.18181818181818182	True
797	2443	0.09090909090909091	True
2052	3773	0.9090909090909091	False
2052	1265	0.8181818181818182	False
2052	2287	0.7272727272727273	False
2052	757	0.6363636363636364	True
2052	3014	0.5454545454545454	True
2052	1327	0.45454545454545453	False
2052	3932	0.36363636363636365	False
2052	3660	0.2727272727272727	True
2052	2834	0.18181818181818182	True
2052	3872	0.09090909090909091	True
1518	3773	0.9090909090909091	False
1518	1265	0.8181818181818182	False
1518	3872	0.7272727272727273	True
1518	3660	0.6363636363636364	True
1518	1327	0.5454545454545454	False
1518	3932	0.45454545454545453	False
1518	137	0.36363636363636365	True
1518	3111	0.2727272727272727	True
1518	2287	0.18181818181818182	False
1518	3014	0.09090909090909091	True
2821	3773	0.9090909090909091	False
2821	1265	0.8181818181818182	False
2821	3872	0.7272727272727273	True
2821	2072	0.6363636363636364	True
2821	910	0.5454545454545454	True
2821	3660	0.45454545454545453	True
2821	3932	0.36363636363636365	False
2821	628	0.2727272727272727	True
2821	2256	0.18181818181818182	True
2821	2287	0.09090909090909091	False
3669	3773	0.9090909090909091	False
3669	1265	0.8181818181818182	False
3669	2287	0.7272727272727273	False
3669	2569	0.6363636363636364	True
3669	3660	0.5454545454545454	True
3669	3932	0.45454545454545453	False
3669	757	0.36363636363636365	True
3669	1327	0.2727272727272727	False
3669	628	0.18181818181818182	True
3669	2256	0.09090909090909091	True
1882	3773	0.9090909090909091	False
1882	1265	0.8181818181818182	False
1882	628	0.7272727272727273	True
1882	2072	0.6363636363636364	True
1882	3872	0.5454545454545454	True
1882	3660	0.45454545454545453	True
1882	2340	0.36363636363636365	True
1882	2256	0.2727272727272727	True
1882	3932	0.18181818181818182	False
1882	2287	0.09090909090909091	False
2929	3773	0.9090909090909091	False
2929	1265	0.8181818181818182	False
2929	2287	0.7272727272727273	False
2929	3660	0.6363636363636364	True
2929	2072	0.5454545454545454	True
2929	440	0.45454545454545453	True
2929	757	0.36363636363636365	True
2929	2256	0.2727272727272727	True
2929	2353	0.18181818181818182	True
2929	861	0.09090909090909091	True
5206	3773	0.9090909090909091	False
5206	1265	0.8181818181818182	False
5206	2569	0.7272727272727273	True
5206	2256	0.6363636363636364	True
5206	3932	0.5454545454545454	False
5206	3660	0.45454545454545453	True
5206	1327	0.36363636363636365	False
5206	3872	0.2727272727272727	True
5206	2431	0.18181818181818182	True
5206	757	0.09090909090909091	True
5950	3773	0.9090909090909091	False
5950	1265	0.8181818181818182	False
5950	2256	0.7272727272727273	True
5950	3932	0.6363636363636364	False
5950	3660	0.5454545454545454	True
5950	757	0.45454545454545453	True
5950	2353	0.36363636363636365	True
5950	1327	0.2727272727272727	False
5950	2569	0.18181818181818182	True
5950	2834	0.09090909090909091	True
267	3773	0.9090909090909091	False
267	1265	0.8181818181818182	False
267	3932	0.7272727272727273	False
267	757	0.6363636363636364	True
267	628	0.5454545454545454	True
267	1327	0.45454545454545453	False
267	3660	0.36363636363636365	True
267	2287	0.2727272727272727	False
267	1573	0.18181818181818182	True
267	2569	0.09090909090909091	True
3819	3773	0.9090909090909091	False
3819	1265	0.8181818181818182	False
3819	757	0.7272727272727273	True
3819	2287	0.6363636363636364	False
3819	2834	0.5454545454545454	True
3819	3932	0.45454545454545453	False
3819	2048	0.36363636363636365	True
3819	303	0.2727272727272727	True
3819	2072	0.18181818181818182	True
3819	1327	0.09090909090909091	False
3965	3773	0.9090909090909091	False
3965	757	0.8181818181818182	True
3965	3872	0.7272727272727273	True
3965	1265	0.6363636363636364	False
3965	2287	0.5454545454545454	False
3965	3932	0.45454545454545453	False
3965	3062	0.36363636363636365	True
3965	2048	0.2727272727272727	True
3965	1327	0.18181818181818182	False
3965	3660	0.09090909090909091	True
294	3773	0.9090909090909091	False
294	1265	0.8181818181818182	False
294	137	0.7272727272727273	True
294	3932	0.6363636363636364	False
294	757	0.5454545454545454	True
294	2287	0.45454545454545453	False
294	1327	0.36363636363636365	False
294	2569	0.2727272727272727	True
294	3872	0.18181818181818182	True
294	3660	0.09090909090909091	True
3577	3773	0.9090909090909091	False
3577	1265	0.8181818181818182	False
3577	2072	0.7272727272727273	True
3577	3932	0.6363636363636364	False
3577	628	0.5454545454545454	True
3577	3200	0.45454545454545453	True
3577	1327	0.36363636363636365	False
3577	2256	0.2727272727272727	True
3577	757	0.18181818181818182	True
3577	861	0.09090909090909091	True
2667	3773	0.9090909090909091	False
2667	1265	0.8181818181818182	False
2667	137	0.7272727272727273	True
2667	3932	0.6363636363636364	False
2667	1327	0.5454545454545454	False
2667	3872	0.45454545454545453	True
2667	2287	0.36363636363636365	False
2667	757	0.2727272727272727	True
2667	2569	0.18181818181818182	True
2667	2340	0.09090909090909091	True
4278	3773	0.9090909090909091	False
4278	3872	0.8181818181818182	True
4278	1265	0.7272727272727273	False
4278	2287	0.6363636363636364	False
4278	3932	0.5454545454545454	False
4278	1327	0.45454545454545453	False
4278	757	0.36363636363636365	True
4278	3660	0.2727272727272727	True
4278	2353	0.18181818181818182	True
4278	2072	0.09090909090909091	True
122	3773	0.9090909090909091	False
122	1265	0.8181818181818182	False
122	2287	0.7272727272727273	False
122	2569	0.6363636363636364	True
122	1327	0.5454545454545454	False
122	340	0.45454545454545453	True
122	628	0.36363636363636365	True
122	861	0.2727272727272727	True
122	2256	0.18181818181818182	True
122	3932	0.09090909090909091	False
996	3773	0.9090909090909091	False
996	2072	0.8181818181818182	True
996	1265	0.7272727272727273	False
996	3660	0.6363636363636364	True
996	2256	0.5454545454545454	True
996	440	0.45454545454545453	True
996	3768	0.36363636363636365	True
996	3932	0.2727272727272727	False
996	861	0.18181818181818182	True
996	1327	0.09090909090909091	False
1394	3773	0.9090909090909091	False
1394	757	0.8181818181818182	True
1394	1265	0.7272727272727273	False
1394	3932	0.6363636363636364	False
1394	2048	0.5454545454545454	True
1394	3872	0.45454545454545453	True
1394	3660	0.36363636363636365	True
1394	1327	0.2727272727272727	False
1394	2072	0.18181818181818182	True
1394	1573	0.09090909090909091	True
3626	3773	0.9090909090909091	False
3626	1265	0.8181818181818182	False
3626	2256	0.7272727272727273	True
3626	628	0.6363636363636364	True
3626	3932	0.5454545454545454	False
3626	3660	0.45454545454545453	True
3626	1327	0.36363636363636365	False
3626	137	0.2727272727272727	True
3626	2287	0.18181818181818182	False
3626	2569	0.09090909090909091	True
2492	3773	0.9090909090909091	False
2492	1265	0.8181818181818182	False
2492	628	0.7272727272727273	True
2492	3932	0.6363636363636364	False
2492	757	0.5454545454545454	True
2492	2287	0.45454545454545453	False
2492	1327	0.36363636363636365	False
2492	1573	0.2727272727272727	True
2492	2353	0.18181818181818182	True
2492	3872	0.09090909090909091	True
434	3773	0.9090909090909091	False
434	3932	0.8181818181818182	False
434	1265	0.7272727272727273	False
434	757	0.6363636363636364	True
434	2287	0.5454545454545454	False
434	3872	0.45454545454545453	True
434	1327	0.36363636363636365	False
434	3660	0.2727272727272727	True
434	2353	0.18181818181818182	True
434	2048	0.09090909090909091	True
1156	3773	0.9090909090909091	False
1156	1265	0.8181818181818182	False
1156	628	0.7272727272727273	True
1156	2256	0.6363636363636364	True
1156	2287	0.5454545454545454	False
1156	757	0.45454545454545453	True
1156	2072	0.36363636363636365	True
1156	3660	0.2727272727272727	True
1156	3932	0.18181818181818182	False
1156	2048	0.09090909090909091	True
3439	3773	0.9090909090909091	False
3439	1265	0.8181818181818182	False
3439	757	0.7272727272727273	True
3439	2048	0.6363636363636364	True
3439	628	0.5454545454545454	True
3439	3932	0.45454545454545453	False
3439	2287	0.36363636363636365	False
3439	3872	0.2727272727272727	True
3439	1327	0.18181818181818182	False
3439	3062	0.09090909090909091	True
4901	3773	0.9090909090909091	False
4901	1265	0.8181818181818182	False
4901	3872	0.7272727272727273	True
4901	3932	0.6363636363636364	False
4901	3660	0.5454545454545454	True
4901	2256	0.45454545454545453	True
4901	1327	0.36363636363636365	False
4901	2569	0.2727272727272727	True
4901	757	0.18181818181818182	True
4901	2072	0.09090909090909091	True
5718	3773	0.9090909090909091	False
5718	1265	0.8181818181818182	False
5718	2287	0.7272727272727273	False
5718	3932	0.6363636363636364	False
5718	1327	0.5454545454545454	False
5718	3872	0.45454545454545453	True
5718	757	0.36363636363636365	True
5718	137	0.2727272727272727	True
5718	861	0.18181818181818182	True
5718	2569	0.09090909090909091	True
4011	3773	0.9090909090909091	False
4011	1265	0.8181818181818182	False
4011	3872	0.7272727272727273	True
4011	628	0.6363636363636364	True
4011	3932	0.5454545454545454	False
4011	2287	0.45454545454545453	False
4011	1327	0.36363636363636365	False
4011	3520	0.2727272727272727	True
4011	3660	0.18181818181818182	True
4011	2443	0.09090909090909091	True
1591	3773	0.9090909090909091	False
1591	1265	0.8181818181818182	False
1591	3872	0.7272727272727273	True
1591	2287	0.6363636363636364	False
1591	628	0.5454545454545454	True
1591	1327	0.45454545454545453	False
1591	3932	0.36363636363636365	False
1591	3660	0.2727272727272727	True
1591	757	0.18181818181818182	True
1591	861	0.09090909090909091	True
118	3773	0.9090909090909091	False
118	1265	0.8181818181818182	False
118	2287	0.7272727272727273	False
118	3932	0.6363636363636364	False
118	137	0.5454545454545454	True
118	3660	0.45454545454545453	True
118	2353	0.36363636363636365	True
118	628	0.2727272727272727	True
118	2569	0.18181818181818182	True
118	1327	0.09090909090909091	False
5604	3773	0.9090909090909091	False
5604	1265	0.8181818181818182	False
5604	1327	0.7272727272727273	False
5604	2431	0.6363636363636364	True
5604	757	0.5454545454545454	True
5604	3932	0.45454545454545453	False
5604	2287	0.36363636363636365	False
5604	3014	0.2727272727272727	True
5604	2048	0.18181818181818182	True
5604	628	0.09090909090909091	True
4352	3773	0.9090909090909091	False
4352	1265	0.8181818181818182	False
4352	2287	0.7272727272727273	False
4352	1327	0.6363636363636364	False
4352	861	0.5454545454545454	True
4352	2569	0.45454545454545453	True
4352	3932	0.36363636363636365	False
4352	628	0.2727272727272727	True
4352	3872	0.18181818181818182	True
4352	3153	0.09090909090909091	True
1243	3773	0.9090909090909091	False
1243	1265	0.8181818181818182	False
1243	3200	0.7272727272727273	True
1243	3872	0.6363636363636364	True
1243	3932	0.5454545454545454	False
1243	757	0.45454545454545453	True
1243	3660	0.36363636363636365	True
1243	2256	0.2727272727272727	True
1243	2072	0.18181818181818182	True
1243	910	0.09090909090909091	True
1030	3773	0.9090909090909091	False
1030	1265	0.8181818181818182	False
1030	3932	0.7272727272727273	False
1030	3872	0.6363636363636364	True
1030	628	0.5454545454545454	True
1030	3660	0.45454545454545453	True
1030	1327	0.36363636363636365	False
1030	2569	0.2727272727272727	True
1030	2287	0.18181818181818182	False
1030	2256	0.09090909090909091	True
3914	3773	0.9090909090909091	False
3914	1265	0.8181818181818182	False
3914	3932	0.7272727272727273	False
3914	3872	0.6363636363636364	True
3914	628	0.5454545454545454	True
3914	2048	0.45454545454545453	True
3914	1327	0.36363636363636365	False
3914	2287	0.2727272727272727	False
3914	3660	0.18181818181818182	True
3914	2569	0.09090909090909091	True
2914	3773	0.9090909090909091	False
2914	1265	0.8181818181818182	False
2914	3932	0.7272727272727273	False
2914	2287	0.6363636363636364	False
2914	3660	0.5454545454545454	True
2914	2353	0.45454545454545453	True
2914	3872	0.36363636363636365	True
2914	757	0.2727272727272727	True
2914	1050	0.18181818181818182	True
2914	2256	0.09090909090909091	True
3466	3773	0.9090909090909091	False
3466	1265	0.8181818181818182	False
3466	2048	0.7272727272727273	True
3466	628	0.6363636363636364	True
3466	2834	0.5454545454545454	True
3466	2256	0.45454545454545453	True
3466	3660	0.36363636363636365	True
3466	1327	0.2727272727272727	False
3466	3932	0.18181818181818182	False
3466	757	0.09090909090909091	True
994	3773	0.9090909090909091	False
994	1265	0.8181818181818182	False
994	3932	0.7272727272727273	False
994	2287	0.6363636363636364	False
994	757	0.5454545454545454	True
994	3872	0.45454545454545453	True
994	1327	0.36363636363636365	False
994	3660	0.2727272727272727	True
994	2353	0.18181818181818182	True
994	2256	0.09090909090909091	True
3301	3773	0.9090909090909091	False
3301	1265	0.8181818181818182	False
3301	757	0.7272727272727273	True
3301	3932	0.6363636363636364	False
3301	1327	0.5454545454545454	False
3301	628	0.45454545454545453	True
3301	2287	0.36363636363636365	False
3301	2353	0.2727272727272727	True
3301	2443	0.18181818181818182	True
3301	3200	0.09090909090909091	True
5580	3773	0.9090909090909091	False
5580	1265	0.8181818181818182	False
5580	3932	0.7272727272727273	False
5580	3660	0.6363636363636364	True
5580	757	0.5454545454545454	True
5580	1573	0.45454545454545453	True
5580	2072	0.36363636363636365	True
5580	628	0.2727272727272727	True
5580	2256	0.18181818181818182	True
5580	303	0.09090909090909091	True
1184	3773	0.9090909090909091	False
1184	1265	0.8181818181818182	False
1184	3872	0.7272727272727273	True
1184	2256	0.6363636363636364	True
1184	3932	0.5454545454545454	False
1184	2569	0.45454545454545453	True
1184	3660	0.36363636363636365	True
1184	1327	0.2727272727272727	False
1184	2287	0.18181818181818182	False
1184	2431	0.09090909090909091	True
2064	3773	0.9090909090909091	False
2064	1265	0.8181818181818182	False
2064	3932	0.7272727272727273	False
2064	757	0.6363636363636364	True
2064	3872	0.5454545454545454	True
2064	628	0.45454545454545453	True
2064	2256	0.36363636363636365	True
2064	2048	0.2727272727272727	True
2064	3660	0.18181818181818182	True
2064	1327	0.09090909090909091	False
589	3773	0.9090909090909091	False
589	1265	0.8181818181818182	False
589	3872	0.7272727272727273	True
589	1327	0.6363636363636364	False
589	3932	0.5454545454545454	False
589	3200	0.45454545454545453	True
589	2353	0.36363636363636365	True
589	861	0.2727272727272727	True
589	2287	0.18181818181818182	False
589	2569	0.09090909090909091	True
2943	3773	0.9090909090909091	False
2943	1265	0.8181818181818182	False
2943	2569	0.7272727272727273	True
2943	1327	0.6363636363636364	False
2943	3932	0.5454545454545454	False
2943	2256	0.45454545454545453	True
2943	1113	0.36363636363636365	True
2943	628	0.2727272727272727	True
2943	3872	0.18181818181818182	True
2943	3153	0.09090909090909091	True
5368	3773	0.9090909090909091	False
5368	1265	0.8181818181818182	False
5368	1327	0.7272727272727273	False
5368	2569	0.6363636363636364	True
5368	2072	0.5454545454545454	True
5368	861	0.45454545454545453	True
5368	3932	0.36363636363636365	False
5368	757	0.2727272727272727	True
5368	3153	0.18181818181818182	True
5368	3200	0.09090909090909091	True
3295	3773	0.9090909090909091	False
3295	1265	0.8181818181818182	False
3295	3932	0.7272727272727273	False
3295	3872	0.6363636363636364	True
3295	2353	0.5454545454545454	True
3295	1573	0.45454545454545453	True
3295	1327	0.36363636363636365	False
3295	2287	0.2727272727272727	False
3295	757	0.18181818181818182	True
3295	3660	0.09090909090909091	True
1506	3773	0.9090909090909091	False
1506	1265	0.8181818181818182	False
1506	2256	0.7272727272727273	True
1506	3660	0.6363636363636364	True
1506	1573	0.5454545454545454	True
1506	3932	0.45454545454545453	False
1506	3014	0.36363636363636365	True
1506	1050	0.2727272727272727	True
1506	2569	0.18181818181818182	True
1506	757	0.09090909090909091	True
853	3773	0.9090909090909091	False
853	1265	0.8181818181818182	False
853	2287	0.7272727272727273	False
853	1327	0.6363636363636364	False
853	3660	0.5454545454545454	True
853	2256	0.45454545454545453	True
853	2569	0.36363636363636365	True
853	1573	0.2727272727272727	True
853	3932	0.18181818181818182	False
853	3014	0.09090909090909091	True
2204	3773	0.9090909090909091	False
2204	1265	0.8181818181818182	False
2204	2256	0.7272727272727273	True
2204	3932	0.6363636363636364	False
2204	3660	0.5454545454545454	True
2204	1327	0.45454545454545453	False
2204	757	0.36363636363636365	True
2204	2569	0.2727272727272727	True
2204	628	0.18181818181818182	True
2204	2048	0.09090909090909091	True
5776	3773	0.9090909090909091	False
5776	1265	0.8181818181818182	False
5776	2287	0.7272727272727273	False
5776	2256	0.6363636363636364	True
5776	3660	0.5454545454545454	True
5776	3932	0.45454545454545453	False
5776	861	0.36363636363636365	True
5776	3768	0.2727272727272727	True
5776	628	0.18181818181818182	True
5776	3872	0.09090909090909091	True
4263	3773	0.9090909090909091	False
4263	1265	0.8181818181818182	False
4263	2287	0.7272727272727273	False
4263	1327	0.6363636363636364	False
4263	3932	0.5454545454545454	False
4263	861	0.45454545454545453	True
4263	2834	0.36363636363636365	True
4263	757	0.2727272727272727	True
4263	3014	0.18181818181818182	True
4263	3660	0.09090909090909091	True
1144	3773	0.9090909090909091	False
1144	1265	0.8181818181818182	False
1144	3660	0.7272727272727273	True
1144	2256	0.6363636363636364	True
1144	3932	0.5454545454545454	False
1144	1327	0.45454545454545453	False
1144	1050	0.36363636363636365	True
1144	2287	0.2727272727272727	False
1144	3872	0.18181818181818182	True
1144	628	0.09090909090909091	True
5407	3773	0.9090909090909091	False
5407	1265	0.8181818181818182	False
5407	2569	0.7272727272727273	True
5407	2256	0.6363636363636364	True
5407	1327	0.5454545454545454	False
5407	3932	0.45454545454545453	False
5407	3660	0.36363636363636365	True
5407	3872	0.2727272727272727	True
5407	2287	0.18181818181818182	False
5407	861	0.09090909090909091	True
3596	3773	0.9090909090909091	False
3596	1265	0.8181818181818182	False
3596	2287	0.7272727272727273	False
3596	757	0.6363636363636364	True
3596	3932	0.5454545454545454	False
3596	861	0.45454545454545453	True
3596	3660	0.36363636363636365	True
3596	1327	0.2727272727272727	False
3596	2256	0.18181818181818182	True
3596	2048	0.09090909090909091	True
2308	3773	0.9090909090909091	False
2308	1265	0.8181818181818182	False
2308	1327	0.7272727272727273	False
2308	3932	0.6363636363636364	False
2308	3872	0.5454545454545454	True
2308	3660	0.45454545454545453	True
2308	2569	0.36363636363636365	True
2308	3200	0.2727272727272727	True
2308	3111	0.18181818181818182	True
2308	2353	0.09090909090909091	True
1190	3773	0.9090909090909091	False
1190	1265	0.8181818181818182	False
1190	1327	0.7272727272727273	False
1190	3932	0.6363636363636364	False
1190	2569	0.5454545454545454	True
1190	2256	0.45454545454545453	True
1190	757	0.36363636363636365	True
1190	628	0.2727272727272727	True
1190	1573	0.18181818181818182	True
1190	3660	0.09090909090909091	True
4942	3773	0.9090909090909091	False
4942	1265	0.8181818181818182	False
4942	3932	0.7272727272727273	False
4942	1327	0.6363636363636364	False
4942	3660	0.5454545454545454	True
4942	340	0.45454545454545453	True
4942	3872	0.36363636363636365	True
4942	1573	0.2727272727272727	True
4942	628	0.18181818181818182	True
4942	2569	0.09090909090909091	True
5854	3773	0.9090909090909091	False
5854	1327	0.8181818181818182	False
5854	3872	0.7272727272727273	True
5854	1265	0.6363636363636364	False
5854	3932	0.5454545454545454	False
5854	2431	0.45454545454545453	True
5854	2569	0.36363636363636365	True
5854	3111	0.2727272727272727	True
5854	757	0.18181818181818182	True
5854	2353	0.09090909090909091	True
5746	3773	0.9090909090909091	False
5746	2287	0.8181818181818182	False
5746	1265	0.7272727272727273	False
5746	861	0.6363636363636364	True
5746	2569	0.5454545454545454	True
5746	1327	0.45454545454545453	False
5746	2256	0.36363636363636365	True
5746	3660	0.2727272727272727	True
5746	3932	0.18181818181818182	False
5746	757	0.09090909090909091	True
2139	3773	0.9090909090909091	False
2139	1265	0.8181818181818182	False
2139	3660	0.7272727272727273	True
2139	2256	0.6363636363636364	True
2139	3932	0.5454545454545454	False
2139	440	0.45454545454545453	True
2139	628	0.36363636363636365	True
2139	2287	0.2727272727272727	False
2139	3872	0.18181818181818182	True
2139	1327	0.09090909090909091	False
2329	3773	0.9090909090909091	False
2329	1265	0.8181818181818182	False
2329	628	0.7272727272727273	True
2329	1327	0.6363636363636364	False
2329	2048	0.5454545454545454	True
2329	3932	0.45454545454545453	False
2329	2287	0.36363636363636365	False
2329	3872	0.2727272727272727	True
2329	3660	0.18181818181818182	True
2329	861	0.09090909090909091	True
5091	3773	0.9090909090909091	False
5091	1265	0.8181818181818182	False
5091	3872	0.7272727272727273	True
5091	2287	0.6363636363636364	False
5091	628	0.5454545454545454	True
5091	3660	0.45454545454545453	True
5091	3932	0.36363636363636365	False
5091	2569	0.2727272727272727	True
5091	1050	0.18181818181818182	True
5091	2256	0.09090909090909091	True
4932	3773	0.9090909090909091	False
4932	1265	0.8181818181818182	False
4932	757	0.7272727272727273	True
4932	3932	0.6363636363636364	False
4932	1327	0.5454545454545454	False
4932	3660	0.45454545454545453	True
4932	2287	0.36363636363636365	False
4932	1573	0.2727272727272727	True
4932	3014	0.18181818181818182	True
4932	2353	0.09090909090909091	True
302	3773	0.9090909090909091	False
302	1265	0.8181818181818182	False
302	3932	0.7272727272727273	False
302	2287	0.6363636363636364	False
302	1327	0.5454545454545454	False
302	861	0.45454545454545453	True
302	628	0.36363636363636365	True
302	757	0.2727272727272727	True
302	3660	0.18181818181818182	True
302	2353	0.09090909090909091	True
1814	3773	0.9090909090909091	False
1814	1265	0.8181818181818182	False
1814	3872	0.7272727272727273	True
1814	2287	0.6363636363636364	False
1814	628	0.5454545454545454	True
1814	2048	0.45454545454545453	True
1814	3660	0.36363636363636365	True
1814	3932	0.2727272727272727	False
1814	3014	0.18181818181818182	True
1814	1327	0.09090909090909091	False
4383	3773	0.9090909090909091	False
4383	1265	0.8181818181818182	False
4383	2569	0.7272727272727273	True
4383	2287	0.6363636363636364	False
4383	1327	0.5454545454545454	False
4383	3520	0.45454545454545453	True
4383	3153	0.36363636363636365	True
4383	2834	0.2727272727272727	True
4383	3932	0.18181818181818182	False
4383	2256	0.09090909090909091	True
976	3773	0.9090909090909091	False
976	1265	0.8181818181818182	False
976	3932	0.7272727272727273	False
976	1050	0.6363636363636364	True
976	2256	0.5454545454545454	True
976	2287	0.45454545454545453	False
976	3660	0.36363636363636365	True
976	628	0.2727272727272727	True
976	757	0.18181818181818182	True
976	1327	0.09090909090909091	False
4867	3773	0.9090909090909091	False
4867	1265	0.8181818181818182	False
4867	628	0.7272727272727273	True
4867	3932	0.6363636363636364	False
4867	2256	0.5454545454545454	True
4867	2287	0.45454545454545453	False
4867	2072	0.36363636363636365	True
4867	3872	0.2727272727272727	True
4867	3660	0.18181818181818182	True
4867	3014	0.09090909090909091	True
2642	3773	0.9090909090909091	False
2642	1265	0.8181818181818182	False
2642	3932	0.7272727272727273	False
2642	757	0.6363636363636364	True
2642	3872	0.5454545454545454	True
2642	2287	0.45454545454545453	False
2642	1327	0.36363636363636365	False
2642	3660	0.2727272727272727	True
2642	2256	0.18181818181818182	True
2642	628	0.09090909090909091	True
4361	3773	0.9090909090909091	False
4361	1265	0.8181818181818182	False
4361	628	0.7272727272727273	True
4361	3932	0.6363636363636364	False
4361	3872	0.5454545454545454	True
4361	3200	0.45454545454545453	True
4361	1327	0.36363636363636365	False
4361	440	0.2727272727272727	True
4361	2353	0.18181818181818182	True
4361	910	0.09090909090909091	True
5779	3773	0.9090909090909091	False
5779	3872	0.8181818181818182	True
5779	1265	0.7272727272727273	False
5779	3932	0.6363636363636364	False
5779	628	0.5454545454545454	True
5779	137	0.45454545454545453	True
5779	2048	0.36363636363636365	True
5779	757	0.2727272727272727	True
5779	1327	0.18181818181818182	False
5779	2287	0.09090909090909091	False
1676	3773	0.9090909090909091	False
1676	1265	0.8181818181818182	False
1676	3932	0.7272727272727273	False
1676	3872	0.6363636363636364	True
1676	1327	0.5454545454545454	False
1676	2353	0.45454545454545453	True
1676	1573	0.36363636363636365	True
1676	628	0.2727272727272727	True
1676	757	0.18181818181818182	True
1676	2287	0.09090909090909091	False
5621	3773	0.9090909090909091	False
5621	1265	0.8181818181818182	False
5621	3660	0.7272727272727273	True
5621	2072	0.6363636363636364	True
5621	3872	0.5454545454545454	True
5621	3111	0.45454545454545453	True
5621	3932	0.36363636363636365	False
5621	757	0.2727272727272727	True
5621	2353	0.18181818181818182	True
5621	440	0.09090909090909091	True
