1494	2138	0.9090909090909091	False
1494	2819	0.8181818181818182	False
1494	3245	0.7272727272727273	False
1494	3432	0.6363636363636364	False
1494	2659	0.5454545454545454	True
1494	2704	0.45454545454545453	True
1494	2318	0.36363636363636365	False
1494	1551	0.2727272727272727	True
1494	3073	0.18181818181818182	True
1494	1322	0.09090909090909091	True
1985	3245	0.9090909090909091	False
1985	181	0.8181818181818182	True
1985	2138	0.7272727272727273	False
1985	2819	0.6363636363636364	False
1985	3432	0.5454545454545454	False
1985	1551	0.45454545454545453	True
1985	2659	0.36363636363636365	True
1985	92	0.2727272727272727	True
1985	3948	0.18181818181818182	True
1985	2437	0.09090909090909091	True
1645	2819	0.9090909090909091	False
1645	2750	0.8181818181818182	True
1645	2181	0.7272727272727273	True
1645	2318	0.6363636363636364	False
1645	3245	0.5454545454545454	False
1645	2437	0.45454545454545453	True
1645	2138	0.36363636363636365	False
1645	3865	0.2727272727272727	True
1645	522	0.18181818181818182	True
1645	1322	0.09090909090909091	True
3903	1322	0.9090909090909091	True
3903	3198	0.8181818181818182	True
3903	2138	0.7272727272727273	False
3903	2819	0.6363636363636364	False
3903	1596	0.5454545454545454	True
3903	3245	0.45454545454545453	False
3903	181	0.36363636363636365	True
3903	2704	0.2727272727272727	True
3903	2318	0.18181818181818182	False
3903	3578	0.09090909090909091	True
1789	998	0.9090909090909091	False
1789	2819	0.8181818181818182	False
1789	3245	0.7272727272727273	False
1789	2318	0.6363636363636364	False
1789	3432	0.5454545454545454	False
1789	2138	0.45454545454545453	False
1789	2181	0.36363636363636365	True
1789	1596	0.2727272727272727	True
1789	1551	0.18181818181818182	True
1789	3865	0.09090909090909091	True
726	2819	0.9090909090909091	False
726	2138	0.8181818181818182	False
726	2318	0.7272727272727273	False
726	998	0.6363636363636364	False
726	1956	0.5454545454545454	True
726	181	0.45454545454545453	True
726	3245	0.36363636363636365	False
726	3948	0.2727272727272727	True
726	2704	0.18181818181818182	True
726	92	0.09090909090909091	True
951	3432	0.9090909090909091	False
951	2659	0.8181818181818182	True
951	2138	0.7272727272727273	False
951	181	0.6363636363636364	True
951	3245	0.5454545454545454	False
951	2819	0.45454545454545453	False
951	548	0.36363636363636365	True
951	2755	0.2727272727272727	True
951	2750	0.18181818181818182	True
951	1551	0.09090909090909091	True
4506	2138	0.9090909090909091	False
4506	1214	0.8181818181818182	True
4506	548	0.7272727272727273	True
4506	3432	0.6363636363636364	False
4506	181	0.5454545454545454	True
4506	3198	0.45454545454545453	True
4506	2819	0.36363636363636365	False
4506	1812	0.2727272727272727	True
4506	2318	0.18181818181818182	False
4506	3865	0.09090909090909091	True
5591	2704	0.9090909090909091	True
5591	2819	0.8181818181818182	False
5591	2138	0.7272727272727273	False
5591	2318	0.6363636363636364	False
5591	3245	0.5454545454545454	False
5591	998	0.45454545454545453	False
5591	2675	0.36363636363636365	True
5591	3198	0.2727272727272727	True
5591	1214	0.18181818181818182	True
5591	2075	0.09090909090909091	True
5271	2138	0.9090909090909091	False
5271	3432	0.8181818181818182	False
5271	3865	0.7272727272727273	True
5271	2640	0.6363636363636364	True
5271	2819	0.5454545454545454	False
5271	1551	0.45454545454545453	True
5271	181	0.36363636363636365	True
5271	2755	0.2727272727272727	True
5271	2659	0.18181818181818182	True
5271	998	0.09090909090909091	False
4886	3432	0.9090909090909091	False
4886	2138	0.8181818181818182	False
4886	181	0.7272727272727273	True
4886	3245	0.6363636363636364	False
4886	2659	0.5454545454545454	True
4886	3198	0.45454545454545453	True
4886	998	0.36363636363636365	False
4886	3865	0.2727272727272727	True
4886	1551	0.18181818181818182	True
4886	2116	0.09090909090909091	True
3323	3432	0.9090909090909091	False
3323	2318	0.8181818181818182	False
3323	2138	0.7272727272727273	False
3323	3245	0.6363636363636364	False
3323	998	0.5454545454545454	False
3323	181	0.45454545454545453	True
3323	1551	0.36363636363636365	True
3323	2750	0.2727272727272727	True
3323	3316	0.18181818181818182	True
3323	2704	0.09090909090909091	True
4892	998	0.9090909090909091	False
4892	2138	0.8181818181818182	False
4892	522	0.7272727272727273	True
4892	2819	0.6363636363636364	False
4892	2116	0.5454545454545454	True
4892	3198	0.45454545454545453	True
4892	1066	0.36363636363636365	True
4892	2659	0.2727272727272727	True
4892	3948	0.18181818181818182	True
4892	181	0.09090909090909091	True
5225	998	0.9090909090909091	False
5225	2138	0.8181818181818182	False
5225	1066	0.7272727272727273	True
5225	2755	0.6363636363636364	True
5225	181	0.5454545454545454	True
5225	1322	0.45454545454545453	True
5225	2819	0.36363636363636365	False
5225	2318	0.2727272727272727	False
5225	3865	0.18181818181818182	True
5225	3198	0.09090909090909091	True
1523	3432	0.9090909090909091	False
1523	181	0.8181818181818182	True
1523	2436	0.7272727272727273	True
1523	2116	0.6363636363636364	True
1523	2138	0.5454545454545454	False
1523	2750	0.45454545454545453	True
1523	3865	0.36363636363636365	True
1523	522	0.2727272727272727	True
1523	998	0.18181818181818182	False
1523	2659	0.09090909090909091	True
1517	2704	0.9090909090909091	True
1517	2138	0.8181818181818182	False
1517	2318	0.7272727272727273	False
1517	1322	0.6363636363636364	True
1517	2819	0.5454545454545454	False
1517	2675	0.45454545454545453	True
1517	998	0.36363636363636365	False
1517	3198	0.2727272727272727	True
1517	3245	0.18181818181818182	False
1517	3948	0.09090909090909091	True
4999	2659	0.9090909090909091	True
4999	3245	0.8181818181818182	False
4999	2138	0.7272727272727273	False
4999	3432	0.6363636363636364	False
4999	181	0.5454545454545454	True
4999	2318	0.45454545454545453	False
4999	1551	0.36363636363636365	True
4999	2879	0.2727272727272727	True
4999	2755	0.18181818181818182	True
4999	1214	0.09090909090909091	True
5217	181	0.9090909090909091	True
5217	3865	0.8181818181818182	True
5217	2138	0.7272727272727273	False
5217	3198	0.6363636363636364	True
5217	2819	0.5454545454545454	False
5217	1322	0.45454545454545453	True
5217	1066	0.36363636363636365	True
5217	2116	0.2727272727272727	True
5217	1214	0.18181818181818182	True
5217	522	0.09090909090909091	True
3790	2138	0.9090909090909091	False
3790	998	0.8181818181818182	False
3790	2819	0.7272727272727273	False
3790	2640	0.6363636363636364	True
3790	2318	0.5454545454545454	False
3790	2181	0.45454545454545453	True
3790	3865	0.36363636363636365	True
3790	3620	0.2727272727272727	True
3790	2659	0.18181818181818182	True
3790	1322	0.09090909090909091	True
5593	2659	0.9090909090909091	True
5593	3432	0.8181818181818182	False
5593	181	0.7272727272727273	True
5593	2138	0.6363636363636364	False
5593	2750	0.5454545454545454	True
5593	3245	0.45454545454545453	False
5593	3865	0.36363636363636365	True
5593	1551	0.2727272727272727	True
5593	2318	0.18181818181818182	False
5593	3073	0.09090909090909091	True
212	2138	0.9090909090909091	False
212	2318	0.8181818181818182	False
212	1322	0.7272727272727273	True
212	1066	0.6363636363636364	True
212	3865	0.5454545454545454	True
212	3432	0.45454545454545453	False
212	181	0.36363636363636365	True
212	2750	0.2727272727272727	True
212	2819	0.18181818181818182	False
212	2659	0.09090909090909091	True
3172	2138	0.9090909090909091	False
3172	2659	0.8181818181818182	True
3172	3198	0.7272727272727273	True
3172	2819	0.6363636363636364	False
3172	998	0.5454545454545454	False
3172	3865	0.45454545454545453	True
3172	181	0.36363636363636365	True
3172	3245	0.2727272727272727	False
3172	1066	0.18181818181818182	True
3172	1596	0.09090909090909091	True
3411	2138	0.9090909090909091	False
3411	3198	0.8181818181818182	True
3411	2675	0.7272727272727273	True
3411	181	0.6363636363636364	True
3411	1322	0.5454545454545454	True
3411	1214	0.45454545454545453	True
3411	522	0.36363636363636365	True
3411	2659	0.2727272727272727	True
3411	2437	0.18181818181818182	True
3411	1856	0.09090909090909091	True
5976	3432	0.9090909090909091	False
5976	2138	0.8181818181818182	False
5976	2640	0.7272727272727273	True
5976	1214	0.6363636363636364	True
5976	3620	0.5454545454545454	True
5976	2436	0.45454545454545453	True
5976	1066	0.36363636363636365	True
5976	181	0.2727272727272727	True
5976	1322	0.18181818181818182	True
5976	2879	0.09090909090909091	True
3902	181	0.9090909090909091	True
3902	2819	0.8181818181818182	False
3902	2138	0.7272727272727273	False
3902	1322	0.6363636363636364	True
3902	3948	0.5454545454545454	True
3902	3432	0.45454545454545453	False
3902	3865	0.36363636363636365	True
3902	998	0.2727272727272727	False
3902	2436	0.18181818181818182	True
3902	2318	0.09090909090909091	False
4296	2318	0.9090909090909091	False
4296	2704	0.8181818181818182	True
4296	1322	0.7272727272727273	True
4296	2138	0.6363636363636364	False
4296	3948	0.5454545454545454	True
4296	1214	0.45454545454545453	True
4296	2819	0.36363636363636365	False
4296	181	0.2727272727272727	True
4296	1066	0.18181818181818182	True
4296	92	0.09090909090909091	True
3126	1322	0.9090909090909091	True
3126	522	0.8181818181818182	True
3126	2437	0.7272727272727273	True
3126	1455	0.6363636363636364	True
3126	998	0.5454545454545454	False
3126	3948	0.45454545454545453	True
3126	2819	0.36363636363636365	False
3126	2138	0.2727272727272727	False
3126	2318	0.18181818181818182	False
3126	181	0.09090909090909091	True
1987	2138	0.9090909090909091	False
1987	2318	0.8181818181818182	False
1987	998	0.7272727272727273	False
1987	2659	0.6363636363636364	True
1987	1214	0.5454545454545454	True
1987	2704	0.45454545454545453	True
1987	2755	0.36363636363636365	True
1987	3198	0.2727272727272727	True
1987	1551	0.18181818181818182	True
1987	3432	0.09090909090909091	False
934	998	0.9090909090909091	False
934	2819	0.8181818181818182	False
934	2138	0.7272727272727273	False
934	2704	0.6363636363636364	True
934	587	0.5454545454545454	True
934	3316	0.45454545454545453	True
934	3432	0.36363636363636365	False
934	2675	0.2727272727272727	True
934	2318	0.18181818181818182	False
934	2640	0.09090909090909091	True
1917	2819	0.9090909090909091	False
1917	2138	0.8181818181818182	False
1917	3198	0.7272727272727273	True
1917	2318	0.6363636363636364	False
1917	998	0.5454545454545454	False
1917	3865	0.45454545454545453	True
1917	181	0.36363636363636365	True
1917	1596	0.2727272727272727	True
1917	2704	0.18181818181818182	True
1917	3578	0.09090909090909091	True
4893	2819	0.9090909090909091	False
4893	2138	0.8181818181818182	False
4893	3198	0.7272727272727273	True
4893	181	0.6363636363636364	True
4893	3865	0.5454545454545454	True
4893	3432	0.45454545454545453	False
4893	1596	0.36363636363636365	True
4893	3245	0.2727272727272727	False
4893	2659	0.18181818181818182	True
4893	998	0.09090909090909091	False
5651	1214	0.9090909090909091	True
5651	2819	0.8181818181818182	False
5651	2318	0.7272727272727273	False
5651	2138	0.6363636363636364	False
5651	2436	0.5454545454545454	True
5651	181	0.45454545454545453	True
5651	2181	0.36363636363636365	True
5651	1322	0.2727272727272727	True
5651	3026	0.18181818181818182	True
5651	3432	0.09090909090909091	False
4303	2138	0.9090909090909091	False
4303	2704	0.8181818181818182	True
4303	2318	0.7272727272727273	False
4303	998	0.6363636363636364	False
4303	181	0.5454545454545454	True
4303	2659	0.45454545454545453	True
4303	2819	0.36363636363636365	False
4303	3198	0.2727272727272727	True
4303	1322	0.18181818181818182	True
4303	522	0.09090909090909091	True
574	2819	0.9090909090909091	False
574	998	0.8181818181818182	False
574	2138	0.7272727272727273	False
574	3432	0.6363636363636364	False
574	2318	0.5454545454545454	False
574	2704	0.45454545454545453	True
574	2640	0.36363636363636365	True
574	2659	0.2727272727272727	True
574	1956	0.18181818181818182	True
574	3245	0.09090909090909091	False
4803	998	0.9090909090909091	False
4803	2659	0.8181818181818182	True
4803	2138	0.7272727272727273	False
4803	3432	0.6363636363636364	False
4803	2819	0.5454545454545454	False
4803	3245	0.45454545454545453	False
4803	1551	0.36363636363636365	True
4803	3865	0.2727272727272727	True
4803	573	0.18181818181818182	True
4803	2318	0.09090909090909091	False
10	2138	0.9090909090909091	False
10	2819	0.8181818181818182	False
10	1322	0.7272727272727273	True
10	2318	0.6363636363636364	False
10	3245	0.5454545454545454	False
10	3432	0.45454545454545453	False
10	181	0.36363636363636365	True
10	1214	0.2727272727272727	True
10	2436	0.18181818181818182	True
10	3620	0.09090909090909091	True
3476	998	0.9090909090909091	False
3476	2819	0.8181818181818182	False
3476	2138	0.7272727272727273	False
3476	1596	0.6363636363636364	True
3476	3948	0.5454545454545454	True
3476	1066	0.45454545454545453	True
3476	2181	0.36363636363636365	True
3476	3865	0.2727272727272727	True
3476	1856	0.18181818181818182	True
3476	1322	0.09090909090909091	True
2030	3245	0.9090909090909091	False
2030	1214	0.8181818181818182	True
2030	1551	0.7272727272727273	True
2030	998	0.6363636363636364	False
2030	2437	0.5454545454545454	True
2030	1322	0.45454545454545453	True
2030	181	0.36363636363636365	True
2030	2318	0.2727272727272727	False
2030	2640	0.18181818181818182	True
2030	2819	0.09090909090909091	False
1756	2659	0.9090909090909091	True
1756	3245	0.8181818181818182	False
1756	2704	0.7272727272727273	True
1756	2437	0.6363636363636364	True
1756	2138	0.5454545454545454	False
1756	2318	0.45454545454545453	False
1756	3198	0.36363636363636365	True
1756	3948	0.2727272727272727	True
1756	1856	0.18181818181818182	True
1756	181	0.09090909090909091	True
3800	2138	0.9090909090909091	False
3800	1322	0.8181818181818182	True
3800	2318	0.7272727272727273	False
3800	998	0.6363636363636364	False
3800	2819	0.5454545454545454	False
3800	3432	0.45454545454545453	False
3800	3865	0.36363636363636365	True
3800	2181	0.2727272727272727	True
3800	2750	0.18181818181818182	True
3800	2704	0.09090909090909091	True
2706	2819	0.9090909090909091	False
2706	181	0.8181818181818182	True
2706	1322	0.7272727272727273	True
2706	3245	0.6363636363636364	False
2706	2138	0.5454545454545454	False
2706	3198	0.45454545454545453	True
2706	2437	0.36363636363636365	True
2706	1214	0.2727272727272727	True
2706	998	0.18181818181818182	False
2706	3432	0.09090909090909091	False
3305	998	0.9090909090909091	False
3305	3432	0.8181818181818182	False
3305	2138	0.7272727272727273	False
3305	2704	0.6363636363636364	True
3305	2318	0.5454545454545454	False
3305	2819	0.45454545454545453	False
3305	3316	0.36363636363636365	True
3305	1551	0.2727272727272727	True
3305	2675	0.18181818181818182	True
3305	2750	0.09090909090909091	True
3168	1214	0.9090909090909091	True
3168	2138	0.8181818181818182	False
3168	181	0.7272727272727273	True
3168	1066	0.6363636363636364	True
3168	1322	0.5454545454545454	True
3168	3432	0.45454545454545453	False
3168	998	0.36363636363636365	False
3168	3865	0.2727272727272727	True
3168	2819	0.18181818181818182	False
3168	2116	0.09090909090909091	True
325	2318	0.9090909090909091	False
325	2138	0.8181818181818182	False
325	181	0.7272727272727273	True
325	2819	0.6363636363636364	False
325	2659	0.5454545454545454	True
325	3865	0.45454545454545453	True
325	3432	0.36363636363636365	False
325	3198	0.2727272727272727	True
325	2181	0.18181818181818182	True
325	998	0.09090909090909091	False
4221	2138	0.9090909090909091	False
4221	1551	0.8181818181818182	True
4221	3444	0.7272727272727273	True
4221	181	0.6363636363636364	True
4221	1214	0.5454545454545454	True
4221	2819	0.45454545454545453	False
4221	2659	0.36363636363636365	True
4221	2755	0.2727272727272727	True
4221	3245	0.18181818181818182	False
4221	3948	0.09090909090909091	True
3136	2704	0.9090909090909091	True
3136	2659	0.8181818181818182	True
3136	2318	0.7272727272727273	False
3136	2138	0.6363636363636364	False
3136	2819	0.5454545454545454	False
3136	998	0.45454545454545453	False
3136	3198	0.36363636363636365	True
3136	2755	0.2727272727272727	True
3136	1856	0.18181818181818182	True
3136	1066	0.09090909090909091	True
2084	2819	0.9090909090909091	False
2084	998	0.8181818181818182	False
2084	2318	0.7272727272727273	False
2084	2755	0.6363636363636364	True
2084	2659	0.5454545454545454	True
2084	3316	0.45454545454545453	True
2084	1551	0.36363636363636365	True
2084	2138	0.2727272727272727	False
2084	3245	0.18181818181818182	False
2084	2750	0.09090909090909091	True
4012	2318	0.9090909090909091	False
4012	3245	0.8181818181818182	False
4012	2138	0.7272727272727273	False
4012	3948	0.6363636363636364	True
4012	998	0.5454545454545454	False
4012	2659	0.45454545454545453	True
4012	2704	0.36363636363636365	True
4012	2675	0.2727272727272727	True
4012	2819	0.18181818181818182	False
4012	181	0.09090909090909091	True
2287	2819	0.9090909090909091	False
2287	998	0.8181818181818182	False
2287	573	0.7272727272727273	True
2287	2138	0.6363636363636364	False
2287	2318	0.5454545454545454	False
2287	3865	0.45454545454545453	True
2287	1551	0.36363636363636365	True
2287	3245	0.2727272727272727	False
2287	3578	0.18181818181818182	True
2287	1856	0.09090909090909091	True
486	2138	0.9090909090909091	False
486	2819	0.8181818181818182	False
486	2318	0.7272727272727273	False
486	1214	0.6363636363636364	True
486	998	0.5454545454545454	False
486	3948	0.45454545454545453	True
486	2436	0.36363636363636365	True
486	181	0.2727272727272727	True
486	2640	0.18181818181818182	True
486	3865	0.09090909090909091	True
1477	2659	0.9090909090909091	True
1477	2138	0.8181818181818182	False
1477	2704	0.7272727272727273	True
1477	3432	0.6363636363636364	False
1477	998	0.5454545454545454	False
1477	2755	0.45454545454545453	True
1477	3245	0.36363636363636365	False
1477	2819	0.2727272727272727	False
1477	2318	0.18181818181818182	False
1477	1551	0.09090909090909091	True
4594	2819	0.9090909090909091	False
4594	2138	0.8181818181818182	False
4594	1322	0.7272727272727273	True
4594	3245	0.6363636363636364	False
4594	998	0.5454545454545454	False
4594	3865	0.45454545454545453	True
4594	573	0.36363636363636365	True
4594	92	0.2727272727272727	True
4594	1551	0.18181818181818182	True
4594	1895	0.09090909090909091	True
2130	2138	0.9090909090909091	False
2130	522	0.8181818181818182	True
2130	2659	0.7272727272727273	True
2130	1322	0.6363636363636364	True
2130	2437	0.5454545454545454	True
2130	2750	0.45454545454545453	True
2130	181	0.36363636363636365	True
2130	3948	0.2727272727272727	True
2130	1856	0.18181818181818182	True
2130	1066	0.09090909090909091	True
2067	1214	0.9090909090909091	True
2067	3245	0.8181818181818182	False
2067	2437	0.7272727272727273	True
2067	3432	0.6363636363636364	False
2067	998	0.5454545454545454	False
2067	2819	0.45454545454545453	False
2067	1322	0.36363636363636365	True
2067	2138	0.2727272727272727	False
2067	3620	0.18181818181818182	True
2067	181	0.09090909090909091	True
3124	2750	0.9090909090909091	True
3124	2138	0.8181818181818182	False
3124	2819	0.7272727272727273	False
3124	3245	0.6363636363636364	False
3124	998	0.5454545454545454	False
3124	1322	0.45454545454545453	True
3124	181	0.36363636363636365	True
3124	3432	0.2727272727272727	False
3124	3948	0.18181818181818182	True
3124	2436	0.09090909090909091	True
576	2138	0.9090909090909091	False
576	2819	0.8181818181818182	False
576	1322	0.7272727272727273	True
576	1956	0.6363636363636364	True
576	2704	0.5454545454545454	True
576	3948	0.45454545454545453	True
576	2318	0.36363636363636365	False
576	2879	0.2727272727272727	True
576	3245	0.18181818181818182	False
576	2659	0.09090909090909091	True
3771	1214	0.9090909090909091	True
3771	2318	0.8181818181818182	False
3771	2138	0.7272727272727273	False
3771	3620	0.6363636363636364	True
3771	1322	0.5454545454545454	True
3771	2436	0.45454545454545453	True
3771	2819	0.36363636363636365	False
3771	181	0.2727272727272727	True
3771	573	0.18181818181818182	True
3771	2879	0.09090909090909091	True
4741	2138	0.9090909090909091	False
4741	522	0.8181818181818182	True
4741	181	0.7272727272727273	True
4741	3865	0.6363636363636364	True
4741	3245	0.5454545454545454	False
4741	3432	0.45454545454545453	False
4741	2437	0.36363636363636365	True
4741	1322	0.2727272727272727	True
4741	2659	0.18181818181818182	True
4741	2879	0.09090909090909091	True
1556	3432	0.9090909090909091	False
1556	2138	0.8181818181818182	False
1556	2436	0.7272727272727273	True
1556	998	0.6363636363636364	False
1556	2704	0.5454545454545454	True
1556	3620	0.45454545454545453	True
1556	2318	0.36363636363636365	False
1556	522	0.2727272727272727	True
1556	2819	0.18181818181818182	False
1556	2659	0.09090909090909091	True
4219	2659	0.9090909090909091	True
4219	3245	0.8181818181818182	False
4219	998	0.7272727272727273	False
4219	2138	0.6363636363636364	False
4219	2750	0.5454545454545454	True
4219	2318	0.45454545454545453	False
4219	3432	0.36363636363636365	False
4219	2437	0.2727272727272727	True
4219	1551	0.18181818181818182	True
4219	2755	0.09090909090909091	True
83	2138	0.9090909090909091	False
83	2819	0.8181818181818182	False
83	2750	0.7272727272727273	True
83	3432	0.6363636363636364	False
83	2318	0.5454545454545454	False
83	998	0.45454545454545453	False
83	3865	0.36363636363636365	True
83	3026	0.2727272727272727	True
83	3444	0.18181818181818182	True
83	2659	0.09090909090909091	True
2063	2138	0.9090909090909091	False
2063	3245	0.8181818181818182	False
2063	2181	0.7272727272727273	True
2063	2819	0.6363636363636364	False
2063	3432	0.5454545454545454	False
2063	3865	0.45454545454545453	True
2063	2318	0.36363636363636365	False
2063	1322	0.2727272727272727	True
2063	2750	0.18181818181818182	True
2063	998	0.09090909090909091	False
4425	2819	0.9090909090909091	False
4425	2750	0.8181818181818182	True
4425	2479	0.7272727272727273	True
4425	998	0.6363636363636364	False
4425	3026	0.5454545454545454	True
4425	2437	0.45454545454545453	True
4425	3948	0.36363636363636365	True
4425	2436	0.2727272727272727	True
4425	3865	0.18181818181818182	True
4425	1856	0.09090909090909091	True
3094	3432	0.9090909090909091	False
3094	181	0.8181818181818182	True
3094	2138	0.7272727272727273	False
3094	1214	0.6363636363636364	True
3094	3865	0.5454545454545454	True
3094	1066	0.45454545454545453	True
3094	522	0.36363636363636365	True
3094	2750	0.2727272727272727	True
3094	1455	0.18181818181818182	True
3094	1322	0.09090909090909091	True
5355	181	0.9090909090909091	True
5355	2138	0.8181818181818182	False
5355	3432	0.7272727272727273	False
5355	3865	0.6363636363636364	True
5355	1551	0.5454545454545454	True
5355	998	0.45454545454545453	False
5355	1322	0.36363636363636365	True
5355	2819	0.2727272727272727	False
5355	3948	0.18181818181818182	True
5355	2318	0.09090909090909091	False
138	1214	0.9090909090909091	True
138	1322	0.8181818181818182	True
138	181	0.7272727272727273	True
138	2436	0.6363636363636364	True
138	2138	0.5454545454545454	False
138	3620	0.45454545454545453	True
138	548	0.36363636363636365	True
138	3432	0.2727272727272727	False
138	1975	0.18181818181818182	True
138	3198	0.09090909090909091	True
2156	1322	0.9090909090909091	True
2156	2138	0.8181818181818182	False
2156	2819	0.7272727272727273	False
2156	1066	0.6363636363636364	True
2156	2750	0.5454545454545454	True
2156	181	0.45454545454545453	True
2156	522	0.36363636363636365	True
2156	1455	0.2727272727272727	True
2156	2353	0.18181818181818182	True
2156	3198	0.09090909090909091	True
559	2659	0.9090909090909091	True
559	2138	0.8181818181818182	False
559	3198	0.7272727272727273	True
559	1551	0.6363636363636364	True
559	2755	0.5454545454545454	True
559	181	0.45454545454545453	True
559	2318	0.36363636363636365	False
559	1066	0.2727272727272727	True
559	3865	0.18181818181818182	True
559	998	0.09090909090909091	False
4432	2659	0.9090909090909091	True
4432	2138	0.8181818181818182	False
4432	1214	0.7272727272727273	True
4432	2318	0.6363636363636364	False
4432	2819	0.5454545454545454	False
4432	2436	0.45454545454545453	True
4432	998	0.36363636363636365	False
4432	3432	0.2727272727272727	False
4432	1551	0.18181818181818182	True
4432	181	0.09090909090909091	True
2949	2819	0.9090909090909091	False
2949	3432	0.8181818181818182	False
2949	2750	0.7272727272727273	True
2949	3245	0.6363636363636364	False
2949	1322	0.5454545454545454	True
2949	2659	0.45454545454545453	True
2949	181	0.36363636363636365	True
2949	2138	0.2727272727272727	False
2949	1596	0.18181818181818182	True
2949	2318	0.09090909090909091	False
1110	2138	0.9090909090909091	False
1110	181	0.8181818181818182	True
1110	3245	0.7272727272727273	False
1110	2755	0.6363636363636364	True
1110	2116	0.5454545454545454	True
1110	2318	0.45454545454545453	False
1110	2659	0.36363636363636365	True
1110	3198	0.2727272727272727	True
1110	3432	0.18181818181818182	False
1110	2704	0.09090909090909091	True
2095	2436	0.9090909090909091	True
2095	3245	0.8181818181818182	False
2095	2138	0.7272727272727273	False
2095	2659	0.6363636363636364	True
2095	2819	0.5454545454545454	False
2095	2318	0.45454545454545453	False
2095	3948	0.36363636363636365	True
2095	2704	0.2727272727272727	True
2095	181	0.18181818181818182	True
2095	998	0.09090909090909091	False
53	2819	0.9090909090909091	False
53	3948	0.8181818181818182	True
53	998	0.7272727272727273	False
53	2437	0.6363636363636364	True
53	2318	0.5454545454545454	False
53	2659	0.45454545454545453	True
53	2138	0.36363636363636365	False
53	3245	0.2727272727272727	False
53	1322	0.18181818181818182	True
53	2704	0.09090909090909091	True
4801	2819	0.9090909090909091	False
4801	998	0.8181818181818182	False
4801	1322	0.7272727272727273	True
4801	2138	0.6363636363636364	False
4801	3432	0.5454545454545454	False
4801	1895	0.45454545454545453	True
4801	3245	0.36363636363636365	False
4801	522	0.2727272727272727	True
4801	2318	0.18181818181818182	False
4801	2181	0.09090909090909091	True
254	2819	0.9090909090909091	False
254	2138	0.8181818181818182	False
254	2318	0.7272727272727273	False
254	998	0.6363636363636364	False
254	1455	0.5454545454545454	True
254	2181	0.45454545454545453	True
254	1322	0.36363636363636365	True
254	2675	0.2727272727272727	True
254	3865	0.18181818181818182	True
254	1956	0.09090909090909091	True
3297	1214	0.9090909090909091	True
3297	2819	0.8181818181818182	False
3297	998	0.7272727272727273	False
3297	2318	0.6363636363636364	False
3297	3198	0.5454545454545454	True
3297	2704	0.45454545454545453	True
3297	2755	0.36363636363636365	True
3297	2138	0.2727272727272727	False
3297	1856	0.18181818181818182	True
3297	3245	0.09090909090909091	False
3926	3865	0.9090909090909091	True
3926	2138	0.8181818181818182	False
3926	181	0.7272727272727273	True
3926	2819	0.6363636363636364	False
3926	3245	0.5454545454545454	False
3926	1214	0.45454545454545453	True
3926	2318	0.36363636363636365	False
3926	1551	0.2727272727272727	True
3926	2181	0.18181818181818182	True
3926	998	0.09090909090909091	False
4391	2659	0.9090909090909091	True
4391	3050	0.8181818181818182	True
4391	3432	0.7272727272727273	False
4391	3245	0.6363636363636364	False
4391	2437	0.5454545454545454	True
4391	998	0.45454545454545453	False
4391	2138	0.36363636363636365	False
4391	3865	0.2727272727272727	True
4391	1551	0.18181818181818182	True
4391	573	0.09090909090909091	True
4179	3865	0.9090909090909091	True
4179	181	0.8181818181818182	True
4179	2138	0.7272727272727273	False
4179	1322	0.6363636363636364	True
4179	3245	0.5454545454545454	False
4179	3948	0.45454545454545453	True
4179	3432	0.36363636363636365	False
4179	2659	0.2727272727272727	True
4179	1551	0.18181818181818182	True
4179	998	0.09090909090909091	False
2978	2138	0.9090909090909091	False
2978	2659	0.8181818181818182	True
2978	1322	0.7272727272727273	True
2978	2819	0.6363636363636364	False
2978	2704	0.5454545454545454	True
2978	2318	0.45454545454545453	False
2978	2879	0.36363636363636365	True
2978	1956	0.2727272727272727	True
2978	3948	0.18181818181818182	True
2978	3245	0.09090909090909091	False
5243	2138	0.9090909090909091	False
5243	2819	0.8181818181818182	False
5243	998	0.7272727272727273	False
5243	3245	0.6363636363636364	False
5243	3432	0.5454545454545454	False
5243	2659	0.45454545454545453	True
5243	2704	0.36363636363636365	True
5243	1322	0.2727272727272727	True
5243	2181	0.18181818181818182	True
5243	3865	0.09090909090909091	True
5543	2138	0.9090909090909091	False
5543	998	0.8181818181818182	False
5543	2659	0.7272727272727273	True
5543	3432	0.6363636363636364	False
5543	3865	0.5454545454545454	True
5543	1551	0.45454545454545453	True
5543	522	0.36363636363636365	True
5543	3245	0.2727272727272727	False
5543	181	0.18181818181818182	True
5543	2437	0.09090909090909091	True
3198	1551	0.9090909090909091	True
3198	3245	0.8181818181818182	False
3198	2659	0.7272727272727273	True
3198	181	0.6363636363636364	True
3198	2437	0.5454545454545454	True
3198	2138	0.45454545454545453	False
3198	998	0.36363636363636365	False
3198	3865	0.2727272727272727	True
3198	1322	0.18181818181818182	True
3198	3432	0.09090909090909091	False
5461	2659	0.9090909090909091	True
5461	2318	0.8181818181818182	False
5461	998	0.7272727272727273	False
5461	2138	0.6363636363636364	False
5461	2755	0.5454545454545454	True
5461	3948	0.45454545454545453	True
5461	2704	0.36363636363636365	True
5461	2750	0.2727272727272727	True
5461	2819	0.18181818181818182	False
5461	92	0.09090909090909091	True
4838	2318	0.9090909090909091	False
4838	1214	0.8181818181818182	True
4838	998	0.7272727272727273	False
4838	2819	0.6363636363636364	False
4838	1066	0.5454545454545454	True
4838	3198	0.45454545454545453	True
4838	2704	0.36363636363636365	True
4838	2138	0.2727272727272727	False
4838	1856	0.18181818181818182	True
4838	2755	0.09090909090909091	True
2583	2318	0.9090909090909091	False
2583	2181	0.8181818181818182	True
2583	2138	0.7272727272727273	False
2583	3316	0.6363636363636364	True
2583	3245	0.5454545454545454	False
2583	1322	0.45454545454545453	True
2583	2819	0.36363636363636365	False
2583	2750	0.2727272727272727	True
2583	181	0.18181818181818182	True
2583	3432	0.09090909090909091	False
4264	998	0.9090909090909091	False
4264	3432	0.8181818181818182	False
4264	3245	0.7272727272727273	False
4264	1214	0.6363636363636364	True
4264	2819	0.5454545454545454	False
4264	2640	0.45454545454545453	True
4264	181	0.36363636363636365	True
4264	2138	0.2727272727272727	False
4264	2479	0.18181818181818182	True
4264	1551	0.09090909090909091	True
4077	1322	0.9090909090909091	True
4077	3245	0.8181818181818182	False
4077	181	0.7272727272727273	True
4077	3432	0.6363636363636364	False
4077	2819	0.5454545454545454	False
4077	3865	0.45454545454545453	True
4077	2138	0.36363636363636365	False
4077	2436	0.2727272727272727	True
4077	573	0.18181818181818182	True
4077	1551	0.09090909090909091	True
1264	2318	0.9090909090909091	False
1264	3245	0.8181818181818182	False
1264	2138	0.7272727272727273	False
1264	2659	0.6363636363636364	True
1264	181	0.5454545454545454	True
1264	2437	0.45454545454545453	True
1264	3432	0.36363636363636365	False
1264	1551	0.2727272727272727	True
1264	1322	0.18181818181818182	True
1264	998	0.09090909090909091	False
1047	2819	0.9090909090909091	False
1047	181	0.8181818181818182	True
1047	3245	0.7272727272727273	False
1047	2138	0.6363636363636364	False
1047	3865	0.5454545454545454	True
1047	1322	0.45454545454545453	True
1047	522	0.36363636363636365	True
1047	998	0.2727272727272727	False
1047	2437	0.18181818181818182	True
1047	3432	0.09090909090909091	False
3859	3948	0.9090909090909091	True
3859	2819	0.8181818181818182	False
3859	1322	0.7272727272727273	True
3859	998	0.6363636363636364	False
3859	2318	0.5454545454545454	False
3859	1214	0.45454545454545453	True
3859	3865	0.36363636363636365	True
3859	1596	0.2727272727272727	True
3859	2181	0.18181818181818182	True
3859	2437	0.09090909090909091	True
2044	2659	0.9090909090909091	True
2044	2318	0.8181818181818182	False
2044	998	0.7272727272727273	False
2044	2819	0.6363636363636364	False
2044	3865	0.5454545454545454	True
2044	1066	0.45454545454545453	True
2044	2755	0.36363636363636365	True
2044	2138	0.2727272727272727	False
2044	1856	0.18181818181818182	True
2044	1455	0.09090909090909091	True
888	1214	0.9090909090909091	True
888	2318	0.8181818181818182	False
888	2138	0.7272727272727273	False
888	1856	0.6363636363636364	True
888	2819	0.5454545454545454	False
888	3198	0.45454545454545453	True
888	2704	0.36363636363636365	True
888	3444	0.2727272727272727	True
888	1322	0.18181818181818182	True
888	3948	0.09090909090909091	True
4254	2138	0.9090909090909091	False
4254	181	0.8181818181818182	True
4254	1322	0.7272727272727273	True
4254	3198	0.6363636363636364	True
4254	2318	0.5454545454545454	False
4254	3245	0.45454545454545453	False
4254	2819	0.36363636363636365	False
4254	3432	0.2727272727272727	False
4254	2704	0.18181818181818182	True
4254	1596	0.09090909090909091	True
4576	3865	0.9090909090909091	True
4576	2116	0.8181818181818182	True
4576	2138	0.7272727272727273	False
4576	181	0.6363636363636364	True
4576	1066	0.5454545454545454	True
4576	3198	0.45454545454545453	True
4576	3432	0.36363636363636365	False
4576	3026	0.2727272727272727	True
4576	2819	0.18181818181818182	False
4576	2436	0.09090909090909091	True
1738	998	0.9090909090909091	False
1738	2479	0.8181818181818182	True
1738	1856	0.7272727272727273	True
1738	2318	0.6363636363636364	False
1738	3432	0.5454545454545454	False
1738	3865	0.45454545454545453	True
1738	1066	0.36363636363636365	True
1738	2879	0.2727272727272727	True
1738	2755	0.18181818181818182	True
1738	2691	0.09090909090909091	True
3767	1322	0.9090909090909091	True
3767	3865	0.8181818181818182	True
3767	2138	0.7272727272727273	False
3767	998	0.6363636363636364	False
3767	1214	0.5454545454545454	True
3767	1066	0.45454545454545453	True
3767	2691	0.36363636363636365	True
3767	181	0.2727272727272727	True
3767	1856	0.18181818181818182	True
3767	1455	0.09090909090909091	True
297	2819	0.9090909090909091	False
297	2138	0.8181818181818182	False
297	998	0.7272727272727273	False
297	3865	0.6363636363636364	True
297	181	0.5454545454545454	True
297	522	0.45454545454545453	True
297	1956	0.36363636363636365	True
297	1322	0.2727272727272727	True
297	3245	0.18181818181818182	False
297	3578	0.09090909090909091	True
1004	2819	0.9090909090909091	False
1004	1551	0.8181818181818182	True
1004	3865	0.7272727272727273	True
1004	2659	0.6363636363636364	True
1004	998	0.5454545454545454	False
1004	2436	0.45454545454545453	True
1004	3432	0.36363636363636365	False
1004	3245	0.2727272727272727	False
1004	2318	0.18181818181818182	False
1004	3026	0.09090909090909091	True
