2699	2926	0.9090909090909091	False
2699	1588	0.8181818181818182	False
2699	1565	0.7272727272727273	False
2699	3479	0.6363636363636364	False
2699	754	0.5454545454545454	True
2699	1252	0.45454545454545453	True
2699	1527	0.36363636363636365	True
2699	527	0.2727272727272727	False
2699	1941	0.18181818181818182	True
2699	3748	0.09090909090909091	True
4607	2926	0.9090909090909091	False
4607	1588	0.8181818181818182	False
4607	1565	0.7272727272727273	False
4607	1941	0.6363636363636364	True
4607	1527	0.5454545454545454	True
4607	527	0.45454545454545453	False
4607	3748	0.36363636363636365	True
4607	1746	0.2727272727272727	True
4607	2200	0.18181818181818182	True
4607	3906	0.09090909090909091	True
394	2926	0.9090909090909091	False
394	1588	0.8181818181818182	False
394	3479	0.7272727272727273	False
394	3906	0.6363636363636364	True
394	1941	0.5454545454545454	True
394	1565	0.45454545454545453	False
394	2362	0.36363636363636365	True
394	3186	0.2727272727272727	True
394	2147	0.18181818181818182	True
394	2200	0.09090909090909091	True
4300	2926	0.9090909090909091	False
4300	527	0.8181818181818182	False
4300	1588	0.7272727272727273	False
4300	3906	0.6363636363636364	True
4300	3432	0.5454545454545454	True
4300	3479	0.45454545454545453	False
4300	1941	0.36363636363636365	True
4300	1252	0.2727272727272727	True
4300	1565	0.18181818181818182	False
4300	1527	0.09090909090909091	True
3999	2926	0.9090909090909091	False
3999	1588	0.8181818181818182	False
3999	1527	0.7272727272727273	True
3999	1565	0.6363636363636364	False
3999	1941	0.5454545454545454	True
3999	540	0.45454545454545453	True
3999	527	0.36363636363636365	False
3999	2362	0.2727272727272727	True
3999	30	0.18181818181818182	True
3999	1746	0.09090909090909091	True
1037	2926	0.9090909090909091	False
1037	1588	0.8181818181818182	False
1037	1565	0.7272727272727273	False
1037	527	0.6363636363636364	False
1037	1527	0.5454545454545454	True
1037	754	0.45454545454545453	True
1037	3003	0.36363636363636365	True
1037	3479	0.2727272727272727	False
1037	1941	0.18181818181818182	True
1037	162	0.09090909090909091	True
2368	2926	0.9090909090909091	False
2368	1588	0.8181818181818182	False
2368	527	0.7272727272727273	False
2368	1252	0.6363636363636364	True
2368	1941	0.5454545454545454	True
2368	3479	0.45454545454545453	False
2368	247	0.36363636363636365	True
2368	1565	0.2727272727272727	False
2368	3906	0.18181818181818182	True
2368	728	0.09090909090909091	True
1995	2926	0.9090909090909091	False
1995	1588	0.8181818181818182	False
1995	1527	0.7272727272727273	True
1995	1565	0.6363636363636364	False
1995	527	0.5454545454545454	False
1995	563	0.45454545454545453	True
1995	999	0.36363636363636365	True
1995	1788	0.2727272727272727	True
1995	540	0.18181818181818182	True
1995	516	0.09090909090909091	True
1470	2926	0.9090909090909091	False
1470	1588	0.8181818181818182	False
1470	1252	0.7272727272727273	True
1470	527	0.6363636363636364	False
1470	1565	0.5454545454545454	False
1470	1941	0.45454545454545453	True
1470	1788	0.36363636363636365	True
1470	1094	0.2727272727272727	True
1470	2147	0.18181818181818182	True
1470	3479	0.09090909090909091	False
1384	2926	0.9090909090909091	False
1384	1588	0.8181818181818182	False
1384	527	0.7272727272727273	False
1384	3479	0.6363636363636364	False
1384	1941	0.5454545454545454	True
1384	2362	0.45454545454545453	True
1384	3432	0.36363636363636365	True
1384	3906	0.2727272727272727	True
1384	3748	0.18181818181818182	True
1384	754	0.09090909090909091	True
2467	2926	0.9090909090909091	False
2467	1588	0.8181818181818182	False
2467	1941	0.7272727272727273	True
2467	1252	0.6363636363636364	True
2467	834	0.5454545454545454	True
2467	3748	0.45454545454545453	True
2467	1565	0.36363636363636365	False
2467	563	0.2727272727272727	True
2467	3186	0.18181818181818182	True
2467	1094	0.09090909090909091	True
624	2926	0.9090909090909091	False
624	1588	0.8181818181818182	False
624	3479	0.7272727272727273	False
624	483	0.6363636363636364	True
624	1565	0.5454545454545454	False
624	527	0.45454545454545453	False
624	3906	0.36363636363636365	True
624	1094	0.2727272727272727	True
624	1941	0.18181818181818182	True
624	3186	0.09090909090909091	True
1321	2926	0.9090909090909091	False
1321	1588	0.8181818181818182	False
1321	3479	0.7272727272727273	False
1321	527	0.6363636363636364	False
1321	1527	0.5454545454545454	True
1321	1252	0.45454545454545453	True
1321	968	0.36363636363636365	True
1321	540	0.2727272727272727	True
1321	1788	0.18181818181818182	True
1321	1941	0.09090909090909091	True
3820	2926	0.9090909090909091	False
3820	1588	0.8181818181818182	False
3820	1565	0.7272727272727273	False
3820	1252	0.6363636363636364	True
3820	527	0.5454545454545454	False
3820	1941	0.45454545454545453	True
3820	834	0.36363636363636365	True
3820	540	0.2727272727272727	True
3820	754	0.18181818181818182	True
3820	2991	0.09090909090909091	True
3074	2926	0.9090909090909091	False
3074	527	0.8181818181818182	False
3074	3432	0.7272727272727273	True
3074	1588	0.6363636363636364	False
3074	1941	0.5454545454545454	True
3074	3479	0.45454545454545453	False
3074	162	0.36363636363636365	True
3074	3324	0.2727272727272727	True
3074	754	0.18181818181818182	True
3074	1527	0.09090909090909091	True
3618	2926	0.9090909090909091	False
3618	1588	0.8181818181818182	False
3618	247	0.7272727272727273	True
3618	1252	0.6363636363636364	True
3618	1941	0.5454545454545454	True
3618	728	0.45454545454545453	True
3618	3479	0.36363636363636365	False
3618	1565	0.2727272727272727	False
3618	834	0.18181818181818182	True
3618	3186	0.09090909090909091	True
2432	2926	0.9090909090909091	False
2432	1588	0.8181818181818182	False
2432	527	0.7272727272727273	False
2432	1565	0.6363636363636364	False
2432	1941	0.5454545454545454	True
2432	3479	0.45454545454545453	False
2432	1252	0.36363636363636365	True
2432	3906	0.2727272727272727	True
2432	968	0.18181818181818182	True
2432	1094	0.09090909090909091	True
3292	2926	0.9090909090909091	False
3292	1588	0.8181818181818182	False
3292	1252	0.7272727272727273	True
3292	527	0.6363636363636364	False
3292	1941	0.5454545454545454	True
3292	3906	0.45454545454545453	True
3292	1565	0.36363636363636365	False
3292	3432	0.2727272727272727	True
3292	1094	0.18181818181818182	True
3292	2100	0.09090909090909091	True
3352	2926	0.9090909090909091	False
3352	1588	0.8181818181818182	False
3352	1252	0.7272727272727273	True
3352	527	0.6363636363636364	False
3352	3479	0.5454545454545454	False
3352	633	0.45454545454545453	True
3352	1565	0.36363636363636365	False
3352	3906	0.2727272727272727	True
3352	483	0.18181818181818182	True
3352	1941	0.09090909090909091	True
5174	2926	0.9090909090909091	False
5174	1588	0.8181818181818182	False
5174	527	0.7272727272727273	False
5174	1941	0.6363636363636364	True
5174	1565	0.5454545454545454	False
5174	2362	0.45454545454545453	True
5174	3432	0.36363636363636365	True
5174	3479	0.2727272727272727	False
5174	563	0.18181818181818182	True
5174	754	0.09090909090909091	True
948	2926	0.9090909090909091	False
948	1588	0.8181818181818182	False
948	1252	0.7272727272727273	True
948	3186	0.6363636363636364	True
948	3479	0.5454545454545454	False
948	483	0.45454545454545453	True
948	754	0.36363636363636365	True
948	3215	0.2727272727272727	True
948	2047	0.18181818181818182	True
948	1565	0.09090909090909091	False
4837	2926	0.9090909090909091	False
4837	1588	0.8181818181818182	False
4837	527	0.7272727272727273	False
4837	1565	0.6363636363636364	False
4837	3906	0.5454545454545454	True
4837	1252	0.45454545454545453	True
4837	3479	0.36363636363636365	False
4837	1527	0.2727272727272727	True
4837	3324	0.18181818181818182	True
4837	162	0.09090909090909091	True
3676	2926	0.9090909090909091	False
3676	1588	0.8181818181818182	False
3676	1252	0.7272727272727273	True
3676	1941	0.6363636363636364	True
3676	3479	0.5454545454545454	False
3676	527	0.45454545454545453	False
3676	968	0.36363636363636365	True
3676	483	0.2727272727272727	True
3676	1565	0.18181818181818182	False
3676	754	0.09090909090909091	True
2663	2926	0.9090909090909091	False
2663	1588	0.8181818181818182	False
2663	527	0.7272727272727273	False
2663	1252	0.6363636363636364	True
2663	1565	0.5454545454545454	False
2663	999	0.45454545454545453	True
2663	1941	0.36363636363636365	True
2663	2362	0.2727272727272727	True
2663	516	0.18181818181818182	True
2663	563	0.09090909090909091	True
3511	2926	0.9090909090909091	False
3511	1588	0.8181818181818182	False
3511	1941	0.7272727272727273	True
3511	1565	0.6363636363636364	False
3511	3186	0.5454545454545454	True
3511	1252	0.45454545454545453	True
3511	3479	0.36363636363636365	False
3511	483	0.2727272727272727	True
3511	754	0.18181818181818182	True
3511	3049	0.09090909090909091	True
2889	2926	0.9090909090909091	False
2889	1588	0.8181818181818182	False
2889	1252	0.7272727272727273	True
2889	483	0.6363636363636364	True
2889	3186	0.5454545454545454	True
2889	1565	0.45454545454545453	False
2889	1941	0.36363636363636365	True
2889	633	0.2727272727272727	True
2889	3479	0.18181818181818182	False
2889	968	0.09090909090909091	True
1389	2926	0.9090909090909091	False
1389	1588	0.8181818181818182	False
1389	1252	0.7272727272727273	True
1389	1941	0.6363636363636364	True
1389	3479	0.5454545454545454	False
1389	3186	0.45454545454545453	True
1389	3432	0.36363636363636365	True
1389	527	0.2727272727272727	False
1389	563	0.18181818181818182	True
1389	3906	0.09090909090909091	True
2160	2926	0.9090909090909091	False
2160	1588	0.8181818181818182	False
2160	527	0.7272727272727273	False
2160	1565	0.6363636363636364	False
2160	1941	0.5454545454545454	True
2160	1252	0.45454545454545453	True
2160	3748	0.36363636363636365	True
2160	1527	0.2727272727272727	True
2160	3735	0.18181818181818182	True
2160	516	0.09090909090909091	True
2140	2926	0.9090909090909091	False
2140	1588	0.8181818181818182	False
2140	1252	0.7272727272727273	True
2140	527	0.6363636363636364	False
2140	3479	0.5454545454545454	False
2140	3748	0.45454545454545453	True
2140	3906	0.36363636363636365	True
2140	1527	0.2727272727272727	True
2140	247	0.18181818181818182	True
2140	1565	0.09090909090909091	False
4270	2926	0.9090909090909091	False
4270	1588	0.8181818181818182	False
4270	1565	0.7272727272727273	False
4270	527	0.6363636363636364	False
4270	1941	0.5454545454545454	True
4270	3432	0.45454545454545453	True
4270	1252	0.36363636363636365	True
4270	3479	0.2727272727272727	False
4270	3186	0.18181818181818182	True
4270	1527	0.09090909090909091	True
1486	2926	0.9090909090909091	False
1486	1588	0.8181818181818182	False
1486	3479	0.7272727272727273	False
1486	483	0.6363636363636364	True
1486	1252	0.5454545454545454	True
1486	1941	0.45454545454545453	True
1486	3906	0.36363636363636365	True
1486	1565	0.2727272727272727	False
1486	754	0.18181818181818182	True
1486	1094	0.09090909090909091	True
1865	2926	0.9090909090909091	False
1865	1588	0.8181818181818182	False
1865	527	0.7272727272727273	False
1865	3906	0.6363636363636364	True
1865	3479	0.5454545454545454	False
1865	3432	0.45454545454545453	True
1865	1527	0.36363636363636365	True
1865	1252	0.2727272727272727	True
1865	3324	0.18181818181818182	True
1865	2200	0.09090909090909091	True
3523	2926	0.9090909090909091	False
3523	1588	0.8181818181818182	False
3523	527	0.7272727272727273	False
3523	1565	0.6363636363636364	False
3523	563	0.5454545454545454	True
3523	1941	0.45454545454545453	True
3523	1527	0.36363636363636365	True
3523	3479	0.2727272727272727	False
3523	2362	0.18181818181818182	True
3523	2147	0.09090909090909091	True
4541	2926	0.9090909090909091	False
4541	1588	0.8181818181818182	False
4541	3479	0.7272727272727273	False
4541	527	0.6363636363636364	False
4541	247	0.5454545454545454	True
4541	1527	0.45454545454545453	True
4541	754	0.36363636363636365	True
4541	3432	0.2727272727272727	True
4541	563	0.18181818181818182	True
4541	3186	0.09090909090909091	True
395	2926	0.9090909090909091	False
395	1588	0.8181818181818182	False
395	1527	0.7272727272727273	True
395	247	0.6363636363636364	True
395	527	0.5454545454545454	False
395	1565	0.45454545454545453	False
395	3479	0.36363636363636365	False
395	1941	0.2727272727272727	True
395	3432	0.18181818181818182	True
395	968	0.09090909090909091	True
3017	2926	0.9090909090909091	False
3017	1588	0.8181818181818182	False
3017	1252	0.7272727272727273	True
3017	563	0.6363636363636364	True
3017	3479	0.5454545454545454	False
3017	633	0.45454545454545453	True
3017	2362	0.36363636363636365	True
3017	1527	0.2727272727272727	True
3017	2047	0.18181818181818182	True
3017	3748	0.09090909090909091	True
1566	2926	0.9090909090909091	False
1566	1588	0.8181818181818182	False
1566	1252	0.7272727272727273	True
1566	1941	0.6363636363636364	True
1566	1565	0.5454545454545454	False
1566	540	0.45454545454545453	True
1566	527	0.36363636363636365	False
1566	3324	0.2727272727272727	True
1566	3479	0.18181818181818182	False
1566	3638	0.09090909090909091	True
3611	2926	0.9090909090909091	False
3611	1588	0.8181818181818182	False
3611	1252	0.7272727272727273	True
3611	1527	0.6363636363636364	True
3611	1565	0.5454545454545454	False
3611	10	0.45454545454545453	True
3611	3479	0.36363636363636365	False
3611	527	0.2727272727272727	False
3611	3748	0.18181818181818182	True
3611	2047	0.09090909090909091	True
2060	2926	0.9090909090909091	False
2060	1588	0.8181818181818182	False
2060	3157	0.7272727272727273	True
2060	3432	0.6363636363636364	True
2060	540	0.5454545454545454	True
2060	3479	0.45454545454545453	False
2060	1565	0.36363636363636365	False
2060	3186	0.2727272727272727	True
2060	1527	0.18181818181818182	True
2060	483	0.09090909090909091	True
348	2926	0.9090909090909091	False
348	1588	0.8181818181818182	False
348	1565	0.7272727272727273	False
348	1527	0.6363636363636364	True
348	1941	0.5454545454545454	True
348	527	0.45454545454545453	False
348	1094	0.36363636363636365	True
348	728	0.2727272727272727	True
348	3049	0.18181818181818182	True
348	1252	0.09090909090909091	True
5233	2926	0.9090909090909091	False
5233	1588	0.8181818181818182	False
5233	2362	0.7272727272727273	True
5233	1941	0.6363636363636364	True
5233	1565	0.5454545454545454	False
5233	3479	0.45454545454545453	False
5233	754	0.36363636363636365	True
5233	3186	0.2727272727272727	True
5233	3748	0.18181818181818182	True
5233	527	0.09090909090909091	False
4478	2926	0.9090909090909091	False
4478	1588	0.8181818181818182	False
4478	1252	0.7272727272727273	True
4478	3479	0.6363636363636364	False
4478	633	0.5454545454545454	True
4478	3186	0.45454545454545453	True
4478	2047	0.36363636363636365	True
4478	3157	0.2727272727272727	True
4478	1565	0.18181818181818182	False
4478	3906	0.09090909090909091	True
70	2926	0.9090909090909091	False
70	1588	0.8181818181818182	False
70	1941	0.7272727272727273	True
70	3186	0.6363636363636364	True
70	1565	0.5454545454545454	False
70	3479	0.45454545454545453	False
70	516	0.36363636363636365	True
70	1252	0.2727272727272727	True
70	633	0.18181818181818182	True
70	1527	0.09090909090909091	True
546	2926	0.9090909090909091	False
546	1588	0.8181818181818182	False
546	527	0.7272727272727273	False
546	1941	0.6363636363636364	True
546	2362	0.5454545454545454	True
546	1252	0.45454545454545453	True
546	3432	0.36363636363636365	True
546	1565	0.2727272727272727	False
546	3906	0.18181818181818182	True
546	10	0.09090909090909091	True
2011	2926	0.9090909090909091	False
2011	1588	0.8181818181818182	False
2011	3479	0.7272727272727273	False
2011	527	0.6363636363636364	False
2011	1565	0.5454545454545454	False
2011	1941	0.45454545454545453	True
2011	1252	0.36363636363636365	True
2011	754	0.2727272727272727	True
2011	1527	0.18181818181818182	True
2011	2362	0.09090909090909091	True
3024	2926	0.9090909090909091	False
3024	1588	0.8181818181818182	False
3024	527	0.7272727272727273	False
3024	1565	0.6363636363636364	False
3024	1941	0.5454545454545454	True
3024	516	0.45454545454545453	True
3024	3432	0.36363636363636365	True
3024	1252	0.2727272727272727	True
3024	3186	0.18181818181818182	True
3024	3479	0.09090909090909091	False
2502	2926	0.9090909090909091	False
2502	1588	0.8181818181818182	False
2502	1527	0.7272727272727273	True
2502	834	0.6363636363636364	True
2502	1565	0.5454545454545454	False
2502	3748	0.45454545454545453	True
2502	2362	0.36363636363636365	True
2502	2200	0.2727272727272727	True
2502	3479	0.18181818181818182	False
2502	633	0.09090909090909091	True
5367	2926	0.9090909090909091	False
5367	1588	0.8181818181818182	False
5367	527	0.7272727272727273	False
5367	516	0.6363636363636364	True
5367	1565	0.5454545454545454	False
5367	3479	0.45454545454545453	False
5367	1527	0.36363636363636365	True
5367	2147	0.2727272727272727	True
5367	1252	0.18181818181818182	True
5367	1941	0.09090909090909091	True
848	2926	0.9090909090909091	False
848	3748	0.8181818181818182	True
848	1252	0.7272727272727273	True
848	1588	0.6363636363636364	False
848	1941	0.5454545454545454	True
848	2047	0.45454545454545453	True
848	3186	0.36363636363636365	True
848	3479	0.2727272727272727	False
848	1565	0.18181818181818182	False
848	1094	0.09090909090909091	True
3829	2926	0.9090909090909091	False
3829	1588	0.8181818181818182	False
3829	1565	0.7272727272727273	False
3829	1527	0.6363636363636364	True
3829	3186	0.5454545454545454	True
3829	1252	0.45454545454545453	True
3829	3479	0.36363636363636365	False
3829	3748	0.2727272727272727	True
3829	527	0.18181818181818182	False
3829	3432	0.09090909090909091	True
4529	2926	0.9090909090909091	False
4529	1588	0.8181818181818182	False
4529	3479	0.7272727272727273	False
4529	527	0.6363636363636364	False
4529	540	0.5454545454545454	True
4529	1527	0.45454545454545453	True
4529	483	0.36363636363636365	True
4529	563	0.2727272727272727	True
4529	999	0.18181818181818182	True
4529	516	0.09090909090909091	True
4691	2926	0.9090909090909091	False
4691	1588	0.8181818181818182	False
4691	1565	0.7272727272727273	False
4691	1527	0.6363636363636364	True
4691	3432	0.5454545454545454	True
4691	527	0.45454545454545453	False
4691	754	0.36363636363636365	True
4691	563	0.2727272727272727	True
4691	1746	0.18181818181818182	True
4691	3157	0.09090909090909091	True
2680	2926	0.9090909090909091	False
2680	1588	0.8181818181818182	False
2680	1565	0.7272727272727273	False
2680	1527	0.6363636363636364	True
2680	3479	0.5454545454545454	False
2680	1252	0.45454545454545453	True
2680	3906	0.36363636363636365	True
2680	247	0.2727272727272727	True
2680	527	0.18181818181818182	False
2680	633	0.09090909090909091	True
4797	2926	0.9090909090909091	False
4797	1588	0.8181818181818182	False
4797	1252	0.7272727272727273	True
4797	3479	0.6363636363636364	False
4797	1941	0.5454545454545454	True
4797	527	0.45454545454545453	False
4797	3432	0.36363636363636365	True
4797	3906	0.2727272727272727	True
4797	3186	0.18181818181818182	True
4797	1527	0.09090909090909091	True
2119	2926	0.9090909090909091	False
2119	1588	0.8181818181818182	False
2119	540	0.7272727272727273	True
2119	1252	0.6363636363636364	True
2119	754	0.5454545454545454	True
2119	2047	0.45454545454545453	True
2119	1527	0.36363636363636365	True
2119	3748	0.2727272727272727	True
2119	3479	0.18181818181818182	False
2119	1565	0.09090909090909091	False
3507	2926	0.9090909090909091	False
3507	1588	0.8181818181818182	False
3507	1527	0.7272727272727273	True
3507	563	0.6363636363636364	True
3507	1252	0.5454545454545454	True
3507	1565	0.45454545454545453	False
3507	3686	0.36363636363636365	True
3507	1941	0.2727272727272727	True
3507	3479	0.18181818181818182	False
3507	527	0.09090909090909091	False
2890	2926	0.9090909090909091	False
2890	1588	0.8181818181818182	False
2890	527	0.7272727272727273	False
2890	1941	0.6363636363636364	True
2890	3479	0.5454545454545454	False
2890	1252	0.45454545454545453	True
2890	1565	0.36363636363636365	False
2890	3748	0.2727272727272727	True
2890	3906	0.18181818181818182	True
2890	3812	0.09090909090909091	True
5061	2926	0.9090909090909091	False
5061	1588	0.8181818181818182	False
5061	527	0.7272727272727273	False
5061	1565	0.6363636363636364	False
5061	3906	0.5454545454545454	True
5061	2362	0.45454545454545453	True
5061	1941	0.36363636363636365	True
5061	968	0.2727272727272727	True
5061	3432	0.18181818181818182	True
5061	1252	0.09090909090909091	True
2525	2926	0.9090909090909091	False
2525	1588	0.8181818181818182	False
2525	1527	0.7272727272727273	True
2525	1252	0.6363636363636364	True
2525	3638	0.5454545454545454	True
2525	834	0.45454545454545453	True
2525	3748	0.36363636363636365	True
2525	633	0.2727272727272727	True
2525	10	0.18181818181818182	True
2525	527	0.09090909090909091	False
4069	2926	0.9090909090909091	False
4069	1588	0.8181818181818182	False
4069	483	0.7272727272727273	True
4069	1565	0.6363636363636364	False
4069	3186	0.5454545454545454	True
4069	1252	0.45454545454545453	True
4069	3479	0.36363636363636365	False
4069	754	0.2727272727272727	True
4069	540	0.18181818181818182	True
4069	1941	0.09090909090909091	True
4942	2926	0.9090909090909091	False
4942	1588	0.8181818181818182	False
4942	1565	0.7272727272727273	False
4942	1941	0.6363636363636364	True
4942	1527	0.5454545454545454	True
4942	968	0.45454545454545453	True
4942	834	0.36363636363636365	True
4942	1293	0.2727272727272727	True
4942	1252	0.18181818181818182	True
4942	1926	0.09090909090909091	True
3590	2926	0.9090909090909091	False
3590	1588	0.8181818181818182	False
3590	3906	0.7272727272727273	True
3590	3479	0.6363636363636364	False
3590	1565	0.5454545454545454	False
3590	3748	0.45454545454545453	True
3590	1252	0.36363636363636365	True
3590	527	0.2727272727272727	False
3590	754	0.18181818181818182	True
3590	522	0.09090909090909091	True
5271	2926	0.9090909090909091	False
5271	1588	0.8181818181818182	False
5271	1252	0.7272727272727273	True
5271	1527	0.6363636363636364	True
5271	247	0.5454545454545454	True
5271	563	0.45454545454545453	True
5271	1941	0.36363636363636365	True
5271	1565	0.2727272727272727	False
5271	527	0.18181818181818182	False
5271	3479	0.09090909090909091	False
2378	2926	0.9090909090909091	False
2378	1588	0.8181818181818182	False
2378	1941	0.7272727272727273	True
2378	968	0.6363636363636364	True
2378	1565	0.5454545454545454	False
2378	527	0.45454545454545453	False
2378	1094	0.36363636363636365	True
2378	3479	0.2727272727272727	False
2378	3186	0.18181818181818182	True
2378	834	0.09090909090909091	True
4594	2926	0.9090909090909091	False
4594	1588	0.8181818181818182	False
4594	1252	0.7272727272727273	True
4594	527	0.6363636363636364	False
4594	1565	0.5454545454545454	False
4594	3479	0.45454545454545453	False
4594	3906	0.36363636363636365	True
4594	1527	0.2727272727272727	True
4594	1094	0.18181818181818182	True
4594	1788	0.09090909090909091	True
4865	2926	0.9090909090909091	False
4865	1588	0.8181818181818182	False
4865	527	0.7272727272727273	False
4865	3479	0.6363636363636364	False
4865	1252	0.5454545454545454	True
4865	3324	0.45454545454545453	True
4865	3906	0.36363636363636365	True
4865	1527	0.2727272727272727	True
4865	247	0.18181818181818182	True
4865	968	0.09090909090909091	True
1857	2926	0.9090909090909091	False
1857	1588	0.8181818181818182	False
1857	3479	0.7272727272727273	False
1857	1252	0.6363636363636364	True
1857	527	0.5454545454545454	False
1857	1565	0.45454545454545453	False
1857	516	0.36363636363636365	True
1857	540	0.2727272727272727	True
1857	3638	0.18181818181818182	True
1857	1527	0.09090909090909091	True
4001	2926	0.9090909090909091	False
4001	1588	0.8181818181818182	False
4001	1527	0.7272727272727273	True
4001	2362	0.6363636363636364	True
4001	2147	0.5454545454545454	True
4001	1565	0.45454545454545453	False
4001	3479	0.36363636363636365	False
4001	563	0.2727272727272727	True
4001	1746	0.18181818181818182	True
4001	1252	0.09090909090909091	True
1324	2926	0.9090909090909091	False
1324	1588	0.8181818181818182	False
1324	1565	0.7272727272727273	False
1324	527	0.6363636363636364	False
1324	3479	0.5454545454545454	False
1324	1527	0.45454545454545453	True
1324	1788	0.36363636363636365	True
1324	2362	0.2727272727272727	True
1324	30	0.18181818181818182	True
1324	516	0.09090909090909091	True
5375	2926	0.9090909090909091	False
5375	1588	0.8181818181818182	False
5375	3432	0.7272727272727273	True
5375	3479	0.6363636363636364	False
5375	1941	0.5454545454545454	True
5375	527	0.45454545454545453	False
5375	3186	0.36363636363636365	True
5375	1252	0.2727272727272727	True
5375	3906	0.18181818181818182	True
5375	2200	0.09090909090909091	True
1856	2926	0.9090909090909091	False
1856	1588	0.8181818181818182	False
1856	1252	0.7272727272727273	True
1856	1565	0.6363636363636364	False
1856	3906	0.5454545454545454	True
1856	3479	0.45454545454545453	False
1856	633	0.36363636363636365	True
1856	2362	0.2727272727272727	True
1856	1527	0.18181818181818182	True
1856	3638	0.09090909090909091	True
4066	2926	0.9090909090909091	False
4066	1588	0.8181818181818182	False
4066	1252	0.7272727272727273	True
4066	3906	0.6363636363636364	True
4066	527	0.5454545454545454	False
4066	3748	0.45454545454545453	True
4066	3479	0.36363636363636365	False
4066	2362	0.2727272727272727	True
4066	522	0.18181818181818182	True
4066	1565	0.09090909090909091	False
3046	2926	0.9090909090909091	False
3046	1588	0.8181818181818182	False
3046	527	0.7272727272727273	False
3046	1565	0.6363636363636364	False
3046	3479	0.5454545454545454	False
3046	3324	0.45454545454545453	True
3046	3906	0.36363636363636365	True
3046	1252	0.2727272727272727	True
3046	1527	0.18181818181818182	True
3046	3735	0.09090909090909091	True
3073	2926	0.9090909090909091	False
3073	1588	0.8181818181818182	False
3073	1252	0.7272727272727273	True
3073	527	0.6363636363636364	False
3073	3906	0.5454545454545454	True
3073	1941	0.45454545454545453	True
3073	483	0.36363636363636365	True
3073	3479	0.2727272727272727	False
3073	1565	0.18181818181818182	False
3073	999	0.09090909090909091	True
2648	2926	0.9090909090909091	False
2648	1588	0.8181818181818182	False
2648	527	0.7272727272727273	False
2648	1565	0.6363636363636364	False
2648	1527	0.5454545454545454	True
2648	2362	0.45454545454545453	True
2648	3157	0.36363636363636365	True
2648	968	0.2727272727272727	True
2648	30	0.18181818181818182	True
2648	3324	0.09090909090909091	True
4364	2926	0.9090909090909091	False
4364	1588	0.8181818181818182	False
4364	1565	0.7272727272727273	False
4364	527	0.6363636363636364	False
4364	1941	0.5454545454545454	True
4364	3432	0.45454545454545453	True
4364	10	0.36363636363636365	True
4364	3479	0.2727272727272727	False
4364	3186	0.18181818181818182	True
4364	483	0.09090909090909091	True
108	2926	0.9090909090909091	False
108	1588	0.8181818181818182	False
108	527	0.7272727272727273	False
108	1565	0.6363636363636364	False
108	3479	0.5454545454545454	False
108	1527	0.45454545454545453	True
108	516	0.36363636363636365	True
108	563	0.2727272727272727	True
108	247	0.18181818181818182	True
108	1941	0.09090909090909091	True
508	2926	0.9090909090909091	False
508	1588	0.8181818181818182	False
508	3479	0.7272727272727273	False
508	1252	0.6363636363636364	True
508	1565	0.5454545454545454	False
508	1527	0.45454545454545453	True
508	968	0.36363636363636365	True
508	527	0.2727272727272727	False
508	483	0.18181818181818182	True
508	633	0.09090909090909091	True
3148	2926	0.9090909090909091	False
3148	1588	0.8181818181818182	False
3148	1527	0.7272727272727273	True
3148	3479	0.6363636363636364	False
3148	540	0.5454545454545454	True
3148	1565	0.45454545454545453	False
3148	527	0.36363636363636365	False
3148	516	0.2727272727272727	True
3148	3432	0.18181818181818182	True
3148	754	0.09090909090909091	True
1039	2926	0.9090909090909091	False
1039	1588	0.8181818181818182	False
1039	3906	0.7272727272727273	True
1039	3479	0.6363636363636364	False
1039	1252	0.5454545454545454	True
1039	527	0.45454545454545453	False
1039	3186	0.36363636363636365	True
1039	483	0.2727272727272727	True
1039	2876	0.18181818181818182	True
1039	2200	0.09090909090909091	True
2045	2926	0.9090909090909091	False
2045	1588	0.8181818181818182	False
2045	1252	0.7272727272727273	True
2045	527	0.6363636363636364	False
2045	1941	0.5454545454545454	True
2045	516	0.45454545454545453	True
2045	3479	0.36363636363636365	False
2045	1565	0.2727272727272727	False
2045	2362	0.18181818181818182	True
2045	3906	0.09090909090909091	True
576	2926	0.9090909090909091	False
576	1588	0.8181818181818182	False
576	1565	0.7272727272727273	False
576	527	0.6363636363636364	False
576	754	0.5454545454545454	True
576	2147	0.45454545454545453	True
576	1788	0.36363636363636365	True
576	1094	0.2727272727272727	True
576	3479	0.18181818181818182	False
576	540	0.09090909090909091	True
4587	2926	0.9090909090909091	False
4587	1588	0.8181818181818182	False
4587	1941	0.7272727272727273	True
4587	1565	0.6363636363636364	False
4587	527	0.5454545454545454	False
4587	3432	0.45454545454545453	True
4587	1252	0.36363636363636365	True
4587	3479	0.2727272727272727	False
4587	3812	0.18181818181818182	True
4587	754	0.09090909090909091	True
963	2926	0.9090909090909091	False
963	1588	0.8181818181818182	False
963	3186	0.7272727272727273	True
963	3479	0.6363636363636364	False
963	527	0.5454545454545454	False
963	1941	0.45454545454545453	True
963	633	0.36363636363636365	True
963	1252	0.2727272727272727	True
963	1527	0.18181818181818182	True
963	968	0.09090909090909091	True
2150	2926	0.9090909090909091	False
2150	1588	0.8181818181818182	False
2150	1252	0.7272727272727273	True
2150	1941	0.6363636363636364	True
2150	3186	0.5454545454545454	True
2150	3432	0.45454545454545453	True
2150	3906	0.36363636363636365	True
2150	3479	0.2727272727272727	False
2150	527	0.18181818181818182	False
2150	483	0.09090909090909091	True
3213	2926	0.9090909090909091	False
3213	1588	0.8181818181818182	False
3213	1252	0.7272727272727273	True
3213	3479	0.6363636363636364	False
3213	3186	0.5454545454545454	True
3213	1565	0.45454545454545453	False
3213	1527	0.36363636363636365	True
3213	1941	0.2727272727272727	True
3213	483	0.18181818181818182	True
3213	2047	0.09090909090909091	True
1031	2926	0.9090909090909091	False
1031	1588	0.8181818181818182	False
1031	527	0.7272727272727273	False
1031	3432	0.6363636363636364	True
1031	3906	0.5454545454545454	True
1031	3479	0.45454545454545453	False
1031	2362	0.36363636363636365	True
1031	540	0.2727272727272727	True
1031	1941	0.18181818181818182	True
1031	1565	0.09090909090909091	False
4713	2926	0.9090909090909091	False
4713	1588	0.8181818181818182	False
4713	1565	0.7272727272727273	False
4713	2991	0.6363636363636364	True
4713	633	0.5454545454545454	True
4713	1252	0.45454545454545453	True
4713	1527	0.36363636363636365	True
4713	834	0.2727272727272727	True
4713	2047	0.18181818181818182	True
4713	1094	0.09090909090909091	True
644	2926	0.9090909090909091	False
644	1588	0.8181818181818182	False
644	1252	0.7272727272727273	True
644	527	0.6363636363636364	False
644	1565	0.5454545454545454	False
644	1941	0.45454545454545453	True
644	3906	0.36363636363636365	True
644	2047	0.2727272727272727	True
644	2991	0.18181818181818182	True
644	1527	0.09090909090909091	True
2940	2926	0.9090909090909091	False
2940	1588	0.8181818181818182	False
2940	1252	0.7272727272727273	True
2940	1565	0.6363636363636364	False
2940	3748	0.5454545454545454	True
2940	2362	0.45454545454545453	True
2940	3479	0.36363636363636365	False
2940	3186	0.2727272727272727	True
2940	3906	0.18181818181818182	True
2940	540	0.09090909090909091	True
1506	2926	0.9090909090909091	False
1506	1588	0.8181818181818182	False
1506	1565	0.7272727272727273	False
1506	1527	0.6363636363636364	True
1506	3049	0.5454545454545454	True
1506	527	0.45454545454545453	False
1506	999	0.36363636363636365	True
1506	968	0.2727272727272727	True
1506	1788	0.18181818181818182	True
1506	10	0.09090909090909091	True
1653	2926	0.9090909090909091	False
1653	1588	0.8181818181818182	False
1653	3432	0.7272727272727273	True
1653	1941	0.6363636363636364	True
1653	754	0.5454545454545454	True
1653	3479	0.45454545454545453	False
1653	3186	0.36363636363636365	True
1653	1565	0.2727272727272727	False
1653	527	0.18181818181818182	False
1653	1788	0.09090909090909091	True
2623	2926	0.9090909090909091	False
2623	1588	0.8181818181818182	False
2623	527	0.7272727272727273	False
2623	1565	0.6363636363636364	False
2623	1941	0.5454545454545454	True
2623	247	0.45454545454545453	True
2623	3479	0.36363636363636365	False
2623	2991	0.2727272727272727	True
2623	3432	0.18181818181818182	True
2623	728	0.09090909090909091	True
3912	2926	0.9090909090909091	False
3912	1588	0.8181818181818182	False
3912	1565	0.7272727272727273	False
3912	527	0.6363636363636364	False
3912	1252	0.5454545454545454	True
3912	1527	0.45454545454545453	True
3912	1941	0.36363636363636365	True
3912	633	0.2727272727272727	True
3912	3157	0.18181818181818182	True
3912	516	0.09090909090909091	True
5822	2926	0.9090909090909091	False
5822	1588	0.8181818181818182	False
5822	1788	0.7272727272727273	True
5822	3479	0.6363636363636364	False
5822	527	0.5454545454545454	False
5822	1565	0.45454545454545453	False
5822	754	0.36363636363636365	True
5822	3906	0.2727272727272727	True
5822	3432	0.18181818181818182	True
5822	1527	0.09090909090909091	True
5004	2926	0.9090909090909091	False
5004	1588	0.8181818181818182	False
5004	1565	0.7272727272727273	False
5004	3479	0.6363636363636364	False
5004	1527	0.5454545454545454	True
5004	3186	0.45454545454545453	True
5004	754	0.36363636363636365	True
5004	3049	0.2727272727272727	True
5004	563	0.18181818181818182	True
5004	483	0.09090909090909091	True
4568	2926	0.9090909090909091	False
4568	1588	0.8181818181818182	False
4568	1252	0.7272727272727273	True
4568	1565	0.6363636363636364	False
4568	1941	0.5454545454545454	True
4568	3186	0.45454545454545453	True
4568	968	0.36363636363636365	True
4568	3479	0.2727272727272727	False
4568	247	0.18181818181818182	True
4568	3049	0.09090909090909091	True
5631	2926	0.9090909090909091	False
5631	1588	0.8181818181818182	False
5631	527	0.7272727272727273	False
5631	1527	0.6363636363636364	True
5631	1252	0.5454545454545454	True
5631	1565	0.45454545454545453	False
5631	1941	0.36363636363636365	True
5631	3432	0.2727272727272727	True
5631	968	0.18181818181818182	True
5631	3638	0.09090909090909091	True
4191	2926	0.9090909090909091	False
4191	1588	0.8181818181818182	False
4191	3479	0.7272727272727273	False
4191	527	0.6363636363636364	False
4191	1252	0.5454545454545454	True
4191	1565	0.45454545454545453	False
4191	1941	0.36363636363636365	True
4191	3432	0.2727272727272727	True
4191	1527	0.18181818181818182	True
4191	3812	0.09090909090909091	True
4171	2926	0.9090909090909091	False
4171	1588	0.8181818181818182	False
4171	1565	0.7272727272727273	False
4171	3479	0.6363636363636364	False
4171	483	0.5454545454545454	True
4171	1527	0.45454545454545453	True
4171	754	0.36363636363636365	True
4171	1788	0.2727272727272727	True
4171	3186	0.18181818181818182	True
4171	162	0.09090909090909091	True
