481	358	0.9090909090909091	False
481	3145	0.8181818181818182	True
481	3246	0.7272727272727273	False
481	2899	0.6363636363636364	True
481	2475	0.5454545454545454	True
481	1935	0.45454545454545453	False
481	14	0.36363636363636365	True
481	2238	0.2727272727272727	True
481	1946	0.18181818181818182	False
481	2805	0.09090909090909091	False
5965	2889	0.9090909090909091	True
5965	3246	0.8181818181818182	False
5965	2805	0.7272727272727273	False
5965	1935	0.6363636363636364	False
5965	2445	0.5454545454545454	True
5965	1965	0.45454545454545453	True
5965	1946	0.36363636363636365	False
5965	637	0.2727272727272727	True
5965	1614	0.18181818181818182	True
5965	3120	0.09090909090909091	True
4894	1935	0.9090909090909091	False
4894	3246	0.8181818181818182	False
4894	1214	0.7272727272727273	False
4894	3145	0.6363636363636364	True
4894	637	0.5454545454545454	True
4894	358	0.45454545454545453	False
4894	1946	0.36363636363636365	False
4894	1965	0.2727272727272727	True
4894	2238	0.18181818181818182	True
4894	2543	0.09090909090909091	True
2983	3246	0.9090909090909091	False
2983	1214	0.8181818181818182	False
2983	2805	0.7272727272727273	False
2983	358	0.6363636363636364	False
2983	3780	0.5454545454545454	True
2983	1946	0.45454545454545453	False
2983	2367	0.36363636363636365	True
2983	1935	0.2727272727272727	False
2983	2543	0.18181818181818182	True
2983	2238	0.09090909090909091	True
63	1935	0.9090909090909091	False
63	495	0.8181818181818182	True
63	2805	0.7272727272727273	False
63	3246	0.6363636363636364	False
63	1965	0.5454545454545454	True
63	1946	0.45454545454545453	False
63	14	0.36363636363636365	True
63	3145	0.2727272727272727	True
63	1214	0.18181818181818182	False
63	3416	0.09090909090909091	True
5010	495	0.9090909090909091	True
5010	2805	0.8181818181818182	False
5010	3145	0.7272727272727273	True
5010	1935	0.6363636363636364	False
5010	14	0.5454545454545454	True
5010	358	0.45454545454545453	False
5010	3416	0.36363636363636365	True
5010	3120	0.2727272727272727	True
5010	3246	0.18181818181818182	False
5010	2367	0.09090909090909091	True
5364	14	0.9090909090909091	True
5364	2805	0.8181818181818182	False
5364	1935	0.7272727272727273	False
5364	1946	0.6363636363636364	False
5364	3120	0.5454545454545454	True
5364	3145	0.45454545454545453	True
5364	2899	0.36363636363636365	True
5364	358	0.2727272727272727	False
5364	3246	0.18181818181818182	False
5364	2445	0.09090909090909091	True
4641	1935	0.9090909090909091	False
4641	3145	0.8181818181818182	True
4641	3246	0.7272727272727273	False
4641	14	0.6363636363636364	True
4641	495	0.5454545454545454	True
4641	637	0.45454545454545453	True
4641	3120	0.36363636363636365	True
4641	358	0.2727272727272727	False
4641	1946	0.18181818181818182	False
4641	3780	0.09090909090909091	True
3783	495	0.9090909090909091	True
3783	637	0.8181818181818182	True
3783	3246	0.7272727272727273	False
3783	1935	0.6363636363636364	False
3783	3145	0.5454545454545454	True
3783	358	0.45454545454545453	False
3783	1965	0.36363636363636365	True
3783	14	0.2727272727272727	True
3783	1214	0.18181818181818182	False
3783	3016	0.09090909090909091	True
2503	3145	0.9090909090909091	True
2503	358	0.8181818181818182	False
2503	1946	0.7272727272727273	False
2503	1614	0.6363636363636364	True
2503	2149	0.5454545454545454	True
2503	2899	0.45454545454545453	True
2503	3246	0.36363636363636365	False
2503	1935	0.2727272727272727	False
2503	14	0.18181818181818182	True
2503	3598	0.09090909090909091	True
4511	637	0.9090909090909091	True
4511	3246	0.8181818181818182	False
4511	1935	0.7272727272727273	False
4511	2805	0.6363636363636364	False
4511	680	0.5454545454545454	True
4511	3120	0.45454545454545453	True
4511	358	0.36363636363636365	False
4511	2543	0.2727272727272727	True
4511	14	0.18181818181818182	True
4511	1946	0.09090909090909091	False
5577	3246	0.9090909090909091	False
5577	1935	0.8181818181818182	False
5577	2805	0.7272727272727273	False
5577	680	0.6363636363636364	True
5577	1205	0.5454545454545454	True
5577	358	0.45454545454545453	False
5577	3120	0.36363636363636365	True
5577	586	0.2727272727272727	True
5577	1214	0.18181818181818182	False
5577	637	0.09090909090909091	True
1807	14	0.9090909090909091	True
1807	2805	0.8181818181818182	False
1807	3416	0.7272727272727273	True
1807	2445	0.6363636363636364	True
1807	3246	0.5454545454545454	False
1807	495	0.45454545454545453	True
1807	1666	0.36363636363636365	True
1807	3166	0.2727272727272727	True
1807	1935	0.18181818181818182	False
1807	680	0.09090909090909091	True
3569	2805	0.9090909090909091	False
3569	3246	0.8181818181818182	False
3569	358	0.7272727272727273	False
3569	1935	0.6363636363636364	False
3569	1946	0.5454545454545454	False
3569	3145	0.45454545454545453	True
3569	1214	0.36363636363636365	False
3569	637	0.2727272727272727	True
3569	2445	0.18181818181818182	True
3569	2367	0.09090909090909091	True
957	14	0.9090909090909091	True
957	3780	0.8181818181818182	True
957	2899	0.7272727272727273	True
957	1614	0.6363636363636364	True
957	2889	0.5454545454545454	True
957	3416	0.45454545454545453	True
957	1066	0.36363636363636365	True
957	1214	0.2727272727272727	False
957	3598	0.18181818181818182	True
957	2805	0.09090909090909091	False
3845	1935	0.9090909090909091	False
3845	14	0.8181818181818182	True
3845	3145	0.7272727272727273	True
3845	3246	0.6363636363636364	False
3845	586	0.5454545454545454	True
3845	2543	0.45454545454545453	True
3845	3416	0.36363636363636365	True
3845	495	0.2727272727272727	True
3845	1066	0.18181818181818182	True
3845	2805	0.09090909090909091	False
4275	3246	0.9090909090909091	False
4275	2805	0.8181818181818182	False
4275	1946	0.7272727272727273	False
4275	495	0.6363636363636364	True
4275	358	0.5454545454545454	False
4275	1935	0.45454545454545453	False
4275	3145	0.36363636363636365	True
4275	1214	0.2727272727272727	False
4275	2543	0.18181818181818182	True
4275	14	0.09090909090909091	True
5961	1946	0.9090909090909091	False
5961	3145	0.8181818181818182	True
5961	358	0.7272727272727273	False
5961	14	0.6363636363636364	True
5961	3166	0.5454545454545454	True
5961	2805	0.45454545454545453	False
5961	3120	0.36363636363636365	True
5961	2475	0.2727272727272727	True
5961	1935	0.18181818181818182	False
5961	1214	0.09090909090909091	False
1113	3246	0.9090909090909091	False
1113	1935	0.8181818181818182	False
1113	358	0.7272727272727273	False
1113	1214	0.6363636363636364	False
1113	637	0.5454545454545454	True
1113	2367	0.45454545454545453	True
1113	2805	0.36363636363636365	False
1113	2445	0.2727272727272727	True
1113	386	0.18181818181818182	True
1113	1946	0.09090909090909091	False
3070	3246	0.9090909090909091	False
3070	2543	0.8181818181818182	True
3070	1935	0.7272727272727273	False
3070	637	0.6363636363636364	True
3070	1214	0.5454545454545454	False
3070	3780	0.45454545454545453	True
3070	2238	0.36363636363636365	True
3070	3120	0.2727272727272727	True
3070	1066	0.18181818181818182	True
3070	2065	0.09090909090909091	True
976	14	0.9090909090909091	True
976	3145	0.8181818181818182	True
976	637	0.7272727272727273	True
976	1946	0.6363636363636364	False
976	495	0.5454545454545454	True
976	3246	0.45454545454545453	False
976	358	0.36363636363636365	False
976	1935	0.2727272727272727	False
976	1214	0.18181818181818182	False
976	1666	0.09090909090909091	True
948	1946	0.9090909090909091	False
948	358	0.8181818181818182	False
948	2805	0.7272727272727273	False
948	14	0.6363636363636364	True
948	3145	0.5454545454545454	True
948	3120	0.45454545454545453	True
948	1935	0.36363636363636365	False
948	2475	0.2727272727272727	True
948	2238	0.18181818181818182	True
948	3780	0.09090909090909091	True
5609	1935	0.9090909090909091	False
5609	14	0.8181818181818182	True
5609	2367	0.7272727272727273	True
5609	2805	0.6363636363636364	False
5609	3780	0.5454545454545454	True
5609	1946	0.45454545454545453	False
5609	358	0.36363636363636365	False
5609	3246	0.2727272727272727	False
5609	3145	0.18181818181818182	True
5609	1214	0.09090909090909091	False
2685	3246	0.9090909090909091	False
2685	14	0.8181818181818182	True
2685	3120	0.7272727272727273	True
2685	358	0.6363636363636364	False
2685	2805	0.5454545454545454	False
2685	495	0.45454545454545453	True
2685	1666	0.36363636363636365	True
2685	2899	0.2727272727272727	True
2685	3145	0.18181818181818182	True
2685	1935	0.09090909090909091	False
2906	2899	0.9090909090909091	True
2906	1066	0.8181818181818182	True
2906	3166	0.7272727272727273	True
2906	2805	0.6363636363636364	False
2906	358	0.5454545454545454	False
2906	3246	0.45454545454545453	False
2906	3780	0.36363636363636365	True
2906	3416	0.2727272727272727	True
2906	1614	0.18181818181818182	True
2906	3145	0.09090909090909091	True
804	3246	0.9090909090909091	False
804	1935	0.8181818181818182	False
804	637	0.7272727272727273	True
804	1965	0.6363636363636364	True
804	3145	0.5454545454545454	True
804	3120	0.45454545454545453	True
804	1946	0.36363636363636365	False
804	586	0.2727272727272727	True
804	358	0.18181818181818182	False
804	2669	0.09090909090909091	True
2280	14	0.9090909090909091	True
2280	2805	0.8181818181818182	False
2280	2445	0.7272727272727273	True
2280	1946	0.6363636363636364	False
2280	1214	0.5454545454545454	False
2280	680	0.45454545454545453	True
2280	3598	0.36363636363636365	True
2280	3416	0.2727272727272727	True
2280	2238	0.18181818181818182	True
2280	3166	0.09090909090909091	True
4109	2889	0.9090909090909091	True
4109	1214	0.8181818181818182	False
4109	3246	0.7272727272727273	False
4109	637	0.6363636363636364	True
4109	1935	0.5454545454545454	False
4109	3780	0.45454545454545453	True
4109	2543	0.36363636363636365	True
4109	2367	0.2727272727272727	True
4109	3145	0.18181818181818182	True
4109	358	0.09090909090909091	False
2734	3246	0.9090909090909091	False
2734	1935	0.8181818181818182	False
2734	2889	0.7272727272727273	True
2734	495	0.6363636363636364	True
2734	2805	0.5454545454545454	False
2734	3780	0.45454545454545453	True
2734	2367	0.36363636363636365	True
2734	1214	0.2727272727272727	False
2734	637	0.18181818181818182	True
2734	2238	0.09090909090909091	True
2078	3246	0.9090909090909091	False
2078	1935	0.8181818181818182	False
2078	495	0.7272727272727273	True
2078	2805	0.6363636363636364	False
2078	3120	0.5454545454545454	True
2078	1946	0.45454545454545453	False
2078	1965	0.36363636363636365	True
2078	358	0.2727272727272727	False
2078	3145	0.18181818181818182	True
2078	3780	0.09090909090909091	True
5411	3246	0.9090909090909091	False
5411	1935	0.8181818181818182	False
5411	495	0.7272727272727273	True
5411	637	0.6363636363636364	True
5411	358	0.5454545454545454	False
5411	3145	0.45454545454545453	True
5411	1214	0.36363636363636365	False
5411	3120	0.2727272727272727	True
5411	14	0.18181818181818182	True
5411	2475	0.09090909090909091	True
1779	3780	0.9090909090909091	True
1779	495	0.8181818181818182	True
1779	14	0.7272727272727273	True
1779	3598	0.6363636363636364	True
1779	586	0.5454545454545454	True
1779	2805	0.45454545454545453	False
1779	1214	0.36363636363636365	False
1779	3246	0.2727272727272727	False
1779	358	0.18181818181818182	False
1779	680	0.09090909090909091	True
5183	358	0.9090909090909091	False
5183	3246	0.8181818181818182	False
5183	1214	0.7272727272727273	False
5183	2805	0.6363636363636364	False
5183	3120	0.5454545454545454	True
5183	2238	0.45454545454545453	True
5183	3145	0.36363636363636365	True
5183	1935	0.2727272727272727	False
5183	637	0.18181818181818182	True
5183	3780	0.09090909090909091	True
5903	3780	0.9090909090909091	True
5903	2238	0.8181818181818182	True
5903	14	0.7272727272727273	True
5903	3246	0.6363636363636364	False
5903	586	0.5454545454545454	True
5903	2899	0.45454545454545453	True
5903	3145	0.36363636363636365	True
5903	637	0.2727272727272727	True
5903	2367	0.18181818181818182	True
5903	1935	0.09090909090909091	False
5499	637	0.9090909090909091	True
5499	1935	0.8181818181818182	False
5499	358	0.7272727272727273	False
5499	3145	0.6363636363636364	True
5499	1214	0.5454545454545454	False
5499	2543	0.45454545454545453	True
5499	3780	0.36363636363636365	True
5499	3246	0.2727272727272727	False
5499	1965	0.18181818181818182	True
5499	14	0.09090909090909091	True
4082	2805	0.9090909090909091	False
4082	1614	0.8181818181818182	True
4082	14	0.7272727272727273	True
4082	2889	0.6363636363636364	True
4082	1946	0.5454545454545454	False
4082	2238	0.45454545454545453	True
4082	358	0.36363636363636365	False
4082	3145	0.2727272727272727	True
4082	1214	0.18181818181818182	False
4082	1935	0.09090909090909091	False
1177	358	0.9090909090909091	False
1177	495	0.8181818181818182	True
1177	3246	0.7272727272727273	False
1177	3145	0.6363636363636364	True
1177	1946	0.5454545454545454	False
1177	2805	0.45454545454545453	False
1177	1214	0.36363636363636365	False
1177	1614	0.2727272727272727	True
1177	3780	0.18181818181818182	True
1177	2899	0.09090909090909091	True
2743	1946	0.9090909090909091	False
2743	2805	0.8181818181818182	False
2743	1666	0.7272727272727273	True
2743	495	0.6363636363636364	True
2743	3145	0.5454545454545454	True
2743	1614	0.45454545454545453	True
2743	2475	0.36363636363636365	True
2743	14	0.2727272727272727	True
2743	3246	0.18181818181818182	False
2743	358	0.09090909090909091	False
5	1935	0.9090909090909091	False
5	2805	0.8181818181818182	False
5	3246	0.7272727272727273	False
5	1066	0.6363636363636364	True
5	1946	0.5454545454545454	False
5	358	0.45454545454545453	False
5	3145	0.36363636363636365	True
5	2367	0.2727272727272727	True
5	3416	0.18181818181818182	True
5	1214	0.09090909090909091	False
851	1946	0.9090909090909091	False
851	2805	0.8181818181818182	False
851	3246	0.7272727272727273	False
851	1935	0.6363636363636364	False
851	358	0.5454545454545454	False
851	1214	0.45454545454545453	False
851	2475	0.36363636363636365	True
851	1614	0.2727272727272727	True
851	3145	0.18181818181818182	True
851	3120	0.09090909090909091	True
5992	1935	0.9090909090909091	False
5992	3120	0.8181818181818182	True
5992	3246	0.7272727272727273	False
5992	2899	0.6363636363636364	True
5992	2805	0.5454545454545454	False
5992	2367	0.45454545454545453	True
5992	14	0.36363636363636365	True
5992	3145	0.2727272727272727	True
5992	358	0.18181818181818182	False
5992	3780	0.09090909090909091	True
2800	2238	0.9090909090909091	True
2800	1214	0.8181818181818182	False
2800	3780	0.7272727272727273	True
2800	358	0.6363636363636364	False
2800	3246	0.5454545454545454	False
2800	1935	0.45454545454545453	False
2800	2889	0.36363636363636365	True
2800	2543	0.2727272727272727	True
2800	14	0.18181818181818182	True
2800	680	0.09090909090909091	True
4739	1935	0.9090909090909091	False
4739	3246	0.8181818181818182	False
4739	637	0.7272727272727273	True
4739	2543	0.6363636363636364	True
4739	3145	0.5454545454545454	True
4739	495	0.45454545454545453	True
4739	586	0.36363636363636365	True
4739	1214	0.2727272727272727	False
4739	3016	0.18181818181818182	True
4739	358	0.09090909090909091	False
3259	3246	0.9090909090909091	False
3259	495	0.8181818181818182	True
3259	1935	0.7272727272727273	False
3259	3016	0.6363636363636364	True
3259	637	0.5454545454545454	True
3259	14	0.45454545454545453	True
3259	2805	0.36363636363636365	False
3259	3145	0.2727272727272727	True
3259	3053	0.18181818181818182	True
3259	2367	0.09090909090909091	True
1677	1214	0.9090909090909091	False
1677	3246	0.8181818181818182	False
1677	1946	0.7272727272727273	False
1677	2238	0.6363636363636364	True
1677	358	0.5454545454545454	False
1677	3780	0.45454545454545453	True
1677	1935	0.36363636363636365	False
1677	2543	0.2727272727272727	True
1677	2805	0.18181818181818182	False
1677	1965	0.09090909090909091	True
4111	358	0.9090909090909091	False
4111	1946	0.8181818181818182	False
4111	3145	0.7272727272727273	True
4111	1214	0.6363636363636364	False
4111	3246	0.5454545454545454	False
4111	1935	0.45454545454545453	False
4111	1614	0.36363636363636365	True
4111	3780	0.2727272727272727	True
4111	14	0.18181818181818182	True
4111	2805	0.09090909090909091	False
2489	14	0.9090909090909091	True
2489	1946	0.8181818181818182	False
2489	3145	0.7272727272727273	True
2489	1614	0.6363636363636364	True
2489	2238	0.5454545454545454	True
2489	358	0.45454545454545453	False
2489	1935	0.36363636363636365	False
2489	3246	0.2727272727272727	False
2489	1214	0.18181818181818182	False
2489	3780	0.09090909090909091	True
3896	14	0.9090909090909091	True
3896	3416	0.8181818181818182	True
3896	2805	0.7272727272727273	False
3896	1935	0.6363636363636364	False
3896	358	0.5454545454545454	False
3896	495	0.45454545454545453	True
3896	2238	0.36363636363636365	True
3896	637	0.2727272727272727	True
3896	3120	0.18181818181818182	True
3896	3780	0.09090909090909091	True
3813	14	0.9090909090909091	True
3813	637	0.8181818181818182	True
3813	3145	0.7272727272727273	True
3813	3246	0.6363636363636364	False
3813	3598	0.5454545454545454	True
3813	1495	0.45454545454545453	True
3813	1935	0.36363636363636365	False
3813	586	0.2727272727272727	True
3813	2543	0.18181818181818182	True
3813	3053	0.09090909090909091	True
2942	637	0.9090909090909091	True
2942	14	0.8181818181818182	True
2942	1935	0.7272727272727273	False
2942	3145	0.6363636363636364	True
2942	1946	0.5454545454545454	False
2942	2543	0.45454545454545453	True
2942	3246	0.36363636363636365	False
2942	3166	0.2727272727272727	True
2942	1214	0.18181818181818182	False
2942	3120	0.09090909090909091	True
2113	358	0.9090909090909091	False
2113	637	0.8181818181818182	True
2113	3246	0.7272727272727273	False
2113	1214	0.6363636363636364	False
2113	1935	0.5454545454545454	False
2113	3145	0.45454545454545453	True
2113	1066	0.36363636363636365	True
2113	1946	0.2727272727272727	False
2113	2367	0.18181818181818182	True
2113	3780	0.09090909090909091	True
3266	3246	0.9090909090909091	False
3266	2805	0.8181818181818182	False
3266	1935	0.7272727272727273	False
3266	495	0.6363636363636364	True
3266	2899	0.5454545454545454	True
3266	3780	0.45454545454545453	True
3266	3120	0.36363636363636365	True
3266	2367	0.2727272727272727	True
3266	358	0.18181818181818182	False
3266	2238	0.09090909090909091	True
3121	1935	0.9090909090909091	False
3121	3246	0.8181818181818182	False
3121	1946	0.7272727272727273	False
3121	3145	0.6363636363636364	True
3121	358	0.5454545454545454	False
3121	586	0.45454545454545453	True
3121	3120	0.36363636363636365	True
3121	637	0.2727272727272727	True
3121	3166	0.18181818181818182	True
3121	3780	0.09090909090909091	True
4483	1946	0.9090909090909091	False
4483	1935	0.8181818181818182	False
4483	3246	0.7272727272727273	False
4483	1214	0.6363636363636364	False
4483	3120	0.5454545454545454	True
4483	3145	0.45454545454545453	True
4483	358	0.36363636363636365	False
4483	14	0.2727272727272727	True
4483	2238	0.18181818181818182	True
4483	586	0.09090909090909091	True
909	3422	0.9090909090909091	True
909	3120	0.8181818181818182	True
909	586	0.7272727272727273	True
909	3145	0.6363636363636364	True
909	3246	0.5454545454545454	False
909	637	0.45454545454545453	True
909	2543	0.36363636363636365	True
909	3780	0.2727272727272727	True
909	1935	0.18181818181818182	False
909	358	0.09090909090909091	False
3587	3246	0.9090909090909091	False
3587	1214	0.8181818181818182	False
3587	2805	0.7272727272727273	False
3587	1935	0.6363636363636364	False
3587	358	0.5454545454545454	False
3587	495	0.45454545454545453	True
3587	2543	0.36363636363636365	True
3587	1946	0.2727272727272727	False
3587	2445	0.18181818181818182	True
3587	637	0.09090909090909091	True
4051	3246	0.9090909090909091	False
4051	1935	0.8181818181818182	False
4051	1214	0.7272727272727273	False
4051	1946	0.6363636363636364	False
4051	2238	0.5454545454545454	True
4051	2805	0.45454545454545453	False
4051	3145	0.36363636363636365	True
4051	2889	0.2727272727272727	True
4051	358	0.18181818181818182	False
4051	1614	0.09090909090909091	True
3020	14	0.9090909090909091	True
3020	495	0.8181818181818182	True
3020	3246	0.7272727272727273	False
3020	2889	0.6363636363636364	True
3020	3145	0.5454545454545454	True
3020	2238	0.45454545454545453	True
3020	1935	0.36363636363636365	False
3020	2475	0.2727272727272727	True
3020	637	0.18181818181818182	True
3020	2805	0.09090909090909091	False
4323	3246	0.9090909090909091	False
4323	1935	0.8181818181818182	False
4323	358	0.7272727272727273	False
4323	1946	0.6363636363636364	False
4323	3145	0.5454545454545454	True
4323	2805	0.45454545454545453	False
4323	1214	0.36363636363636365	False
4323	637	0.2727272727272727	True
4323	2543	0.18181818181818182	True
4323	1205	0.09090909090909091	True
2901	2805	0.9090909090909091	False
2901	358	0.8181818181818182	False
2901	1946	0.7272727272727273	False
2901	2475	0.6363636363636364	True
2901	3246	0.5454545454545454	False
2901	1935	0.45454545454545453	False
2901	495	0.36363636363636365	True
2901	3120	0.2727272727272727	True
2901	3166	0.18181818181818182	True
2901	1214	0.09090909090909091	False
5113	14	0.9090909090909091	True
5113	1946	0.8181818181818182	False
5113	358	0.7272727272727273	False
5113	3120	0.6363636363636364	True
5113	2805	0.5454545454545454	False
5113	3145	0.45454545454545453	True
5113	1935	0.36363636363636365	False
5113	3246	0.2727272727272727	False
5113	1214	0.18181818181818182	False
5113	637	0.09090909090909091	True
2759	358	0.9090909090909091	False
2759	3246	0.8181818181818182	False
2759	495	0.7272727272727273	True
2759	1935	0.6363636363636364	False
2759	2238	0.5454545454545454	True
2759	3145	0.45454545454545453	True
2759	1214	0.36363636363636365	False
2759	2805	0.2727272727272727	False
2759	3416	0.18181818181818182	True
2759	1946	0.09090909090909091	False
2972	3246	0.9090909090909091	False
2972	1946	0.8181818181818182	False
2972	3166	0.7272727272727273	True
2972	3120	0.6363636363636364	True
2972	1935	0.5454545454545454	False
2972	2543	0.45454545454545453	True
2972	1214	0.36363636363636365	False
2972	495	0.2727272727272727	True
2972	2805	0.18181818181818182	False
2972	2445	0.09090909090909091	True
4105	1935	0.9090909090909091	False
4105	3246	0.8181818181818182	False
4105	2367	0.7272727272727273	True
4105	2805	0.6363636363636364	False
4105	2899	0.5454545454545454	True
4105	586	0.45454545454545453	True
4105	680	0.36363636363636365	True
4105	1372	0.2727272727272727	True
4105	3120	0.18181818181818182	True
4105	3780	0.09090909090909091	True
5312	2367	0.9090909090909091	True
5312	1935	0.8181818181818182	False
5312	3246	0.7272727272727273	False
5312	3780	0.6363636363636364	True
5312	680	0.5454545454545454	True
5312	1214	0.45454545454545453	False
5312	2543	0.36363636363636365	True
5312	14	0.2727272727272727	True
5312	586	0.18181818181818182	True
5312	3120	0.09090909090909091	True
1686	495	0.9090909090909091	True
1686	14	0.8181818181818182	True
1686	3416	0.7272727272727273	True
1686	586	0.6363636363636364	True
1686	1935	0.5454545454545454	False
1686	358	0.45454545454545453	False
1686	3145	0.36363636363636365	True
1686	3780	0.2727272727272727	True
1686	2805	0.18181818181818182	False
1686	680	0.09090909090909091	True
4964	3246	0.9090909090909091	False
4964	1935	0.8181818181818182	False
4964	3120	0.7272727272727273	True
4964	2899	0.6363636363636364	True
4964	3780	0.5454545454545454	True
4964	2238	0.45454545454545453	True
4964	3166	0.36363636363636365	True
4964	358	0.2727272727272727	False
4964	637	0.18181818181818182	True
4964	2805	0.09090909090909091	False
744	14	0.9090909090909091	True
744	2805	0.8181818181818182	False
744	2475	0.7272727272727273	True
744	680	0.6363636363636364	True
744	3416	0.5454545454545454	True
744	2889	0.45454545454545453	True
744	2149	0.36363636363636365	True
744	3780	0.2727272727272727	True
744	3598	0.18181818181818182	True
744	586	0.09090909090909091	True
5224	1214	0.9090909090909091	False
5224	358	0.8181818181818182	False
5224	14	0.7272727272727273	True
5224	1946	0.6363636363636364	False
5224	3780	0.5454545454545454	True
5224	3145	0.45454545454545453	True
5224	3246	0.36363636363636365	False
5224	2889	0.2727272727272727	True
5224	495	0.18181818181818182	True
5224	2238	0.09090909090909091	True
2723	586	0.9090909090909091	True
2723	3246	0.8181818181818182	False
2723	2367	0.7272727272727273	True
2723	1935	0.6363636363636364	False
2723	14	0.5454545454545454	True
2723	2805	0.45454545454545453	False
2723	3780	0.36363636363636365	True
2723	2543	0.2727272727272727	True
2723	3120	0.18181818181818182	True
2723	1205	0.09090909090909091	True
3122	2889	0.9090909090909091	True
3122	3246	0.8181818181818182	False
3122	1214	0.7272727272727273	False
3122	2238	0.6363636363636364	True
3122	14	0.5454545454545454	True
3122	3780	0.45454545454545453	True
3122	495	0.36363636363636365	True
3122	1614	0.2727272727272727	True
3122	358	0.18181818181818182	False
3122	1946	0.09090909090909091	False
3026	3246	0.9090909090909091	False
3026	1935	0.8181818181818182	False
3026	586	0.7272727272727273	True
3026	14	0.6363636363636364	True
3026	637	0.5454545454545454	True
3026	2367	0.45454545454545453	True
3026	3053	0.36363636363636365	True
3026	2805	0.2727272727272727	False
3026	3120	0.18181818181818182	True
3026	3780	0.09090909090909091	True
45	1935	0.9090909090909091	False
45	14	0.8181818181818182	True
45	2543	0.7272727272727273	True
45	3145	0.6363636363636364	True
45	3246	0.5454545454545454	False
45	1946	0.45454545454545453	False
45	2805	0.36363636363636365	False
45	637	0.2727272727272727	True
45	3120	0.18181818181818182	True
45	1214	0.09090909090909091	False
41	358	0.9090909090909091	False
41	1614	0.8181818181818182	True
41	3145	0.7272727272727273	True
41	495	0.6363636363636364	True
41	3246	0.5454545454545454	False
41	1946	0.45454545454545453	False
41	1214	0.36363636363636365	False
41	3780	0.2727272727272727	True
41	3598	0.18181818181818182	True
41	2238	0.09090909090909091	True
4826	2805	0.9090909090909091	False
4826	14	0.8181818181818182	True
4826	3246	0.7272727272727273	False
4826	1946	0.6363636363636364	False
4826	2238	0.5454545454545454	True
4826	1214	0.45454545454545453	False
4826	1935	0.36363636363636365	False
4826	3145	0.2727272727272727	True
4826	3416	0.18181818181818182	True
4826	358	0.09090909090909091	False
3951	2805	0.9090909090909091	False
3951	14	0.8181818181818182	True
3951	1946	0.7272727272727273	False
3951	358	0.6363636363636364	False
3951	1935	0.5454545454545454	False
3951	3145	0.45454545454545453	True
3951	3246	0.36363636363636365	False
3951	2475	0.2727272727272727	True
3951	1666	0.18181818181818182	True
3951	1965	0.09090909090909091	True
4195	1935	0.9090909090909091	False
4195	3246	0.8181818181818182	False
4195	637	0.7272727272727273	True
4195	3120	0.6363636363636364	True
4195	2543	0.5454545454545454	True
4195	1214	0.45454545454545453	False
4195	3780	0.36363636363636365	True
4195	586	0.2727272727272727	True
4195	2238	0.18181818181818182	True
4195	953	0.09090909090909091	True
4184	2805	0.9090909090909091	False
4184	3246	0.8181818181818182	False
4184	1935	0.7272727272727273	False
4184	1946	0.6363636363636364	False
4184	2367	0.5454545454545454	True
4184	3780	0.45454545454545453	True
4184	1214	0.36363636363636365	False
4184	358	0.2727272727272727	False
4184	2543	0.18181818181818182	True
4184	3166	0.09090909090909091	True
3512	3246	0.9090909090909091	False
3512	1935	0.8181818181818182	False
3512	637	0.7272727272727273	True
3512	3120	0.6363636363636364	True
3512	3780	0.5454545454545454	True
3512	1214	0.45454545454545453	False
3512	495	0.36363636363636365	True
3512	2367	0.2727272727272727	True
3512	358	0.18181818181818182	False
3512	2899	0.09090909090909091	True
4538	14	0.9090909090909091	True
4538	637	0.8181818181818182	True
4538	3145	0.7272727272727273	True
4538	1935	0.6363636363636364	False
4538	3246	0.5454545454545454	False
4538	1946	0.45454545454545453	False
4538	1214	0.36363636363636365	False
4538	586	0.2727272727272727	True
4538	358	0.18181818181818182	False
4538	1066	0.09090909090909091	True
111	3246	0.9090909090909091	False
111	495	0.8181818181818182	True
111	637	0.7272727272727273	True
111	1935	0.6363636363636364	False
111	3780	0.5454545454545454	True
111	3416	0.45454545454545453	True
111	2899	0.36363636363636365	True
111	2543	0.2727272727272727	True
111	3120	0.18181818181818182	True
111	1066	0.09090909090909091	True
1181	1066	0.9090909090909091	True
1181	3145	0.8181818181818182	True
1181	1946	0.7272727272727273	False
1181	1935	0.6363636363636364	False
1181	358	0.5454545454545454	False
1181	14	0.45454545454545453	True
1181	3246	0.36363636363636365	False
1181	2805	0.2727272727272727	False
1181	2367	0.18181818181818182	True
1181	1214	0.09090909090909091	False
687	3246	0.9090909090909091	False
687	1935	0.8181818181818182	False
687	358	0.7272727272727273	False
687	495	0.6363636363636364	True
687	3145	0.5454545454545454	True
687	1946	0.45454545454545453	False
687	2805	0.36363636363636365	False
687	3120	0.2727272727272727	True
687	1205	0.18181818181818182	True
687	637	0.09090909090909091	True
4205	3246	0.9090909090909091	False
4205	2805	0.8181818181818182	False
4205	3120	0.7272727272727273	True
4205	1935	0.6363636363636364	False
4205	3166	0.5454545454545454	True
4205	1946	0.45454545454545453	False
4205	2149	0.36363636363636365	True
4205	14	0.2727272727272727	True
4205	2238	0.18181818181818182	True
4205	2899	0.09090909090909091	True
1825	358	0.9090909090909091	False
1825	3246	0.8181818181818182	False
1825	1214	0.7272727272727273	False
1825	1935	0.6363636363636364	False
1825	637	0.5454545454545454	True
1825	3145	0.45454545454545453	True
1825	1946	0.36363636363636365	False
1825	1614	0.2727272727272727	True
1825	3016	0.18181818181818182	True
1825	2543	0.09090909090909091	True
4600	358	0.9090909090909091	False
4600	3145	0.8181818181818182	True
4600	1935	0.7272727272727273	False
4600	1214	0.6363636363636364	False
4600	3416	0.5454545454545454	True
4600	1946	0.45454545454545453	False
4600	2805	0.36363636363636365	False
4600	637	0.2727272727272727	True
4600	14	0.18181818181818182	True
4600	2367	0.09090909090909091	True
1785	14	0.9090909090909091	True
1785	3780	0.8181818181818182	True
1785	2889	0.7272727272727273	True
1785	2367	0.6363636363636364	True
1785	1214	0.5454545454545454	False
1785	3145	0.45454545454545453	True
1785	1935	0.36363636363636365	False
1785	3246	0.2727272727272727	False
1785	637	0.18181818181818182	True
1785	358	0.09090909090909091	False
3601	1935	0.9090909090909091	False
3601	2805	0.8181818181818182	False
3601	358	0.7272727272727273	False
3601	1946	0.6363636363636364	False
3601	3246	0.5454545454545454	False
3601	2543	0.45454545454545453	True
3601	3120	0.36363636363636365	True
3601	1214	0.2727272727272727	False
3601	3145	0.18181818181818182	True
3601	586	0.09090909090909091	True
1803	3145	0.9090909090909091	True
1803	1946	0.8181818181818182	False
1803	358	0.7272727272727273	False
1803	3246	0.6363636363636364	False
1803	1214	0.5454545454545454	False
1803	14	0.45454545454545453	True
1803	637	0.36363636363636365	True
1803	2238	0.2727272727272727	True
1803	1935	0.18181818181818182	False
1803	2543	0.09090909090909091	True
3151	2889	0.9090909090909091	True
3151	1946	0.8181818181818182	False
3151	3246	0.7272727272727273	False
3151	1214	0.6363636363636364	False
3151	358	0.5454545454545454	False
3151	3780	0.45454545454545453	True
3151	14	0.36363636363636365	True
3151	3145	0.2727272727272727	True
3151	3016	0.18181818181818182	True
3151	1614	0.09090909090909091	True
3443	586	0.9090909090909091	True
3443	14	0.8181818181818182	True
3443	2805	0.7272727272727273	False
3443	3246	0.6363636363636364	False
3443	3780	0.5454545454545454	True
3443	2238	0.45454545454545453	True
3443	1965	0.36363636363636365	True
3443	495	0.2727272727272727	True
3443	3145	0.18181818181818182	True
3443	1946	0.09090909090909091	False
646	2805	0.9090909090909091	False
646	1946	0.8181818181818182	False
646	3416	0.7272727272727273	True
646	14	0.6363636363636364	True
646	2445	0.5454545454545454	True
646	358	0.45454545454545453	False
646	3166	0.36363636363636365	True
646	1935	0.2727272727272727	False
646	3145	0.18181818181818182	True
646	3246	0.09090909090909091	False
2183	358	0.9090909090909091	False
2183	3246	0.8181818181818182	False
2183	1214	0.7272727272727273	False
2183	637	0.6363636363636364	True
2183	3120	0.5454545454545454	True
2183	1946	0.45454545454545453	False
2183	680	0.36363636363636365	True
2183	3780	0.2727272727272727	True
2183	2543	0.18181818181818182	True
2183	1935	0.09090909090909091	False
4980	1946	0.9090909090909091	False
4980	3246	0.8181818181818182	False
4980	1935	0.7272727272727273	False
4980	2805	0.6363636363636364	False
4980	14	0.5454545454545454	True
4980	2445	0.45454545454545453	True
4980	3120	0.36363636363636365	True
4980	358	0.2727272727272727	False
4980	3574	0.18181818181818182	True
4980	1965	0.09090909090909091	True
3468	2805	0.9090909090909091	False
3468	3780	0.8181818181818182	True
3468	358	0.7272727272727273	False
3468	3246	0.6363636363636364	False
3468	586	0.5454545454545454	True
3468	1214	0.45454545454545453	False
3468	1965	0.36363636363636365	True
3468	3416	0.2727272727272727	True
3468	1935	0.18181818181818182	False
3468	1205	0.09090909090909091	True
249	1935	0.9090909090909091	False
249	3246	0.8181818181818182	False
249	637	0.7272727272727273	True
249	3145	0.6363636363636364	True
249	14	0.5454545454545454	True
249	2805	0.45454545454545453	False
249	1965	0.36363636363636365	True
249	1946	0.2727272727272727	False
249	1214	0.18181818181818182	False
249	1614	0.09090909090909091	True
467	1935	0.9090909090909091	False
467	14	0.8181818181818182	True
467	3416	0.7272727272727273	True
467	3145	0.6363636363636364	True
467	2238	0.5454545454545454	True
467	1946	0.45454545454545453	False
467	2805	0.36363636363636365	False
467	1214	0.2727272727272727	False
467	358	0.18181818181818182	False
467	1614	0.09090909090909091	True
838	358	0.9090909090909091	False
838	3246	0.8181818181818182	False
838	495	0.7272727272727273	True
838	1935	0.6363636363636364	False
838	3145	0.5454545454545454	True
838	3120	0.45454545454545453	True
838	2149	0.36363636363636365	True
838	2475	0.2727272727272727	True
838	2889	0.18181818181818182	True
838	2805	0.09090909090909091	False
2350	3246	0.9090909090909091	False
2350	358	0.8181818181818182	False
2350	1946	0.7272727272727273	False
2350	1935	0.6363636363636364	False
2350	1214	0.5454545454545454	False
2350	3166	0.45454545454545453	True
2350	3120	0.36363636363636365	True
2350	3780	0.2727272727272727	True
2350	2367	0.18181818181818182	True
2350	2899	0.09090909090909091	True
492	1946	0.9090909090909091	False
492	358	0.8181818181818182	False
492	3145	0.7272727272727273	True
492	2805	0.6363636363636364	False
492	14	0.5454545454545454	True
492	3246	0.45454545454545453	False
492	1935	0.36363636363636365	False
492	3120	0.2727272727272727	True
492	3166	0.18181818181818182	True
492	1214	0.09090909090909091	False
