1493	2356	0.9090909090909091	False
1493	3406	0.8181818181818182	False
1493	62	0.7272727272727273	False
1493	1487	0.6363636363636364	False
1493	2906	0.5454545454545454	True
1493	1688	0.45454545454545453	True
1493	603	0.36363636363636365	True
1493	1553	0.2727272727272727	False
1493	3511	0.18181818181818182	True
1493	3709	0.09090909090909091	True
4299	2356	0.9090909090909091	False
4299	3406	0.8181818181818182	False
4299	62	0.7272727272727273	False
4299	1487	0.6363636363636364	False
4299	1217	0.5454545454545454	True
4299	1553	0.45454545454545453	False
4299	2271	0.36363636363636365	True
4299	3748	0.2727272727272727	True
4299	3504	0.18181818181818182	True
4299	3412	0.09090909090909091	True
669	2356	0.9090909090909091	False
669	3406	0.8181818181818182	False
669	62	0.7272727272727273	False
669	1487	0.6363636363636364	False
669	2003	0.5454545454545454	True
669	352	0.45454545454545453	True
669	3412	0.36363636363636365	True
669	1217	0.2727272727272727	True
669	3511	0.18181818181818182	True
669	59	0.09090909090909091	True
2127	2356	0.9090909090909091	False
2127	3406	0.8181818181818182	False
2127	62	0.7272727272727273	False
2127	1487	0.6363636363636364	False
2127	714	0.5454545454545454	True
2127	352	0.45454545454545453	True
2127	603	0.36363636363636365	True
2127	3511	0.2727272727272727	True
2127	1038	0.18181818181818182	True
2127	2262	0.09090909090909091	True
3132	2356	0.9090909090909091	False
3132	3406	0.8181818181818182	False
3132	62	0.7272727272727273	False
3132	1553	0.6363636363636364	False
3132	1487	0.5454545454545454	False
3132	2003	0.45454545454545453	True
3132	479	0.36363636363636365	True
3132	1623	0.2727272727272727	True
3132	2501	0.18181818181818182	True
3132	934	0.09090909090909091	True
3491	2356	0.9090909090909091	False
3491	3406	0.8181818181818182	False
3491	62	0.7272727272727273	False
3491	1553	0.6363636363636364	False
3491	479	0.5454545454545454	True
3491	1487	0.45454545454545453	False
3491	1688	0.36363636363636365	True
3491	1827	0.2727272727272727	True
3491	2003	0.18181818181818182	True
3491	3081	0.09090909090909091	True
6017	2356	0.9090909090909091	False
6017	3406	0.8181818181818182	False
6017	62	0.7272727272727273	False
6017	1553	0.6363636363636364	False
6017	1487	0.5454545454545454	False
6017	3511	0.45454545454545453	True
6017	2906	0.36363636363636365	True
6017	310	0.2727272727272727	True
6017	2003	0.18181818181818182	True
6017	457	0.09090909090909091	True
3399	2356	0.9090909090909091	False
3399	3406	0.8181818181818182	False
3399	62	0.7272727272727273	False
3399	1487	0.6363636363636364	False
3399	3511	0.5454545454545454	True
3399	1050	0.45454545454545453	True
3399	2493	0.36363636363636365	True
3399	1827	0.2727272727272727	True
3399	2003	0.18181818181818182	True
3399	911	0.09090909090909091	True
1964	2356	0.9090909090909091	False
1964	3406	0.8181818181818182	False
1964	62	0.7272727272727273	False
1964	261	0.6363636363636364	True
1964	1487	0.5454545454545454	False
1964	1553	0.45454545454545453	False
1964	3504	0.36363636363636365	True
1964	2271	0.2727272727272727	True
1964	1050	0.18181818181818182	True
1964	2493	0.09090909090909091	True
4949	2356	0.9090909090909091	False
4949	3406	0.8181818181818182	False
4949	62	0.7272727272727273	False
4949	1487	0.6363636363636364	False
4949	1553	0.5454545454545454	False
4949	3504	0.45454545454545453	True
4949	1217	0.36363636363636365	True
4949	3412	0.2727272727272727	True
4949	1688	0.18181818181818182	True
4949	1050	0.09090909090909091	True
5488	2356	0.9090909090909091	False
5488	3406	0.8181818181818182	False
5488	62	0.7272727272727273	False
5488	1487	0.6363636363636364	False
5488	352	0.5454545454545454	True
5488	162	0.45454545454545453	True
5488	2262	0.36363636363636365	True
5488	457	0.2727272727272727	True
5488	603	0.18181818181818182	True
5488	1217	0.09090909090909091	True
2425	2356	0.9090909090909091	False
2425	3406	0.8181818181818182	False
2425	62	0.7272727272727273	False
2425	1487	0.6363636363636364	False
2425	2262	0.5454545454545454	True
2425	3511	0.45454545454545453	True
2425	2003	0.36363636363636365	True
2425	714	0.2727272727272727	True
2425	352	0.18181818181818182	True
2425	1553	0.09090909090909091	False
628	2356	0.9090909090909091	False
628	3406	0.8181818181818182	False
628	62	0.7272727272727273	False
628	1487	0.6363636363636364	False
628	1553	0.5454545454545454	False
628	3081	0.45454545454545453	True
628	479	0.36363636363636365	True
628	1050	0.2727272727272727	True
628	310	0.18181818181818182	True
628	2003	0.09090909090909091	True
861	2356	0.9090909090909091	False
861	3406	0.8181818181818182	False
861	62	0.7272727272727273	False
861	1487	0.6363636363636364	False
861	1553	0.5454545454545454	False
861	2906	0.45454545454545453	True
861	479	0.36363636363636365	True
861	2003	0.2727272727272727	True
861	1688	0.18181818181818182	True
861	1050	0.09090909090909091	True
3090	2356	0.9090909090909091	False
3090	3406	0.8181818181818182	False
3090	62	0.7272727272727273	False
3090	1487	0.6363636363636364	False
3090	1553	0.5454545454545454	False
3090	2003	0.45454545454545453	True
3090	3511	0.36363636363636365	True
3090	261	0.2727272727272727	True
3090	2271	0.18181818181818182	True
3090	1688	0.09090909090909091	True
4360	2356	0.9090909090909091	False
4360	3406	0.8181818181818182	False
4360	62	0.7272727272727273	False
4360	1487	0.6363636363636364	False
4360	1553	0.5454545454545454	False
4360	3412	0.45454545454545453	True
4360	603	0.36363636363636365	True
4360	1217	0.2727272727272727	True
4360	3511	0.18181818181818182	True
4360	2271	0.09090909090909091	True
1461	2356	0.9090909090909091	False
1461	3406	0.8181818181818182	False
1461	62	0.7272727272727273	False
1461	3511	0.6363636363636364	True
1461	1487	0.5454545454545454	False
1461	3412	0.45454545454545453	True
1461	352	0.36363636363636365	True
1461	2003	0.2727272727272727	True
1461	3720	0.18181818181818182	True
1461	1553	0.09090909090909091	False
4217	2356	0.9090909090909091	False
4217	3406	0.8181818181818182	False
4217	62	0.7272727272727273	False
4217	1487	0.6363636363636364	False
4217	2493	0.5454545454545454	True
4217	1050	0.45454545454545453	True
4217	2262	0.36363636363636365	True
4217	3720	0.2727272727272727	True
4217	479	0.18181818181818182	True
4217	1553	0.09090909090909091	False
3537	2356	0.9090909090909091	False
3537	3406	0.8181818181818182	False
3537	62	0.7272727272727273	False
3537	1487	0.6363636363636364	False
3537	3511	0.5454545454545454	True
3537	1553	0.45454545454545453	False
3537	1688	0.36363636363636365	True
3537	261	0.2727272727272727	True
3537	714	0.18181818181818182	True
3537	3748	0.09090909090909091	True
10	2356	0.9090909090909091	False
10	3406	0.8181818181818182	False
10	62	0.7272727272727273	False
10	1487	0.6363636363636364	False
10	1553	0.5454545454545454	False
10	2003	0.45454545454545453	True
10	479	0.36363636363636365	True
10	714	0.2727272727272727	True
10	2262	0.18181818181818182	True
10	2585	0.09090909090909091	True
5561	2356	0.9090909090909091	False
5561	3406	0.8181818181818182	False
5561	62	0.7272727272727273	False
5561	1553	0.6363636363636364	False
5561	1050	0.5454545454545454	True
5561	2271	0.45454545454545453	True
5561	3412	0.36363636363636365	True
5561	3504	0.2727272727272727	True
5561	352	0.18181818181818182	True
5561	479	0.09090909090909091	True
3821	2356	0.9090909090909091	False
3821	3406	0.8181818181818182	False
3821	62	0.7272727272727273	False
3821	1487	0.6363636363636364	False
3821	1553	0.5454545454545454	False
3821	3081	0.45454545454545453	True
3821	3511	0.36363636363636365	True
3821	1050	0.2727272727272727	True
3821	2003	0.18181818181818182	True
3821	603	0.09090909090909091	True
5863	2356	0.9090909090909091	False
5863	3406	0.8181818181818182	False
5863	62	0.7272727272727273	False
5863	1487	0.6363636363636364	False
5863	1553	0.5454545454545454	False
5863	3511	0.45454545454545453	True
5863	352	0.36363636363636365	True
5863	3504	0.2727272727272727	True
5863	2271	0.18181818181818182	True
5863	3748	0.09090909090909091	True
1833	2356	0.9090909090909091	False
1833	3406	0.8181818181818182	False
1833	62	0.7272727272727273	False
1833	1487	0.6363636363636364	False
1833	162	0.5454545454545454	True
1833	261	0.45454545454545453	True
1833	1217	0.36363636363636365	True
1833	2271	0.2727272727272727	True
1833	1920	0.18181818181818182	True
1833	1050	0.09090909090909091	True
4044	2356	0.9090909090909091	False
4044	3406	0.8181818181818182	False
4044	62	0.7272727272727273	False
4044	1553	0.6363636363636364	False
4044	1920	0.5454545454545454	True
4044	2003	0.45454545454545453	True
4044	3511	0.36363636363636365	True
4044	1487	0.2727272727272727	False
4044	261	0.18181818181818182	True
4044	3504	0.09090909090909091	True
4001	2356	0.9090909090909091	False
4001	3406	0.8181818181818182	False
4001	62	0.7272727272727273	False
4001	1487	0.6363636363636364	False
4001	3081	0.5454545454545454	True
4001	714	0.45454545454545453	True
4001	1827	0.36363636363636365	True
4001	352	0.2727272727272727	True
4001	479	0.18181818181818182	True
4001	1553	0.09090909090909091	False
54	2356	0.9090909090909091	False
54	3406	0.8181818181818182	False
54	62	0.7272727272727273	False
54	1553	0.6363636363636364	False
54	1487	0.5454545454545454	False
54	3412	0.45454545454545453	True
54	3504	0.36363636363636365	True
54	603	0.2727272727272727	True
54	1217	0.18181818181818182	True
54	714	0.09090909090909091	True
5595	2356	0.9090909090909091	False
5595	3406	0.8181818181818182	False
5595	62	0.7272727272727273	False
5595	1487	0.6363636363636364	False
5595	1553	0.5454545454545454	False
5595	2003	0.45454545454545453	True
5595	2906	0.36363636363636365	True
5595	714	0.2727272727272727	True
5595	1688	0.18181818181818182	True
5595	3081	0.09090909090909091	True
5406	2356	0.9090909090909091	False
5406	3406	0.8181818181818182	False
5406	62	0.7272727272727273	False
5406	1553	0.6363636363636364	False
5406	3412	0.5454545454545454	True
5406	1487	0.45454545454545453	False
5406	1688	0.36363636363636365	True
5406	1050	0.2727272727272727	True
5406	2271	0.18181818181818182	True
5406	1217	0.09090909090909091	True
5851	2356	0.9090909090909091	False
5851	3406	0.8181818181818182	False
5851	62	0.7272727272727273	False
5851	1553	0.6363636363636364	False
5851	1487	0.5454545454545454	False
5851	2003	0.45454545454545453	True
5851	1688	0.36363636363636365	True
5851	3748	0.2727272727272727	True
5851	1050	0.18181818181818182	True
5851	261	0.09090909090909091	True
5299	2356	0.9090909090909091	False
5299	3406	0.8181818181818182	False
5299	62	0.7272727272727273	False
5299	3720	0.6363636363636364	True
5299	1487	0.5454545454545454	False
5299	261	0.45454545454545453	True
5299	2271	0.36363636363636365	True
5299	1920	0.2727272727272727	True
5299	3504	0.18181818181818182	True
5299	2582	0.09090909090909091	True
961	2356	0.9090909090909091	False
961	3406	0.8181818181818182	False
961	62	0.7272727272727273	False
961	1553	0.6363636363636364	False
961	1487	0.5454545454545454	False
961	2906	0.45454545454545453	True
961	2003	0.36363636363636365	True
961	3331	0.2727272727272727	True
961	603	0.18181818181818182	True
961	310	0.09090909090909091	True
4573	2356	0.9090909090909091	False
4573	3406	0.8181818181818182	False
4573	62	0.7272727272727273	False
4573	1487	0.6363636363636364	False
4573	352	0.5454545454545454	True
4573	3511	0.45454545454545453	True
4573	2262	0.36363636363636365	True
4573	1553	0.2727272727272727	False
4573	1688	0.18181818181818182	True
4573	3389	0.09090909090909091	True
1950	2356	0.9090909090909091	False
1950	3406	0.8181818181818182	False
1950	62	0.7272727272727273	False
1950	1487	0.6363636363636364	False
1950	2271	0.5454545454545454	True
1950	1553	0.45454545454545453	False
1950	1920	0.36363636363636365	True
1950	3504	0.2727272727272727	True
1950	2906	0.18181818181818182	True
1950	2003	0.09090909090909091	True
4938	2356	0.9090909090909091	False
4938	3406	0.8181818181818182	False
4938	62	0.7272727272727273	False
4938	1553	0.6363636363636364	False
4938	714	0.5454545454545454	True
4938	1487	0.45454545454545453	False
4938	2493	0.36363636363636365	True
4938	2262	0.2727272727272727	True
4938	3504	0.18181818181818182	True
4938	3511	0.09090909090909091	True
2320	2356	0.9090909090909091	False
2320	3406	0.8181818181818182	False
2320	62	0.7272727272727273	False
2320	1487	0.6363636363636364	False
2320	352	0.5454545454545454	True
2320	1217	0.45454545454545453	True
2320	3504	0.36363636363636365	True
2320	3511	0.2727272727272727	True
2320	1553	0.18181818181818182	False
2320	2271	0.09090909090909091	True
3538	2356	0.9090909090909091	False
3538	3406	0.8181818181818182	False
3538	62	0.7272727272727273	False
3538	1487	0.6363636363636364	False
3538	479	0.5454545454545454	True
3538	1553	0.45454545454545453	False
3538	3504	0.36363636363636365	True
3538	714	0.2727272727272727	True
3538	2906	0.18181818181818182	True
3538	3720	0.09090909090909091	True
935	2356	0.9090909090909091	False
935	3406	0.8181818181818182	False
935	62	0.7272727272727273	False
935	1487	0.6363636363636364	False
935	1553	0.5454545454545454	False
935	934	0.45454545454545453	True
935	1623	0.36363636363636365	True
935	2262	0.2727272727272727	True
935	3389	0.18181818181818182	True
935	1038	0.09090909090909091	True
1333	2356	0.9090909090909091	False
1333	3406	0.8181818181818182	False
1333	62	0.7272727272727273	False
1333	1487	0.6363636363636364	False
1333	1553	0.5454545454545454	False
1333	2003	0.45454545454545453	True
1333	1050	0.36363636363636365	True
1333	1688	0.2727272727272727	True
1333	310	0.18181818181818182	True
1333	1038	0.09090909090909091	True
5529	2356	0.9090909090909091	False
5529	3406	0.8181818181818182	False
5529	62	0.7272727272727273	False
5529	1553	0.6363636363636364	False
5529	1487	0.5454545454545454	False
5529	2003	0.45454545454545453	True
5529	1050	0.36363636363636365	True
5529	1217	0.2727272727272727	True
5529	479	0.18181818181818182	True
5529	1688	0.09090909090909091	True
1773	2356	0.9090909090909091	False
1773	3406	0.8181818181818182	False
1773	62	0.7272727272727273	False
1773	1487	0.6363636363636364	False
1773	352	0.5454545454545454	True
1773	479	0.45454545454545453	True
1773	1688	0.36363636363636365	True
1773	1553	0.2727272727272727	False
1773	3081	0.18181818181818182	True
1773	1623	0.09090909090909091	True
3172	2356	0.9090909090909091	False
3172	3406	0.8181818181818182	False
3172	62	0.7272727272727273	False
3172	1487	0.6363636363636364	False
3172	261	0.5454545454545454	True
3172	1553	0.45454545454545453	False
3172	2493	0.36363636363636365	True
3172	1050	0.2727272727272727	True
3172	2906	0.18181818181818182	True
3172	2003	0.09090909090909091	True
3567	2356	0.9090909090909091	False
3567	3406	0.8181818181818182	False
3567	62	0.7272727272727273	False
3567	1487	0.6363636363636364	False
3567	1553	0.5454545454545454	False
3567	479	0.45454545454545453	True
3567	1050	0.36363636363636365	True
3567	2493	0.2727272727272727	True
3567	457	0.18181818181818182	True
3567	352	0.09090909090909091	True
5403	2356	0.9090909090909091	False
5403	3406	0.8181818181818182	False
5403	62	0.7272727272727273	False
5403	1487	0.6363636363636364	False
5403	2003	0.5454545454545454	True
5403	1050	0.45454545454545453	True
5403	1038	0.36363636363636365	True
5403	352	0.2727272727272727	True
5403	2501	0.18181818181818182	True
5403	1217	0.09090909090909091	True
2779	2356	0.9090909090909091	False
2779	3406	0.8181818181818182	False
2779	62	0.7272727272727273	False
2779	1553	0.6363636363636364	False
2779	1487	0.5454545454545454	False
2779	3412	0.45454545454545453	True
2779	3511	0.36363636363636365	True
2779	3504	0.2727272727272727	True
2779	714	0.18181818181818182	True
2779	1050	0.09090909090909091	True
1145	2356	0.9090909090909091	False
1145	3406	0.8181818181818182	False
1145	62	0.7272727272727273	False
1145	1487	0.6363636363636364	False
1145	3511	0.5454545454545454	True
1145	603	0.45454545454545453	True
1145	1827	0.36363636363636365	True
1145	3544	0.2727272727272727	True
1145	352	0.18181818181818182	True
1145	1473	0.09090909090909091	True
4657	2356	0.9090909090909091	False
4657	3406	0.8181818181818182	False
4657	62	0.7272727272727273	False
4657	1553	0.6363636363636364	False
4657	1487	0.5454545454545454	False
4657	3412	0.45454545454545453	True
4657	261	0.36363636363636365	True
4657	479	0.2727272727272727	True
4657	2271	0.18181818181818182	True
4657	3511	0.09090909090909091	True
1139	2356	0.9090909090909091	False
1139	3406	0.8181818181818182	False
1139	62	0.7272727272727273	False
1139	1487	0.6363636363636364	False
1139	714	0.5454545454545454	True
1139	1050	0.45454545454545453	True
1139	2262	0.36363636363636365	True
1139	3544	0.2727272727272727	True
1139	3511	0.18181818181818182	True
1139	3412	0.09090909090909091	True
218	2356	0.9090909090909091	False
218	3406	0.8181818181818182	False
218	62	0.7272727272727273	False
218	1487	0.6363636363636364	False
218	1553	0.5454545454545454	False
218	3511	0.45454545454545453	True
218	3081	0.36363636363636365	True
218	352	0.2727272727272727	True
218	310	0.18181818181818182	True
218	1920	0.09090909090909091	True
5221	2356	0.9090909090909091	False
5221	3406	0.8181818181818182	False
5221	62	0.7272727272727273	False
5221	1487	0.6363636363636364	False
5221	3389	0.5454545454545454	True
5221	1553	0.45454545454545453	False
5221	310	0.36363636363636365	True
5221	2262	0.2727272727272727	True
5221	479	0.18181818181818182	True
5221	1050	0.09090909090909091	True
3346	2356	0.9090909090909091	False
3346	3406	0.8181818181818182	False
3346	62	0.7272727272727273	False
3346	479	0.6363636363636364	True
3346	1487	0.5454545454545454	False
3346	1553	0.45454545454545453	False
3346	261	0.36363636363636365	True
3346	3504	0.2727272727272727	True
3346	2271	0.18181818181818182	True
3346	310	0.09090909090909091	True
4994	2356	0.9090909090909091	False
4994	3406	0.8181818181818182	False
4994	62	0.7272727272727273	False
4994	1487	0.6363636363636364	False
4994	783	0.5454545454545454	True
4994	2003	0.45454545454545453	True
4994	1553	0.36363636363636365	False
4994	244	0.2727272727272727	True
4994	479	0.18181818181818182	True
4994	261	0.09090909090909091	True
993	2356	0.9090909090909091	False
993	3406	0.8181818181818182	False
993	62	0.7272727272727273	False
993	1487	0.6363636363636364	False
993	1827	0.5454545454545454	True
993	3511	0.45454545454545453	True
993	1553	0.36363636363636365	False
993	603	0.2727272727272727	True
993	2262	0.18181818181818182	True
993	1305	0.09090909090909091	True
451	2356	0.9090909090909091	False
451	3406	0.8181818181818182	False
451	62	0.7272727272727273	False
451	1487	0.6363636363636364	False
451	1553	0.5454545454545454	False
451	2493	0.45454545454545453	True
451	3081	0.36363636363636365	True
451	2271	0.2727272727272727	True
451	1050	0.18181818181818182	True
451	3748	0.09090909090909091	True
5988	2356	0.9090909090909091	False
5988	3406	0.8181818181818182	False
5988	62	0.7272727272727273	False
5988	1553	0.6363636363636364	False
5988	3412	0.5454545454545454	True
5988	1487	0.45454545454545453	False
5988	1050	0.36363636363636365	True
5988	2666	0.2727272727272727	True
5988	3504	0.18181818181818182	True
5988	479	0.09090909090909091	True
4162	2356	0.9090909090909091	False
4162	3406	0.8181818181818182	False
4162	62	0.7272727272727273	False
4162	1487	0.6363636363636364	False
4162	3511	0.5454545454545454	True
4162	2262	0.45454545454545453	True
4162	2050	0.36363636363636365	True
4162	457	0.2727272727272727	True
4162	1553	0.18181818181818182	False
4162	352	0.09090909090909091	True
2868	2356	0.9090909090909091	False
2868	3406	0.8181818181818182	False
2868	62	0.7272727272727273	False
2868	1050	0.6363636363636364	True
2868	2493	0.5454545454545454	True
2868	3412	0.45454545454545453	True
2868	479	0.36363636363636365	True
2868	1487	0.2727272727272727	False
2868	1827	0.18181818181818182	True
2868	2003	0.09090909090909091	True
4003	2356	0.9090909090909091	False
4003	3406	0.8181818181818182	False
4003	62	0.7272727272727273	False
4003	1553	0.6363636363636364	False
4003	1487	0.5454545454545454	False
4003	2003	0.45454545454545453	True
4003	2501	0.36363636363636365	True
4003	1827	0.2727272727272727	True
4003	479	0.18181818181818182	True
4003	1688	0.09090909090909091	True
2542	2356	0.9090909090909091	False
2542	3406	0.8181818181818182	False
2542	62	0.7272727272727273	False
2542	1487	0.6363636363636364	False
2542	1553	0.5454545454545454	False
2542	3511	0.45454545454545453	True
2542	3389	0.36363636363636365	True
2542	352	0.2727272727272727	True
2542	1305	0.18181818181818182	True
2542	2582	0.09090909090909091	True
1618	2356	0.9090909090909091	False
1618	3406	0.8181818181818182	False
1618	62	0.7272727272727273	False
1618	1553	0.6363636363636364	False
1618	1487	0.5454545454545454	False
1618	479	0.45454545454545453	True
1618	3389	0.36363636363636365	True
1618	3720	0.2727272727272727	True
1618	2906	0.18181818181818182	True
1618	2582	0.09090909090909091	True
1014	2356	0.9090909090909091	False
1014	3406	0.8181818181818182	False
1014	62	0.7272727272727273	False
1014	1487	0.6363636363636364	False
1014	1553	0.5454545454545454	False
1014	3504	0.45454545454545453	True
1014	2271	0.36363636363636365	True
1014	2906	0.2727272727272727	True
1014	261	0.18181818181818182	True
1014	244	0.09090909090909091	True
2886	2356	0.9090909090909091	False
2886	3406	0.8181818181818182	False
2886	62	0.7272727272727273	False
2886	1487	0.6363636363636364	False
2886	2262	0.5454545454545454	True
2886	1038	0.45454545454545453	True
2886	2585	0.36363636363636365	True
2886	603	0.2727272727272727	True
2886	3735	0.18181818181818182	True
2886	2003	0.09090909090909091	True
5671	2356	0.9090909090909091	False
5671	3406	0.8181818181818182	False
5671	62	0.7272727272727273	False
5671	1553	0.6363636363636364	False
5671	3511	0.5454545454545454	True
5671	1050	0.45454545454545453	True
5671	1487	0.36363636363636365	False
5671	479	0.2727272727272727	True
5671	2271	0.18181818181818182	True
5671	3412	0.09090909090909091	True
2040	2356	0.9090909090909091	False
2040	3406	0.8181818181818182	False
2040	62	0.7272727272727273	False
2040	1553	0.6363636363636364	False
2040	1487	0.5454545454545454	False
2040	1920	0.45454545454545453	True
2040	603	0.36363636363636365	True
2040	3504	0.2727272727272727	True
2040	162	0.18181818181818182	True
2040	3511	0.09090909090909091	True
4556	2356	0.9090909090909091	False
4556	3406	0.8181818181818182	False
4556	62	0.7272727272727273	False
4556	3081	0.6363636363636364	True
4556	1487	0.5454545454545454	False
4556	457	0.45454545454545453	True
4556	1688	0.36363636363636365	True
4556	352	0.2727272727272727	True
4556	603	0.18181818181818182	True
4556	1553	0.09090909090909091	False
4892	2356	0.9090909090909091	False
4892	3406	0.8181818181818182	False
4892	62	0.7272727272727273	False
4892	1487	0.6363636363636364	False
4892	3389	0.5454545454545454	True
4892	2262	0.45454545454545453	True
4892	1553	0.36363636363636365	False
4892	3412	0.2727272727272727	True
4892	2003	0.18181818181818182	True
4892	352	0.09090909090909091	True
4132	2356	0.9090909090909091	False
4132	3406	0.8181818181818182	False
4132	62	0.7272727272727273	False
4132	1487	0.6363636363636364	False
4132	2271	0.5454545454545454	True
4132	3504	0.45454545454545453	True
4132	352	0.36363636363636365	True
4132	3511	0.2727272727272727	True
4132	1920	0.18181818181818182	True
4132	714	0.09090909090909091	True
527	2356	0.9090909090909091	False
527	3406	0.8181818181818182	False
527	62	0.7272727272727273	False
527	1553	0.6363636363636364	False
527	1487	0.5454545454545454	False
527	479	0.45454545454545453	True
527	2271	0.36363636363636365	True
527	3504	0.2727272727272727	True
527	603	0.18181818181818182	True
527	2003	0.09090909090909091	True
5338	2356	0.9090909090909091	False
5338	3406	0.8181818181818182	False
5338	62	0.7272727272727273	False
5338	1487	0.6363636363636364	False
5338	1217	0.5454545454545454	True
5338	2003	0.45454545454545453	True
5338	1050	0.36363636363636365	True
5338	3412	0.2727272727272727	True
5338	3720	0.18181818181818182	True
5338	3081	0.09090909090909091	True
3713	2356	0.9090909090909091	False
3713	3406	0.8181818181818182	False
3713	62	0.7272727272727273	False
3713	1553	0.6363636363636364	False
3713	3412	0.5454545454545454	True
3713	3748	0.45454545454545453	True
3713	3504	0.36363636363636365	True
3713	261	0.2727272727272727	True
3713	2666	0.18181818181818182	True
3713	3697	0.09090909090909091	True
4317	2356	0.9090909090909091	False
4317	3406	0.8181818181818182	False
4317	62	0.7272727272727273	False
4317	1487	0.6363636363636364	False
4317	714	0.5454545454545454	True
4317	1553	0.45454545454545453	False
4317	2906	0.36363636363636365	True
4317	3720	0.2727272727272727	True
4317	479	0.18181818181818182	True
4317	3412	0.09090909090909091	True
2648	2356	0.9090909090909091	False
2648	3406	0.8181818181818182	False
2648	62	0.7272727272727273	False
2648	1487	0.6363636363636364	False
2648	1217	0.5454545454545454	True
2648	1827	0.45454545454545453	True
2648	1553	0.36363636363636365	False
2648	2003	0.2727272727272727	True
2648	1473	0.18181818181818182	True
2648	1754	0.09090909090909091	True
5096	2356	0.9090909090909091	False
5096	3406	0.8181818181818182	False
5096	62	0.7272727272727273	False
5096	1487	0.6363636363636364	False
5096	1553	0.5454545454545454	False
5096	310	0.45454545454545453	True
5096	479	0.36363636363636365	True
5096	1050	0.2727272727272727	True
5096	3389	0.18181818181818182	True
5096	2003	0.09090909090909091	True
4350	2356	0.9090909090909091	False
4350	3406	0.8181818181818182	False
4350	62	0.7272727272727273	False
4350	1553	0.6363636363636364	False
4350	1487	0.5454545454545454	False
4350	2271	0.45454545454545453	True
4350	3511	0.36363636363636365	True
4350	2493	0.2727272727272727	True
4350	261	0.18181818181818182	True
4350	1688	0.09090909090909091	True
112	2356	0.9090909090909091	False
112	3406	0.8181818181818182	False
112	62	0.7272727272727273	False
112	1050	0.6363636363636364	True
112	1553	0.5454545454545454	False
112	1487	0.45454545454545453	False
112	2493	0.36363636363636365	True
112	479	0.2727272727272727	True
112	1688	0.18181818181818182	True
112	1038	0.09090909090909091	True
4227	2356	0.9090909090909091	False
4227	3406	0.8181818181818182	False
4227	62	0.7272727272727273	False
4227	1553	0.6363636363636364	False
4227	1487	0.5454545454545454	False
4227	479	0.45454545454545453	True
4227	1050	0.36363636363636365	True
4227	352	0.2727272727272727	True
4227	2262	0.18181818181818182	True
4227	3412	0.09090909090909091	True
3064	2356	0.9090909090909091	False
3064	3406	0.8181818181818182	False
3064	62	0.7272727272727273	False
3064	1553	0.6363636363636364	False
3064	2493	0.5454545454545454	True
3064	1487	0.45454545454545453	False
3064	2991	0.36363636363636365	True
3064	1050	0.2727272727272727	True
3064	1920	0.18181818181818182	True
3064	261	0.09090909090909091	True
2603	2356	0.9090909090909091	False
2603	3406	0.8181818181818182	False
2603	62	0.7272727272727273	False
2603	1553	0.6363636363636364	False
2603	1487	0.5454545454545454	False
2603	479	0.45454545454545453	True
2603	2906	0.36363636363636365	True
2603	603	0.2727272727272727	True
2603	1688	0.18181818181818182	True
2603	1217	0.09090909090909091	True
1571	2356	0.9090909090909091	False
1571	3406	0.8181818181818182	False
1571	62	0.7272727272727273	False
1571	1487	0.6363636363636364	False
1571	261	0.5454545454545454	True
1571	1217	0.45454545454545453	True
1571	1553	0.36363636363636365	False
1571	2003	0.2727272727272727	True
1571	3412	0.18181818181818182	True
1571	310	0.09090909090909091	True
3578	2356	0.9090909090909091	False
3578	3406	0.8181818181818182	False
3578	62	0.7272727272727273	False
3578	1487	0.6363636363636364	False
3578	1553	0.5454545454545454	False
3578	2003	0.45454545454545453	True
3578	3511	0.36363636363636365	True
3578	2493	0.2727272727272727	True
3578	3081	0.18181818181818182	True
3578	714	0.09090909090909091	True
12	2356	0.9090909090909091	False
12	3406	0.8181818181818182	False
12	62	0.7272727272727273	False
12	1553	0.6363636363636364	False
12	1487	0.5454545454545454	False
12	603	0.45454545454545453	True
12	1217	0.36363636363636365	True
12	2003	0.2727272727272727	True
12	3504	0.18181818181818182	True
12	2906	0.09090909090909091	True
4213	2356	0.9090909090909091	False
4213	3406	0.8181818181818182	False
4213	62	0.7272727272727273	False
4213	2003	0.6363636363636364	True
4213	1487	0.5454545454545454	False
4213	1553	0.45454545454545453	False
4213	479	0.36363636363636365	True
4213	3720	0.2727272727272727	True
4213	1050	0.18181818181818182	True
4213	934	0.09090909090909091	True
5369	2356	0.9090909090909091	False
5369	3406	0.8181818181818182	False
5369	62	0.7272727272727273	False
5369	1487	0.6363636363636364	False
5369	1827	0.5454545454545454	True
5369	2262	0.45454545454545453	True
5369	2003	0.36363636363636365	True
5369	3511	0.2727272727272727	True
5369	352	0.18181818181818182	True
5369	1050	0.09090909090909091	True
5617	2356	0.9090909090909091	False
5617	3406	0.8181818181818182	False
5617	62	0.7272727272727273	False
5617	1553	0.6363636363636364	False
5617	2493	0.5454545454545454	True
5617	1827	0.45454545454545453	True
5617	1050	0.36363636363636365	True
5617	3735	0.2727272727272727	True
5617	2003	0.18181818181818182	True
5617	1688	0.09090909090909091	True
3592	2356	0.9090909090909091	False
3592	3406	0.8181818181818182	False
3592	62	0.7272727272727273	False
3592	1487	0.6363636363636364	False
3592	1553	0.5454545454545454	False
3592	1050	0.45454545454545453	True
3592	2003	0.36363636363636365	True
3592	2493	0.2727272727272727	True
3592	3412	0.18181818181818182	True
3592	3544	0.09090909090909091	True
380	2356	0.9090909090909091	False
380	3406	0.8181818181818182	False
380	62	0.7272727272727273	False
380	1487	0.6363636363636364	False
380	1553	0.5454545454545454	False
380	1217	0.45454545454545453	True
380	603	0.36363636363636365	True
380	3412	0.2727272727272727	True
380	1050	0.18181818181818182	True
380	2906	0.09090909090909091	True
4149	2356	0.9090909090909091	False
4149	3406	0.8181818181818182	False
4149	62	0.7272727272727273	False
4149	1487	0.6363636363636364	False
4149	714	0.5454545454545454	True
4149	1553	0.45454545454545453	False
4149	3511	0.36363636363636365	True
4149	2003	0.2727272727272727	True
4149	2262	0.18181818181818182	True
4149	479	0.09090909090909091	True
4975	2356	0.9090909090909091	False
4975	3406	0.8181818181818182	False
4975	62	0.7272727272727273	False
4975	1487	0.6363636363636364	False
4975	603	0.5454545454545454	True
4975	1553	0.45454545454545453	False
4975	1473	0.36363636363636365	True
4975	3544	0.2727272727272727	True
4975	2003	0.18181818181818182	True
4975	1623	0.09090909090909091	True
1120	2356	0.9090909090909091	False
1120	3406	0.8181818181818182	False
1120	62	0.7272727272727273	False
1120	1050	0.6363636363636364	True
1120	3412	0.5454545454545454	True
1120	1217	0.45454545454545453	True
1120	3081	0.36363636363636365	True
1120	1487	0.2727272727272727	False
1120	3720	0.18181818181818182	True
1120	2178	0.09090909090909091	True
3378	2356	0.9090909090909091	False
3378	3406	0.8181818181818182	False
3378	1553	0.7272727272727273	False
3378	62	0.6363636363636364	False
3378	1487	0.5454545454545454	False
3378	2407	0.45454545454545453	True
3378	1688	0.36363636363636365	True
3378	1623	0.2727272727272727	True
3378	3511	0.18181818181818182	True
3378	2501	0.09090909090909091	True
3307	2356	0.9090909090909091	False
3307	3406	0.8181818181818182	False
3307	62	0.7272727272727273	False
3307	1487	0.6363636363636364	False
3307	1688	0.5454545454545454	True
3307	2003	0.45454545454545453	True
3307	1553	0.36363636363636365	False
3307	3511	0.2727272727272727	True
3307	1827	0.18181818181818182	True
3307	3735	0.09090909090909091	True
939	2356	0.9090909090909091	False
939	3406	0.8181818181818182	False
939	62	0.7272727272727273	False
939	1487	0.6363636363636364	False
939	162	0.5454545454545454	True
939	3511	0.45454545454545453	True
939	1553	0.36363636363636365	False
939	2493	0.2727272727272727	True
939	1688	0.18181818181818182	True
939	352	0.09090909090909091	True
5207	2356	0.9090909090909091	False
5207	3406	0.8181818181818182	False
5207	62	0.7272727272727273	False
5207	1487	0.6363636363636364	False
5207	3081	0.5454545454545454	True
5207	352	0.45454545454545453	True
5207	2262	0.36363636363636365	True
5207	310	0.2727272727272727	True
5207	1827	0.18181818181818182	True
5207	457	0.09090909090909091	True
6036	2356	0.9090909090909091	False
6036	3406	0.8181818181818182	False
6036	62	0.7272727272727273	False
6036	1553	0.6363636363636364	False
6036	1487	0.5454545454545454	False
6036	3389	0.45454545454545453	True
6036	2003	0.36363636363636365	True
6036	1827	0.2727272727272727	True
6036	1050	0.18181818181818182	True
6036	1688	0.09090909090909091	True
2437	2356	0.9090909090909091	False
2437	3406	0.8181818181818182	False
2437	62	0.7272727272727273	False
2437	1487	0.6363636363636364	False
2437	1827	0.5454545454545454	True
2437	2003	0.45454545454545453	True
2437	2493	0.36363636363636365	True
2437	1688	0.2727272727272727	True
2437	3720	0.18181818181818182	True
2437	1050	0.09090909090909091	True
5758	2356	0.9090909090909091	False
5758	3406	0.8181818181818182	False
5758	62	0.7272727272727273	False
5758	1487	0.6363636363636364	False
5758	1553	0.5454545454545454	False
5758	1827	0.45454545454545453	True
5758	1050	0.36363636363636365	True
5758	1688	0.2727272727272727	True
5758	2493	0.18181818181818182	True
5758	1305	0.09090909090909091	True
2523	2356	0.9090909090909091	False
2523	3406	0.8181818181818182	False
2523	62	0.7272727272727273	False
2523	1553	0.6363636363636364	False
2523	1487	0.5454545454545454	False
2523	3504	0.45454545454545453	True
2523	3412	0.36363636363636365	True
2523	2906	0.2727272727272727	True
2523	3748	0.18181818181818182	True
2523	479	0.09090909090909091	True
5186	2356	0.9090909090909091	False
5186	3406	0.8181818181818182	False
5186	62	0.7272727272727273	False
5186	1553	0.6363636363636364	False
5186	479	0.5454545454545454	True
5186	3735	0.45454545454545453	True
5186	1827	0.36363636363636365	True
5186	2493	0.2727272727272727	True
5186	1050	0.18181818181818182	True
5186	1487	0.09090909090909091	False
2381	2356	0.9090909090909091	False
2381	3406	0.8181818181818182	False
2381	62	0.7272727272727273	False
2381	1487	0.6363636363636364	False
2381	1688	0.5454545454545454	True
2381	2493	0.45454545454545453	True
2381	3081	0.36363636363636365	True
2381	1050	0.2727272727272727	True
2381	1827	0.18181818181818182	True
2381	1553	0.09090909090909091	False
