1825	3410	0.9090909090909091	False
1825	1248	0.8181818181818182	False
1825	3341	0.7272727272727273	False
1825	991	0.6363636363636364	True
1825	1269	0.5454545454545454	True
1825	70	0.45454545454545453	False
1825	1267	0.36363636363636365	True
1825	813	0.2727272727272727	True
1825	3685	0.18181818181818182	True
1825	2080	0.09090909090909091	True
4216	3410	0.9090909090909091	False
4216	3341	0.8181818181818182	False
4216	1248	0.7272727272727273	False
4216	1261	0.6363636363636364	False
4216	1267	0.5454545454545454	True
4216	70	0.45454545454545453	False
4216	2692	0.36363636363636365	True
4216	991	0.2727272727272727	True
4216	1269	0.18181818181818182	True
4216	813	0.09090909090909091	True
2569	3410	0.9090909090909091	False
2569	3341	0.8181818181818182	False
2569	1248	0.7272727272727273	False
2569	1269	0.6363636363636364	True
2569	1267	0.5454545454545454	True
2569	2692	0.45454545454545453	True
2569	70	0.36363636363636365	False
2569	2242	0.2727272727272727	True
2569	2289	0.18181818181818182	True
2569	991	0.09090909090909091	True
5255	3410	0.9090909090909091	False
5255	1248	0.8181818181818182	False
5255	70	0.7272727272727273	False
5255	991	0.6363636363636364	True
5255	1267	0.5454545454545454	True
5255	1269	0.45454545454545453	True
5255	3341	0.36363636363636365	False
5255	2080	0.2727272727272727	True
5255	1261	0.18181818181818182	False
5255	813	0.09090909090909091	True
1616	3410	0.9090909090909091	False
1616	1248	0.8181818181818182	False
1616	3341	0.7272727272727273	False
1616	70	0.6363636363636364	False
1616	1261	0.5454545454545454	False
1616	991	0.45454545454545453	True
1616	1267	0.36363636363636365	True
1616	2242	0.2727272727272727	True
1616	2692	0.18181818181818182	True
1616	2080	0.09090909090909091	True
3989	3410	0.9090909090909091	False
3989	3341	0.8181818181818182	False
3989	1248	0.7272727272727273	False
3989	1269	0.6363636363636364	True
3989	70	0.5454545454545454	False
3989	1267	0.45454545454545453	True
3989	991	0.36363636363636365	True
3989	1261	0.2727272727272727	False
3989	2692	0.18181818181818182	True
3989	2242	0.09090909090909091	True
5746	3410	0.9090909090909091	False
5746	70	0.8181818181818182	False
5746	991	0.7272727272727273	True
5746	1269	0.6363636363636364	True
5746	1248	0.5454545454545454	False
5746	426	0.45454545454545453	True
5746	813	0.36363636363636365	True
5746	3434	0.2727272727272727	True
5746	1261	0.18181818181818182	False
5746	3341	0.09090909090909091	False
4109	3410	0.9090909090909091	False
4109	1269	0.8181818181818182	True
4109	1248	0.7272727272727273	False
4109	70	0.6363636363636364	False
4109	991	0.5454545454545454	True
4109	1267	0.45454545454545453	True
4109	3434	0.36363636363636365	True
4109	3685	0.2727272727272727	True
4109	813	0.18181818181818182	True
4109	2692	0.09090909090909091	True
4191	3410	0.9090909090909091	False
4191	1248	0.8181818181818182	False
4191	3341	0.7272727272727273	False
4191	1267	0.6363636363636364	True
4191	1261	0.5454545454545454	False
4191	991	0.45454545454545453	True
4191	70	0.36363636363636365	False
4191	3434	0.2727272727272727	True
4191	1269	0.18181818181818182	True
4191	2692	0.09090909090909091	True
556	3410	0.9090909090909091	False
556	1269	0.8181818181818182	True
556	1248	0.7272727272727273	False
556	70	0.6363636363636364	False
556	3685	0.5454545454545454	True
556	991	0.45454545454545453	True
556	1267	0.36363636363636365	True
556	426	0.2727272727272727	True
556	3690	0.18181818181818182	True
556	3434	0.09090909090909091	True
2187	3410	0.9090909090909091	False
2187	70	0.8181818181818182	False
2187	3341	0.7272727272727273	False
2187	1267	0.6363636363636364	True
2187	991	0.5454545454545454	True
2187	1261	0.45454545454545453	False
2187	1248	0.36363636363636365	False
2187	2692	0.2727272727272727	True
2187	1269	0.18181818181818182	True
2187	2080	0.09090909090909091	True
3575	3410	0.9090909090909091	False
3575	1269	0.8181818181818182	True
3575	1248	0.7272727272727273	False
3575	3341	0.6363636363636364	False
3575	70	0.5454545454545454	False
3575	2692	0.45454545454545453	True
3575	1261	0.36363636363636365	False
3575	1267	0.2727272727272727	True
3575	991	0.18181818181818182	True
3575	2289	0.09090909090909091	True
987	3410	0.9090909090909091	False
987	70	0.8181818181818182	False
987	1269	0.7272727272727273	True
987	813	0.6363636363636364	True
987	1267	0.5454545454545454	True
987	1248	0.45454545454545453	False
987	2692	0.36363636363636365	True
987	991	0.2727272727272727	True
987	1261	0.18181818181818182	False
987	3341	0.09090909090909091	False
926	3410	0.9090909090909091	False
926	1248	0.8181818181818182	False
926	70	0.7272727272727273	False
926	3341	0.6363636363636364	False
926	2692	0.5454545454545454	True
926	1269	0.45454545454545453	True
926	1261	0.36363636363636365	False
926	1267	0.2727272727272727	True
926	813	0.18181818181818182	True
926	2242	0.09090909090909091	True
5976	3410	0.9090909090909091	False
5976	70	0.8181818181818182	False
5976	3341	0.7272727272727273	False
5976	1261	0.6363636363636364	False
5976	1267	0.5454545454545454	True
5976	1269	0.45454545454545453	True
5976	1248	0.36363636363636365	False
5976	3690	0.2727272727272727	True
5976	813	0.18181818181818182	True
5976	3434	0.09090909090909091	True
2703	3410	0.9090909090909091	False
2703	70	0.8181818181818182	False
2703	1248	0.7272727272727273	False
2703	1269	0.6363636363636364	True
2703	1261	0.5454545454545454	False
2703	3685	0.45454545454545453	True
2703	3341	0.36363636363636365	False
2703	3434	0.2727272727272727	True
2703	1267	0.18181818181818182	True
2703	991	0.09090909090909091	True
4777	3410	0.9090909090909091	False
4777	3341	0.8181818181818182	False
4777	1248	0.7272727272727273	False
4777	1261	0.6363636363636364	False
4777	2692	0.5454545454545454	True
4777	1269	0.45454545454545453	True
4777	70	0.36363636363636365	False
4777	991	0.2727272727272727	True
4777	3434	0.18181818181818182	True
4777	813	0.09090909090909091	True
1786	3410	0.9090909090909091	False
1786	1269	0.8181818181818182	True
1786	70	0.7272727272727273	False
1786	2692	0.6363636363636364	True
1786	2242	0.5454545454545454	True
1786	1261	0.45454545454545453	False
1786	1248	0.36363636363636365	False
1786	3341	0.2727272727272727	False
1786	991	0.18181818181818182	True
1786	1267	0.09090909090909091	True
2492	3410	0.9090909090909091	False
2492	1248	0.8181818181818182	False
2492	1269	0.7272727272727273	True
2492	3341	0.6363636363636364	False
2492	813	0.5454545454545454	True
2492	1267	0.45454545454545453	True
2492	70	0.36363636363636365	False
2492	1261	0.2727272727272727	False
2492	2736	0.18181818181818182	True
2492	2692	0.09090909090909091	True
5983	3410	0.9090909090909091	False
5983	1248	0.8181818181818182	False
5983	3341	0.7272727272727273	False
5983	2692	0.6363636363636364	True
5983	70	0.5454545454545454	False
5983	426	0.45454545454545453	True
5983	1261	0.36363636363636365	False
5983	1269	0.2727272727272727	True
5983	1267	0.18181818181818182	True
5983	813	0.09090909090909091	True
5346	3410	0.9090909090909091	False
5346	3341	0.8181818181818182	False
5346	991	0.7272727272727273	True
5346	1248	0.6363636363636364	False
5346	1269	0.5454545454545454	True
5346	3434	0.45454545454545453	True
5346	70	0.36363636363636365	False
5346	1267	0.2727272727272727	True
5346	1261	0.18181818181818182	False
5346	2692	0.09090909090909091	True
716	3410	0.9090909090909091	False
716	3341	0.8181818181818182	False
716	1248	0.7272727272727273	False
716	991	0.6363636363636364	True
716	70	0.5454545454545454	False
716	2242	0.45454545454545453	True
716	1267	0.36363636363636365	True
716	2692	0.2727272727272727	True
716	3434	0.18181818181818182	True
716	426	0.09090909090909091	True
463	3410	0.9090909090909091	False
463	70	0.8181818181818182	False
463	1248	0.7272727272727273	False
463	2692	0.6363636363636364	True
463	813	0.5454545454545454	True
463	1267	0.45454545454545453	True
463	1261	0.36363636363636365	False
463	991	0.2727272727272727	True
463	1269	0.18181818181818182	True
463	3341	0.09090909090909091	False
378	3410	0.9090909090909091	False
378	1248	0.8181818181818182	False
378	3341	0.7272727272727273	False
378	70	0.6363636363636364	False
378	426	0.5454545454545454	True
378	991	0.45454545454545453	True
378	2242	0.36363636363636365	True
378	2692	0.2727272727272727	True
378	1269	0.18181818181818182	True
378	2080	0.09090909090909091	True
4881	3410	0.9090909090909091	False
4881	1269	0.8181818181818182	True
4881	70	0.7272727272727273	False
4881	1267	0.6363636363636364	True
4881	1261	0.5454545454545454	False
4881	3341	0.45454545454545453	False
4881	1248	0.36363636363636365	False
4881	813	0.2727272727272727	True
4881	2692	0.18181818181818182	True
4881	3434	0.09090909090909091	True
3342	3410	0.9090909090909091	False
3342	3341	0.8181818181818182	False
3342	1248	0.7272727272727273	False
3342	70	0.6363636363636364	False
3342	1261	0.5454545454545454	False
3342	1267	0.45454545454545453	True
3342	3434	0.36363636363636365	True
3342	426	0.2727272727272727	True
3342	2080	0.18181818181818182	True
3342	3685	0.09090909090909091	True
5669	3410	0.9090909090909091	False
5669	1267	0.8181818181818182	True
5669	1248	0.7272727272727273	False
5669	1261	0.6363636363636364	False
5669	70	0.5454545454545454	False
5669	2692	0.45454545454545453	True
5669	3341	0.36363636363636365	False
5669	2080	0.2727272727272727	True
5669	1269	0.18181818181818182	True
5669	991	0.09090909090909091	True
703	3410	0.9090909090909091	False
703	1248	0.8181818181818182	False
703	3341	0.7272727272727273	False
703	70	0.6363636363636364	False
703	1267	0.5454545454545454	True
703	1269	0.45454545454545453	True
703	2692	0.36363636363636365	True
703	991	0.2727272727272727	True
703	2242	0.18181818181818182	True
703	2080	0.09090909090909091	True
1169	3410	0.9090909090909091	False
1169	70	0.8181818181818182	False
1169	1248	0.7272727272727273	False
1169	813	0.6363636363636364	True
1169	1261	0.5454545454545454	False
1169	3341	0.45454545454545453	False
1169	426	0.36363636363636365	True
1169	991	0.2727272727272727	True
1169	1269	0.18181818181818182	True
1169	2692	0.09090909090909091	True
3739	3410	0.9090909090909091	False
3739	1248	0.8181818181818182	False
3739	3341	0.7272727272727273	False
3739	991	0.6363636363636364	True
3739	1267	0.5454545454545454	True
3739	1269	0.45454545454545453	True
3739	2692	0.36363636363636365	True
3739	70	0.2727272727272727	False
3739	1261	0.18181818181818182	False
3739	2648	0.09090909090909091	True
195	3410	0.9090909090909091	False
195	3341	0.8181818181818182	False
195	1248	0.7272727272727273	False
195	70	0.6363636363636364	False
195	991	0.5454545454545454	True
195	2692	0.45454545454545453	True
195	1269	0.36363636363636365	True
195	1267	0.2727272727272727	True
195	813	0.18181818181818182	True
195	2289	0.09090909090909091	True
3258	3410	0.9090909090909091	False
3258	1248	0.8181818181818182	False
3258	3341	0.7272727272727273	False
3258	70	0.6363636363636364	False
3258	1269	0.5454545454545454	True
3258	2692	0.45454545454545453	True
3258	1267	0.36363636363636365	True
3258	3685	0.2727272727272727	True
3258	426	0.18181818181818182	True
3258	991	0.09090909090909091	True
4721	3410	0.9090909090909091	False
4721	1248	0.8181818181818182	False
4721	3341	0.7272727272727273	False
4721	1261	0.6363636363636364	False
4721	1267	0.5454545454545454	True
4721	2692	0.45454545454545453	True
4721	2080	0.36363636363636365	True
4721	3685	0.2727272727272727	True
4721	70	0.18181818181818182	False
4721	3434	0.09090909090909091	True
4019	3410	0.9090909090909091	False
4019	1248	0.8181818181818182	False
4019	3341	0.7272727272727273	False
4019	70	0.6363636363636364	False
4019	991	0.5454545454545454	True
4019	2692	0.45454545454545453	True
4019	1269	0.36363636363636365	True
4019	2242	0.2727272727272727	True
4019	426	0.18181818181818182	True
4019	1261	0.09090909090909091	False
2481	3410	0.9090909090909091	False
2481	1248	0.8181818181818182	False
2481	1267	0.7272727272727273	True
2481	1269	0.6363636363636364	True
2481	1261	0.5454545454545454	False
2481	3434	0.45454545454545453	True
2481	70	0.36363636363636365	False
2481	3341	0.2727272727272727	False
2481	3685	0.18181818181818182	True
2481	813	0.09090909090909091	True
2577	3410	0.9090909090909091	False
2577	1248	0.8181818181818182	False
2577	3341	0.7272727272727273	False
2577	1269	0.6363636363636364	True
2577	991	0.5454545454545454	True
2577	2736	0.45454545454545453	True
2577	1267	0.36363636363636365	True
2577	813	0.2727272727272727	True
2577	1261	0.18181818181818182	False
2577	2648	0.09090909090909091	True
4220	3410	0.9090909090909091	False
4220	1261	0.8181818181818182	False
4220	426	0.7272727272727273	True
4220	1248	0.6363636363636364	False
4220	3434	0.5454545454545454	True
4220	70	0.45454545454545453	False
4220	2080	0.36363636363636365	True
4220	3685	0.2727272727272727	True
4220	3690	0.18181818181818182	True
4220	991	0.09090909090909091	True
5741	3410	0.9090909090909091	False
5741	1248	0.8181818181818182	False
5741	1261	0.7272727272727273	False
5741	991	0.6363636363636364	True
5741	2648	0.5454545454545454	True
5741	3341	0.45454545454545453	False
5741	1269	0.36363636363636365	True
5741	2692	0.2727272727272727	True
5741	70	0.18181818181818182	False
5741	2242	0.09090909090909091	True
4612	3410	0.9090909090909091	False
4612	1248	0.8181818181818182	False
4612	1269	0.7272727272727273	True
4612	2692	0.6363636363636364	True
4612	3341	0.5454545454545454	False
4612	2242	0.45454545454545453	True
4612	3685	0.36363636363636365	True
4612	991	0.2727272727272727	True
4612	1267	0.18181818181818182	True
4612	1261	0.09090909090909091	False
5211	3410	0.9090909090909091	False
5211	1248	0.8181818181818182	False
5211	3341	0.7272727272727273	False
5211	70	0.6363636363636364	False
5211	1261	0.5454545454545454	False
5211	1267	0.45454545454545453	True
5211	1269	0.36363636363636365	True
5211	813	0.2727272727272727	True
5211	2692	0.18181818181818182	True
5211	2648	0.09090909090909091	True
807	3410	0.9090909090909091	False
807	3341	0.8181818181818182	False
807	1248	0.7272727272727273	False
807	991	0.6363636363636364	True
807	70	0.5454545454545454	False
807	1261	0.45454545454545453	False
807	2692	0.36363636363636365	True
807	1269	0.2727272727272727	True
807	1267	0.18181818181818182	True
807	3434	0.09090909090909091	True
692	3410	0.9090909090909091	False
692	1261	0.8181818181818182	False
692	2692	0.7272727272727273	True
692	1267	0.6363636363636364	True
692	1248	0.5454545454545454	False
692	3341	0.45454545454545453	False
692	991	0.36363636363636365	True
692	2242	0.2727272727272727	True
692	70	0.18181818181818182	False
692	1269	0.09090909090909091	True
789	3410	0.9090909090909091	False
789	70	0.8181818181818182	False
789	1248	0.7272727272727273	False
789	813	0.6363636363636364	True
789	2080	0.5454545454545454	True
789	1269	0.45454545454545453	True
789	1267	0.36363636363636365	True
789	3685	0.2727272727272727	True
789	426	0.18181818181818182	True
789	1261	0.09090909090909091	False
1239	3410	0.9090909090909091	False
1239	3341	0.8181818181818182	False
1239	70	0.7272727272727273	False
1239	1248	0.6363636363636364	False
1239	1267	0.5454545454545454	True
1239	991	0.45454545454545453	True
1239	2692	0.36363636363636365	True
1239	1261	0.2727272727272727	False
1239	1269	0.18181818181818182	True
1239	813	0.09090909090909091	True
2702	3410	0.9090909090909091	False
2702	3341	0.8181818181818182	False
2702	1248	0.7272727272727273	False
2702	991	0.6363636363636364	True
2702	70	0.5454545454545454	False
2702	1267	0.45454545454545453	True
2702	2692	0.36363636363636365	True
2702	1261	0.2727272727272727	False
2702	2242	0.18181818181818182	True
2702	1269	0.09090909090909091	True
1873	3410	0.9090909090909091	False
1873	70	0.8181818181818182	False
1873	1269	0.7272727272727273	True
1873	1248	0.6363636363636364	False
1873	3341	0.5454545454545454	False
1873	2692	0.45454545454545453	True
1873	813	0.36363636363636365	True
1873	1261	0.2727272727272727	False
1873	1267	0.18181818181818182	True
1873	991	0.09090909090909091	True
1726	3410	0.9090909090909091	False
1726	70	0.8181818181818182	False
1726	991	0.7272727272727273	True
1726	1267	0.6363636363636364	True
1726	3341	0.5454545454545454	False
1726	1261	0.45454545454545453	False
1726	2080	0.36363636363636365	True
1726	3685	0.2727272727272727	True
1726	2692	0.18181818181818182	True
1726	1269	0.09090909090909091	True
3687	3410	0.9090909090909091	False
3687	3341	0.8181818181818182	False
3687	1248	0.7272727272727273	False
3687	70	0.6363636363636364	False
3687	1267	0.5454545454545454	True
3687	2692	0.45454545454545453	True
3687	991	0.36363636363636365	True
3687	1261	0.2727272727272727	False
3687	2242	0.18181818181818182	True
3687	2080	0.09090909090909091	True
2669	3410	0.9090909090909091	False
2669	1248	0.8181818181818182	False
2669	3341	0.7272727272727273	False
2669	1269	0.6363636363636364	True
2669	813	0.5454545454545454	True
2669	70	0.45454545454545453	False
2669	1267	0.36363636363636365	True
2669	2080	0.2727272727272727	True
2669	2648	0.18181818181818182	True
2669	1261	0.09090909090909091	False
3178	3410	0.9090909090909091	False
3178	1248	0.8181818181818182	False
3178	3341	0.7272727272727273	False
3178	1269	0.6363636363636364	True
3178	70	0.5454545454545454	False
3178	991	0.45454545454545453	True
3178	3434	0.36363636363636365	True
3178	2242	0.2727272727272727	True
3178	3685	0.18181818181818182	True
3178	2080	0.09090909090909091	True
4115	3410	0.9090909090909091	False
4115	1248	0.8181818181818182	False
4115	70	0.7272727272727273	False
4115	991	0.6363636363636364	True
4115	1261	0.5454545454545454	False
4115	3341	0.45454545454545453	False
4115	1269	0.36363636363636365	True
4115	3685	0.2727272727272727	True
4115	2080	0.18181818181818182	True
4115	3434	0.09090909090909091	True
1722	3410	0.9090909090909091	False
1722	70	0.8181818181818182	False
1722	3341	0.7272727272727273	False
1722	1248	0.6363636363636364	False
1722	991	0.5454545454545454	True
1722	1269	0.45454545454545453	True
1722	1267	0.36363636363636365	True
1722	2692	0.2727272727272727	True
1722	1261	0.18181818181818182	False
1722	3690	0.09090909090909091	True
4638	3410	0.9090909090909091	False
4638	1261	0.8181818181818182	False
4638	70	0.7272727272727273	False
4638	813	0.6363636363636364	True
4638	1248	0.5454545454545454	False
4638	426	0.45454545454545453	True
4638	991	0.36363636363636365	True
4638	1269	0.2727272727272727	True
4638	1267	0.18181818181818182	True
4638	3434	0.09090909090909091	True
3760	3410	0.9090909090909091	False
3760	3341	0.8181818181818182	False
3760	991	0.7272727272727273	True
3760	70	0.6363636363636364	False
3760	1248	0.5454545454545454	False
3760	1267	0.45454545454545453	True
3760	1269	0.36363636363636365	True
3760	2692	0.2727272727272727	True
3760	2242	0.18181818181818182	True
3760	1261	0.09090909090909091	False
541	3410	0.9090909090909091	False
541	70	0.8181818181818182	False
541	1269	0.7272727272727273	True
541	2692	0.6363636363636364	True
541	991	0.5454545454545454	True
541	1267	0.45454545454545453	True
541	1248	0.36363636363636365	False
541	3341	0.2727272727272727	False
541	2242	0.18181818181818182	True
541	3685	0.09090909090909091	True
394	3410	0.9090909090909091	False
394	70	0.8181818181818182	False
394	1269	0.7272727272727273	True
394	3341	0.6363636363636364	False
394	1248	0.5454545454545454	False
394	1267	0.45454545454545453	True
394	813	0.36363636363636365	True
394	2692	0.2727272727272727	True
394	1261	0.18181818181818182	False
394	991	0.09090909090909091	True
3583	3410	0.9090909090909091	False
3583	1248	0.8181818181818182	False
3583	70	0.7272727272727273	False
3583	426	0.6363636363636364	True
3583	1269	0.5454545454545454	True
3583	3685	0.45454545454545453	True
3583	991	0.36363636363636365	True
3583	3341	0.2727272727272727	False
3583	2080	0.18181818181818182	True
3583	3434	0.09090909090909091	True
5183	3410	0.9090909090909091	False
5183	1248	0.8181818181818182	False
5183	991	0.7272727272727273	True
5183	70	0.6363636363636364	False
5183	1267	0.5454545454545454	True
5183	1261	0.45454545454545453	False
5183	3341	0.36363636363636365	False
5183	2692	0.2727272727272727	True
5183	2080	0.18181818181818182	True
5183	2242	0.09090909090909091	True
5132	3410	0.9090909090909091	False
5132	1261	0.8181818181818182	False
5132	70	0.7272727272727273	False
5132	1267	0.6363636363636364	True
5132	991	0.5454545454545454	True
5132	813	0.45454545454545453	True
5132	1248	0.36363636363636365	False
5132	2692	0.2727272727272727	True
5132	1269	0.18181818181818182	True
5132	2242	0.09090909090909091	True
5601	3410	0.9090909090909091	False
5601	1248	0.8181818181818182	False
5601	70	0.7272727272727273	False
5601	426	0.6363636363636364	True
5601	1269	0.5454545454545454	True
5601	2080	0.45454545454545453	True
5601	813	0.36363636363636365	True
5601	3434	0.2727272727272727	True
5601	1261	0.18181818181818182	False
5601	3685	0.09090909090909091	True
1880	3410	0.9090909090909091	False
1880	1248	0.8181818181818182	False
1880	1269	0.7272727272727273	True
1880	70	0.6363636363636364	False
1880	1261	0.5454545454545454	False
1880	2242	0.45454545454545453	True
1880	3341	0.36363636363636365	False
1880	1267	0.2727272727272727	True
1880	991	0.18181818181818182	True
1880	2692	0.09090909090909091	True
5955	3410	0.9090909090909091	False
5955	3341	0.8181818181818182	False
5955	1248	0.7272727272727273	False
5955	1267	0.6363636363636364	True
5955	2692	0.5454545454545454	True
5955	1269	0.45454545454545453	True
5955	70	0.36363636363636365	False
5955	991	0.2727272727272727	True
5955	3685	0.18181818181818182	True
5955	1261	0.09090909090909091	False
3954	3410	0.9090909090909091	False
3954	1248	0.8181818181818182	False
3954	991	0.7272727272727273	True
3954	70	0.6363636363636364	False
3954	3341	0.5454545454545454	False
3954	1261	0.45454545454545453	False
3954	2692	0.36363636363636365	True
3954	1267	0.2727272727272727	True
3954	3434	0.18181818181818182	True
3954	1269	0.09090909090909091	True
2597	3410	0.9090909090909091	False
2597	3341	0.8181818181818182	False
2597	1248	0.7272727272727273	False
2597	70	0.6363636363636364	False
2597	991	0.5454545454545454	True
2597	2692	0.45454545454545453	True
2597	1267	0.36363636363636365	True
2597	1261	0.2727272727272727	False
2597	3434	0.18181818181818182	True
2597	1269	0.09090909090909091	True
5761	3410	0.9090909090909091	False
5761	1269	0.8181818181818182	True
5761	70	0.7272727272727273	False
5761	1248	0.6363636363636364	False
5761	813	0.5454545454545454	True
5761	1261	0.45454545454545453	False
5761	426	0.36363636363636365	True
5761	3434	0.2727272727272727	True
5761	2692	0.18181818181818182	True
5761	3341	0.09090909090909091	False
746	3410	0.9090909090909091	False
746	3341	0.8181818181818182	False
746	1248	0.7272727272727273	False
746	426	0.6363636363636364	True
746	1261	0.5454545454545454	False
746	3434	0.45454545454545453	True
746	70	0.36363636363636365	False
746	991	0.2727272727272727	True
746	2692	0.18181818181818182	True
746	1269	0.09090909090909091	True
5451	3410	0.9090909090909091	False
5451	70	0.8181818181818182	False
5451	1248	0.7272727272727273	False
5451	991	0.6363636363636364	True
5451	1269	0.5454545454545454	True
5451	1261	0.45454545454545453	False
5451	3434	0.36363636363636365	True
5451	3341	0.2727272727272727	False
5451	813	0.18181818181818182	True
5451	3685	0.09090909090909091	True
990	3410	0.9090909090909091	False
990	70	0.8181818181818182	False
990	1248	0.7272727272727273	False
990	1267	0.6363636363636364	True
990	991	0.5454545454545454	True
990	3341	0.45454545454545453	False
990	2080	0.36363636363636365	True
990	1269	0.2727272727272727	True
990	2692	0.18181818181818182	True
990	813	0.09090909090909091	True
5119	3410	0.9090909090909091	False
5119	70	0.8181818181818182	False
5119	1248	0.7272727272727273	False
5119	3341	0.6363636363636364	False
5119	1267	0.5454545454545454	True
5119	1261	0.45454545454545453	False
5119	3685	0.36363636363636365	True
5119	2080	0.2727272727272727	True
5119	991	0.18181818181818182	True
5119	2692	0.09090909090909091	True
5697	3410	0.9090909090909091	False
5697	70	0.8181818181818182	False
5697	1267	0.7272727272727273	True
5697	1248	0.6363636363636364	False
5697	813	0.5454545454545454	True
5697	2242	0.45454545454545453	True
5697	1269	0.36363636363636365	True
5697	991	0.2727272727272727	True
5697	2692	0.18181818181818182	True
5697	3341	0.09090909090909091	False
4582	3410	0.9090909090909091	False
4582	1248	0.8181818181818182	False
4582	3341	0.7272727272727273	False
4582	1267	0.6363636363636364	True
4582	70	0.5454545454545454	False
4582	1269	0.45454545454545453	True
4582	1261	0.36363636363636365	False
4582	2692	0.2727272727272727	True
4582	3685	0.18181818181818182	True
4582	3434	0.09090909090909091	True
5220	3410	0.9090909090909091	False
5220	1269	0.8181818181818182	True
5220	1248	0.7272727272727273	False
5220	70	0.6363636363636364	False
5220	991	0.5454545454545454	True
5220	3434	0.45454545454545453	True
5220	813	0.36363636363636365	True
5220	2080	0.2727272727272727	True
5220	1267	0.18181818181818182	True
5220	1261	0.09090909090909091	False
1759	3410	0.9090909090909091	False
1759	1261	0.8181818181818182	False
1759	1269	0.7272727272727273	True
1759	1248	0.6363636363636364	False
1759	3434	0.5454545454545454	True
1759	3341	0.45454545454545453	False
1759	70	0.36363636363636365	False
1759	1267	0.2727272727272727	True
1759	813	0.18181818181818182	True
1759	2242	0.09090909090909091	True
5099	3410	0.9090909090909091	False
5099	3341	0.8181818181818182	False
5099	70	0.7272727272727273	False
5099	1267	0.6363636363636364	True
5099	1248	0.5454545454545454	False
5099	1269	0.45454545454545453	True
5099	991	0.36363636363636365	True
5099	2692	0.2727272727272727	True
5099	1261	0.18181818181818182	False
5099	2242	0.09090909090909091	True
4895	3410	0.9090909090909091	False
4895	1248	0.8181818181818182	False
4895	426	0.7272727272727273	True
4895	3341	0.6363636363636364	False
4895	1261	0.5454545454545454	False
4895	70	0.45454545454545453	False
4895	991	0.36363636363636365	True
4895	3434	0.2727272727272727	True
4895	3690	0.18181818181818182	True
4895	3685	0.09090909090909091	True
4946	3410	0.9090909090909091	False
4946	3341	0.8181818181818182	False
4946	1248	0.7272727272727273	False
4946	991	0.6363636363636364	True
4946	1261	0.5454545454545454	False
4946	70	0.45454545454545453	False
4946	1267	0.36363636363636365	True
4946	2242	0.2727272727272727	True
4946	3685	0.18181818181818182	True
4946	2692	0.09090909090909091	True
4400	3410	0.9090909090909091	False
4400	1248	0.8181818181818182	False
4400	1269	0.7272727272727273	True
4400	1267	0.6363636363636364	True
4400	1261	0.5454545454545454	False
4400	3341	0.45454545454545453	False
4400	991	0.36363636363636365	True
4400	3434	0.2727272727272727	True
4400	3690	0.18181818181818182	True
4400	2692	0.09090909090909091	True
3416	3410	0.9090909090909091	False
3416	991	0.8181818181818182	True
3416	1248	0.7272727272727273	False
3416	1267	0.6363636363636364	True
3416	70	0.5454545454545454	False
3416	3341	0.45454545454545453	False
3416	2648	0.36363636363636365	True
3416	2080	0.2727272727272727	True
3416	1269	0.18181818181818182	True
3416	2692	0.09090909090909091	True
2408	3410	0.9090909090909091	False
2408	2242	0.8181818181818182	True
2408	1248	0.7272727272727273	False
2408	1261	0.6363636363636364	False
2408	1269	0.5454545454545454	True
2408	991	0.45454545454545453	True
2408	2692	0.36363636363636365	True
2408	3341	0.2727272727272727	False
2408	1267	0.18181818181818182	True
2408	70	0.09090909090909091	False
4786	3410	0.9090909090909091	False
4786	3341	0.8181818181818182	False
4786	1248	0.7272727272727273	False
4786	70	0.6363636363636364	False
4786	991	0.5454545454545454	True
4786	2692	0.45454545454545453	True
4786	1261	0.36363636363636365	False
4786	1267	0.2727272727272727	True
4786	1269	0.18181818181818182	True
4786	3434	0.09090909090909091	True
294	3410	0.9090909090909091	False
294	3341	0.8181818181818182	False
294	1248	0.7272727272727273	False
294	2692	0.6363636363636364	True
294	991	0.5454545454545454	True
294	1267	0.45454545454545453	True
294	1261	0.36363636363636365	False
294	3685	0.2727272727272727	True
294	70	0.18181818181818182	False
294	426	0.09090909090909091	True
5691	3410	0.9090909090909091	False
5691	1248	0.8181818181818182	False
5691	991	0.7272727272727273	True
5691	1269	0.6363636363636364	True
5691	70	0.5454545454545454	False
5691	3341	0.45454545454545453	False
5691	3685	0.36363636363636365	True
5691	2692	0.2727272727272727	True
5691	1267	0.18181818181818182	True
5691	1261	0.09090909090909091	False
5135	3410	0.9090909090909091	False
5135	70	0.8181818181818182	False
5135	1248	0.7272727272727273	False
5135	1267	0.6363636363636364	True
5135	2080	0.5454545454545454	True
5135	3341	0.45454545454545453	False
5135	2692	0.36363636363636365	True
5135	1269	0.2727272727272727	True
5135	813	0.18181818181818182	True
5135	3685	0.09090909090909091	True
1302	3410	0.9090909090909091	False
1302	70	0.8181818181818182	False
1302	991	0.7272727272727273	True
1302	1248	0.6363636363636364	False
1302	1261	0.5454545454545454	False
1302	1267	0.45454545454545453	True
1302	426	0.36363636363636365	True
1302	1269	0.2727272727272727	True
1302	3341	0.18181818181818182	False
1302	813	0.09090909090909091	True
413	3410	0.9090909090909091	False
413	1261	0.8181818181818182	False
413	1267	0.7272727272727273	True
413	1269	0.6363636363636364	True
413	1248	0.5454545454545454	False
413	70	0.45454545454545453	False
413	3434	0.36363636363636365	True
413	991	0.2727272727272727	True
413	3341	0.18181818181818182	False
413	813	0.09090909090909091	True
4294	3410	0.9090909090909091	False
4294	1248	0.8181818181818182	False
4294	3685	0.7272727272727273	True
4294	1267	0.6363636363636364	True
4294	3341	0.5454545454545454	False
4294	2692	0.45454545454545453	True
4294	2080	0.36363636363636365	True
4294	70	0.2727272727272727	False
4294	426	0.18181818181818182	True
4294	813	0.09090909090909091	True
3454	3410	0.9090909090909091	False
3454	70	0.8181818181818182	False
3454	1269	0.7272727272727273	True
3454	991	0.6363636363636364	True
3454	1248	0.5454545454545454	False
3454	813	0.45454545454545453	True
3454	1261	0.36363636363636365	False
3454	1267	0.2727272727272727	True
3454	2242	0.18181818181818182	True
3454	3341	0.09090909090909091	False
2737	3410	0.9090909090909091	False
2737	991	0.8181818181818182	True
2737	1248	0.7272727272727273	False
2737	70	0.6363636363636364	False
2737	3341	0.5454545454545454	False
2737	1269	0.45454545454545453	True
2737	1267	0.36363636363636365	True
2737	2692	0.2727272727272727	True
2737	3434	0.18181818181818182	True
2737	426	0.09090909090909091	True
609	3410	0.9090909090909091	False
609	1261	0.8181818181818182	False
609	1248	0.7272727272727273	False
609	1267	0.6363636363636364	True
609	70	0.5454545454545454	False
609	3341	0.45454545454545453	False
609	991	0.36363636363636365	True
609	3685	0.2727272727272727	True
609	2080	0.18181818181818182	True
609	3434	0.09090909090909091	True
5261	3410	0.9090909090909091	False
5261	3341	0.8181818181818182	False
5261	70	0.7272727272727273	False
5261	1248	0.6363636363636364	False
5261	991	0.5454545454545454	True
5261	2080	0.45454545454545453	True
5261	1267	0.36363636363636365	True
5261	2242	0.2727272727272727	True
5261	3685	0.18181818181818182	True
5261	1269	0.09090909090909091	True
5001	3410	0.9090909090909091	False
5001	1248	0.8181818181818182	False
5001	1269	0.7272727272727273	True
5001	3685	0.6363636363636364	True
5001	3341	0.5454545454545454	False
5001	2692	0.45454545454545453	True
5001	1267	0.36363636363636365	True
5001	3434	0.2727272727272727	True
5001	1261	0.18181818181818182	False
5001	70	0.09090909090909091	False
2274	3410	0.9090909090909091	False
2274	1248	0.8181818181818182	False
2274	1269	0.7272727272727273	True
2274	3685	0.6363636363636364	True
2274	1261	0.5454545454545454	False
2274	3434	0.45454545454545453	True
2274	2080	0.36363636363636365	True
2274	3341	0.2727272727272727	False
2274	426	0.18181818181818182	True
2274	2736	0.09090909090909091	True
2683	3410	0.9090909090909091	False
2683	2242	0.8181818181818182	True
2683	1248	0.7272727272727273	False
2683	1269	0.6363636363636364	True
2683	2692	0.5454545454545454	True
2683	1267	0.45454545454545453	True
2683	70	0.36363636363636365	False
2683	1261	0.2727272727272727	False
2683	991	0.18181818181818182	True
2683	3341	0.09090909090909091	False
3635	3410	0.9090909090909091	False
3635	1248	0.8181818181818182	False
3635	70	0.7272727272727273	False
3635	1267	0.6363636363636364	True
3635	991	0.5454545454545454	True
3635	1261	0.45454545454545453	False
3635	2692	0.36363636363636365	True
3635	3341	0.2727272727272727	False
3635	3685	0.18181818181818182	True
3635	1269	0.09090909090909091	True
4297	3410	0.9090909090909091	False
4297	2692	0.8181818181818182	True
4297	1248	0.7272727272727273	False
4297	70	0.6363636363636364	False
4297	991	0.5454545454545454	True
4297	3341	0.45454545454545453	False
4297	1267	0.36363636363636365	True
4297	2242	0.2727272727272727	True
4297	1261	0.18181818181818182	False
4297	1269	0.09090909090909091	True
1064	3410	0.9090909090909091	False
1064	1248	0.8181818181818182	False
1064	3341	0.7272727272727273	False
1064	2692	0.6363636363636364	True
1064	70	0.5454545454545454	False
1064	991	0.45454545454545453	True
1064	1267	0.36363636363636365	True
1064	1261	0.2727272727272727	False
1064	1269	0.18181818181818182	True
1064	2242	0.09090909090909091	True
5528	3410	0.9090909090909091	False
5528	1269	0.8181818181818182	True
5528	1267	0.7272727272727273	True
5528	70	0.6363636363636364	False
5528	2242	0.5454545454545454	True
5528	1248	0.45454545454545453	False
5528	3341	0.36363636363636365	False
5528	1261	0.2727272727272727	False
5528	991	0.18181818181818182	True
5528	2080	0.09090909090909091	True
4470	3410	0.9090909090909091	False
4470	70	0.8181818181818182	False
4470	1248	0.7272727272727273	False
4470	1269	0.6363636363636364	True
4470	813	0.5454545454545454	True
4470	3341	0.45454545454545453	False
4470	1261	0.36363636363636365	False
4470	3690	0.2727272727272727	True
4470	1267	0.18181818181818182	True
4470	2692	0.09090909090909091	True
