485	2108	0.9090909090909091	False
485	169	0.8181818181818182	False
485	2448	0.7272727272727273	False
485	2525	0.6363636363636364	False
485	1911	0.5454545454545454	False
485	2305	0.45454545454545453	True
485	1255	0.36363636363636365	True
485	2473	0.2727272727272727	True
485	1616	0.18181818181818182	True
485	1350	0.09090909090909091	True
2571	2108	0.9090909090909091	False
2571	169	0.8181818181818182	False
2571	2525	0.7272727272727273	False
2571	1255	0.6363636363636364	True
2571	1911	0.5454545454545454	False
2571	2448	0.45454545454545453	False
2571	2473	0.36363636363636365	True
2571	2305	0.2727272727272727	True
2571	1350	0.18181818181818182	True
2571	3050	0.09090909090909091	True
2894	169	0.9090909090909091	False
2894	2525	0.8181818181818182	False
2894	2108	0.7272727272727273	False
2894	1911	0.6363636363636364	False
2894	2448	0.5454545454545454	False
2894	2473	0.45454545454545453	True
2894	1255	0.36363636363636365	True
2894	1616	0.2727272727272727	True
2894	1350	0.18181818181818182	True
2894	3050	0.09090909090909091	True
4626	2108	0.9090909090909091	False
4626	2525	0.8181818181818182	False
4626	2448	0.7272727272727273	False
4626	1911	0.6363636363636364	False
4626	169	0.5454545454545454	False
4626	1255	0.45454545454545453	True
4626	2473	0.36363636363636365	True
4626	2305	0.2727272727272727	True
4626	3050	0.18181818181818182	True
4626	1616	0.09090909090909091	True
3921	2108	0.9090909090909091	False
3921	2448	0.8181818181818182	False
3921	2525	0.7272727272727273	False
3921	1911	0.6363636363636364	False
3921	2305	0.5454545454545454	True
3921	169	0.45454545454545453	False
3921	1255	0.36363636363636365	True
3921	1616	0.2727272727272727	True
3921	2940	0.18181818181818182	True
3921	3928	0.09090909090909091	True
5401	2525	0.9090909090909091	False
5401	2108	0.8181818181818182	False
5401	1255	0.7272727272727273	True
5401	1911	0.6363636363636364	False
5401	2448	0.5454545454545454	False
5401	2473	0.45454545454545453	True
5401	169	0.36363636363636365	False
5401	2305	0.2727272727272727	True
5401	3928	0.18181818181818182	True
5401	3050	0.09090909090909091	True
3250	2108	0.9090909090909091	False
3250	169	0.8181818181818182	False
3250	1255	0.7272727272727273	True
3250	2525	0.6363636363636364	False
3250	1616	0.5454545454545454	True
3250	1911	0.45454545454545453	False
3250	2473	0.36363636363636365	True
3250	2448	0.2727272727272727	False
3250	2305	0.18181818181818182	True
3250	1350	0.09090909090909091	True
3394	2108	0.9090909090909091	False
3394	1255	0.8181818181818182	True
3394	169	0.7272727272727273	False
3394	1911	0.6363636363636364	False
3394	2525	0.5454545454545454	False
3394	2448	0.45454545454545453	False
3394	3928	0.36363636363636365	True
3394	3050	0.2727272727272727	True
3394	2537	0.18181818181818182	True
3394	2305	0.09090909090909091	True
73	2108	0.9090909090909091	False
73	1911	0.8181818181818182	False
73	2525	0.7272727272727273	False
73	2448	0.6363636363636364	False
73	2305	0.5454545454545454	True
73	169	0.45454545454545453	False
73	1255	0.36363636363636365	True
73	1350	0.2727272727272727	True
73	2940	0.18181818181818182	True
73	2473	0.09090909090909091	True
304	2108	0.9090909090909091	False
304	169	0.8181818181818182	False
304	2525	0.7272727272727273	False
304	1255	0.6363636363636364	True
304	1911	0.5454545454545454	False
304	1350	0.45454545454545453	True
304	2448	0.36363636363636365	False
304	3050	0.2727272727272727	True
304	2305	0.18181818181818182	True
304	1616	0.09090909090909091	True
4226	2108	0.9090909090909091	False
4226	1255	0.8181818181818182	True
4226	2525	0.7272727272727273	False
4226	1911	0.6363636363636364	False
4226	2305	0.5454545454545454	True
4226	169	0.45454545454545453	False
4226	1616	0.36363636363636365	True
4226	2473	0.2727272727272727	True
4226	2448	0.18181818181818182	False
4226	3050	0.09090909090909091	True
5260	2108	0.9090909090909091	False
5260	2525	0.8181818181818182	False
5260	2448	0.7272727272727273	False
5260	169	0.6363636363636364	False
5260	1255	0.5454545454545454	True
5260	1911	0.45454545454545453	False
5260	2305	0.36363636363636365	True
5260	2473	0.2727272727272727	True
5260	3928	0.18181818181818182	True
5260	2537	0.09090909090909091	True
1465	2108	0.9090909090909091	False
1465	169	0.8181818181818182	False
1465	2525	0.7272727272727273	False
1465	1911	0.6363636363636364	False
1465	2448	0.5454545454545454	False
1465	2473	0.45454545454545453	True
1465	3050	0.36363636363636365	True
1465	1255	0.2727272727272727	True
1465	1616	0.18181818181818182	True
1465	1350	0.09090909090909091	True
3868	2108	0.9090909090909091	False
3868	2448	0.8181818181818182	False
3868	2525	0.7272727272727273	False
3868	169	0.6363636363636364	False
3868	1911	0.5454545454545454	False
3868	1255	0.45454545454545453	True
3868	1616	0.36363636363636365	True
3868	2305	0.2727272727272727	True
3868	2473	0.18181818181818182	True
3868	3928	0.09090909090909091	True
3844	2108	0.9090909090909091	False
3844	2525	0.8181818181818182	False
3844	2448	0.7272727272727273	False
3844	169	0.6363636363636364	False
3844	1911	0.5454545454545454	False
3844	2473	0.45454545454545453	True
3844	2305	0.36363636363636365	True
3844	1255	0.2727272727272727	True
3844	1350	0.18181818181818182	True
3844	2537	0.09090909090909091	True
5875	2108	0.9090909090909091	False
5875	2525	0.8181818181818182	False
5875	1911	0.7272727272727273	False
5875	2448	0.6363636363636364	False
5875	169	0.5454545454545454	False
5875	1616	0.45454545454545453	True
5875	2305	0.36363636363636365	True
5875	3050	0.2727272727272727	True
5875	1255	0.18181818181818182	True
5875	1350	0.09090909090909091	True
1681	2108	0.9090909090909091	False
1681	169	0.8181818181818182	False
1681	2525	0.7272727272727273	False
1681	1255	0.6363636363636364	True
1681	1911	0.5454545454545454	False
1681	2305	0.45454545454545453	True
1681	2473	0.36363636363636365	True
1681	2448	0.2727272727272727	False
1681	1616	0.18181818181818182	True
1681	2940	0.09090909090909091	True
5004	2108	0.9090909090909091	False
5004	169	0.8181818181818182	False
5004	2525	0.7272727272727273	False
5004	1255	0.6363636363636364	True
5004	1911	0.5454545454545454	False
5004	2448	0.45454545454545453	False
5004	1616	0.36363636363636365	True
5004	2305	0.2727272727272727	True
5004	2473	0.18181818181818182	True
5004	3050	0.09090909090909091	True
5153	2108	0.9090909090909091	False
5153	2305	0.8181818181818182	True
5153	1911	0.7272727272727273	False
5153	2448	0.6363636363636364	False
5153	1255	0.5454545454545454	True
5153	169	0.45454545454545453	False
5153	2525	0.36363636363636365	False
5153	2473	0.2727272727272727	True
5153	1616	0.18181818181818182	True
5153	2940	0.09090909090909091	True
2224	2108	0.9090909090909091	False
2224	1911	0.8181818181818182	False
2224	169	0.7272727272727273	False
2224	1255	0.6363636363636364	True
2224	2448	0.5454545454545454	False
2224	2525	0.45454545454545453	False
2224	2305	0.36363636363636365	True
2224	1616	0.2727272727272727	True
2224	1350	0.18181818181818182	True
2224	3050	0.09090909090909091	True
2165	2108	0.9090909090909091	False
2165	2525	0.8181818181818182	False
2165	1911	0.7272727272727273	False
2165	169	0.6363636363636364	False
2165	2448	0.5454545454545454	False
2165	1255	0.45454545454545453	True
2165	2305	0.36363636363636365	True
2165	2473	0.2727272727272727	True
2165	1616	0.18181818181818182	True
2165	2940	0.09090909090909091	True
854	2108	0.9090909090909091	False
854	1911	0.8181818181818182	False
854	169	0.7272727272727273	False
854	1255	0.6363636363636364	True
854	2525	0.5454545454545454	False
854	2448	0.45454545454545453	False
854	2305	0.36363636363636365	True
854	2473	0.2727272727272727	True
854	2940	0.18181818181818182	True
854	1616	0.09090909090909091	True
3170	169	0.9090909090909091	False
3170	2108	0.8181818181818182	False
3170	2525	0.7272727272727273	False
3170	2448	0.6363636363636364	False
3170	1255	0.5454545454545454	True
3170	1911	0.45454545454545453	False
3170	2473	0.36363636363636365	True
3170	2305	0.2727272727272727	True
3170	1616	0.18181818181818182	True
3170	2940	0.09090909090909091	True
4142	2108	0.9090909090909091	False
4142	169	0.8181818181818182	False
4142	1911	0.7272727272727273	False
4142	2525	0.6363636363636364	False
4142	2448	0.5454545454545454	False
4142	1255	0.45454545454545453	True
4142	3050	0.36363636363636365	True
4142	1350	0.2727272727272727	True
4142	1616	0.18181818181818182	True
4142	2940	0.09090909090909091	True
1509	2108	0.9090909090909091	False
1509	2448	0.8181818181818182	False
1509	1911	0.7272727272727273	False
1509	2525	0.6363636363636364	False
1509	169	0.5454545454545454	False
1509	1255	0.45454545454545453	True
1509	2305	0.36363636363636365	True
1509	1616	0.2727272727272727	True
1509	3928	0.18181818181818182	True
1509	1350	0.09090909090909091	True
1404	2108	0.9090909090909091	False
1404	2448	0.8181818181818182	False
1404	169	0.7272727272727273	False
1404	2525	0.6363636363636364	False
1404	2305	0.5454545454545454	True
1404	1255	0.45454545454545453	True
1404	1911	0.36363636363636365	False
1404	2473	0.2727272727272727	True
1404	2940	0.18181818181818182	True
1404	1616	0.09090909090909091	True
1343	2108	0.9090909090909091	False
1343	2525	0.8181818181818182	False
1343	1911	0.7272727272727273	False
1343	2448	0.6363636363636364	False
1343	169	0.5454545454545454	False
1343	1255	0.45454545454545453	True
1343	2305	0.36363636363636365	True
1343	2473	0.2727272727272727	True
1343	3050	0.18181818181818182	True
1343	1350	0.09090909090909091	True
5213	2108	0.9090909090909091	False
5213	1255	0.8181818181818182	True
5213	2448	0.7272727272727273	False
5213	1911	0.6363636363636364	False
5213	169	0.5454545454545454	False
5213	2525	0.45454545454545453	False
5213	2305	0.36363636363636365	True
5213	1616	0.2727272727272727	True
5213	2940	0.18181818181818182	True
5213	2473	0.09090909090909091	True
805	2108	0.9090909090909091	False
805	2525	0.8181818181818182	False
805	169	0.7272727272727273	False
805	1255	0.6363636363636364	True
805	2473	0.5454545454545454	True
805	2448	0.45454545454545453	False
805	1911	0.36363636363636365	False
805	1350	0.2727272727272727	True
805	2305	0.18181818181818182	True
805	3050	0.09090909090909091	True
689	2108	0.9090909090909091	False
689	2448	0.8181818181818182	False
689	2525	0.7272727272727273	False
689	2473	0.6363636363636364	True
689	2305	0.5454545454545454	True
689	1255	0.45454545454545453	True
689	1911	0.36363636363636365	False
689	169	0.2727272727272727	False
689	3928	0.18181818181818182	True
689	3106	0.09090909090909091	True
4590	2108	0.9090909090909091	False
4590	1911	0.8181818181818182	False
4590	2448	0.7272727272727273	False
4590	1255	0.6363636363636364	True
4590	169	0.5454545454545454	False
4590	2525	0.45454545454545453	False
4590	1616	0.36363636363636365	True
4590	3050	0.2727272727272727	True
4590	2940	0.18181818181818182	True
4590	2305	0.09090909090909091	True
580	2108	0.9090909090909091	False
580	2448	0.8181818181818182	False
580	1911	0.7272727272727273	False
580	2525	0.6363636363636364	False
580	169	0.5454545454545454	False
580	2305	0.45454545454545453	True
580	1255	0.36363636363636365	True
580	2473	0.2727272727272727	True
580	3928	0.18181818181818182	True
580	2940	0.09090909090909091	True
4940	2108	0.9090909090909091	False
4940	2525	0.8181818181818182	False
4940	169	0.7272727272727273	False
4940	1911	0.6363636363636364	False
4940	2448	0.5454545454545454	False
4940	2473	0.45454545454545453	True
4940	1255	0.36363636363636365	True
4940	2305	0.2727272727272727	True
4940	1616	0.18181818181818182	True
4940	1350	0.09090909090909091	True
5044	2108	0.9090909090909091	False
5044	2525	0.8181818181818182	False
5044	2448	0.7272727272727273	False
5044	2473	0.6363636363636364	True
5044	1911	0.5454545454545454	False
5044	1350	0.45454545454545453	True
5044	169	0.36363636363636365	False
5044	1255	0.2727272727272727	True
5044	2305	0.18181818181818182	True
5044	1616	0.09090909090909091	True
2435	2108	0.9090909090909091	False
2435	2448	0.8181818181818182	False
2435	1255	0.7272727272727273	True
2435	169	0.6363636363636364	False
2435	1911	0.5454545454545454	False
2435	2525	0.45454545454545453	False
2435	1616	0.36363636363636365	True
2435	2305	0.2727272727272727	True
2435	2473	0.18181818181818182	True
2435	2940	0.09090909090909091	True
1676	2108	0.9090909090909091	False
1676	2525	0.8181818181818182	False
1676	169	0.7272727272727273	False
1676	1911	0.6363636363636364	False
1676	1255	0.5454545454545454	True
1676	1350	0.45454545454545453	True
1676	2448	0.36363636363636365	False
1676	2305	0.2727272727272727	True
1676	2473	0.18181818181818182	True
1676	3050	0.09090909090909091	True
1270	2448	0.9090909090909091	False
1270	2525	0.8181818181818182	False
1270	1911	0.7272727272727273	False
1270	2108	0.6363636363636364	False
1270	2473	0.5454545454545454	True
1270	2305	0.45454545454545453	True
1270	169	0.36363636363636365	False
1270	1255	0.2727272727272727	True
1270	2430	0.18181818181818182	True
1270	1616	0.09090909090909091	True
4037	2108	0.9090909090909091	False
4037	169	0.8181818181818182	False
4037	1255	0.7272727272727273	True
4037	1911	0.6363636363636364	False
4037	1616	0.5454545454545454	True
4037	2525	0.45454545454545453	False
4037	2305	0.36363636363636365	True
4037	2940	0.2727272727272727	True
4037	2448	0.18181818181818182	False
4037	3050	0.09090909090909091	True
5244	169	0.9090909090909091	False
5244	2108	0.8181818181818182	False
5244	1255	0.7272727272727273	True
5244	2525	0.6363636363636364	False
5244	1911	0.5454545454545454	False
5244	1350	0.45454545454545453	True
5244	1616	0.36363636363636365	True
5244	2305	0.2727272727272727	True
5244	2473	0.18181818181818182	True
5244	2448	0.09090909090909091	False
2191	2108	0.9090909090909091	False
2191	2525	0.8181818181818182	False
2191	1911	0.7272727272727273	False
2191	169	0.6363636363636364	False
2191	2448	0.5454545454545454	False
2191	2473	0.45454545454545453	True
2191	3050	0.36363636363636365	True
2191	1616	0.2727272727272727	True
2191	2305	0.18181818181818182	True
2191	1255	0.09090909090909091	True
4538	2108	0.9090909090909091	False
4538	169	0.8181818181818182	False
4538	2525	0.7272727272727273	False
4538	1255	0.6363636363636364	True
4538	1911	0.5454545454545454	False
4538	2448	0.45454545454545453	False
4538	1616	0.36363636363636365	True
4538	2305	0.2727272727272727	True
4538	2473	0.18181818181818182	True
4538	1350	0.09090909090909091	True
1440	2525	0.9090909090909091	False
1440	1255	0.8181818181818182	True
1440	2108	0.7272727272727273	False
1440	1911	0.6363636363636364	False
1440	169	0.5454545454545454	False
1440	2448	0.45454545454545453	False
1440	2473	0.36363636363636365	True
1440	2305	0.2727272727272727	True
1440	1616	0.18181818181818182	True
1440	3928	0.09090909090909091	True
1218	1911	0.9090909090909091	False
1218	2108	0.8181818181818182	False
1218	2448	0.7272727272727273	False
1218	169	0.6363636363636364	False
1218	2525	0.5454545454545454	False
1218	1255	0.45454545454545453	True
1218	2305	0.36363636363636365	True
1218	3050	0.2727272727272727	True
1218	1616	0.18181818181818182	True
1218	2940	0.09090909090909091	True
2365	2108	0.9090909090909091	False
2365	2448	0.8181818181818182	False
2365	1255	0.7272727272727273	True
2365	1911	0.6363636363636364	False
2365	2525	0.5454545454545454	False
2365	2305	0.45454545454545453	True
2365	169	0.36363636363636365	False
2365	3928	0.2727272727272727	True
2365	2940	0.18181818181818182	True
2365	1350	0.09090909090909091	True
1777	169	0.9090909090909091	False
1777	2108	0.8181818181818182	False
1777	2525	0.7272727272727273	False
1777	1911	0.6363636363636364	False
1777	2448	0.5454545454545454	False
1777	1255	0.45454545454545453	True
1777	2305	0.36363636363636365	True
1777	2537	0.2727272727272727	True
1777	1616	0.18181818181818182	True
1777	3928	0.09090909090909091	True
6026	169	0.9090909090909091	False
6026	2108	0.8181818181818182	False
6026	2525	0.7272727272727273	False
6026	1255	0.6363636363636364	True
6026	1911	0.5454545454545454	False
6026	2448	0.45454545454545453	False
6026	2940	0.36363636363636365	True
6026	2305	0.2727272727272727	True
6026	2537	0.18181818181818182	True
6026	1350	0.09090909090909091	True
4304	2108	0.9090909090909091	False
4304	2448	0.8181818181818182	False
4304	1255	0.7272727272727273	True
4304	2525	0.6363636363636364	False
4304	2305	0.5454545454545454	True
4304	1911	0.45454545454545453	False
4304	1616	0.36363636363636365	True
4304	2473	0.2727272727272727	True
4304	3928	0.18181818181818182	True
4304	169	0.09090909090909091	False
3172	2108	0.9090909090909091	False
3172	169	0.8181818181818182	False
3172	2525	0.7272727272727273	False
3172	1255	0.6363636363636364	True
3172	2448	0.5454545454545454	False
3172	1911	0.45454545454545453	False
3172	2305	0.36363636363636365	True
3172	2473	0.2727272727272727	True
3172	1616	0.18181818181818182	True
3172	1350	0.09090909090909091	True
5119	2108	0.9090909090909091	False
5119	169	0.8181818181818182	False
5119	1911	0.7272727272727273	False
5119	2525	0.6363636363636364	False
5119	1255	0.5454545454545454	True
5119	2537	0.45454545454545453	True
5119	1350	0.36363636363636365	True
5119	3050	0.2727272727272727	True
5119	2448	0.18181818181818182	False
5119	2305	0.09090909090909091	True
3724	2108	0.9090909090909091	False
3724	2448	0.8181818181818182	False
3724	169	0.7272727272727273	False
3724	1911	0.6363636363636364	False
3724	2305	0.5454545454545454	True
3724	1616	0.45454545454545453	True
3724	2473	0.36363636363636365	True
3724	2525	0.2727272727272727	False
3724	1255	0.18181818181818182	True
3724	2940	0.09090909090909091	True
1063	2108	0.9090909090909091	False
1063	169	0.8181818181818182	False
1063	2525	0.7272727272727273	False
1063	1350	0.6363636363636364	True
1063	2448	0.5454545454545454	False
1063	1911	0.45454545454545453	False
1063	3050	0.36363636363636365	True
1063	2537	0.2727272727272727	True
1063	1255	0.18181818181818182	True
1063	1616	0.09090909090909091	True
5728	2108	0.9090909090909091	False
5728	2525	0.8181818181818182	False
5728	169	0.7272727272727273	False
5728	2448	0.6363636363636364	False
5728	1911	0.5454545454545454	False
5728	1255	0.45454545454545453	True
5728	2473	0.36363636363636365	True
5728	3491	0.2727272727272727	True
5728	2537	0.18181818181818182	True
5728	1616	0.09090909090909091	True
3586	2108	0.9090909090909091	False
3586	2525	0.8181818181818182	False
3586	1255	0.7272727272727273	True
3586	2448	0.6363636363636364	False
3586	1911	0.5454545454545454	False
3586	2305	0.45454545454545453	True
3586	169	0.36363636363636365	False
3586	2473	0.2727272727272727	True
3586	2940	0.18181818181818182	True
3586	1616	0.09090909090909091	True
658	2108	0.9090909090909091	False
658	1616	0.8181818181818182	True
658	169	0.7272727272727273	False
658	2473	0.6363636363636364	True
658	1911	0.5454545454545454	False
658	2525	0.45454545454545453	False
658	1255	0.36363636363636365	True
658	2305	0.2727272727272727	True
658	2448	0.18181818181818182	False
658	2537	0.09090909090909091	True
3305	2525	0.9090909090909091	False
3305	2448	0.8181818181818182	False
3305	169	0.7272727272727273	False
3305	2108	0.6363636363636364	False
3305	1911	0.5454545454545454	False
3305	1350	0.45454545454545453	True
3305	1255	0.36363636363636365	True
3305	1616	0.2727272727272727	True
3305	3050	0.18181818181818182	True
3305	2305	0.09090909090909091	True
3029	2108	0.9090909090909091	False
3029	2448	0.8181818181818182	False
3029	1911	0.7272727272727273	False
3029	2525	0.6363636363636364	False
3029	169	0.5454545454545454	False
3029	1616	0.45454545454545453	True
3029	1255	0.36363636363636365	True
3029	2305	0.2727272727272727	True
3029	1350	0.18181818181818182	True
3029	2473	0.09090909090909091	True
4840	2108	0.9090909090909091	False
4840	2525	0.8181818181818182	False
4840	169	0.7272727272727273	False
4840	1911	0.6363636363636364	False
4840	2448	0.5454545454545454	False
4840	2473	0.45454545454545453	True
4840	2305	0.36363636363636365	True
4840	1255	0.2727272727272727	True
4840	1616	0.18181818181818182	True
4840	2940	0.09090909090909091	True
4483	2108	0.9090909090909091	False
4483	169	0.8181818181818182	False
4483	2525	0.7272727272727273	False
4483	1255	0.6363636363636364	True
4483	2473	0.5454545454545454	True
4483	2537	0.45454545454545453	True
4483	1616	0.36363636363636365	True
4483	1350	0.2727272727272727	True
4483	1911	0.18181818181818182	False
4483	2448	0.09090909090909091	False
1595	169	0.9090909090909091	False
1595	2108	0.8181818181818182	False
1595	1255	0.7272727272727273	True
1595	1911	0.6363636363636364	False
1595	2525	0.5454545454545454	False
1595	1350	0.45454545454545453	True
1595	2448	0.36363636363636365	False
1595	2537	0.2727272727272727	True
1595	2473	0.18181818181818182	True
1595	1616	0.09090909090909091	True
4015	2108	0.9090909090909091	False
4015	2525	0.8181818181818182	False
4015	169	0.7272727272727273	False
4015	1255	0.6363636363636364	True
4015	1911	0.5454545454545454	False
4015	2448	0.45454545454545453	False
4015	2305	0.36363636363636365	True
4015	2473	0.2727272727272727	True
4015	2537	0.18181818181818182	True
4015	1616	0.09090909090909091	True
2492	2108	0.9090909090909091	False
2492	1255	0.8181818181818182	True
2492	2525	0.7272727272727273	False
2492	169	0.6363636363636364	False
2492	2305	0.5454545454545454	True
2492	1911	0.45454545454545453	False
2492	2940	0.36363636363636365	True
2492	1616	0.2727272727272727	True
2492	2448	0.18181818181818182	False
2492	1350	0.09090909090909091	True
1879	2108	0.9090909090909091	False
1879	2525	0.8181818181818182	False
1879	2448	0.7272727272727273	False
1879	1255	0.6363636363636364	True
1879	2305	0.5454545454545454	True
1879	1911	0.45454545454545453	False
1879	169	0.36363636363636365	False
1879	2473	0.2727272727272727	True
1879	1616	0.18181818181818182	True
1879	2537	0.09090909090909091	True
4103	1255	0.9090909090909091	True
4103	2525	0.8181818181818182	False
4103	2108	0.7272727272727273	False
4103	2448	0.6363636363636364	False
4103	169	0.5454545454545454	False
4103	1911	0.45454545454545453	False
4103	2473	0.36363636363636365	True
4103	2305	0.2727272727272727	True
4103	3928	0.18181818181818182	True
4103	1616	0.09090909090909091	True
880	2108	0.9090909090909091	False
880	1255	0.8181818181818182	True
880	2525	0.7272727272727273	False
880	1911	0.6363636363636364	False
880	2448	0.5454545454545454	False
880	169	0.45454545454545453	False
880	2305	0.36363636363636365	True
880	1616	0.2727272727272727	True
880	2473	0.18181818181818182	True
880	2940	0.09090909090909091	True
3827	2108	0.9090909090909091	False
3827	2448	0.8181818181818182	False
3827	2525	0.7272727272727273	False
3827	1911	0.6363636363636364	False
3827	169	0.5454545454545454	False
3827	2473	0.45454545454545453	True
3827	1255	0.36363636363636365	True
3827	2305	0.2727272727272727	True
3827	1350	0.18181818181818182	True
3827	1616	0.09090909090909091	True
3988	2108	0.9090909090909091	False
3988	2448	0.8181818181818182	False
3988	169	0.7272727272727273	False
3988	2525	0.6363636363636364	False
3988	1911	0.5454545454545454	False
3988	2473	0.45454545454545453	True
3988	2305	0.36363636363636365	True
3988	1255	0.2727272727272727	True
3988	1616	0.18181818181818182	True
3988	1350	0.09090909090909091	True
4718	2108	0.9090909090909091	False
4718	169	0.8181818181818182	False
4718	2525	0.7272727272727273	False
4718	1255	0.6363636363636364	True
4718	2448	0.5454545454545454	False
4718	1911	0.45454545454545453	False
4718	2305	0.36363636363636365	True
4718	2473	0.2727272727272727	True
4718	2940	0.18181818181818182	True
4718	1616	0.09090909090909091	True
4031	2108	0.9090909090909091	False
4031	169	0.8181818181818182	False
4031	2448	0.7272727272727273	False
4031	1911	0.6363636363636364	False
4031	2525	0.5454545454545454	False
4031	1255	0.45454545454545453	True
4031	1616	0.36363636363636365	True
4031	1350	0.2727272727272727	True
4031	2305	0.18181818181818182	True
4031	3050	0.09090909090909091	True
530	2108	0.9090909090909091	False
530	169	0.8181818181818182	False
530	2525	0.7272727272727273	False
530	1911	0.6363636363636364	False
530	2448	0.5454545454545454	False
530	2473	0.45454545454545453	True
530	1255	0.36363636363636365	True
530	2305	0.2727272727272727	True
530	2940	0.18181818181818182	True
530	1616	0.09090909090909091	True
32	2108	0.9090909090909091	False
32	169	0.8181818181818182	False
32	2525	0.7272727272727273	False
32	1255	0.6363636363636364	True
32	2448	0.5454545454545454	False
32	1911	0.45454545454545453	False
32	2305	0.36363636363636365	True
32	1350	0.2727272727272727	True
32	2473	0.18181818181818182	True
32	1616	0.09090909090909091	True
2813	2108	0.9090909090909091	False
2813	2525	0.8181818181818182	False
2813	169	0.7272727272727273	False
2813	1255	0.6363636363636364	True
2813	2448	0.5454545454545454	False
2813	1911	0.45454545454545453	False
2813	2473	0.36363636363636365	True
2813	2305	0.2727272727272727	True
2813	3928	0.18181818181818182	True
2813	2537	0.09090909090909091	True
4580	2108	0.9090909090909091	False
4580	2473	0.8181818181818182	True
4580	2448	0.7272727272727273	False
4580	169	0.6363636363636364	False
4580	2525	0.5454545454545454	False
4580	1255	0.45454545454545453	True
4580	1911	0.36363636363636365	False
4580	1350	0.2727272727272727	True
4580	2305	0.18181818181818182	True
4580	1616	0.09090909090909091	True
5382	2108	0.9090909090909091	False
5382	2525	0.8181818181818182	False
5382	2448	0.7272727272727273	False
5382	1911	0.6363636363636364	False
5382	169	0.5454545454545454	False
5382	2305	0.45454545454545453	True
5382	1255	0.36363636363636365	True
5382	2473	0.2727272727272727	True
5382	1616	0.18181818181818182	True
5382	1350	0.09090909090909091	True
3062	2108	0.9090909090909091	False
3062	1911	0.8181818181818182	False
3062	2448	0.7272727272727273	False
3062	2525	0.6363636363636364	False
3062	2305	0.5454545454545454	True
3062	169	0.45454545454545453	False
3062	1255	0.36363636363636365	True
3062	3050	0.2727272727272727	True
3062	2940	0.18181818181818182	True
3062	1616	0.09090909090909091	True
3380	2108	0.9090909090909091	False
3380	2525	0.8181818181818182	False
3380	2305	0.7272727272727273	True
3380	1255	0.6363636363636364	True
3380	1911	0.5454545454545454	False
3380	2448	0.45454545454545453	False
3380	169	0.36363636363636365	False
3380	2940	0.2727272727272727	True
3380	3050	0.18181818181818182	True
3380	1350	0.09090909090909091	True
4570	2108	0.9090909090909091	False
4570	169	0.8181818181818182	False
4570	2525	0.7272727272727273	False
4570	1911	0.6363636363636364	False
4570	1255	0.5454545454545454	True
4570	2473	0.45454545454545453	True
4570	2448	0.36363636363636365	False
4570	2305	0.2727272727272727	True
4570	1616	0.18181818181818182	True
4570	3050	0.09090909090909091	True
84	2108	0.9090909090909091	False
84	169	0.8181818181818182	False
84	2525	0.7272727272727273	False
84	2448	0.6363636363636364	False
84	1911	0.5454545454545454	False
84	1255	0.45454545454545453	True
84	2473	0.36363636363636365	True
84	1350	0.2727272727272727	True
84	2940	0.18181818181818182	True
84	3050	0.09090909090909091	True
3548	2108	0.9090909090909091	False
3548	2525	0.8181818181818182	False
3548	1911	0.7272727272727273	False
3548	2448	0.6363636363636364	False
3548	169	0.5454545454545454	False
3548	1255	0.45454545454545453	True
3548	2305	0.36363636363636365	True
3548	1350	0.2727272727272727	True
3548	3050	0.18181818181818182	True
3548	2940	0.09090909090909091	True
5422	2108	0.9090909090909091	False
5422	1255	0.8181818181818182	True
5422	169	0.7272727272727273	False
5422	2525	0.6363636363636364	False
5422	2305	0.5454545454545454	True
5422	2448	0.45454545454545453	False
5422	1616	0.36363636363636365	True
5422	2473	0.2727272727272727	True
5422	2537	0.18181818181818182	True
5422	3928	0.09090909090909091	True
5820	2108	0.9090909090909091	False
5820	2448	0.8181818181818182	False
5820	2525	0.7272727272727273	False
5820	169	0.6363636363636364	False
5820	1255	0.5454545454545454	True
5820	1350	0.45454545454545453	True
5820	1911	0.36363636363636365	False
5820	2940	0.2727272727272727	True
5820	3928	0.18181818181818182	True
5820	3050	0.09090909090909091	True
3626	2108	0.9090909090909091	False
3626	169	0.8181818181818182	False
3626	1911	0.7272727272727273	False
3626	1255	0.6363636363636364	True
3626	2525	0.5454545454545454	False
3626	2448	0.45454545454545453	False
3626	1616	0.36363636363636365	True
3626	2305	0.2727272727272727	True
3626	3050	0.18181818181818182	True
3626	1350	0.09090909090909091	True
4814	169	0.9090909090909091	False
4814	2108	0.8181818181818182	False
4814	2525	0.7272727272727273	False
4814	2448	0.6363636363636364	False
4814	1911	0.5454545454545454	False
4814	1255	0.45454545454545453	True
4814	2305	0.36363636363636365	True
4814	2473	0.2727272727272727	True
4814	2537	0.18181818181818182	True
4814	1616	0.09090909090909091	True
4633	2108	0.9090909090909091	False
4633	2525	0.8181818181818182	False
4633	169	0.7272727272727273	False
4633	2448	0.6363636363636364	False
4633	1911	0.5454545454545454	False
4633	2305	0.45454545454545453	True
4633	1255	0.36363636363636365	True
4633	2940	0.2727272727272727	True
4633	2537	0.18181818181818182	True
4633	2473	0.09090909090909091	True
4021	2108	0.9090909090909091	False
4021	2525	0.8181818181818182	False
4021	1255	0.7272727272727273	True
4021	2305	0.6363636363636364	True
4021	2448	0.5454545454545454	False
4021	169	0.45454545454545453	False
4021	1911	0.36363636363636365	False
4021	1616	0.2727272727272727	True
4021	2940	0.18181818181818182	True
4021	1350	0.09090909090909091	True
4605	2108	0.9090909090909091	False
4605	2448	0.8181818181818182	False
4605	2525	0.7272727272727273	False
4605	169	0.6363636363636364	False
4605	1911	0.5454545454545454	False
4605	2305	0.45454545454545453	True
4605	1255	0.36363636363636365	True
4605	1350	0.2727272727272727	True
4605	2940	0.18181818181818182	True
4605	3928	0.09090909090909091	True
771	2108	0.9090909090909091	False
771	2448	0.8181818181818182	False
771	1911	0.7272727272727273	False
771	2525	0.6363636363636364	False
771	169	0.5454545454545454	False
771	1255	0.45454545454545453	True
771	1350	0.36363636363636365	True
771	2305	0.2727272727272727	True
771	3050	0.18181818181818182	True
771	2473	0.09090909090909091	True
2006	2108	0.9090909090909091	False
2006	1255	0.8181818181818182	True
2006	2525	0.7272727272727273	False
2006	2473	0.6363636363636364	True
2006	169	0.5454545454545454	False
2006	2448	0.45454545454545453	False
2006	1616	0.36363636363636365	True
2006	1911	0.2727272727272727	False
2006	2305	0.18181818181818182	True
2006	2430	0.09090909090909091	True
1100	2108	0.9090909090909091	False
1100	2525	0.8181818181818182	False
1100	1255	0.7272727272727273	True
1100	2448	0.6363636363636364	False
1100	169	0.5454545454545454	False
1100	1911	0.45454545454545453	False
1100	2305	0.36363636363636365	True
1100	2473	0.2727272727272727	True
1100	1616	0.18181818181818182	True
1100	1350	0.09090909090909091	True
4642	2525	0.9090909090909091	False
4642	2448	0.8181818181818182	False
4642	2108	0.7272727272727273	False
4642	169	0.6363636363636364	False
4642	1911	0.5454545454545454	False
4642	1255	0.45454545454545453	True
4642	1616	0.36363636363636365	True
4642	3928	0.2727272727272727	True
4642	1350	0.18181818181818182	True
4642	3050	0.09090909090909091	True
2209	2108	0.9090909090909091	False
2209	169	0.8181818181818182	False
2209	2525	0.7272727272727273	False
2209	1255	0.6363636363636364	True
2209	1911	0.5454545454545454	False
2209	2448	0.45454545454545453	False
2209	2305	0.36363636363636365	True
2209	2473	0.2727272727272727	True
2209	2537	0.18181818181818182	True
2209	1350	0.09090909090909091	True
684	2108	0.9090909090909091	False
684	2448	0.8181818181818182	False
684	2525	0.7272727272727273	False
684	1255	0.6363636363636364	True
684	2305	0.5454545454545454	True
684	1911	0.45454545454545453	False
684	169	0.36363636363636365	False
684	2473	0.2727272727272727	True
684	1616	0.18181818181818182	True
684	1350	0.09090909090909091	True
4189	2108	0.9090909090909091	False
4189	169	0.8181818181818182	False
4189	2525	0.7272727272727273	False
4189	2448	0.6363636363636364	False
4189	1911	0.5454545454545454	False
4189	2473	0.45454545454545453	True
4189	1350	0.36363636363636365	True
4189	1255	0.2727272727272727	True
4189	1616	0.18181818181818182	True
4189	3050	0.09090909090909091	True
4933	2108	0.9090909090909091	False
4933	169	0.8181818181818182	False
4933	2525	0.7272727272727273	False
4933	2448	0.6363636363636364	False
4933	1255	0.5454545454545454	True
4933	1911	0.45454545454545453	False
4933	2473	0.36363636363636365	True
4933	3050	0.2727272727272727	True
4933	1616	0.18181818181818182	True
4933	2305	0.09090909090909091	True
456	2108	0.9090909090909091	False
456	169	0.8181818181818182	False
456	1255	0.7272727272727273	True
456	2448	0.6363636363636364	False
456	2525	0.5454545454545454	False
456	1911	0.45454545454545453	False
456	2473	0.36363636363636365	True
456	1616	0.2727272727272727	True
456	2305	0.18181818181818182	True
456	1350	0.09090909090909091	True
5415	2108	0.9090909090909091	False
5415	169	0.8181818181818182	False
5415	2525	0.7272727272727273	False
5415	1255	0.6363636363636364	True
5415	2448	0.5454545454545454	False
5415	2473	0.45454545454545453	True
5415	1911	0.36363636363636365	False
5415	2305	0.2727272727272727	True
5415	3928	0.18181818181818182	True
5415	1616	0.09090909090909091	True
3390	2108	0.9090909090909091	False
3390	169	0.8181818181818182	False
3390	2448	0.7272727272727273	False
3390	1911	0.6363636363636364	False
3390	2525	0.5454545454545454	False
3390	2305	0.45454545454545453	True
3390	2940	0.36363636363636365	True
3390	1616	0.2727272727272727	True
3390	2473	0.18181818181818182	True
3390	1255	0.09090909090909091	True
5633	2108	0.9090909090909091	False
5633	2525	0.8181818181818182	False
5633	169	0.7272727272727273	False
5633	2305	0.6363636363636364	True
5633	1255	0.5454545454545454	True
5633	1911	0.45454545454545453	False
5633	2448	0.36363636363636365	False
5633	2473	0.2727272727272727	True
5633	2537	0.18181818181818182	True
5633	1671	0.09090909090909091	True
4311	1255	0.9090909090909091	True
4311	2525	0.8181818181818182	False
4311	169	0.7272727272727273	False
4311	2108	0.6363636363636364	False
4311	1911	0.5454545454545454	False
4311	2448	0.45454545454545453	False
4311	2473	0.36363636363636365	True
4311	2305	0.2727272727272727	True
4311	1616	0.18181818181818182	True
4311	3928	0.09090909090909091	True
232	2108	0.9090909090909091	False
232	1255	0.8181818181818182	True
232	169	0.7272727272727273	False
232	2525	0.6363636363636364	False
232	1911	0.5454545454545454	False
232	2448	0.45454545454545453	False
232	2305	0.36363636363636365	True
232	2940	0.2727272727272727	True
232	1616	0.18181818181818182	True
232	3928	0.09090909090909091	True
925	2108	0.9090909090909091	False
925	2525	0.8181818181818182	False
925	1255	0.7272727272727273	True
925	169	0.6363636363636364	False
925	2473	0.5454545454545454	True
925	2448	0.45454545454545453	False
925	1350	0.36363636363636365	True
925	1911	0.2727272727272727	False
925	2305	0.18181818181818182	True
925	1616	0.09090909090909091	True
