4136	447	0.9090909090909091	False
4136	2485	0.8181818181818182	False
4136	3620	0.7272727272727273	True
4136	608	0.6363636363636364	False
4136	3140	0.5454545454545454	True
4136	2813	0.45454545454545453	True
4136	540	0.36363636363636365	False
4136	2637	0.2727272727272727	True
4136	1432	0.18181818181818182	True
4136	1496	0.09090909090909091	True
4806	447	0.9090909090909091	False
4806	608	0.8181818181818182	False
4806	2485	0.7272727272727273	False
4806	3140	0.6363636363636364	True
4806	2543	0.5454545454545454	True
4806	1120	0.45454545454545453	False
4806	1496	0.36363636363636365	True
4806	3620	0.2727272727272727	True
4806	590	0.18181818181818182	True
4806	540	0.09090909090909091	False
3671	447	0.9090909090909091	False
3671	2485	0.8181818181818182	False
3671	540	0.7272727272727273	False
3671	3140	0.6363636363636364	True
3671	3620	0.5454545454545454	True
3671	1120	0.45454545454545453	False
3671	590	0.36363636363636365	True
3671	608	0.2727272727272727	False
3671	2024	0.18181818181818182	True
3671	3586	0.09090909090909091	True
818	447	0.9090909090909091	False
818	2637	0.8181818181818182	True
818	2485	0.7272727272727273	False
818	608	0.6363636363636364	False
818	1432	0.5454545454545454	True
818	2813	0.45454545454545453	True
818	540	0.36363636363636365	False
818	611	0.2727272727272727	True
818	3140	0.18181818181818182	True
818	687	0.09090909090909091	True
2438	447	0.9090909090909091	False
2438	1329	0.8181818181818182	True
2438	1120	0.7272727272727273	False
2438	608	0.6363636363636364	False
2438	2485	0.5454545454545454	False
2438	2637	0.45454545454545453	True
2438	540	0.36363636363636365	False
2438	1500	0.2727272727272727	True
2438	2543	0.18181818181818182	True
2438	3140	0.09090909090909091	True
6011	447	0.9090909090909091	False
6011	2485	0.8181818181818182	False
6011	608	0.7272727272727273	False
6011	2637	0.6363636363636364	True
6011	540	0.5454545454545454	False
6011	2813	0.45454545454545453	True
6011	1329	0.36363636363636365	True
6011	1496	0.2727272727272727	True
6011	3938	0.18181818181818182	True
6011	1051	0.09090909090909091	True
1403	447	0.9090909090909091	False
1403	3140	0.8181818181818182	True
1403	540	0.7272727272727273	False
1403	2485	0.6363636363636364	False
1403	2637	0.5454545454545454	True
1403	1329	0.45454545454545453	True
1403	3586	0.36363636363636365	True
1403	141	0.2727272727272727	True
1403	2543	0.18181818181818182	True
1403	569	0.09090909090909091	True
2605	447	0.9090909090909091	False
2605	608	0.8181818181818182	False
2605	2485	0.7272727272727273	False
2605	1329	0.6363636363636364	True
2605	540	0.5454545454545454	False
2605	3140	0.45454545454545453	True
2605	1120	0.36363636363636365	False
2605	2024	0.2727272727272727	True
2605	2637	0.18181818181818182	True
2605	2543	0.09090909090909091	True
4634	447	0.9090909090909091	False
4634	1120	0.8181818181818182	False
4634	608	0.7272727272727273	False
4634	540	0.6363636363636364	False
4634	2637	0.5454545454545454	True
4634	1329	0.45454545454545453	True
4634	2485	0.36363636363636365	False
4634	2813	0.2727272727272727	True
4634	3938	0.18181818181818182	True
4634	590	0.09090909090909091	True
5176	447	0.9090909090909091	False
5176	1120	0.8181818181818182	False
5176	608	0.7272727272727273	False
5176	1324	0.6363636363636364	True
5176	1329	0.5454545454545454	True
5176	2813	0.45454545454545453	True
5176	1929	0.36363636363636365	True
5176	3140	0.2727272727272727	True
5176	2485	0.18181818181818182	False
5176	540	0.09090909090909091	False
5111	447	0.9090909090909091	False
5111	2485	0.8181818181818182	False
5111	3620	0.7272727272727273	True
5111	1120	0.6363636363636364	False
5111	590	0.5454545454545454	True
5111	1432	0.45454545454545453	True
5111	2813	0.36363636363636365	True
5111	3586	0.2727272727272727	True
5111	2024	0.18181818181818182	True
5111	540	0.09090909090909091	False
5716	447	0.9090909090909091	False
5716	1120	0.8181818181818182	False
5716	1500	0.7272727272727273	True
5716	1329	0.6363636363636364	True
5716	540	0.5454545454545454	False
5716	1465	0.45454545454545453	True
5716	2813	0.36363636363636365	True
5716	2485	0.2727272727272727	False
5716	590	0.18181818181818182	True
5716	2024	0.09090909090909091	True
4091	447	0.9090909090909091	False
4091	1329	0.8181818181818182	True
4091	2637	0.7272727272727273	True
4091	2813	0.6363636363636364	True
4091	540	0.5454545454545454	False
4091	1120	0.45454545454545453	False
4091	608	0.36363636363636365	False
4091	3938	0.2727272727272727	True
4091	2485	0.18181818181818182	False
4091	3140	0.09090909090909091	True
810	447	0.9090909090909091	False
810	3140	0.8181818181818182	True
810	540	0.7272727272727273	False
810	608	0.6363636363636364	False
810	1120	0.5454545454545454	False
810	3620	0.45454545454545453	True
810	2485	0.36363636363636365	False
810	2543	0.2727272727272727	True
810	569	0.18181818181818182	True
810	2637	0.09090909090909091	True
4881	447	0.9090909090909091	False
4881	1329	0.8181818181818182	True
4881	1120	0.7272727272727273	False
4881	1500	0.6363636363636364	True
4881	2637	0.5454545454545454	True
4881	2485	0.45454545454545453	False
4881	2543	0.36363636363636365	True
4881	1465	0.2727272727272727	True
4881	282	0.18181818181818182	True
4881	2813	0.09090909090909091	True
4737	447	0.9090909090909091	False
4737	2485	0.8181818181818182	False
4737	540	0.7272727272727273	False
4737	608	0.6363636363636364	False
4737	3938	0.5454545454545454	True
4737	1329	0.45454545454545453	True
4737	3140	0.36363636363636365	True
4737	2637	0.2727272727272727	True
4737	141	0.18181818181818182	True
4737	569	0.09090909090909091	True
2412	447	0.9090909090909091	False
2412	2485	0.8181818181818182	False
2412	540	0.7272727272727273	False
2412	608	0.6363636363636364	False
2412	3620	0.5454545454545454	True
2412	1324	0.45454545454545453	True
2412	3140	0.36363636363636365	True
2412	1120	0.2727272727272727	False
2412	2637	0.18181818181818182	True
2412	2745	0.09090909090909091	True
5585	447	0.9090909090909091	False
5585	2485	0.8181818181818182	False
5585	608	0.7272727272727273	False
5585	540	0.6363636363636364	False
5585	3620	0.5454545454545454	True
5585	1496	0.45454545454545453	True
5585	1120	0.36363636363636365	False
5585	141	0.2727272727272727	True
5585	3586	0.18181818181818182	True
5585	2543	0.09090909090909091	True
667	447	0.9090909090909091	False
667	1120	0.8181818181818182	False
667	3620	0.7272727272727273	True
667	2485	0.6363636363636364	False
667	1329	0.5454545454545454	True
667	608	0.45454545454545453	False
667	1324	0.36363636363636365	True
667	3140	0.2727272727272727	True
667	540	0.18181818181818182	False
667	1496	0.09090909090909091	True
511	447	0.9090909090909091	False
511	2485	0.8181818181818182	False
511	3140	0.7272727272727273	True
511	540	0.6363636363636364	False
511	2320	0.5454545454545454	True
511	3586	0.45454545454545453	True
511	1120	0.36363636363636365	False
511	2543	0.2727272727272727	True
511	692	0.18181818181818182	True
511	590	0.09090909090909091	True
1866	447	0.9090909090909091	False
1866	3620	0.8181818181818182	True
1866	1120	0.7272727272727273	False
1866	540	0.6363636363636364	False
1866	2813	0.5454545454545454	True
1866	1329	0.45454545454545453	True
1866	1500	0.36363636363636365	True
1866	590	0.2727272727272727	True
1866	2485	0.18181818181818182	False
1866	608	0.09090909090909091	False
2112	447	0.9090909090909091	False
2112	1329	0.8181818181818182	True
2112	1120	0.7272727272727273	False
2112	2485	0.6363636363636364	False
2112	2637	0.5454545454545454	True
2112	608	0.45454545454545453	False
2112	2813	0.36363636363636365	True
2112	3938	0.2727272727272727	True
2112	590	0.18181818181818182	True
2112	3140	0.09090909090909091	True
4246	447	0.9090909090909091	False
4246	2485	0.8181818181818182	False
4246	608	0.7272727272727273	False
4246	3620	0.6363636363636364	True
4246	3140	0.5454545454545454	True
4246	3938	0.45454545454545453	True
4246	540	0.36363636363636365	False
4246	141	0.2727272727272727	True
4246	1329	0.18181818181818182	True
4246	1120	0.09090909090909091	False
2004	447	0.9090909090909091	False
2004	1120	0.8181818181818182	False
2004	540	0.7272727272727273	False
2004	3140	0.6363636363636364	True
2004	2485	0.5454545454545454	False
2004	3620	0.45454545454545453	True
2004	2745	0.36363636363636365	True
2004	569	0.2727272727272727	True
2004	608	0.18181818181818182	False
2004	2637	0.09090909090909091	True
2372	447	0.9090909090909091	False
2372	1120	0.8181818181818182	False
2372	3586	0.7272727272727273	True
2372	3938	0.6363636363636364	True
2372	1432	0.5454545454545454	True
2372	1329	0.45454545454545453	True
2372	590	0.36363636363636365	True
2372	3620	0.2727272727272727	True
2372	540	0.18181818181818182	False
2372	3140	0.09090909090909091	True
3764	447	0.9090909090909091	False
3764	540	0.8181818181818182	False
3764	2485	0.7272727272727273	False
3764	3140	0.6363636363636364	True
3764	569	0.5454545454545454	True
3764	141	0.45454545454545453	True
3764	3620	0.36363636363636365	True
3764	2543	0.2727272727272727	True
3764	2597	0.18181818181818182	True
3764	2637	0.09090909090909091	True
3676	447	0.9090909090909091	False
3676	1120	0.8181818181818182	False
3676	2485	0.7272727272727273	False
3676	590	0.6363636363636364	True
3676	2813	0.5454545454545454	True
3676	3140	0.45454545454545453	True
3676	540	0.36363636363636365	False
3676	3620	0.2727272727272727	True
3676	608	0.18181818181818182	False
3676	2543	0.09090909090909091	True
2057	447	0.9090909090909091	False
2057	2485	0.8181818181818182	False
2057	1051	0.7272727272727273	True
2057	608	0.6363636363636364	False
2057	540	0.5454545454545454	False
2057	2637	0.45454545454545453	True
2057	1120	0.36363636363636365	False
2057	687	0.2727272727272727	True
2057	3620	0.18181818181818182	True
2057	282	0.09090909090909091	True
5	447	0.9090909090909091	False
5	2485	0.8181818181818182	False
5	3140	0.7272727272727273	True
5	608	0.6363636363636364	False
5	2637	0.5454545454545454	True
5	1496	0.45454545454545453	True
5	2543	0.36363636363636365	True
5	687	0.2727272727272727	True
5	540	0.18181818181818182	False
5	1329	0.09090909090909091	True
3598	447	0.9090909090909091	False
3598	2485	0.8181818181818182	False
3598	608	0.7272727272727273	False
3598	1496	0.6363636363636364	True
3598	540	0.5454545454545454	False
3598	3140	0.45454545454545453	True
3598	2543	0.36363636363636365	True
3598	2597	0.2727272727272727	True
3598	2637	0.18181818181818182	True
3598	590	0.09090909090909091	True
2897	447	0.9090909090909091	False
2897	2485	0.8181818181818182	False
2897	540	0.7272727272727273	False
2897	608	0.6363636363636364	False
2897	3140	0.5454545454545454	True
2897	1120	0.45454545454545453	False
2897	3586	0.36363636363636365	True
2897	3620	0.2727272727272727	True
2897	3938	0.18181818181818182	True
2897	141	0.09090909090909091	True
965	447	0.9090909090909091	False
965	590	0.8181818181818182	True
965	608	0.7272727272727273	False
965	1120	0.6363636363636364	False
965	3140	0.5454545454545454	True
965	1329	0.45454545454545453	True
965	2485	0.36363636363636365	False
965	3938	0.2727272727272727	True
965	1496	0.18181818181818182	True
965	540	0.09090909090909091	False
5796	447	0.9090909090909091	False
5796	608	0.8181818181818182	False
5796	2024	0.7272727272727273	True
5796	3938	0.6363636363636364	True
5796	1120	0.5454545454545454	False
5796	540	0.45454545454545453	False
5796	3620	0.36363636363636365	True
5796	611	0.2727272727272727	True
5796	1329	0.18181818181818182	True
5796	2637	0.09090909090909091	True
3051	447	0.9090909090909091	False
3051	1120	0.8181818181818182	False
3051	1329	0.7272727272727273	True
3051	540	0.6363636363636364	False
3051	1500	0.5454545454545454	True
3051	2485	0.45454545454545453	False
3051	2637	0.36363636363636365	True
3051	1465	0.2727272727272727	True
3051	2597	0.18181818181818182	True
3051	2024	0.09090909090909091	True
1079	447	0.9090909090909091	False
1079	590	0.8181818181818182	True
1079	2485	0.7272727272727273	False
1079	1120	0.6363636363636364	False
1079	3620	0.5454545454545454	True
1079	3140	0.45454545454545453	True
1079	540	0.36363636363636365	False
1079	2543	0.2727272727272727	True
1079	608	0.18181818181818182	False
1079	3938	0.09090909090909091	True
3637	447	0.9090909090909091	False
3637	2637	0.8181818181818182	True
3637	608	0.7272727272727273	False
3637	2024	0.6363636363636364	True
3637	1120	0.5454545454545454	False
3637	590	0.45454545454545453	True
3637	3140	0.36363636363636365	True
3637	2485	0.2727272727272727	False
3637	1500	0.18181818181818182	True
3637	1329	0.09090909090909091	True
3175	447	0.9090909090909091	False
3175	1120	0.8181818181818182	False
3175	2485	0.7272727272727273	False
3175	1329	0.6363636363636364	True
3175	2813	0.5454545454545454	True
3175	2637	0.45454545454545453	True
3175	590	0.36363636363636365	True
3175	3620	0.2727272727272727	True
3175	608	0.18181818181818182	False
3175	544	0.09090909090909091	True
162	447	0.9090909090909091	False
162	3620	0.8181818181818182	True
162	2485	0.7272727272727273	False
162	1120	0.6363636363636364	False
162	2024	0.5454545454545454	True
162	540	0.45454545454545453	False
162	1329	0.36363636363636365	True
162	608	0.2727272727272727	False
162	3140	0.18181818181818182	True
162	1432	0.09090909090909091	True
1918	447	0.9090909090909091	False
1918	1120	0.8181818181818182	False
1918	2637	0.7272727272727273	True
1918	3140	0.6363636363636364	True
1918	1329	0.5454545454545454	True
1918	540	0.45454545454545453	False
1918	569	0.36363636363636365	True
1918	1432	0.2727272727272727	True
1918	3586	0.18181818181818182	True
1918	2813	0.09090909090909091	True
3202	447	0.9090909090909091	False
3202	1120	0.8181818181818182	False
3202	2485	0.7272727272727273	False
3202	1329	0.6363636363636364	True
3202	1500	0.5454545454545454	True
3202	540	0.45454545454545453	False
3202	3140	0.36363636363636365	True
3202	2024	0.2727272727272727	True
3202	3620	0.18181818181818182	True
3202	2637	0.09090909090909091	True
1181	447	0.9090909090909091	False
1181	2637	0.8181818181818182	True
1181	608	0.7272727272727273	False
1181	3140	0.6363636363636364	True
1181	2543	0.5454545454545454	True
1181	2485	0.45454545454545453	False
1181	2024	0.36363636363636365	True
1181	1329	0.2727272727272727	True
1181	540	0.18181818181818182	False
1181	3938	0.09090909090909091	True
4409	447	0.9090909090909091	False
4409	2637	0.8181818181818182	True
4409	1329	0.7272727272727273	True
4409	2485	0.6363636363636364	False
4409	2597	0.5454545454545454	True
4409	1496	0.45454545454545453	True
4409	608	0.36363636363636365	False
4409	1500	0.2727272727272727	True
4409	540	0.18181818181818182	False
4409	2024	0.09090909090909091	True
222	447	0.9090909090909091	False
222	540	0.8181818181818182	False
222	2485	0.7272727272727273	False
222	3140	0.6363636363636364	True
222	2637	0.5454545454545454	True
222	1120	0.45454545454545453	False
222	1329	0.36363636363636365	True
222	569	0.2727272727272727	True
222	1500	0.18181818181818182	True
222	1432	0.09090909090909091	True
2350	447	0.9090909090909091	False
2350	1120	0.8181818181818182	False
2350	3938	0.7272727272727273	True
2350	2485	0.6363636363636364	False
2350	590	0.5454545454545454	True
2350	1329	0.45454545454545453	True
2350	2813	0.36363636363636365	True
2350	2637	0.2727272727272727	True
2350	569	0.18181818181818182	True
2350	540	0.09090909090909091	False
868	447	0.9090909090909091	False
868	1329	0.8181818181818182	True
868	3938	0.7272727272727273	True
868	590	0.6363636363636364	True
868	2024	0.5454545454545454	True
868	2543	0.45454545454545453	True
868	608	0.36363636363636365	False
868	3140	0.2727272727272727	True
868	1120	0.18181818181818182	False
868	2813	0.09090909090909091	True
589	447	0.9090909090909091	False
589	3620	0.8181818181818182	True
589	2485	0.7272727272727273	False
589	1120	0.6363636363636364	False
589	608	0.5454545454545454	False
589	540	0.45454545454545453	False
589	1324	0.36363636363636365	True
589	2024	0.2727272727272727	True
589	687	0.18181818181818182	True
589	2637	0.09090909090909091	True
1617	447	0.9090909090909091	False
1617	2485	0.8181818181818182	False
1617	608	0.7272727272727273	False
1617	3140	0.6363636363636364	True
1617	540	0.5454545454545454	False
1617	1120	0.45454545454545453	False
1617	3620	0.36363636363636365	True
1617	3586	0.2727272727272727	True
1617	687	0.18181818181818182	True
1617	2543	0.09090909090909091	True
4929	447	0.9090909090909091	False
4929	1120	0.8181818181818182	False
4929	2485	0.7272727272727273	False
4929	608	0.6363636363636364	False
4929	540	0.5454545454545454	False
4929	1500	0.45454545454545453	True
4929	3620	0.36363636363636365	True
4929	1329	0.2727272727272727	True
4929	282	0.18181818181818182	True
4929	590	0.09090909090909091	True
5245	447	0.9090909090909091	False
5245	2813	0.8181818181818182	True
5245	2024	0.7272727272727273	True
5245	1120	0.6363636363636364	False
5245	1329	0.5454545454545454	True
5245	590	0.45454545454545453	True
5245	608	0.36363636363636365	False
5245	540	0.2727272727272727	False
5245	2637	0.18181818181818182	True
5245	3140	0.09090909090909091	True
1960	447	0.9090909090909091	False
1960	608	0.8181818181818182	False
1960	1329	0.7272727272727273	True
1960	2637	0.6363636363636364	True
1960	2543	0.5454545454545454	True
1960	1120	0.45454545454545453	False
1960	1324	0.36363636363636365	True
1960	687	0.2727272727272727	True
1960	590	0.18181818181818182	True
1960	540	0.09090909090909091	False
5870	447	0.9090909090909091	False
5870	2485	0.8181818181818182	False
5870	608	0.7272727272727273	False
5870	3140	0.6363636363636364	True
5870	1120	0.5454545454545454	False
5870	540	0.45454545454545453	False
5870	3620	0.36363636363636365	True
5870	590	0.2727272727272727	True
5870	2024	0.18181818181818182	True
5870	1329	0.09090909090909091	True
4763	447	0.9090909090909091	False
4763	2543	0.8181818181818182	True
4763	1120	0.7272727272727273	False
4763	2637	0.6363636363636364	True
4763	1051	0.5454545454545454	True
4763	608	0.45454545454545453	False
4763	1329	0.36363636363636365	True
4763	687	0.2727272727272727	True
4763	2485	0.18181818181818182	False
4763	590	0.09090909090909091	True
5332	447	0.9090909090909091	False
5332	3140	0.8181818181818182	True
5332	2485	0.7272727272727273	False
5332	540	0.6363636363636364	False
5332	1120	0.5454545454545454	False
5332	3620	0.45454545454545453	True
5332	3586	0.36363636363636365	True
5332	569	0.2727272727272727	True
5332	2024	0.18181818181818182	True
5332	141	0.09090909090909091	True
1026	447	0.9090909090909091	False
1026	1120	0.8181818181818182	False
1026	2485	0.7272727272727273	False
1026	3620	0.6363636363636364	True
1026	540	0.5454545454545454	False
1026	3586	0.45454545454545453	True
1026	3140	0.36363636363636365	True
1026	2024	0.2727272727272727	True
1026	1329	0.18181818181818182	True
1026	590	0.09090909090909091	True
928	447	0.9090909090909091	False
928	2485	0.8181818181818182	False
928	2543	0.7272727272727273	True
928	608	0.6363636363636364	False
928	141	0.5454545454545454	True
928	540	0.45454545454545453	False
928	1329	0.36363636363636365	True
928	2597	0.2727272727272727	True
928	3620	0.18181818181818182	True
928	1120	0.09090909090909091	False
905	447	0.9090909090909091	False
905	2485	0.8181818181818182	False
905	3140	0.7272727272727273	True
905	1329	0.6363636363636364	True
905	1120	0.5454545454545454	False
905	540	0.45454545454545453	False
905	3938	0.36363636363636365	True
905	3620	0.2727272727272727	True
905	608	0.18181818181818182	False
905	590	0.09090909090909091	True
2126	447	0.9090909090909091	False
2126	608	0.8181818181818182	False
2126	2485	0.7272727272727273	False
2126	1120	0.6363636363636364	False
2126	540	0.5454545454545454	False
2126	2543	0.45454545454545453	True
2126	3620	0.36363636363636365	True
2126	3140	0.2727272727272727	True
2126	2637	0.18181818181818182	True
2126	1324	0.09090909090909091	True
2396	447	0.9090909090909091	False
2396	2485	0.8181818181818182	False
2396	608	0.7272727272727273	False
2396	1120	0.6363636363636364	False
2396	3620	0.5454545454545454	True
2396	540	0.45454545454545453	False
2396	1324	0.36363636363636365	True
2396	3140	0.2727272727272727	True
2396	687	0.18181818181818182	True
2396	3586	0.09090909090909091	True
121	447	0.9090909090909091	False
121	2637	0.8181818181818182	True
121	2485	0.7272727272727273	False
121	1329	0.6363636363636364	True
121	540	0.5454545454545454	False
121	3140	0.45454545454545453	True
121	3435	0.36363636363636365	True
121	569	0.2727272727272727	True
121	1120	0.18181818181818182	False
121	2543	0.09090909090909091	True
920	447	0.9090909090909091	False
920	2485	0.8181818181818182	False
920	608	0.7272727272727273	False
920	3620	0.6363636363636364	True
920	540	0.5454545454545454	False
920	3140	0.45454545454545453	True
920	2597	0.36363636363636365	True
920	1324	0.2727272727272727	True
920	1120	0.18181818181818182	False
920	3586	0.09090909090909091	True
4181	447	0.9090909090909091	False
4181	1120	0.8181818181818182	False
4181	2485	0.7272727272727273	False
4181	1329	0.6363636363636364	True
4181	2543	0.5454545454545454	True
4181	3140	0.45454545454545453	True
4181	3620	0.36363636363636365	True
4181	540	0.2727272727272727	False
4181	2637	0.18181818181818182	True
4181	590	0.09090909090909091	True
788	447	0.9090909090909091	False
788	540	0.8181818181818182	False
788	2485	0.7272727272727273	False
788	1120	0.6363636363636364	False
788	3140	0.5454545454545454	True
788	1329	0.45454545454545453	True
788	3938	0.36363636363636365	True
788	2813	0.2727272727272727	True
788	2637	0.18181818181818182	True
788	608	0.09090909090909091	False
1993	447	0.9090909090909091	False
1993	608	0.8181818181818182	False
1993	3938	0.7272727272727273	True
1993	540	0.6363636363636364	False
1993	2813	0.5454545454545454	True
1993	2637	0.45454545454545453	True
1993	2543	0.36363636363636365	True
1993	3140	0.2727272727272727	True
1993	2485	0.18181818181818182	False
1993	2024	0.09090909090909091	True
1501	447	0.9090909090909091	False
1501	540	0.8181818181818182	False
1501	2024	0.7272727272727273	True
1501	3938	0.6363636363636364	True
1501	2485	0.5454545454545454	False
1501	1329	0.45454545454545453	True
1501	141	0.36363636363636365	True
1501	569	0.2727272727272727	True
1501	2637	0.18181818181818182	True
1501	3586	0.09090909090909091	True
1485	447	0.9090909090909091	False
1485	1120	0.8181818181818182	False
1485	590	0.7272727272727273	True
1485	3620	0.6363636363636364	True
1485	2024	0.5454545454545454	True
1485	540	0.45454545454545453	False
1485	608	0.36363636363636365	False
1485	2485	0.2727272727272727	False
1485	3586	0.18181818181818182	True
1485	987	0.09090909090909091	True
4078	447	0.9090909090909091	False
4078	1120	0.8181818181818182	False
4078	3140	0.7272727272727273	True
4078	2813	0.6363636363636364	True
4078	2485	0.5454545454545454	False
4078	608	0.45454545454545453	False
4078	540	0.36363636363636365	False
4078	590	0.2727272727272727	True
4078	1329	0.18181818181818182	True
4078	3620	0.09090909090909091	True
5664	447	0.9090909090909091	False
5664	2024	0.8181818181818182	True
5664	3620	0.7272727272727273	True
5664	540	0.6363636363636364	False
5664	1329	0.5454545454545454	True
5664	3140	0.45454545454545453	True
5664	2637	0.36363636363636365	True
5664	608	0.2727272727272727	False
5664	2813	0.18181818181818182	True
5664	2485	0.09090909090909091	False
4029	447	0.9090909090909091	False
4029	2485	0.8181818181818182	False
4029	608	0.7272727272727273	False
4029	2637	0.6363636363636364	True
4029	1329	0.5454545454545454	True
4029	590	0.45454545454545453	True
4029	1120	0.36363636363636365	False
4029	540	0.2727272727272727	False
4029	2024	0.18181818181818182	True
4029	687	0.09090909090909091	True
1660	447	0.9090909090909091	False
1660	2485	0.8181818181818182	False
1660	1120	0.7272727272727273	False
1660	3140	0.6363636363636364	True
1660	540	0.5454545454545454	False
1660	2543	0.45454545454545453	True
1660	590	0.36363636363636365	True
1660	2597	0.2727272727272727	True
1660	1329	0.18181818181818182	True
1660	2637	0.09090909090909091	True
3047	447	0.9090909090909091	False
3047	1329	0.8181818181818182	True
3047	608	0.7272727272727273	False
3047	2637	0.6363636363636364	True
3047	1496	0.5454545454545454	True
3047	3140	0.45454545454545453	True
3047	3938	0.36363636363636365	True
3047	2543	0.2727272727272727	True
3047	540	0.18181818181818182	False
3047	2813	0.09090909090909091	True
3894	447	0.9090909090909091	False
3894	2485	0.8181818181818182	False
3894	2637	0.7272727272727273	True
3894	540	0.6363636363636364	False
3894	1120	0.5454545454545454	False
3894	3586	0.45454545454545453	True
3894	3140	0.36363636363636365	True
3894	608	0.2727272727272727	False
3894	1329	0.18181818181818182	True
3894	611	0.09090909090909091	True
5266	447	0.9090909090909091	False
5266	2485	0.8181818181818182	False
5266	540	0.7272727272727273	False
5266	590	0.6363636363636364	True
5266	2543	0.5454545454545454	True
5266	2813	0.45454545454545453	True
5266	2637	0.36363636363636365	True
5266	3140	0.2727272727272727	True
5266	2597	0.18181818181818182	True
5266	608	0.09090909090909091	False
3307	447	0.9090909090909091	False
3307	2485	0.8181818181818182	False
3307	2637	0.7272727272727273	True
3307	1329	0.6363636363636364	True
3307	1120	0.5454545454545454	False
3307	540	0.45454545454545453	False
3307	1496	0.36363636363636365	True
3307	608	0.2727272727272727	False
3307	1324	0.18181818181818182	True
3307	3140	0.09090909090909091	True
4923	447	0.9090909090909091	False
4923	2813	0.8181818181818182	True
4923	2485	0.7272727272727273	False
4923	1496	0.6363636363636364	True
4923	2637	0.5454545454545454	True
4923	1329	0.45454545454545453	True
4923	608	0.36363636363636365	False
4923	3620	0.2727272727272727	True
4923	2024	0.18181818181818182	True
4923	1120	0.09090909090909091	False
5147	447	0.9090909090909091	False
5147	2637	0.8181818181818182	True
5147	608	0.7272727272727273	False
5147	2485	0.6363636363636364	False
5147	1329	0.5454545454545454	True
5147	687	0.45454545454545453	True
5147	3620	0.36363636363636365	True
5147	2813	0.2727272727272727	True
5147	540	0.18181818181818182	False
5147	3435	0.09090909090909091	True
3578	447	0.9090909090909091	False
3578	2485	0.8181818181818182	False
3578	540	0.7272727272727273	False
3578	3140	0.6363636363636364	True
3578	1324	0.5454545454545454	True
3578	1120	0.45454545454545453	False
3578	3586	0.36363636363636365	True
3578	2543	0.2727272727272727	True
3578	2637	0.18181818181818182	True
3578	3620	0.09090909090909091	True
379	447	0.9090909090909091	False
379	1120	0.8181818181818182	False
379	1329	0.7272727272727273	True
379	1500	0.6363636363636364	True
379	2485	0.5454545454545454	False
379	540	0.45454545454545453	False
379	3140	0.36363636363636365	True
379	3586	0.2727272727272727	True
379	3620	0.18181818181818182	True
379	590	0.09090909090909091	True
107	447	0.9090909090909091	False
107	608	0.8181818181818182	False
107	3620	0.7272727272727273	True
107	2485	0.6363636363636364	False
107	1120	0.5454545454545454	False
107	1329	0.45454545454545453	True
107	540	0.36363636363636365	False
107	2024	0.2727272727272727	True
107	1051	0.18181818181818182	True
107	3140	0.09090909090909091	True
1848	447	0.9090909090909091	False
1848	540	0.8181818181818182	False
1848	2485	0.7272727272727273	False
1848	1120	0.6363636363636364	False
1848	608	0.5454545454545454	False
1848	1051	0.45454545454545453	True
1848	1329	0.36363636363636365	True
1848	3140	0.2727272727272727	True
1848	3198	0.18181818181818182	True
1848	3938	0.09090909090909091	True
3093	447	0.9090909090909091	False
3093	608	0.8181818181818182	False
3093	2485	0.7272727272727273	False
3093	1120	0.6363636363636364	False
3093	2543	0.5454545454545454	True
3093	540	0.45454545454545453	False
3093	1329	0.36363636363636365	True
3093	1465	0.2727272727272727	True
3093	282	0.18181818181818182	True
3093	1051	0.09090909090909091	True
2130	447	0.9090909090909091	False
2130	2485	0.8181818181818182	False
2130	608	0.7272727272727273	False
2130	3620	0.6363636363636364	True
2130	3140	0.5454545454545454	True
2130	540	0.45454545454545453	False
2130	3586	0.36363636363636365	True
2130	1120	0.2727272727272727	False
2130	590	0.18181818181818182	True
2130	3938	0.09090909090909091	True
2191	447	0.9090909090909091	False
2191	1329	0.8181818181818182	True
2191	1120	0.7272727272727273	False
2191	1500	0.6363636363636364	True
2191	2637	0.5454545454545454	True
2191	2813	0.45454545454545453	True
2191	2485	0.36363636363636365	False
2191	2493	0.2727272727272727	True
2191	1465	0.18181818181818182	True
2191	282	0.09090909090909091	True
1141	447	0.9090909090909091	False
1141	2485	0.8181818181818182	False
1141	608	0.7272727272727273	False
1141	2637	0.6363636363636364	True
1141	590	0.5454545454545454	True
1141	2813	0.45454545454545453	True
1141	1051	0.36363636363636365	True
1141	540	0.2727272727272727	False
1141	1120	0.18181818181818182	False
1141	3140	0.09090909090909091	True
5316	447	0.9090909090909091	False
5316	2485	0.8181818181818182	False
5316	1120	0.7272727272727273	False
5316	1051	0.6363636363636364	True
5316	608	0.5454545454545454	False
5316	540	0.45454545454545453	False
5316	2637	0.36363636363636365	True
5316	3140	0.2727272727272727	True
5316	2813	0.18181818181818182	True
5316	1324	0.09090909090909091	True
4479	447	0.9090909090909091	False
4479	2813	0.8181818181818182	True
4479	2485	0.7272727272727273	False
4479	590	0.6363636363636364	True
4479	1120	0.5454545454545454	False
4479	3938	0.45454545454545453	True
4479	3140	0.36363636363636365	True
4479	3620	0.2727272727272727	True
4479	540	0.18181818181818182	False
4479	1329	0.09090909090909091	True
2315	447	0.9090909090909091	False
2315	608	0.8181818181818182	False
2315	540	0.7272727272727273	False
2315	2637	0.6363636363636364	True
2315	569	0.5454545454545454	True
2315	1051	0.45454545454545453	True
2315	2485	0.36363636363636365	False
2315	3938	0.2727272727272727	True
2315	3140	0.18181818181818182	True
2315	544	0.09090909090909091	True
1012	447	0.9090909090909091	False
1012	1329	0.8181818181818182	True
1012	2485	0.7272727272727273	False
1012	141	0.6363636363636364	True
1012	3620	0.5454545454545454	True
1012	2543	0.45454545454545453	True
1012	1120	0.36363636363636365	False
1012	540	0.2727272727272727	False
1012	282	0.18181818181818182	True
1012	1465	0.09090909090909091	True
3269	447	0.9090909090909091	False
3269	608	0.8181818181818182	False
3269	2024	0.7272727272727273	True
3269	2485	0.6363636363636364	False
3269	540	0.5454545454545454	False
3269	1120	0.45454545454545453	False
3269	1465	0.36363636363636365	True
3269	2813	0.2727272727272727	True
3269	1432	0.18181818181818182	True
3269	2637	0.09090909090909091	True
3513	447	0.9090909090909091	False
3513	2813	0.8181818181818182	True
3513	2485	0.7272727272727273	False
3513	1329	0.6363636363636364	True
3513	1496	0.5454545454545454	True
3513	608	0.45454545454545453	False
3513	1051	0.36363636363636365	True
3513	2637	0.2727272727272727	True
3513	687	0.18181818181818182	True
3513	2543	0.09090909090909091	True
5842	447	0.9090909090909091	False
5842	1120	0.8181818181818182	False
5842	2485	0.7272727272727273	False
5842	3620	0.6363636363636364	True
5842	590	0.5454545454545454	True
5842	2543	0.45454545454545453	True
5842	608	0.36363636363636365	False
5842	1329	0.2727272727272727	True
5842	1500	0.18181818181818182	True
5842	540	0.09090909090909091	False
3408	447	0.9090909090909091	False
3408	2485	0.8181818181818182	False
3408	608	0.7272727272727273	False
3408	1051	0.6363636363636364	True
3408	540	0.5454545454545454	False
3408	2543	0.45454545454545453	True
3408	3140	0.36363636363636365	True
3408	2637	0.2727272727272727	True
3408	2745	0.18181818181818182	True
3408	569	0.09090909090909091	True
1279	447	0.9090909090909091	False
1279	2024	0.8181818181818182	True
1279	1120	0.7272727272727273	False
1279	540	0.6363636363636364	False
1279	3620	0.5454545454545454	True
1279	608	0.45454545454545453	False
1279	3140	0.36363636363636365	True
1279	2637	0.2727272727272727	True
1279	590	0.18181818181818182	True
1279	1329	0.09090909090909091	True
2285	447	0.9090909090909091	False
2285	3620	0.8181818181818182	True
2285	1120	0.7272727272727273	False
2285	1329	0.6363636363636364	True
2285	2024	0.5454545454545454	True
2285	590	0.45454545454545453	True
2285	2637	0.36363636363636365	True
2285	2485	0.2727272727272727	False
2285	540	0.18181818181818182	False
2285	608	0.09090909090909091	False
2567	447	0.9090909090909091	False
2567	1120	0.8181818181818182	False
2567	2485	0.7272727272727273	False
2567	540	0.6363636363636364	False
2567	608	0.5454545454545454	False
2567	1329	0.45454545454545453	True
2567	2745	0.36363636363636365	True
2567	2637	0.2727272727272727	True
2567	3140	0.18181818181818182	True
2567	544	0.09090909090909091	True
4993	447	0.9090909090909091	False
4993	1120	0.8181818181818182	False
4993	1329	0.7272727272727273	True
4993	2637	0.6363636363636364	True
4993	608	0.5454545454545454	False
4993	540	0.45454545454545453	False
4993	2485	0.36363636363636365	False
4993	590	0.2727272727272727	True
4993	3938	0.18181818181818182	True
4993	3140	0.09090909090909091	True
1758	447	0.9090909090909091	False
1758	1329	0.8181818181818182	True
1758	1120	0.7272727272727273	False
1758	2813	0.6363636363636364	True
1758	282	0.5454545454545454	True
1758	3620	0.45454545454545453	True
1758	2637	0.36363636363636365	True
1758	1465	0.2727272727272727	True
1758	1500	0.18181818181818182	True
1758	2485	0.09090909090909091	False
2432	447	0.9090909090909091	False
2432	590	0.8181818181818182	True
2432	2637	0.7272727272727273	True
2432	1120	0.6363636363636364	False
2432	2543	0.5454545454545454	True
2432	2485	0.45454545454545453	False
2432	608	0.36363636363636365	False
2432	3140	0.2727272727272727	True
2432	2813	0.18181818181818182	True
2432	540	0.09090909090909091	False
238	447	0.9090909090909091	False
238	2485	0.8181818181818182	False
238	608	0.7272727272727273	False
238	2637	0.6363636363636364	True
238	1496	0.5454545454545454	True
238	1120	0.45454545454545453	False
238	3620	0.36363636363636365	True
238	540	0.2727272727272727	False
238	1329	0.18181818181818182	True
238	3140	0.09090909090909091	True
234	447	0.9090909090909091	False
234	2485	0.8181818181818182	False
234	608	0.7272727272727273	False
234	3620	0.6363636363636364	True
234	1120	0.5454545454545454	False
234	540	0.45454545454545453	False
234	3140	0.36363636363636365	True
234	1432	0.2727272727272727	True
234	3586	0.18181818181818182	True
234	2024	0.09090909090909091	True
834	447	0.9090909090909091	False
834	1329	0.8181818181818182	True
834	2637	0.7272727272727273	True
834	1120	0.6363636363636364	False
834	1500	0.5454545454545454	True
834	3140	0.45454545454545453	True
834	3938	0.36363636363636365	True
834	540	0.2727272727272727	False
834	2024	0.18181818181818182	True
834	2813	0.09090909090909091	True
