351	568	0.9090909090909091	False
351	2870	0.8181818181818182	True
351	1945	0.7272727272727273	True
351	108	0.6363636363636364	False
351	2786	0.5454545454545454	False
351	2924	0.45454545454545453	True
351	163	0.36363636363636365	False
351	330	0.2727272727272727	False
351	3768	0.18181818181818182	True
351	2353	0.09090909090909091	True
2255	2353	0.9090909090909091	True
2255	108	0.8181818181818182	False
2255	568	0.7272727272727273	False
2255	2870	0.6363636363636364	True
2255	330	0.5454545454545454	False
2255	1179	0.45454545454545453	True
2255	3672	0.36363636363636365	True
2255	1441	0.2727272727272727	True
2255	69	0.18181818181818182	False
2255	2786	0.09090909090909091	False
1169	69	0.9090909090909091	False
1169	3343	0.8181818181818182	True
1169	330	0.7272727272727273	False
1169	568	0.6363636363636364	False
1169	2870	0.5454545454545454	True
1169	2786	0.45454545454545453	False
1169	1062	0.36363636363636365	True
1169	2353	0.2727272727272727	True
1169	3672	0.18181818181818182	True
1169	20	0.09090909090909091	True
5018	330	0.9090909090909091	False
5018	2870	0.8181818181818182	True
5018	69	0.7272727272727273	False
5018	2924	0.6363636363636364	True
5018	1441	0.5454545454545454	True
5018	2353	0.45454545454545453	True
5018	568	0.36363636363636365	False
5018	2786	0.2727272727272727	False
5018	3768	0.18181818181818182	True
5018	108	0.09090909090909091	False
1375	330	0.9090909090909091	False
1375	69	0.8181818181818182	False
1375	108	0.7272727272727273	False
1375	2870	0.6363636363636364	True
1375	3768	0.5454545454545454	True
1375	2924	0.45454545454545453	True
1375	2353	0.36363636363636365	True
1375	1179	0.2727272727272727	True
1375	1341	0.18181818181818182	True
1375	1441	0.09090909090909091	True
3304	69	0.9090909090909091	False
3304	330	0.8181818181818182	False
3304	1654	0.7272727272727273	True
3304	163	0.6363636363636364	False
3304	2353	0.5454545454545454	True
3304	108	0.45454545454545453	False
3304	568	0.36363636363636365	False
3304	3768	0.2727272727272727	True
3304	1341	0.18181818181818182	True
3304	782	0.09090909090909091	True
3578	163	0.9090909090909091	False
3578	2786	0.8181818181818182	False
3578	3768	0.7272727272727273	True
3578	2523	0.6363636363636364	True
3578	69	0.5454545454545454	False
3578	568	0.45454545454545453	False
3578	108	0.36363636363636365	False
3578	3343	0.2727272727272727	True
3578	2962	0.18181818181818182	True
3578	2870	0.09090909090909091	True
5847	3672	0.9090909090909091	True
5847	330	0.8181818181818182	False
5847	568	0.7272727272727273	False
5847	108	0.6363636363636364	False
5847	2210	0.5454545454545454	True
5847	69	0.45454545454545453	False
5847	2786	0.36363636363636365	False
5847	2924	0.2727272727272727	True
5847	1441	0.18181818181818182	True
5847	3532	0.09090909090909091	True
5758	2870	0.9090909090909091	True
5758	1341	0.8181818181818182	True
5758	330	0.7272727272727273	False
5758	2786	0.6363636363636364	False
5758	2353	0.5454545454545454	True
5758	3532	0.45454545454545453	True
5758	69	0.36363636363636365	False
5758	3768	0.2727272727272727	True
5758	568	0.18181818181818182	False
5758	108	0.09090909090909091	False
3784	568	0.9090909090909091	False
3784	2924	0.8181818181818182	True
3784	2786	0.7272727272727273	False
3784	330	0.6363636363636364	False
3784	108	0.5454545454545454	False
3784	3343	0.45454545454545453	True
3784	3768	0.36363636363636365	True
3784	1654	0.2727272727272727	True
3784	162	0.18181818181818182	True
3784	69	0.09090909090909091	False
3510	108	0.9090909090909091	False
3510	163	0.8181818181818182	False
3510	568	0.7272727272727273	False
3510	69	0.6363636363636364	False
3510	330	0.5454545454545454	False
3510	2924	0.45454545454545453	True
3510	3672	0.36363636363636365	True
3510	3768	0.2727272727272727	True
3510	594	0.18181818181818182	True
3510	2786	0.09090909090909091	False
2845	3532	0.9090909090909091	True
2845	2924	0.8181818181818182	True
2845	3672	0.7272727272727273	True
2845	2786	0.6363636363636364	False
2845	2962	0.5454545454545454	True
2845	69	0.45454545454545453	False
2845	2210	0.36363636363636365	True
2845	108	0.2727272727272727	False
2845	1341	0.18181818181818182	True
2845	330	0.09090909090909091	False
5577	2924	0.9090909090909091	True
5577	2786	0.8181818181818182	False
5577	108	0.7272727272727273	False
5577	568	0.6363636363636364	False
5577	3532	0.5454545454545454	True
5577	330	0.45454545454545453	False
5577	20	0.36363636363636365	True
5577	69	0.2727272727272727	False
5577	782	0.18181818181818182	True
5577	2962	0.09090909090909091	True
2483	568	0.9090909090909091	False
2483	2924	0.8181818181818182	True
2483	2786	0.7272727272727273	False
2483	108	0.6363636363636364	False
2483	330	0.5454545454545454	False
2483	3167	0.45454545454545453	True
2483	3672	0.36363636363636365	True
2483	163	0.2727272727272727	False
2483	1704	0.18181818181818182	True
2483	2779	0.09090909090909091	True
2009	1945	0.9090909090909091	True
2009	2786	0.8181818181818182	False
2009	2353	0.7272727272727273	True
2009	2924	0.6363636363636364	True
2009	568	0.5454545454545454	False
2009	163	0.45454545454545453	False
2009	2870	0.36363636363636365	True
2009	108	0.2727272727272727	False
2009	2962	0.18181818181818182	True
2009	270	0.09090909090909091	True
1640	568	0.9090909090909091	False
1640	163	0.8181818181818182	False
1640	2353	0.7272727272727273	True
1640	2786	0.6363636363636364	False
1640	2210	0.5454545454545454	True
1640	782	0.45454545454545453	True
1640	2962	0.36363636363636365	True
1640	69	0.2727272727272727	False
1640	3201	0.18181818181818182	True
1640	1062	0.09090909090909091	True
4587	568	0.9090909090909091	False
4587	2786	0.8181818181818182	False
4587	163	0.7272727272727273	False
4587	2870	0.6363636363636364	True
4587	2353	0.5454545454545454	True
4587	1341	0.45454545454545453	True
4587	1441	0.36363636363636365	True
4587	3672	0.2727272727272727	True
4587	1945	0.18181818181818182	True
4587	2853	0.09090909090909091	True
1397	108	0.9090909090909091	False
1397	163	0.8181818181818182	False
1397	270	0.7272727272727273	True
1397	568	0.6363636363636364	False
1397	2924	0.5454545454545454	True
1397	2962	0.45454545454545453	True
1397	1341	0.36363636363636365	True
1397	782	0.2727272727272727	True
1397	69	0.18181818181818182	False
1397	1945	0.09090909090909091	True
3312	1945	0.9090909090909091	True
3312	163	0.8181818181818182	False
3312	568	0.7272727272727273	False
3312	782	0.6363636363636364	True
3312	2786	0.5454545454545454	False
3312	162	0.45454545454545453	True
3312	2523	0.36363636363636365	True
3312	3167	0.2727272727272727	True
3312	108	0.18181818181818182	False
3312	330	0.09090909090909091	False
1404	568	0.9090909090909091	False
1404	2924	0.8181818181818182	True
1404	108	0.7272727272727273	False
1404	2786	0.6363636363636364	False
1404	330	0.5454545454545454	False
1404	3532	0.45454545454545453	True
1404	3201	0.36363636363636365	True
1404	2870	0.2727272727272727	True
1404	3768	0.18181818181818182	True
1404	162	0.09090909090909091	True
1437	2924	0.9090909090909091	True
1437	2353	0.8181818181818182	True
1437	108	0.7272727272727273	False
1437	3532	0.6363636363636364	True
1437	2870	0.5454545454545454	True
1437	2786	0.45454545454545453	False
1437	2962	0.36363636363636365	True
1437	1945	0.2727272727272727	True
1437	1179	0.18181818181818182	True
1437	270	0.09090909090909091	True
2366	330	0.9090909090909091	False
2366	568	0.8181818181818182	False
2366	69	0.7272727272727273	False
2366	2353	0.6363636363636364	True
2366	1179	0.5454545454545454	True
2366	108	0.45454545454545453	False
2366	2924	0.36363636363636365	True
2366	3672	0.2727272727272727	True
2366	2523	0.18181818181818182	True
2366	2210	0.09090909090909091	True
3335	108	0.9090909090909091	False
3335	163	0.8181818181818182	False
3335	1062	0.7272727272727273	True
3335	2786	0.6363636363636364	False
3335	3532	0.5454545454545454	True
3335	330	0.45454545454545453	False
3335	69	0.36363636363636365	False
3335	2870	0.2727272727272727	True
3335	2924	0.18181818181818182	True
3335	2962	0.09090909090909091	True
2591	330	0.9090909090909091	False
2591	1945	0.8181818181818182	True
2591	568	0.7272727272727273	False
2591	108	0.6363636363636364	False
2591	2786	0.5454545454545454	False
2591	163	0.45454545454545453	False
2591	782	0.36363636363636365	True
2591	2924	0.2727272727272727	True
2591	3672	0.18181818181818182	True
2591	69	0.09090909090909091	False
1793	568	0.9090909090909091	False
1793	2786	0.8181818181818182	False
1793	108	0.7272727272727273	False
1793	330	0.6363636363636364	False
1793	163	0.5454545454545454	False
1793	2924	0.45454545454545453	True
1793	3201	0.36363636363636365	True
1793	69	0.2727272727272727	False
1793	782	0.18181818181818182	True
1793	1062	0.09090909090909091	True
37	3532	0.9090909090909091	True
37	2870	0.8181818181818182	True
37	3672	0.7272727272727273	True
37	163	0.6363636363636364	False
37	108	0.5454545454545454	False
37	2786	0.45454545454545453	False
37	2962	0.36363636363636365	True
37	2924	0.2727272727272727	True
37	69	0.18181818181818182	False
37	330	0.09090909090909091	False
3478	2870	0.9090909090909091	True
3478	3672	0.8181818181818182	True
3478	2786	0.7272727272727273	False
3478	330	0.6363636363636364	False
3478	3532	0.5454545454545454	True
3478	2353	0.45454545454545453	True
3478	1062	0.36363636363636365	True
3478	69	0.2727272727272727	False
3478	3343	0.18181818181818182	True
3478	3768	0.09090909090909091	True
2836	2962	0.9090909090909091	True
2836	2353	0.8181818181818182	True
2836	270	0.7272727272727273	True
2836	108	0.6363636363636364	False
2836	330	0.5454545454545454	False
2836	1945	0.45454545454545453	True
2836	568	0.36363636363636365	False
2836	2786	0.2727272727272727	False
2836	163	0.18181818181818182	False
2836	69	0.09090909090909091	False
2183	163	0.9090909090909091	False
2183	568	0.8181818181818182	False
2183	2786	0.7272727272727273	False
2183	330	0.6363636363636364	False
2183	270	0.5454545454545454	True
2183	108	0.45454545454545453	False
2183	1945	0.36363636363636365	True
2183	1062	0.2727272727272727	True
2183	1179	0.18181818181818182	True
2183	2353	0.09090909090909091	True
5292	330	0.9090909090909091	False
5292	108	0.8181818181818182	False
5292	69	0.7272727272727273	False
5292	163	0.6363636363636364	False
5292	2924	0.5454545454545454	True
5292	1341	0.45454545454545453	True
5292	568	0.36363636363636365	False
5292	2523	0.2727272727272727	True
5292	3768	0.18181818181818182	True
5292	782	0.09090909090909091	True
3081	568	0.9090909090909091	False
3081	163	0.8181818181818182	False
3081	108	0.7272727272727273	False
3081	69	0.6363636363636364	False
3081	3532	0.5454545454545454	True
3081	2786	0.45454545454545453	False
3081	3672	0.36363636363636365	True
3081	1341	0.2727272727272727	True
3081	2210	0.18181818181818182	True
3081	330	0.09090909090909091	False
1382	2924	0.9090909090909091	True
1382	108	0.8181818181818182	False
1382	568	0.7272727272727273	False
1382	2786	0.6363636363636364	False
1382	330	0.5454545454545454	False
1382	3672	0.45454545454545453	True
1382	2870	0.36363636363636365	True
1382	3532	0.2727272727272727	True
1382	163	0.18181818181818182	False
1382	1945	0.09090909090909091	True
554	568	0.9090909090909091	False
554	2786	0.8181818181818182	False
554	2924	0.7272727272727273	True
554	2353	0.6363636363636364	True
554	2870	0.5454545454545454	True
554	330	0.45454545454545453	False
554	1179	0.36363636363636365	True
554	521	0.2727272727272727	True
554	3256	0.18181818181818182	True
554	108	0.09090909090909091	False
1311	163	0.9090909090909091	False
1311	330	0.8181818181818182	False
1311	1945	0.7272727272727273	True
1311	3672	0.6363636363636364	True
1311	108	0.5454545454545454	False
1311	69	0.45454545454545453	False
1311	3532	0.36363636363636365	True
1311	568	0.2727272727272727	False
1311	1179	0.18181818181818182	True
1311	2870	0.09090909090909091	True
2777	108	0.9090909090909091	False
2777	69	0.8181818181818182	False
2777	330	0.7272727272727273	False
2777	3532	0.6363636363636364	True
2777	3672	0.5454545454545454	True
2777	1341	0.45454545454545453	True
2777	3768	0.36363636363636365	True
2777	2962	0.2727272727272727	True
2777	2924	0.18181818181818182	True
2777	568	0.09090909090909091	False
2039	270	0.9090909090909091	True
2039	163	0.8181818181818182	False
2039	3532	0.7272727272727273	True
2039	330	0.6363636363636364	False
2039	108	0.5454545454545454	False
2039	2786	0.45454545454545453	False
2039	1062	0.36363636363636365	True
2039	568	0.2727272727272727	False
2039	2962	0.18181818181818182	True
2039	69	0.09090909090909091	False
4961	568	0.9090909090909091	False
4961	2786	0.8181818181818182	False
4961	2870	0.7272727272727273	True
4961	163	0.6363636363636364	False
4961	108	0.5454545454545454	False
4961	3672	0.45454545454545453	True
4961	330	0.36363636363636365	False
4961	69	0.2727272727272727	False
4961	1441	0.18181818181818182	True
4961	2353	0.09090909090909091	True
5127	2870	0.9090909090909091	True
5127	2786	0.8181818181818182	False
5127	1441	0.7272727272727273	True
5127	162	0.6363636363636364	True
5127	163	0.5454545454545454	False
5127	568	0.45454545454545453	False
5127	2353	0.36363636363636365	True
5127	108	0.2727272727272727	False
5127	3532	0.18181818181818182	True
5127	1945	0.09090909090909091	True
4413	108	0.9090909090909091	False
4413	2924	0.8181818181818182	True
4413	69	0.7272727272727273	False
4413	3532	0.6363636363636364	True
4413	2210	0.5454545454545454	True
4413	3672	0.45454545454545453	True
4413	330	0.36363636363636365	False
4413	2353	0.2727272727272727	True
4413	568	0.18181818181818182	False
4413	163	0.09090909090909091	False
1627	2786	0.9090909090909091	False
1627	2870	0.8181818181818182	True
1627	2353	0.7272727272727273	True
1627	568	0.6363636363636364	False
1627	1441	0.5454545454545454	True
1627	163	0.45454545454545453	False
1627	3532	0.36363636363636365	True
1627	2924	0.2727272727272727	True
1627	3672	0.18181818181818182	True
1627	108	0.09090909090909091	False
5759	108	0.9090909090909091	False
5759	163	0.8181818181818182	False
5759	1441	0.7272727272727273	True
5759	69	0.6363636363636364	False
5759	1945	0.5454545454545454	True
5759	2870	0.45454545454545453	True
5759	3343	0.36363636363636365	True
5759	162	0.2727272727272727	True
5759	568	0.18181818181818182	False
5759	2962	0.09090909090909091	True
2874	2870	0.9090909090909091	True
2874	163	0.8181818181818182	False
2874	2786	0.7272727272727273	False
2874	568	0.6363636363636364	False
2874	330	0.5454545454545454	False
2874	3768	0.45454545454545453	True
2874	3672	0.36363636363636365	True
2874	69	0.2727272727272727	False
2874	162	0.18181818181818182	True
2874	2353	0.09090909090909091	True
853	330	0.9090909090909091	False
853	108	0.8181818181818182	False
853	3672	0.7272727272727273	True
853	568	0.6363636363636364	False
853	2786	0.5454545454545454	False
853	2523	0.45454545454545453	True
853	1062	0.36363636363636365	True
853	2924	0.2727272727272727	True
853	69	0.18181818181818182	False
853	3532	0.09090909090909091	True
2482	330	0.9090909090909091	False
2482	69	0.8181818181818182	False
2482	3672	0.7272727272727273	True
2482	108	0.6363636363636364	False
2482	1341	0.5454545454545454	True
2482	3532	0.45454545454545453	True
2482	2924	0.36363636363636365	True
2482	2210	0.2727272727272727	True
2482	39	0.18181818181818182	True
2482	3768	0.09090909090909091	True
3499	108	0.9090909090909091	False
3499	69	0.8181818181818182	False
3499	330	0.7272727272727273	False
3499	3672	0.6363636363636364	True
3499	163	0.5454545454545454	False
3499	568	0.45454545454545453	False
3499	2924	0.36363636363636365	True
3499	2523	0.2727272727272727	True
3499	1441	0.18181818181818182	True
3499	3532	0.09090909090909091	True
209	163	0.9090909090909091	False
209	2786	0.8181818181818182	False
209	568	0.7272727272727273	False
209	3672	0.6363636363636364	True
209	108	0.5454545454545454	False
209	330	0.45454545454545453	False
209	2779	0.36363636363636365	True
209	1062	0.2727272727272727	True
209	3768	0.18181818181818182	True
209	1945	0.09090909090909091	True
3852	2870	0.9090909090909091	True
3852	163	0.8181818181818182	False
3852	2353	0.7272727272727273	True
3852	69	0.6363636363636364	False
3852	568	0.5454545454545454	False
3852	330	0.45454545454545453	False
3852	3672	0.36363636363636365	True
3852	108	0.2727272727272727	False
3852	2962	0.18181818181818182	True
3852	1179	0.09090909090909091	True
5432	108	0.9090909090909091	False
5432	2924	0.8181818181818182	True
5432	3672	0.7272727272727273	True
5432	330	0.6363636363636364	False
5432	2786	0.5454545454545454	False
5432	3532	0.45454545454545453	True
5432	2523	0.36363636363636365	True
5432	3256	0.2727272727272727	True
5432	2962	0.18181818181818182	True
5432	69	0.09090909090909091	False
5711	69	0.9090909090909091	False
5711	1341	0.8181818181818182	True
5711	330	0.7272727272727273	False
5711	108	0.6363636363636364	False
5711	2353	0.5454545454545454	True
5711	3768	0.45454545454545453	True
5711	3343	0.36363636363636365	True
5711	2962	0.2727272727272727	True
5711	2924	0.18181818181818182	True
5711	782	0.09090909090909091	True
29	1945	0.9090909090909091	True
29	568	0.8181818181818182	False
29	163	0.7272727272727273	False
29	108	0.6363636363636364	False
29	330	0.5454545454545454	False
29	2786	0.45454545454545453	False
29	2924	0.36363636363636365	True
29	3532	0.2727272727272727	True
29	39	0.18181818181818182	True
29	3672	0.09090909090909091	True
2588	2786	0.9090909090909091	False
2588	568	0.8181818181818182	False
2588	108	0.7272727272727273	False
2588	2924	0.6363636363636364	True
2588	330	0.5454545454545454	False
2588	163	0.45454545454545453	False
2588	3532	0.36363636363636365	True
2588	1341	0.2727272727272727	True
2588	3672	0.18181818181818182	True
2588	1945	0.09090909090909091	True
2344	163	0.9090909090909091	False
2344	108	0.8181818181818182	False
2344	1945	0.7272727272727273	True
2344	2962	0.6363636363636364	True
2344	270	0.5454545454545454	True
2344	3532	0.45454545454545453	True
2344	782	0.36363636363636365	True
2344	1977	0.2727272727272727	True
2344	330	0.18181818181818182	False
2344	2786	0.09090909090909091	False
3596	2870	0.9090909090909091	True
3596	568	0.8181818181818182	False
3596	2786	0.7272727272727273	False
3596	108	0.6363636363636364	False
3596	163	0.5454545454545454	False
3596	330	0.45454545454545453	False
3596	2924	0.36363636363636365	True
3596	69	0.2727272727272727	False
3596	2353	0.18181818181818182	True
3596	3768	0.09090909090909091	True
1265	1441	0.9090909090909091	True
1265	330	0.8181818181818182	False
1265	2353	0.7272727272727273	True
1265	2870	0.6363636363636364	True
1265	2924	0.5454545454545454	True
1265	108	0.45454545454545453	False
1265	1179	0.36363636363636365	True
1265	69	0.2727272727272727	False
1265	568	0.18181818181818182	False
1265	162	0.09090909090909091	True
4588	163	0.9090909090909091	False
4588	568	0.8181818181818182	False
4588	1945	0.7272727272727273	True
4588	3768	0.6363636363636364	True
4588	108	0.5454545454545454	False
4588	1441	0.45454545454545453	True
4588	1654	0.36363636363636365	True
4588	2870	0.2727272727272727	True
4588	2353	0.18181818181818182	True
4588	330	0.09090909090909091	False
4739	2924	0.9090909090909091	True
4739	568	0.8181818181818182	False
4739	20	0.7272727272727273	True
4739	2786	0.6363636363636364	False
4739	2210	0.5454545454545454	True
4739	330	0.45454545454545453	False
4739	108	0.36363636363636365	False
4739	2870	0.2727272727272727	True
4739	1441	0.18181818181818182	True
4739	3768	0.09090909090909091	True
5703	2870	0.9090909090909091	True
5703	69	0.8181818181818182	False
5703	330	0.7272727272727273	False
5703	3768	0.6363636363636364	True
5703	2353	0.5454545454545454	True
5703	3532	0.45454545454545453	True
5703	3343	0.36363636363636365	True
5703	108	0.2727272727272727	False
5703	1179	0.18181818181818182	True
5703	3672	0.09090909090909091	True
5095	163	0.9090909090909091	False
5095	69	0.8181818181818182	False
5095	1062	0.7272727272727273	True
5095	568	0.6363636363636364	False
5095	2210	0.5454545454545454	True
5095	3343	0.45454545454545453	True
5095	108	0.36363636363636365	False
5095	3201	0.2727272727272727	True
5095	3672	0.18181818181818182	True
5095	3532	0.09090909090909091	True
735	163	0.9090909090909091	False
735	3167	0.8181818181818182	True
735	568	0.7272727272727273	False
735	108	0.6363636363636364	False
735	270	0.5454545454545454	True
735	2202	0.45454545454545453	True
735	594	0.36363636363636365	True
735	330	0.2727272727272727	False
735	69	0.18181818181818182	False
735	2353	0.09090909090909091	True
3052	69	0.9090909090909091	False
3052	2786	0.8181818181818182	False
3052	2353	0.7272727272727273	True
3052	568	0.6363636363636364	False
3052	163	0.5454545454545454	False
3052	2962	0.45454545454545453	True
3052	108	0.36363636363636365	False
3052	330	0.2727272727272727	False
3052	2924	0.18181818181818182	True
3052	1441	0.09090909090909091	True
4090	163	0.9090909090909091	False
4090	108	0.8181818181818182	False
4090	3532	0.7272727272727273	True
4090	2786	0.6363636363636364	False
4090	2870	0.5454545454545454	True
4090	568	0.45454545454545453	False
4090	2924	0.36363636363636365	True
4090	270	0.2727272727272727	True
4090	2353	0.18181818181818182	True
4090	1179	0.09090909090909091	True
5347	108	0.9090909090909091	False
5347	2924	0.8181818181818182	True
5347	69	0.7272727272727273	False
5347	330	0.6363636363636364	False
5347	3532	0.5454545454545454	True
5347	2353	0.45454545454545453	True
5347	2870	0.36363636363636365	True
5347	2786	0.2727272727272727	False
5347	1179	0.18181818181818182	True
5347	3343	0.09090909090909091	True
2052	330	0.9090909090909091	False
2052	568	0.8181818181818182	False
2052	108	0.7272727272727273	False
2052	2924	0.6363636363636364	True
2052	2210	0.5454545454545454	True
2052	2786	0.45454545454545453	False
2052	2523	0.36363636363636365	True
2052	69	0.2727272727272727	False
2052	163	0.18181818181818182	False
2052	1679	0.09090909090909091	True
4738	568	0.9090909090909091	False
4738	163	0.8181818181818182	False
4738	1945	0.7272727272727273	True
4738	2786	0.6363636363636364	False
4738	1341	0.5454545454545454	True
4738	2353	0.45454545454545453	True
4738	782	0.36363636363636365	True
4738	3167	0.2727272727272727	True
4738	330	0.18181818181818182	False
4738	2779	0.09090909090909091	True
5221	2870	0.9090909090909091	True
5221	330	0.8181818181818182	False
5221	108	0.7272727272727273	False
5221	3768	0.6363636363636364	True
5221	2924	0.5454545454545454	True
5221	2786	0.45454545454545453	False
5221	20	0.36363636363636365	True
5221	568	0.2727272727272727	False
5221	1945	0.18181818181818182	True
5221	1441	0.09090909090909091	True
3181	69	0.9090909090909091	False
3181	163	0.8181818181818182	False
3181	1945	0.7272727272727273	True
3181	108	0.6363636363636364	False
3181	568	0.5454545454545454	False
3181	330	0.45454545454545453	False
3181	3768	0.36363636363636365	True
3181	2353	0.2727272727272727	True
3181	1341	0.18181818181818182	True
3181	3343	0.09090909090909091	True
2715	108	0.9090909090909091	False
2715	2924	0.8181818181818182	True
2715	270	0.7272727272727273	True
2715	2786	0.6363636363636364	False
2715	568	0.5454545454545454	False
2715	330	0.45454545454545453	False
2715	1945	0.36363636363636365	True
2715	2962	0.2727272727272727	True
2715	163	0.18181818181818182	False
2715	3532	0.09090909090909091	True
2737	1945	0.9090909090909091	True
2737	108	0.8181818181818182	False
2737	568	0.7272727272727273	False
2737	163	0.6363636363636364	False
2737	782	0.5454545454545454	True
2737	2523	0.45454545454545453	True
2737	330	0.36363636363636365	False
2737	2924	0.2727272727272727	True
2737	69	0.18181818181818182	False
2737	2786	0.09090909090909091	False
2445	2870	0.9090909090909091	True
2445	2786	0.8181818181818182	False
2445	330	0.7272727272727273	False
2445	3167	0.6363636363636364	True
2445	3532	0.5454545454545454	True
2445	163	0.45454545454545453	False
2445	2353	0.36363636363636365	True
2445	568	0.2727272727272727	False
2445	3768	0.18181818181818182	True
2445	1945	0.09090909090909091	True
4099	2870	0.9090909090909091	True
4099	2786	0.8181818181818182	False
4099	3201	0.7272727272727273	True
4099	162	0.6363636363636364	True
4099	163	0.5454545454545454	False
4099	568	0.45454545454545453	False
4099	3343	0.36363636363636365	True
4099	3768	0.2727272727272727	True
4099	20	0.18181818181818182	True
4099	3532	0.09090909090909091	True
5955	163	0.9090909090909091	False
5955	568	0.8181818181818182	False
5955	782	0.7272727272727273	True
5955	108	0.6363636363636364	False
5955	2786	0.5454545454545454	False
5955	3167	0.45454545454545453	True
5955	3768	0.36363636363636365	True
5955	2353	0.2727272727272727	True
5955	69	0.18181818181818182	False
5955	2202	0.09090909090909091	True
3168	69	0.9090909090909091	False
3168	330	0.8181818181818182	False
3168	1062	0.7272727272727273	True
3168	3672	0.6363636363636364	True
3168	568	0.5454545454545454	False
3168	2353	0.45454545454545453	True
3168	2962	0.36363636363636365	True
3168	39	0.2727272727272727	True
3168	2870	0.18181818181818182	True
3168	2786	0.09090909090909091	False
5377	1441	0.9090909090909091	True
5377	2353	0.8181818181818182	True
5377	568	0.7272727272727273	False
5377	2870	0.6363636363636364	True
5377	2962	0.5454545454545454	True
5377	108	0.45454545454545453	False
5377	1654	0.36363636363636365	True
5377	330	0.2727272727272727	False
5377	163	0.18181818181818182	False
5377	2202	0.09090909090909091	True
5269	330	0.9090909090909091	False
5269	108	0.8181818181818182	False
5269	1945	0.7272727272727273	True
5269	163	0.6363636363636364	False
5269	1179	0.5454545454545454	True
5269	3672	0.45454545454545453	True
5269	568	0.36363636363636365	False
5269	2924	0.2727272727272727	True
5269	2870	0.18181818181818182	True
5269	1977	0.09090909090909091	True
3515	330	0.9090909090909091	False
3515	3672	0.8181818181818182	True
3515	3532	0.7272727272727273	True
3515	69	0.6363636363636364	False
3515	2962	0.5454545454545454	True
3515	2786	0.45454545454545453	False
3515	39	0.36363636363636365	True
3515	2353	0.2727272727272727	True
3515	2924	0.18181818181818182	True
3515	1341	0.09090909090909091	True
5316	69	0.9090909090909091	False
5316	1945	0.8181818181818182	True
5316	568	0.7272727272727273	False
5316	330	0.6363636363636364	False
5316	163	0.5454545454545454	False
5316	3672	0.45454545454545453	True
5316	2870	0.36363636363636365	True
5316	2523	0.2727272727272727	True
5316	108	0.18181818181818182	False
5316	782	0.09090909090909091	True
1604	2924	0.9090909090909091	True
1604	108	0.8181818181818182	False
1604	2786	0.7272727272727273	False
1604	3532	0.6363636363636364	True
1604	2870	0.5454545454545454	True
1604	568	0.45454545454545453	False
1604	3343	0.36363636363636365	True
1604	2353	0.2727272727272727	True
1604	3768	0.18181818181818182	True
1604	330	0.09090909090909091	False
5904	568	0.9090909090909091	False
5904	2786	0.8181818181818182	False
5904	2589	0.7272727272727273	True
5904	163	0.6363636363636364	False
5904	2924	0.5454545454545454	True
5904	108	0.45454545454545453	False
5904	69	0.36363636363636365	False
5904	162	0.2727272727272727	True
5904	3256	0.18181818181818182	True
5904	3768	0.09090909090909091	True
5012	108	0.9090909090909091	False
5012	2924	0.8181818181818182	True
5012	1945	0.7272727272727273	True
5012	568	0.6363636363636364	False
5012	1441	0.5454545454545454	True
5012	163	0.45454545454545453	False
5012	2353	0.36363636363636365	True
5012	2786	0.2727272727272727	False
5012	594	0.18181818181818182	True
5012	330	0.09090909090909091	False
5738	2962	0.9090909090909091	True
5738	108	0.8181818181818182	False
5738	1945	0.7272727272727273	True
5738	2924	0.6363636363636364	True
5738	69	0.5454545454545454	False
5738	330	0.45454545454545453	False
5738	270	0.36363636363636365	True
5738	3532	0.2727272727272727	True
5738	2353	0.18181818181818182	True
5738	3672	0.09090909090909091	True
5925	270	0.9090909090909091	True
5925	1179	0.8181818181818182	True
5925	1945	0.7272727272727273	True
5925	2962	0.6363636363636364	True
5925	163	0.5454545454545454	False
5925	2353	0.45454545454545453	True
5925	330	0.36363636363636365	False
5925	108	0.2727272727272727	False
5925	1441	0.18181818181818182	True
5925	2924	0.09090909090909091	True
6010	330	0.9090909090909091	False
6010	69	0.8181818181818182	False
6010	568	0.7272727272727273	False
6010	2353	0.6363636363636364	True
6010	108	0.5454545454545454	False
6010	3768	0.45454545454545453	True
6010	2870	0.36363636363636365	True
6010	1441	0.2727272727272727	True
6010	2924	0.18181818181818182	True
6010	2786	0.09090909090909091	False
1424	568	0.9090909090909091	False
1424	1945	0.8181818181818182	True
1424	1441	0.7272727272727273	True
1424	2353	0.6363636363636364	True
1424	3672	0.5454545454545454	True
1424	163	0.45454545454545453	False
1424	2870	0.36363636363636365	True
1424	108	0.2727272727272727	False
1424	330	0.18181818181818182	False
1424	1179	0.09090909090909091	True
1075	3672	0.9090909090909091	True
1075	330	0.8181818181818182	False
1075	69	0.7272727272727273	False
1075	108	0.6363636363636364	False
1075	3532	0.5454545454545454	True
1075	2523	0.45454545454545453	True
1075	1179	0.36363636363636365	True
1075	163	0.2727272727272727	False
1075	1945	0.18181818181818182	True
1075	1062	0.09090909090909091	True
4066	69	0.9090909090909091	False
4066	3672	0.8181818181818182	True
4066	108	0.7272727272727273	False
4066	3532	0.6363636363636364	True
4066	163	0.5454545454545454	False
4066	3768	0.45454545454545453	True
4066	2786	0.36363636363636365	False
4066	330	0.2727272727272727	False
4066	2870	0.18181818181818182	True
4066	1062	0.09090909090909091	True
2303	69	0.9090909090909091	False
2303	163	0.8181818181818182	False
2303	108	0.7272727272727273	False
2303	2353	0.6363636363636364	True
2303	3532	0.5454545454545454	True
2303	3343	0.45454545454545453	True
2303	2523	0.36363636363636365	True
2303	782	0.2727272727272727	True
2303	330	0.18181818181818182	False
2303	2870	0.09090909090909091	True
4904	163	0.9090909090909091	False
4904	108	0.8181818181818182	False
4904	3532	0.7272727272727273	True
4904	568	0.6363636363636364	False
4904	270	0.5454545454545454	True
4904	2786	0.45454545454545453	False
4904	2962	0.36363636363636365	True
4904	1945	0.2727272727272727	True
4904	3768	0.18181818181818182	True
4904	69	0.09090909090909091	False
2447	2870	0.9090909090909091	True
2447	163	0.8181818181818182	False
2447	1441	0.7272727272727273	True
2447	1945	0.6363636363636364	True
2447	108	0.5454545454545454	False
2447	3672	0.45454545454545453	True
2447	2353	0.36363636363636365	True
2447	568	0.2727272727272727	False
2447	162	0.18181818181818182	True
2447	3532	0.09090909090909091	True
4523	330	0.9090909090909091	False
4523	568	0.8181818181818182	False
4523	108	0.7272727272727273	False
4523	3672	0.6363636363636364	True
4523	163	0.5454545454545454	False
4523	1062	0.45454545454545453	True
4523	2786	0.36363636363636365	False
4523	1654	0.2727272727272727	True
4523	1179	0.18181818181818182	True
4523	2353	0.09090909090909091	True
5579	3672	0.9090909090909091	True
5579	330	0.8181818181818182	False
5579	568	0.7272727272727273	False
5579	2870	0.6363636363636364	True
5579	69	0.5454545454545454	False
5579	1945	0.45454545454545453	True
5579	2786	0.36363636363636365	False
5579	108	0.2727272727272727	False
5579	39	0.18181818181818182	True
5579	2210	0.09090909090909091	True
2818	568	0.9090909090909091	False
2818	330	0.8181818181818182	False
2818	69	0.7272727272727273	False
2818	2353	0.6363636363636364	True
2818	2786	0.5454545454545454	False
2818	163	0.45454545454545453	False
2818	2962	0.36363636363636365	True
2818	270	0.2727272727272727	True
2818	2589	0.18181818181818182	True
2818	3343	0.09090909090909091	True
1838	330	0.9090909090909091	False
1838	1179	0.8181818181818182	True
1838	2353	0.7272727272727273	True
1838	69	0.6363636363636364	False
1838	108	0.5454545454545454	False
1838	2924	0.45454545454545453	True
1838	3672	0.36363636363636365	True
1838	2962	0.2727272727272727	True
1838	1062	0.18181818181818182	True
1838	1341	0.09090909090909091	True
5675	568	0.9090909090909091	False
5675	330	0.8181818181818182	False
5675	108	0.7272727272727273	False
5675	163	0.6363636363636364	False
5675	1945	0.5454545454545454	True
5675	2786	0.45454545454545453	False
5675	2353	0.36363636363636365	True
5675	2924	0.2727272727272727	True
5675	1341	0.18181818181818182	True
5675	1179	0.09090909090909091	True
5720	2353	0.9090909090909091	True
5720	330	0.8181818181818182	False
5720	69	0.7272727272727273	False
5720	2870	0.6363636363636364	True
5720	3672	0.5454545454545454	True
5720	1179	0.45454545454545453	True
5720	568	0.36363636363636365	False
5720	2853	0.2727272727272727	True
5720	163	0.18181818181818182	False
5720	1341	0.09090909090909091	True
4436	330	0.9090909090909091	False
4436	108	0.8181818181818182	False
4436	163	0.7272727272727273	False
4436	3672	0.6363636363636364	True
4436	568	0.5454545454545454	False
4436	1341	0.45454545454545453	True
4436	69	0.36363636363636365	False
4436	3532	0.2727272727272727	True
4436	2786	0.18181818181818182	False
4436	1179	0.09090909090909091	True
3189	568	0.9090909090909091	False
3189	782	0.8181818181818182	True
3189	163	0.7272727272727273	False
3189	1945	0.6363636363636364	True
3189	1062	0.5454545454545454	True
3189	330	0.45454545454545453	False
3189	2210	0.36363636363636365	True
3189	108	0.2727272727272727	False
3189	69	0.18181818181818182	False
3189	3672	0.09090909090909091	True
1048	163	0.9090909090909091	False
1048	568	0.8181818181818182	False
1048	2786	0.7272727272727273	False
1048	782	0.6363636363636364	True
1048	108	0.5454545454545454	False
1048	1945	0.45454545454545453	True
1048	1062	0.36363636363636365	True
1048	330	0.2727272727272727	False
1048	69	0.18181818181818182	False
1048	39	0.09090909090909091	True
2990	2924	0.9090909090909091	True
2990	108	0.8181818181818182	False
2990	2786	0.7272727272727273	False
2990	330	0.6363636363636364	False
2990	568	0.5454545454545454	False
2990	3532	0.45454545454545453	True
2990	3672	0.36363636363636365	True
2990	1179	0.2727272727272727	True
2990	3256	0.18181818181818182	True
2990	69	0.09090909090909091	False
1356	108	0.9090909090909091	False
1356	330	0.8181818181818182	False
1356	2924	0.7272727272727273	True
1356	2786	0.6363636363636364	False
1356	163	0.5454545454545454	False
1356	270	0.45454545454545453	True
1356	3167	0.36363636363636365	True
1356	3532	0.2727272727272727	True
1356	594	0.18181818181818182	True
1356	568	0.09090909090909091	False
