2622	2435	0.9090909090909091	True
2622	2704	0.8181818181818182	False
2622	628	0.7272727272727273	False
2622	2463	0.6363636363636364	False
2622	2837	0.5454545454545454	True
2622	2561	0.45454545454545453	False
2622	2940	0.36363636363636365	True
2622	1269	0.2727272727272727	False
2622	1572	0.18181818181818182	True
2622	2077	0.09090909090909091	True
989	2435	0.9090909090909091	True
989	2704	0.8181818181818182	False
989	1269	0.7272727272727273	False
989	2837	0.6363636363636364	True
989	628	0.5454545454545454	False
989	1572	0.45454545454545453	True
989	2561	0.36363636363636365	False
989	2463	0.2727272727272727	False
989	3786	0.18181818181818182	True
989	2940	0.09090909090909091	True
1912	2837	0.9090909090909091	True
1912	2435	0.8181818181818182	True
1912	2704	0.7272727272727273	False
1912	1269	0.6363636363636364	False
1912	628	0.5454545454545454	False
1912	2463	0.45454545454545453	False
1912	2940	0.36363636363636365	True
1912	1572	0.2727272727272727	True
1912	2561	0.18181818181818182	False
1912	2077	0.09090909090909091	True
4403	2435	0.9090909090909091	True
4403	2704	0.8181818181818182	False
4403	2561	0.7272727272727273	False
4403	2463	0.6363636363636364	False
4403	2837	0.5454545454545454	True
4403	1269	0.45454545454545453	False
4403	628	0.36363636363636365	False
4403	1572	0.2727272727272727	True
4403	2940	0.18181818181818182	True
4403	1394	0.09090909090909091	True
1263	2435	0.9090909090909091	True
1263	2704	0.8181818181818182	False
1263	1269	0.7272727272727273	False
1263	2837	0.6363636363636364	True
1263	2463	0.5454545454545454	False
1263	628	0.45454545454545453	False
1263	2561	0.36363636363636365	False
1263	1572	0.2727272727272727	True
1263	2940	0.18181818181818182	True
1263	1394	0.09090909090909091	True
317	2435	0.9090909090909091	True
317	628	0.8181818181818182	False
317	2704	0.7272727272727273	False
317	2837	0.6363636363636364	True
317	2463	0.5454545454545454	False
317	2561	0.45454545454545453	False
317	1269	0.36363636363636365	False
317	1572	0.2727272727272727	True
317	2940	0.18181818181818182	True
317	2077	0.09090909090909091	True
161	1269	0.9090909090909091	False
161	2435	0.8181818181818182	True
161	628	0.7272727272727273	False
161	2704	0.6363636363636364	False
161	2837	0.5454545454545454	True
161	2463	0.45454545454545453	False
161	2940	0.36363636363636365	True
161	2561	0.2727272727272727	False
161	1572	0.18181818181818182	True
161	1394	0.09090909090909091	True
4856	2704	0.9090909090909091	False
4856	2435	0.8181818181818182	True
4856	2463	0.7272727272727273	False
4856	2837	0.6363636363636364	True
4856	1269	0.5454545454545454	False
4856	628	0.45454545454545453	False
4856	1572	0.36363636363636365	True
4856	2561	0.2727272727272727	False
4856	2940	0.18181818181818182	True
4856	503	0.09090909090909091	True
292	2435	0.9090909090909091	True
292	2837	0.8181818181818182	True
292	2704	0.7272727272727273	False
292	628	0.6363636363636364	False
292	1269	0.5454545454545454	False
292	2561	0.45454545454545453	False
292	2463	0.36363636363636365	False
292	1572	0.2727272727272727	True
292	2940	0.18181818181818182	True
292	1394	0.09090909090909091	True
4544	2435	0.9090909090909091	True
4544	2704	0.8181818181818182	False
4544	2837	0.7272727272727273	True
4544	2463	0.6363636363636364	False
4544	1269	0.5454545454545454	False
4544	628	0.45454545454545453	False
4544	2561	0.36363636363636365	False
4544	1572	0.2727272727272727	True
4544	2940	0.18181818181818182	True
4544	1394	0.09090909090909091	True
5284	2837	0.9090909090909091	True
5284	2435	0.8181818181818182	True
5284	2704	0.7272727272727273	False
5284	1269	0.6363636363636364	False
5284	628	0.5454545454545454	False
5284	2463	0.45454545454545453	False
5284	2561	0.36363636363636365	False
5284	2940	0.2727272727272727	True
5284	1572	0.18181818181818182	True
5284	2077	0.09090909090909091	True
1590	2435	0.9090909090909091	True
1590	628	0.8181818181818182	False
1590	2704	0.7272727272727273	False
1590	2463	0.6363636363636364	False
1590	2561	0.5454545454545454	False
1590	2837	0.45454545454545453	True
1590	1269	0.36363636363636365	False
1590	1572	0.2727272727272727	True
1590	2940	0.18181818181818182	True
1590	2077	0.09090909090909091	True
186	2435	0.9090909090909091	True
186	2704	0.8181818181818182	False
186	2463	0.7272727272727273	False
186	2837	0.6363636363636364	True
186	1269	0.5454545454545454	False
186	628	0.45454545454545453	False
186	2561	0.36363636363636365	False
186	2940	0.2727272727272727	True
186	1572	0.18181818181818182	True
186	1394	0.09090909090909091	True
1807	2435	0.9090909090909091	True
1807	1269	0.8181818181818182	False
1807	2704	0.7272727272727273	False
1807	2837	0.6363636363636364	True
1807	628	0.5454545454545454	False
1807	2463	0.45454545454545453	False
1807	2561	0.36363636363636365	False
1807	1572	0.2727272727272727	True
1807	2940	0.18181818181818182	True
1807	2077	0.09090909090909091	True
1010	2435	0.9090909090909091	True
1010	2463	0.8181818181818182	False
1010	628	0.7272727272727273	False
1010	2704	0.6363636363636364	False
1010	2837	0.5454545454545454	True
1010	1269	0.45454545454545453	False
1010	2561	0.36363636363636365	False
1010	1572	0.2727272727272727	True
1010	2940	0.18181818181818182	True
1010	3848	0.09090909090909091	True
5007	2435	0.9090909090909091	True
5007	2837	0.8181818181818182	True
5007	2704	0.7272727272727273	False
5007	628	0.6363636363636364	False
5007	1269	0.5454545454545454	False
5007	2561	0.45454545454545453	False
5007	2463	0.36363636363636365	False
5007	1572	0.2727272727272727	True
5007	2940	0.18181818181818182	True
5007	2077	0.09090909090909091	True
1785	2435	0.9090909090909091	True
1785	2837	0.8181818181818182	True
1785	628	0.7272727272727273	False
1785	2704	0.6363636363636364	False
1785	1269	0.5454545454545454	False
1785	2463	0.45454545454545453	False
1785	2561	0.36363636363636365	False
1785	2940	0.2727272727272727	True
1785	1572	0.18181818181818182	True
1785	3786	0.09090909090909091	True
2160	2435	0.9090909090909091	True
2160	2837	0.8181818181818182	True
2160	2704	0.7272727272727273	False
2160	628	0.6363636363636364	False
2160	2463	0.5454545454545454	False
2160	2561	0.45454545454545453	False
2160	1269	0.36363636363636365	False
2160	2940	0.2727272727272727	True
2160	1572	0.18181818181818182	True
2160	2077	0.09090909090909091	True
2922	2435	0.9090909090909091	True
2922	2837	0.8181818181818182	True
2922	2704	0.7272727272727273	False
2922	2463	0.6363636363636364	False
2922	2561	0.5454545454545454	False
2922	628	0.45454545454545453	False
2922	1269	0.36363636363636365	False
2922	2940	0.2727272727272727	True
2922	1572	0.18181818181818182	True
2922	1394	0.09090909090909091	True
5515	2435	0.9090909090909091	True
5515	2704	0.8181818181818182	False
5515	1269	0.7272727272727273	False
5515	2463	0.6363636363636364	False
5515	2837	0.5454545454545454	True
5515	628	0.45454545454545453	False
5515	2561	0.36363636363636365	False
5515	1572	0.2727272727272727	True
5515	2940	0.18181818181818182	True
5515	3786	0.09090909090909091	True
1396	2435	0.9090909090909091	True
1396	2704	0.8181818181818182	False
1396	2837	0.7272727272727273	True
1396	1269	0.6363636363636364	False
1396	628	0.5454545454545454	False
1396	2463	0.45454545454545453	False
1396	1572	0.36363636363636365	True
1396	2561	0.2727272727272727	False
1396	2940	0.18181818181818182	True
1396	1394	0.09090909090909091	True
1032	2435	0.9090909090909091	True
1032	2837	0.8181818181818182	True
1032	628	0.7272727272727273	False
1032	1269	0.6363636363636364	False
1032	2704	0.5454545454545454	False
1032	2561	0.45454545454545453	False
1032	1572	0.36363636363636365	True
1032	2940	0.2727272727272727	True
1032	2463	0.18181818181818182	False
1032	2077	0.09090909090909091	True
1253	2435	0.9090909090909091	True
1253	1269	0.8181818181818182	False
1253	2463	0.7272727272727273	False
1253	2704	0.6363636363636364	False
1253	2837	0.5454545454545454	True
1253	628	0.45454545454545453	False
1253	2561	0.36363636363636365	False
1253	2940	0.2727272727272727	True
1253	1572	0.18181818181818182	True
1253	1394	0.09090909090909091	True
4798	2435	0.9090909090909091	True
4798	2704	0.8181818181818182	False
4798	2463	0.7272727272727273	False
4798	1269	0.6363636363636364	False
4798	628	0.5454545454545454	False
4798	2837	0.45454545454545453	True
4798	2940	0.36363636363636365	True
4798	2561	0.2727272727272727	False
4798	1572	0.18181818181818182	True
4798	1394	0.09090909090909091	True
5361	2435	0.9090909090909091	True
5361	2704	0.8181818181818182	False
5361	2837	0.7272727272727273	True
5361	2463	0.6363636363636364	False
5361	1269	0.5454545454545454	False
5361	628	0.45454545454545453	False
5361	2561	0.36363636363636365	False
5361	1572	0.2727272727272727	True
5361	2940	0.18181818181818182	True
5361	1394	0.09090909090909091	True
15	2435	0.9090909090909091	True
15	2704	0.8181818181818182	False
15	2463	0.7272727272727273	False
15	2837	0.6363636363636364	True
15	1269	0.5454545454545454	False
15	2561	0.45454545454545453	False
15	628	0.36363636363636365	False
15	1572	0.2727272727272727	True
15	2940	0.18181818181818182	True
15	1394	0.09090909090909091	True
3750	2435	0.9090909090909091	True
3750	2704	0.8181818181818182	False
3750	2561	0.7272727272727273	False
3750	2463	0.6363636363636364	False
3750	628	0.5454545454545454	False
3750	1269	0.45454545454545453	False
3750	2837	0.36363636363636365	True
3750	1572	0.2727272727272727	True
3750	2940	0.18181818181818182	True
3750	1394	0.09090909090909091	True
1806	2435	0.9090909090909091	True
1806	2837	0.8181818181818182	True
1806	1269	0.7272727272727273	False
1806	628	0.6363636363636364	False
1806	2704	0.5454545454545454	False
1806	2940	0.45454545454545453	True
1806	2463	0.36363636363636365	False
1806	2561	0.2727272727272727	False
1806	1572	0.18181818181818182	True
1806	2077	0.09090909090909091	True
644	2435	0.9090909090909091	True
644	2837	0.8181818181818182	True
644	628	0.7272727272727273	False
644	2704	0.6363636363636364	False
644	2463	0.5454545454545454	False
644	1269	0.45454545454545453	False
644	1572	0.36363636363636365	True
644	2940	0.2727272727272727	True
644	2561	0.18181818181818182	False
644	2077	0.09090909090909091	True
71	2837	0.9090909090909091	True
71	628	0.8181818181818182	False
71	2435	0.7272727272727273	True
71	2704	0.6363636363636364	False
71	2463	0.5454545454545454	False
71	2561	0.45454545454545453	False
71	1269	0.36363636363636365	False
71	2940	0.2727272727272727	True
71	1572	0.18181818181818182	True
71	1394	0.09090909090909091	True
1106	2435	0.9090909090909091	True
1106	2704	0.8181818181818182	False
1106	2463	0.7272727272727273	False
1106	1269	0.6363636363636364	False
1106	2837	0.5454545454545454	True
1106	2561	0.45454545454545453	False
1106	1572	0.36363636363636365	True
1106	628	0.2727272727272727	False
1106	2940	0.18181818181818182	True
1106	3786	0.09090909090909091	True
1789	2435	0.9090909090909091	True
1789	1269	0.8181818181818182	False
1789	628	0.7272727272727273	False
1789	2704	0.6363636363636364	False
1789	2837	0.5454545454545454	True
1789	2463	0.45454545454545453	False
1789	2561	0.36363636363636365	False
1789	1572	0.2727272727272727	True
1789	2940	0.18181818181818182	True
1789	2077	0.09090909090909091	True
1516	2435	0.9090909090909091	True
1516	628	0.8181818181818182	False
1516	2704	0.7272727272727273	False
1516	2837	0.6363636363636364	True
1516	2463	0.5454545454545454	False
1516	2561	0.45454545454545453	False
1516	1269	0.36363636363636365	False
1516	2940	0.2727272727272727	True
1516	1572	0.18181818181818182	True
1516	2077	0.09090909090909091	True
4266	2704	0.9090909090909091	False
4266	2435	0.8181818181818182	True
4266	2837	0.7272727272727273	True
4266	2463	0.6363636363636364	False
4266	1269	0.5454545454545454	False
4266	628	0.45454545454545453	False
4266	2561	0.36363636363636365	False
4266	1572	0.2727272727272727	True
4266	2940	0.18181818181818182	True
4266	2077	0.09090909090909091	True
1880	2435	0.9090909090909091	True
1880	1269	0.8181818181818182	False
1880	2704	0.7272727272727273	False
1880	2463	0.6363636363636364	False
1880	628	0.5454545454545454	False
1880	2837	0.45454545454545453	True
1880	2561	0.36363636363636365	False
1880	1572	0.2727272727272727	True
1880	2940	0.18181818181818182	True
1880	2077	0.09090909090909091	True
3413	2435	0.9090909090909091	True
3413	2837	0.8181818181818182	True
3413	2704	0.7272727272727273	False
3413	628	0.6363636363636364	False
3413	1269	0.5454545454545454	False
3413	2463	0.45454545454545453	False
3413	2561	0.36363636363636365	False
3413	1572	0.2727272727272727	True
3413	2940	0.18181818181818182	True
3413	2077	0.09090909090909091	True
2513	2435	0.9090909090909091	True
2513	1269	0.8181818181818182	False
2513	2837	0.7272727272727273	True
2513	2463	0.6363636363636364	False
2513	628	0.5454545454545454	False
2513	2704	0.45454545454545453	False
2513	2940	0.36363636363636365	True
2513	2561	0.2727272727272727	False
2513	1572	0.18181818181818182	True
2513	1394	0.09090909090909091	True
4952	2435	0.9090909090909091	True
4952	2704	0.8181818181818182	False
4952	628	0.7272727272727273	False
4952	2837	0.6363636363636364	True
4952	2940	0.5454545454545454	True
4952	1269	0.45454545454545453	False
4952	2463	0.36363636363636365	False
4952	2561	0.2727272727272727	False
4952	1572	0.18181818181818182	True
4952	2077	0.09090909090909091	True
2474	2435	0.9090909090909091	True
2474	2704	0.8181818181818182	False
2474	628	0.7272727272727273	False
2474	2561	0.6363636363636364	False
2474	2463	0.5454545454545454	False
2474	2837	0.45454545454545453	True
2474	1269	0.36363636363636365	False
2474	2940	0.2727272727272727	True
2474	1572	0.18181818181818182	True
2474	2077	0.09090909090909091	True
2418	2435	0.9090909090909091	True
2418	2704	0.8181818181818182	False
2418	2837	0.7272727272727273	True
2418	2463	0.6363636363636364	False
2418	1269	0.5454545454545454	False
2418	2561	0.45454545454545453	False
2418	628	0.36363636363636365	False
2418	1572	0.2727272727272727	True
2418	2940	0.18181818181818182	True
2418	1394	0.09090909090909091	True
3110	2435	0.9090909090909091	True
3110	2837	0.8181818181818182	True
3110	2704	0.7272727272727273	False
3110	628	0.6363636363636364	False
3110	2463	0.5454545454545454	False
3110	1269	0.45454545454545453	False
3110	2561	0.36363636363636365	False
3110	2940	0.2727272727272727	True
3110	1572	0.18181818181818182	True
3110	1394	0.09090909090909091	True
3652	2435	0.9090909090909091	True
3652	628	0.8181818181818182	False
3652	1269	0.7272727272727273	False
3652	2837	0.6363636363636364	True
3652	2704	0.5454545454545454	False
3652	2561	0.45454545454545453	False
3652	2463	0.36363636363636365	False
3652	1572	0.2727272727272727	True
3652	2940	0.18181818181818182	True
3652	2077	0.09090909090909091	True
5167	2435	0.9090909090909091	True
5167	628	0.8181818181818182	False
5167	2837	0.7272727272727273	True
5167	2704	0.6363636363636364	False
5167	1269	0.5454545454545454	False
5167	2463	0.45454545454545453	False
5167	2561	0.36363636363636365	False
5167	2940	0.2727272727272727	True
5167	1572	0.18181818181818182	True
5167	2077	0.09090909090909091	True
157	2435	0.9090909090909091	True
157	1269	0.8181818181818182	False
157	2704	0.7272727272727273	False
157	2837	0.6363636363636364	True
157	2463	0.5454545454545454	False
157	628	0.45454545454545453	False
157	2561	0.36363636363636365	False
157	1572	0.2727272727272727	True
157	2940	0.18181818181818182	True
157	3786	0.09090909090909091	True
893	2435	0.9090909090909091	True
893	2704	0.8181818181818182	False
893	1269	0.7272727272727273	False
893	2463	0.6363636363636364	False
893	1572	0.5454545454545454	True
893	2837	0.45454545454545453	True
893	628	0.36363636363636365	False
893	2561	0.2727272727272727	False
893	2940	0.18181818181818182	True
893	503	0.09090909090909091	True
3637	2435	0.9090909090909091	True
3637	2704	0.8181818181818182	False
3637	2837	0.7272727272727273	True
3637	628	0.6363636363636364	False
3637	2463	0.5454545454545454	False
3637	2561	0.45454545454545453	False
3637	1269	0.36363636363636365	False
3637	1572	0.2727272727272727	True
3637	2940	0.18181818181818182	True
3637	2077	0.09090909090909091	True
3802	2435	0.9090909090909091	True
3802	1269	0.8181818181818182	False
3802	2837	0.7272727272727273	True
3802	2704	0.6363636363636364	False
3802	2463	0.5454545454545454	False
3802	628	0.45454545454545453	False
3802	2561	0.36363636363636365	False
3802	1572	0.2727272727272727	True
3802	2940	0.18181818181818182	True
3802	1394	0.09090909090909091	True
6016	2435	0.9090909090909091	True
6016	2704	0.8181818181818182	False
6016	628	0.7272727272727273	False
6016	2837	0.6363636363636364	True
6016	2561	0.5454545454545454	False
6016	2463	0.45454545454545453	False
6016	1269	0.36363636363636365	False
6016	2940	0.2727272727272727	True
6016	1572	0.18181818181818182	True
6016	2077	0.09090909090909091	True
3128	2435	0.9090909090909091	True
3128	2704	0.8181818181818182	False
3128	628	0.7272727272727273	False
3128	2463	0.6363636363636364	False
3128	2561	0.5454545454545454	False
3128	2837	0.45454545454545453	True
3128	1572	0.36363636363636365	True
3128	1269	0.2727272727272727	False
3128	2940	0.18181818181818182	True
3128	2077	0.09090909090909091	True
5043	2435	0.9090909090909091	True
5043	2704	0.8181818181818182	False
5043	628	0.7272727272727273	False
5043	2837	0.6363636363636364	True
5043	2463	0.5454545454545454	False
5043	1269	0.45454545454545453	False
5043	2561	0.36363636363636365	False
5043	1572	0.2727272727272727	True
5043	2940	0.18181818181818182	True
5043	2077	0.09090909090909091	True
3357	2435	0.9090909090909091	True
3357	2837	0.8181818181818182	True
3357	1269	0.7272727272727273	False
3357	628	0.6363636363636364	False
3357	2704	0.5454545454545454	False
3357	2463	0.45454545454545453	False
3357	2940	0.36363636363636365	True
3357	2561	0.2727272727272727	False
3357	1572	0.18181818181818182	True
3357	1394	0.09090909090909091	True
5586	2435	0.9090909090909091	True
5586	2704	0.8181818181818182	False
5586	2837	0.7272727272727273	True
5586	1269	0.6363636363636364	False
5586	2463	0.5454545454545454	False
5586	628	0.45454545454545453	False
5586	2561	0.36363636363636365	False
5586	1572	0.2727272727272727	True
5586	2940	0.18181818181818182	True
5586	1394	0.09090909090909091	True
3875	2435	0.9090909090909091	True
3875	2704	0.8181818181818182	False
3875	1269	0.7272727272727273	False
3875	2463	0.6363636363636364	False
3875	2837	0.5454545454545454	True
3875	628	0.45454545454545453	False
3875	2561	0.36363636363636365	False
3875	1572	0.2727272727272727	True
3875	2940	0.18181818181818182	True
3875	1394	0.09090909090909091	True
3253	2435	0.9090909090909091	True
3253	2704	0.8181818181818182	False
3253	2837	0.7272727272727273	True
3253	628	0.6363636363636364	False
3253	1269	0.5454545454545454	False
3253	2463	0.45454545454545453	False
3253	2561	0.36363636363636365	False
3253	2940	0.2727272727272727	True
3253	1572	0.18181818181818182	True
3253	2077	0.09090909090909091	True
2377	2435	0.9090909090909091	True
2377	2704	0.8181818181818182	False
2377	1269	0.7272727272727273	False
2377	2463	0.6363636363636364	False
2377	2837	0.5454545454545454	True
2377	2561	0.45454545454545453	False
2377	628	0.36363636363636365	False
2377	1572	0.2727272727272727	True
2377	2940	0.18181818181818182	True
2377	1394	0.09090909090909091	True
6009	2704	0.9090909090909091	False
6009	2435	0.8181818181818182	True
6009	2837	0.7272727272727273	True
6009	1269	0.6363636363636364	False
6009	628	0.5454545454545454	False
6009	2463	0.45454545454545453	False
6009	2561	0.36363636363636365	False
6009	1572	0.2727272727272727	True
6009	2940	0.18181818181818182	True
6009	3786	0.09090909090909091	True
159	2435	0.9090909090909091	True
159	2704	0.8181818181818182	False
159	1269	0.7272727272727273	False
159	2837	0.6363636363636364	True
159	2463	0.5454545454545454	False
159	628	0.45454545454545453	False
159	2561	0.36363636363636365	False
159	1572	0.2727272727272727	True
159	2940	0.18181818181818182	True
159	1394	0.09090909090909091	True
5451	2435	0.9090909090909091	True
5451	2704	0.8181818181818182	False
5451	628	0.7272727272727273	False
5451	2837	0.6363636363636364	True
5451	1269	0.5454545454545454	False
5451	2463	0.45454545454545453	False
5451	2940	0.36363636363636365	True
5451	2561	0.2727272727272727	False
5451	1572	0.18181818181818182	True
5451	2077	0.09090909090909091	True
2601	2435	0.9090909090909091	True
2601	2704	0.8181818181818182	False
2601	1269	0.7272727272727273	False
2601	2837	0.6363636363636364	True
2601	2463	0.5454545454545454	False
2601	628	0.45454545454545453	False
2601	2561	0.36363636363636365	False
2601	1572	0.2727272727272727	True
2601	2940	0.18181818181818182	True
2601	503	0.09090909090909091	True
3002	2435	0.9090909090909091	True
3002	2704	0.8181818181818182	False
3002	2837	0.7272727272727273	True
3002	2463	0.6363636363636364	False
3002	628	0.5454545454545454	False
3002	1269	0.45454545454545453	False
3002	2561	0.36363636363636365	False
3002	1572	0.2727272727272727	True
3002	2940	0.18181818181818182	True
3002	1394	0.09090909090909091	True
2362	2435	0.9090909090909091	True
2362	2463	0.8181818181818182	False
2362	2704	0.7272727272727273	False
2362	2561	0.6363636363636364	False
2362	2837	0.5454545454545454	True
2362	628	0.45454545454545453	False
2362	1269	0.36363636363636365	False
2362	1572	0.2727272727272727	True
2362	2940	0.18181818181818182	True
2362	1394	0.09090909090909091	True
1554	2435	0.9090909090909091	True
1554	2837	0.8181818181818182	True
1554	1269	0.7272727272727273	False
1554	2704	0.6363636363636364	False
1554	2463	0.5454545454545454	False
1554	628	0.45454545454545453	False
1554	2940	0.36363636363636365	True
1554	2561	0.2727272727272727	False
1554	1572	0.18181818181818182	True
1554	1394	0.09090909090909091	True
2787	2435	0.9090909090909091	True
2787	2704	0.8181818181818182	False
2787	1269	0.7272727272727273	False
2787	2463	0.6363636363636364	False
2787	628	0.5454545454545454	False
2787	2561	0.45454545454545453	False
2787	2837	0.36363636363636365	True
2787	1572	0.2727272727272727	True
2787	2940	0.18181818181818182	True
2787	503	0.09090909090909091	True
886	2435	0.9090909090909091	True
886	2463	0.8181818181818182	False
886	2704	0.7272727272727273	False
886	2837	0.6363636363636364	True
886	1269	0.5454545454545454	False
886	628	0.45454545454545453	False
886	2940	0.36363636363636365	True
886	2561	0.2727272727272727	False
886	1572	0.18181818181818182	True
886	1394	0.09090909090909091	True
5406	2435	0.9090909090909091	True
5406	1269	0.8181818181818182	False
5406	2463	0.7272727272727273	False
5406	2704	0.6363636363636364	False
5406	628	0.5454545454545454	False
5406	2837	0.45454545454545453	True
5406	2561	0.36363636363636365	False
5406	2940	0.2727272727272727	True
5406	1572	0.18181818181818182	True
5406	1394	0.09090909090909091	True
2137	2435	0.9090909090909091	True
2137	2837	0.8181818181818182	True
2137	1269	0.7272727272727273	False
2137	2704	0.6363636363636364	False
2137	628	0.5454545454545454	False
2137	1572	0.45454545454545453	True
2137	2463	0.36363636363636365	False
2137	2940	0.2727272727272727	True
2137	1394	0.18181818181818182	True
2137	2561	0.09090909090909091	False
5166	1269	0.9090909090909091	False
5166	2435	0.8181818181818182	True
5166	2704	0.7272727272727273	False
5166	2837	0.6363636363636364	True
5166	628	0.5454545454545454	False
5166	2463	0.45454545454545453	False
5166	2561	0.36363636363636365	False
5166	1572	0.2727272727272727	True
5166	2940	0.18181818181818182	True
5166	1394	0.09090909090909091	True
2674	2435	0.9090909090909091	True
2674	2463	0.8181818181818182	False
2674	2704	0.7272727272727273	False
2674	2837	0.6363636363636364	True
2674	628	0.5454545454545454	False
2674	2561	0.45454545454545453	False
2674	1269	0.36363636363636365	False
2674	2940	0.2727272727272727	True
2674	1572	0.18181818181818182	True
2674	1394	0.09090909090909091	True
3685	2435	0.9090909090909091	True
3685	2704	0.8181818181818182	False
3685	2837	0.7272727272727273	True
3685	2561	0.6363636363636364	False
3685	2463	0.5454545454545454	False
3685	628	0.45454545454545453	False
3685	1572	0.36363636363636365	True
3685	2940	0.2727272727272727	True
3685	3786	0.18181818181818182	True
3685	2077	0.09090909090909091	True
2349	2435	0.9090909090909091	True
2349	628	0.8181818181818182	False
2349	2704	0.7272727272727273	False
2349	2837	0.6363636363636364	True
2349	1269	0.5454545454545454	False
2349	2463	0.45454545454545453	False
2349	1572	0.36363636363636365	True
2349	2561	0.2727272727272727	False
2349	2940	0.18181818181818182	True
2349	1394	0.09090909090909091	True
1163	2435	0.9090909090909091	True
1163	2704	0.8181818181818182	False
1163	2837	0.7272727272727273	True
1163	1269	0.6363636363636364	False
1163	2463	0.5454545454545454	False
1163	628	0.45454545454545453	False
1163	2561	0.36363636363636365	False
1163	2940	0.2727272727272727	True
1163	1572	0.18181818181818182	True
1163	2077	0.09090909090909091	True
910	628	0.9090909090909091	False
910	2435	0.8181818181818182	True
910	2704	0.7272727272727273	False
910	2837	0.6363636363636364	True
910	2463	0.5454545454545454	False
910	1572	0.45454545454545453	True
910	1269	0.36363636363636365	False
910	2561	0.2727272727272727	False
910	2940	0.18181818181818182	True
910	2077	0.09090909090909091	True
1082	2435	0.9090909090909091	True
1082	2704	0.8181818181818182	False
1082	628	0.7272727272727273	False
1082	1269	0.6363636363636364	False
1082	2837	0.5454545454545454	True
1082	2463	0.45454545454545453	False
1082	2561	0.36363636363636365	False
1082	1572	0.2727272727272727	True
1082	2940	0.18181818181818182	True
1082	2077	0.09090909090909091	True
4212	2435	0.9090909090909091	True
4212	2704	0.8181818181818182	False
4212	628	0.7272727272727273	False
4212	2837	0.6363636363636364	True
4212	2561	0.5454545454545454	False
4212	2463	0.45454545454545453	False
4212	1269	0.36363636363636365	False
4212	1572	0.2727272727272727	True
4212	2940	0.18181818181818182	True
4212	2077	0.09090909090909091	True
3153	2435	0.9090909090909091	True
3153	628	0.8181818181818182	False
3153	1269	0.7272727272727273	False
3153	2837	0.6363636363636364	True
3153	2463	0.5454545454545454	False
3153	2704	0.45454545454545453	False
3153	1572	0.36363636363636365	True
3153	2561	0.2727272727272727	False
3153	2940	0.18181818181818182	True
3153	1394	0.09090909090909091	True
2970	2435	0.9090909090909091	True
2970	2704	0.8181818181818182	False
2970	2837	0.7272727272727273	True
2970	1269	0.6363636363636364	False
2970	628	0.5454545454545454	False
2970	2561	0.45454545454545453	False
2970	2463	0.36363636363636365	False
2970	1572	0.2727272727272727	True
2970	2940	0.18181818181818182	True
2970	2077	0.09090909090909091	True
40	2435	0.9090909090909091	True
40	628	0.8181818181818182	False
40	2704	0.7272727272727273	False
40	2463	0.6363636363636364	False
40	2561	0.5454545454545454	False
40	2837	0.45454545454545453	True
40	1269	0.36363636363636365	False
40	1572	0.2727272727272727	True
40	2940	0.18181818181818182	True
40	1394	0.09090909090909091	True
5838	628	0.9090909090909091	False
5838	2435	0.8181818181818182	True
5838	2837	0.7272727272727273	True
5838	2704	0.6363636363636364	False
5838	1269	0.5454545454545454	False
5838	2561	0.45454545454545453	False
5838	1572	0.36363636363636365	True
5838	2463	0.2727272727272727	False
5838	2940	0.18181818181818182	True
5838	2077	0.09090909090909091	True
1788	2435	0.9090909090909091	True
1788	2704	0.8181818181818182	False
1788	2463	0.7272727272727273	False
1788	2561	0.6363636363636364	False
1788	1269	0.5454545454545454	False
1788	2837	0.45454545454545453	True
1788	628	0.36363636363636365	False
1788	1572	0.2727272727272727	True
1788	2940	0.18181818181818182	True
1788	1394	0.09090909090909091	True
5783	2435	0.9090909090909091	True
5783	1269	0.8181818181818182	False
5783	2837	0.7272727272727273	True
5783	628	0.6363636363636364	False
5783	2704	0.5454545454545454	False
5783	2463	0.45454545454545453	False
5783	2561	0.36363636363636365	False
5783	1572	0.2727272727272727	True
5783	2940	0.18181818181818182	True
5783	3786	0.09090909090909091	True
3148	2435	0.9090909090909091	True
3148	2837	0.8181818181818182	True
3148	628	0.7272727272727273	False
3148	1269	0.6363636363636364	False
3148	2561	0.5454545454545454	False
3148	2704	0.45454545454545453	False
3148	2463	0.36363636363636365	False
3148	1572	0.2727272727272727	True
3148	2940	0.18181818181818182	True
3148	1394	0.09090909090909091	True
409	2435	0.9090909090909091	True
409	2837	0.8181818181818182	True
409	2704	0.7272727272727273	False
409	628	0.6363636363636364	False
409	1269	0.5454545454545454	False
409	2561	0.45454545454545453	False
409	2463	0.36363636363636365	False
409	2940	0.2727272727272727	True
409	1572	0.18181818181818182	True
409	2077	0.09090909090909091	True
430	2435	0.9090909090909091	True
430	2704	0.8181818181818182	False
430	628	0.7272727272727273	False
430	2837	0.6363636363636364	True
430	2463	0.5454545454545454	False
430	2561	0.45454545454545453	False
430	2940	0.36363636363636365	True
430	1572	0.2727272727272727	True
430	1269	0.18181818181818182	False
430	2077	0.09090909090909091	True
5099	2435	0.9090909090909091	True
5099	2704	0.8181818181818182	False
5099	2837	0.7272727272727273	True
5099	2463	0.6363636363636364	False
5099	1269	0.5454545454545454	False
5099	628	0.45454545454545453	False
5099	2561	0.36363636363636365	False
5099	1572	0.2727272727272727	True
5099	2940	0.18181818181818182	True
5099	1394	0.09090909090909091	True
4708	2435	0.9090909090909091	True
4708	2837	0.8181818181818182	True
4708	1269	0.7272727272727273	False
4708	628	0.6363636363636364	False
4708	2704	0.5454545454545454	False
4708	2463	0.45454545454545453	False
4708	2561	0.36363636363636365	False
4708	1572	0.2727272727272727	True
4708	2940	0.18181818181818182	True
4708	1394	0.09090909090909091	True
4700	2435	0.9090909090909091	True
4700	2704	0.8181818181818182	False
4700	2837	0.7272727272727273	True
4700	628	0.6363636363636364	False
4700	1572	0.5454545454545454	True
4700	2561	0.45454545454545453	False
4700	1269	0.36363636363636365	False
4700	2463	0.2727272727272727	False
4700	2940	0.18181818181818182	True
4700	2077	0.09090909090909091	True
5625	2435	0.9090909090909091	True
5625	2704	0.8181818181818182	False
5625	2837	0.7272727272727273	True
5625	2463	0.6363636363636364	False
5625	1572	0.5454545454545454	True
5625	1269	0.45454545454545453	False
5625	628	0.36363636363636365	False
5625	2561	0.2727272727272727	False
5625	2940	0.18181818181818182	True
5625	1394	0.09090909090909091	True
551	2435	0.9090909090909091	True
551	2837	0.8181818181818182	True
551	1269	0.7272727272727273	False
551	2704	0.6363636363636364	False
551	628	0.5454545454545454	False
551	2463	0.45454545454545453	False
551	2561	0.36363636363636365	False
551	1572	0.2727272727272727	True
551	2940	0.18181818181818182	True
551	2077	0.09090909090909091	True
3174	2435	0.9090909090909091	True
3174	628	0.8181818181818182	False
3174	2463	0.7272727272727273	False
3174	1269	0.6363636363636364	False
3174	2837	0.5454545454545454	True
3174	2704	0.45454545454545453	False
3174	2561	0.36363636363636365	False
3174	1572	0.2727272727272727	True
3174	2940	0.18181818181818182	True
3174	1394	0.09090909090909091	True
4258	2435	0.9090909090909091	True
4258	2704	0.8181818181818182	False
4258	2463	0.7272727272727273	False
4258	628	0.6363636363636364	False
4258	2837	0.5454545454545454	True
4258	2561	0.45454545454545453	False
4258	1269	0.36363636363636365	False
4258	1572	0.2727272727272727	True
4258	2940	0.18181818181818182	True
4258	2077	0.09090909090909091	True
192	2435	0.9090909090909091	True
192	2704	0.8181818181818182	False
192	2837	0.7272727272727273	True
192	628	0.6363636363636364	False
192	2463	0.5454545454545454	False
192	1269	0.45454545454545453	False
192	2561	0.36363636363636365	False
192	2940	0.2727272727272727	True
192	1572	0.18181818181818182	True
192	2077	0.09090909090909091	True
1928	2435	0.9090909090909091	True
1928	2837	0.8181818181818182	True
1928	2704	0.7272727272727273	False
1928	628	0.6363636363636364	False
1928	2463	0.5454545454545454	False
1928	2561	0.45454545454545453	False
1928	1269	0.36363636363636365	False
1928	2940	0.2727272727272727	True
1928	1572	0.18181818181818182	True
1928	3786	0.09090909090909091	True
2620	2435	0.9090909090909091	True
2620	2463	0.8181818181818182	False
2620	2704	0.7272727272727273	False
2620	2561	0.6363636363636364	False
2620	2837	0.5454545454545454	True
2620	628	0.45454545454545453	False
2620	1269	0.36363636363636365	False
2620	2940	0.2727272727272727	True
2620	1572	0.18181818181818182	True
2620	1394	0.09090909090909091	True
2751	2435	0.9090909090909091	True
2751	628	0.8181818181818182	False
2751	2837	0.7272727272727273	True
2751	1269	0.6363636363636364	False
2751	2704	0.5454545454545454	False
2751	2561	0.45454545454545453	False
2751	1572	0.36363636363636365	True
2751	2463	0.2727272727272727	False
2751	2940	0.18181818181818182	True
2751	3786	0.09090909090909091	True
4190	2435	0.9090909090909091	True
4190	2837	0.8181818181818182	True
4190	2704	0.7272727272727273	False
4190	1269	0.6363636363636364	False
4190	2463	0.5454545454545454	False
4190	628	0.45454545454545453	False
4190	2561	0.36363636363636365	False
4190	1572	0.2727272727272727	True
4190	2940	0.18181818181818182	True
4190	1394	0.09090909090909091	True
912	2435	0.9090909090909091	True
912	2704	0.8181818181818182	False
912	1269	0.7272727272727273	False
912	628	0.6363636363636364	False
912	2837	0.5454545454545454	True
912	1572	0.45454545454545453	True
912	2463	0.36363636363636365	False
912	2561	0.2727272727272727	False
912	2940	0.18181818181818182	True
912	3786	0.09090909090909091	True
5902	2435	0.9090909090909091	True
5902	2704	0.8181818181818182	False
5902	2837	0.7272727272727273	True
5902	2463	0.6363636363636364	False
5902	1269	0.5454545454545454	False
5902	628	0.45454545454545453	False
5902	1572	0.36363636363636365	True
5902	2561	0.2727272727272727	False
5902	2940	0.18181818181818182	True
5902	2077	0.09090909090909091	True
3845	2435	0.9090909090909091	True
3845	2704	0.8181818181818182	False
3845	2837	0.7272727272727273	True
3845	1269	0.6363636363636364	False
3845	2463	0.5454545454545454	False
3845	2561	0.45454545454545453	False
3845	628	0.36363636363636365	False
3845	1572	0.2727272727272727	True
3845	2940	0.18181818181818182	True
3845	2077	0.09090909090909091	True
5136	2435	0.9090909090909091	True
5136	2463	0.8181818181818182	False
5136	2704	0.7272727272727273	False
5136	628	0.6363636363636364	False
5136	1269	0.5454545454545454	False
5136	2837	0.45454545454545453	True
5136	2561	0.36363636363636365	False
5136	1572	0.2727272727272727	True
5136	2940	0.18181818181818182	True
5136	1394	0.09090909090909091	True
391	2435	0.9090909090909091	True
391	1269	0.8181818181818182	False
391	628	0.7272727272727273	False
391	2704	0.6363636363636364	False
391	2837	0.5454545454545454	True
391	2463	0.45454545454545453	False
391	2561	0.36363636363636365	False
391	1572	0.2727272727272727	True
391	2940	0.18181818181818182	True
391	3786	0.09090909090909091	True
