4967	1172	0.9090909090909091	False
4967	339	0.8181818181818182	False
4967	1529	0.7272727272727273	True
4967	273	0.6363636363636364	False
4967	3742	0.5454545454545454	False
4967	3658	0.45454545454545453	True
4967	3453	0.36363636363636365	False
4967	3385	0.2727272727272727	True
4967	3644	0.18181818181818182	True
4967	265	0.09090909090909091	True
698	1172	0.9090909090909091	False
698	339	0.8181818181818182	False
698	1529	0.7272727272727273	True
698	273	0.6363636363636364	False
698	3742	0.5454545454545454	False
698	3658	0.45454545454545453	True
698	3453	0.36363636363636365	False
698	943	0.2727272727272727	True
698	265	0.18181818181818182	True
698	3385	0.09090909090909091	True
5106	1172	0.9090909090909091	False
5106	339	0.8181818181818182	False
5106	1529	0.7272727272727273	True
5106	273	0.6363636363636364	False
5106	3742	0.5454545454545454	False
5106	3658	0.45454545454545453	True
5106	3453	0.36363636363636365	False
5106	943	0.2727272727272727	True
5106	265	0.18181818181818182	True
5106	3385	0.09090909090909091	True
4926	1172	0.9090909090909091	False
4926	339	0.8181818181818182	False
4926	1529	0.7272727272727273	True
4926	273	0.6363636363636364	False
4926	3742	0.5454545454545454	False
4926	265	0.45454545454545453	True
4926	3658	0.36363636363636365	True
4926	3453	0.2727272727272727	False
4926	3385	0.18181818181818182	True
4926	943	0.09090909090909091	True
5087	1172	0.9090909090909091	False
5087	339	0.8181818181818182	False
5087	1529	0.7272727272727273	True
5087	273	0.6363636363636364	False
5087	3742	0.5454545454545454	False
5087	3658	0.45454545454545453	True
5087	3385	0.36363636363636365	True
5087	3453	0.2727272727272727	False
5087	943	0.18181818181818182	True
5087	265	0.09090909090909091	True
1249	1172	0.9090909090909091	False
1249	339	0.8181818181818182	False
1249	1529	0.7272727272727273	True
1249	273	0.6363636363636364	False
1249	3742	0.5454545454545454	False
1249	3453	0.45454545454545453	False
1249	3658	0.36363636363636365	True
1249	3385	0.2727272727272727	True
1249	265	0.18181818181818182	True
1249	943	0.09090909090909091	True
633	1172	0.9090909090909091	False
633	339	0.8181818181818182	False
633	1529	0.7272727272727273	True
633	273	0.6363636363636364	False
633	3742	0.5454545454545454	False
633	3658	0.45454545454545453	True
633	943	0.36363636363636365	True
633	3453	0.2727272727272727	False
633	265	0.18181818181818182	True
633	3385	0.09090909090909091	True
505	1172	0.9090909090909091	False
505	339	0.8181818181818182	False
505	1529	0.7272727272727273	True
505	273	0.6363636363636364	False
505	3742	0.5454545454545454	False
505	265	0.45454545454545453	True
505	3453	0.36363636363636365	False
505	3658	0.2727272727272727	True
505	3644	0.18181818181818182	True
505	943	0.09090909090909091	True
5370	1172	0.9090909090909091	False
5370	339	0.8181818181818182	False
5370	1529	0.7272727272727273	True
5370	273	0.6363636363636364	False
5370	3742	0.5454545454545454	False
5370	3453	0.45454545454545453	False
5370	3658	0.36363636363636365	True
5370	3385	0.2727272727272727	True
5370	943	0.18181818181818182	True
5370	3644	0.09090909090909091	True
3639	1172	0.9090909090909091	False
3639	339	0.8181818181818182	False
3639	1529	0.7272727272727273	True
3639	273	0.6363636363636364	False
3639	3742	0.5454545454545454	False
3639	3658	0.45454545454545453	True
3639	3453	0.36363636363636365	False
3639	943	0.2727272727272727	True
3639	265	0.18181818181818182	True
3639	3385	0.09090909090909091	True
3551	1172	0.9090909090909091	False
3551	339	0.8181818181818182	False
3551	1529	0.7272727272727273	True
3551	273	0.6363636363636364	False
3551	3742	0.5454545454545454	False
3551	3658	0.45454545454545453	True
3551	3453	0.36363636363636365	False
3551	265	0.2727272727272727	True
3551	943	0.18181818181818182	True
3551	3385	0.09090909090909091	True
5699	1172	0.9090909090909091	False
5699	339	0.8181818181818182	False
5699	1529	0.7272727272727273	True
5699	273	0.6363636363636364	False
5699	3742	0.5454545454545454	False
5699	3658	0.45454545454545453	True
5699	3453	0.36363636363636365	False
5699	3385	0.2727272727272727	True
5699	943	0.18181818181818182	True
5699	265	0.09090909090909091	True
5029	1172	0.9090909090909091	False
5029	339	0.8181818181818182	False
5029	1529	0.7272727272727273	True
5029	273	0.6363636363636364	False
5029	3742	0.5454545454545454	False
5029	3658	0.45454545454545453	True
5029	3453	0.36363636363636365	False
5029	943	0.2727272727272727	True
5029	265	0.18181818181818182	True
5029	3385	0.09090909090909091	True
1744	1172	0.9090909090909091	False
1744	339	0.8181818181818182	False
1744	1529	0.7272727272727273	True
1744	273	0.6363636363636364	False
1744	3742	0.5454545454545454	False
1744	3658	0.45454545454545453	True
1744	3453	0.36363636363636365	False
1744	265	0.2727272727272727	True
1744	3644	0.18181818181818182	True
1744	3385	0.09090909090909091	True
1022	339	0.9090909090909091	False
1022	1172	0.8181818181818182	False
1022	1529	0.7272727272727273	True
1022	273	0.6363636363636364	False
1022	3742	0.5454545454545454	False
1022	3453	0.45454545454545453	False
1022	943	0.36363636363636365	True
1022	3658	0.2727272727272727	True
1022	3385	0.18181818181818182	True
1022	265	0.09090909090909091	True
879	1172	0.9090909090909091	False
879	339	0.8181818181818182	False
879	1529	0.7272727272727273	True
879	273	0.6363636363636364	False
879	3742	0.5454545454545454	False
879	3658	0.45454545454545453	True
879	3453	0.36363636363636365	False
879	3644	0.2727272727272727	True
879	3385	0.18181818181818182	True
879	943	0.09090909090909091	True
3227	339	0.9090909090909091	False
3227	1172	0.8181818181818182	False
3227	1529	0.7272727272727273	True
3227	273	0.6363636363636364	False
3227	3742	0.5454545454545454	False
3227	3658	0.45454545454545453	True
3227	3453	0.36363636363636365	False
3227	3644	0.2727272727272727	True
3227	943	0.18181818181818182	True
3227	265	0.09090909090909091	True
3797	1172	0.9090909090909091	False
3797	339	0.8181818181818182	False
3797	1529	0.7272727272727273	True
3797	273	0.6363636363636364	False
3797	3742	0.5454545454545454	False
3797	3658	0.45454545454545453	True
3797	3453	0.36363636363636365	False
3797	3385	0.2727272727272727	True
3797	3644	0.18181818181818182	True
3797	943	0.09090909090909091	True
3079	1172	0.9090909090909091	False
3079	339	0.8181818181818182	False
3079	1529	0.7272727272727273	True
3079	273	0.6363636363636364	False
3079	3742	0.5454545454545454	False
3079	3658	0.45454545454545453	True
3079	3385	0.36363636363636365	True
3079	3453	0.2727272727272727	False
3079	943	0.18181818181818182	True
3079	265	0.09090909090909091	True
3694	1172	0.9090909090909091	False
3694	339	0.8181818181818182	False
3694	1529	0.7272727272727273	True
3694	273	0.6363636363636364	False
3694	3742	0.5454545454545454	False
3694	3658	0.45454545454545453	True
3694	3453	0.36363636363636365	False
3694	943	0.2727272727272727	True
3694	265	0.18181818181818182	True
3694	3644	0.09090909090909091	True
253	1172	0.9090909090909091	False
253	339	0.8181818181818182	False
253	1529	0.7272727272727273	True
253	273	0.6363636363636364	False
253	3742	0.5454545454545454	False
253	3658	0.45454545454545453	True
253	3385	0.36363636363636365	True
253	3453	0.2727272727272727	False
253	3644	0.18181818181818182	True
253	265	0.09090909090909091	True
2304	339	0.9090909090909091	False
2304	1172	0.8181818181818182	False
2304	1529	0.7272727272727273	True
2304	273	0.6363636363636364	False
2304	3742	0.5454545454545454	False
2304	3453	0.45454545454545453	False
2304	3658	0.36363636363636365	True
2304	3385	0.2727272727272727	True
2304	265	0.18181818181818182	True
2304	943	0.09090909090909091	True
1417	1172	0.9090909090909091	False
1417	339	0.8181818181818182	False
1417	1529	0.7272727272727273	True
1417	273	0.6363636363636364	False
1417	3742	0.5454545454545454	False
1417	3658	0.45454545454545453	True
1417	3453	0.36363636363636365	False
1417	943	0.2727272727272727	True
1417	265	0.18181818181818182	True
1417	3385	0.09090909090909091	True
1246	1172	0.9090909090909091	False
1246	339	0.8181818181818182	False
1246	1529	0.7272727272727273	True
1246	273	0.6363636363636364	False
1246	3742	0.5454545454545454	False
1246	3658	0.45454545454545453	True
1246	3453	0.36363636363636365	False
1246	265	0.2727272727272727	True
1246	943	0.18181818181818182	True
1246	3385	0.09090909090909091	True
5121	1172	0.9090909090909091	False
5121	339	0.8181818181818182	False
5121	1529	0.7272727272727273	True
5121	273	0.6363636363636364	False
5121	3742	0.5454545454545454	False
5121	3658	0.45454545454545453	True
5121	3453	0.36363636363636365	False
5121	265	0.2727272727272727	True
5121	3385	0.18181818181818182	True
5121	3644	0.09090909090909091	True
4086	1172	0.9090909090909091	False
4086	339	0.8181818181818182	False
4086	1529	0.7272727272727273	True
4086	3742	0.6363636363636364	False
4086	273	0.5454545454545454	False
4086	3658	0.45454545454545453	True
4086	3453	0.36363636363636365	False
4086	943	0.2727272727272727	True
4086	265	0.18181818181818182	True
4086	3385	0.09090909090909091	True
1548	1172	0.9090909090909091	False
1548	339	0.8181818181818182	False
1548	1529	0.7272727272727273	True
1548	273	0.6363636363636364	False
1548	3742	0.5454545454545454	False
1548	3453	0.45454545454545453	False
1548	3658	0.36363636363636365	True
1548	265	0.2727272727272727	True
1548	943	0.18181818181818182	True
1548	3385	0.09090909090909091	True
1487	1172	0.9090909090909091	False
1487	339	0.8181818181818182	False
1487	1529	0.7272727272727273	True
1487	273	0.6363636363636364	False
1487	3742	0.5454545454545454	False
1487	3658	0.45454545454545453	True
1487	3453	0.36363636363636365	False
1487	943	0.2727272727272727	True
1487	3385	0.18181818181818182	True
1487	265	0.09090909090909091	True
5142	1172	0.9090909090909091	False
5142	339	0.8181818181818182	False
5142	1529	0.7272727272727273	True
5142	3742	0.6363636363636364	False
5142	273	0.5454545454545454	False
5142	3658	0.45454545454545453	True
5142	3453	0.36363636363636365	False
5142	943	0.2727272727272727	True
5142	265	0.18181818181818182	True
5142	3385	0.09090909090909091	True
4782	1172	0.9090909090909091	False
4782	339	0.8181818181818182	False
4782	1529	0.7272727272727273	True
4782	273	0.6363636363636364	False
4782	3742	0.5454545454545454	False
4782	3658	0.45454545454545453	True
4782	3453	0.36363636363636365	False
4782	265	0.2727272727272727	True
4782	3644	0.18181818181818182	True
4782	3385	0.09090909090909091	True
16	1172	0.9090909090909091	False
16	339	0.8181818181818182	False
16	1529	0.7272727272727273	True
16	273	0.6363636363636364	False
16	3742	0.5454545454545454	False
16	943	0.45454545454545453	True
16	3453	0.36363636363636365	False
16	3658	0.2727272727272727	True
16	3385	0.18181818181818182	True
16	265	0.09090909090909091	True
3757	339	0.9090909090909091	False
3757	1172	0.8181818181818182	False
3757	1529	0.7272727272727273	True
3757	273	0.6363636363636364	False
3757	3742	0.5454545454545454	False
3757	3658	0.45454545454545453	True
3757	3453	0.36363636363636365	False
3757	265	0.2727272727272727	True
3757	3385	0.18181818181818182	True
3757	943	0.09090909090909091	True
2385	339	0.9090909090909091	False
2385	1172	0.8181818181818182	False
2385	1529	0.7272727272727273	True
2385	273	0.6363636363636364	False
2385	3742	0.5454545454545454	False
2385	3658	0.45454545454545453	True
2385	265	0.36363636363636365	True
2385	3453	0.2727272727272727	False
2385	3385	0.18181818181818182	True
2385	3644	0.09090909090909091	True
2164	1172	0.9090909090909091	False
2164	339	0.8181818181818182	False
2164	1529	0.7272727272727273	True
2164	273	0.6363636363636364	False
2164	3742	0.5454545454545454	False
2164	3658	0.45454545454545453	True
2164	3453	0.36363636363636365	False
2164	943	0.2727272727272727	True
2164	3385	0.18181818181818182	True
2164	265	0.09090909090909091	True
3622	1172	0.9090909090909091	False
3622	339	0.8181818181818182	False
3622	1529	0.7272727272727273	True
3622	273	0.6363636363636364	False
3622	3742	0.5454545454545454	False
3622	3658	0.45454545454545453	True
3622	3453	0.36363636363636365	False
3622	943	0.2727272727272727	True
3622	3385	0.18181818181818182	True
3622	265	0.09090909090909091	True
3527	1172	0.9090909090909091	False
3527	339	0.8181818181818182	False
3527	1529	0.7272727272727273	True
3527	273	0.6363636363636364	False
3527	3742	0.5454545454545454	False
3527	3658	0.45454545454545453	True
3527	943	0.36363636363636365	True
3527	3453	0.2727272727272727	False
3527	265	0.18181818181818182	True
3527	3385	0.09090909090909091	True
345	1172	0.9090909090909091	False
345	339	0.8181818181818182	False
345	1529	0.7272727272727273	True
345	3742	0.6363636363636364	False
345	273	0.5454545454545454	False
345	3658	0.45454545454545453	True
345	3453	0.36363636363636365	False
345	943	0.2727272727272727	True
345	3385	0.18181818181818182	True
345	3644	0.09090909090909091	True
4597	1172	0.9090909090909091	False
4597	339	0.8181818181818182	False
4597	1529	0.7272727272727273	True
4597	3742	0.6363636363636364	False
4597	273	0.5454545454545454	False
4597	3658	0.45454545454545453	True
4597	3453	0.36363636363636365	False
4597	3385	0.2727272727272727	True
4597	943	0.18181818181818182	True
4597	3644	0.09090909090909091	True
1132	1172	0.9090909090909091	False
1132	339	0.8181818181818182	False
1132	1529	0.7272727272727273	True
1132	273	0.6363636363636364	False
1132	3742	0.5454545454545454	False
1132	3658	0.45454545454545453	True
1132	3453	0.36363636363636365	False
1132	943	0.2727272727272727	True
1132	3385	0.18181818181818182	True
1132	3644	0.09090909090909091	True
42	1172	0.9090909090909091	False
42	339	0.8181818181818182	False
42	1529	0.7272727272727273	True
42	273	0.6363636363636364	False
42	3742	0.5454545454545454	False
42	3658	0.45454545454545453	True
42	943	0.36363636363636365	True
42	3385	0.2727272727272727	True
42	3453	0.18181818181818182	False
42	3644	0.09090909090909091	True
659	1172	0.9090909090909091	False
659	339	0.8181818181818182	False
659	1529	0.7272727272727273	True
659	273	0.6363636363636364	False
659	3742	0.5454545454545454	False
659	3658	0.45454545454545453	True
659	265	0.36363636363636365	True
659	3453	0.2727272727272727	False
659	943	0.18181818181818182	True
659	3385	0.09090909090909091	True
2481	1172	0.9090909090909091	False
2481	339	0.8181818181818182	False
2481	1529	0.7272727272727273	True
2481	273	0.6363636363636364	False
2481	3742	0.5454545454545454	False
2481	943	0.45454545454545453	True
2481	3658	0.36363636363636365	True
2481	3385	0.2727272727272727	True
2481	3453	0.18181818181818182	False
2481	265	0.09090909090909091	True
4590	1172	0.9090909090909091	False
4590	339	0.8181818181818182	False
4590	1529	0.7272727272727273	True
4590	273	0.6363636363636364	False
4590	3742	0.5454545454545454	False
4590	943	0.45454545454545453	True
4590	3658	0.36363636363636365	True
4590	3453	0.2727272727272727	False
4590	265	0.18181818181818182	True
4590	3385	0.09090909090909091	True
642	1172	0.9090909090909091	False
642	339	0.8181818181818182	False
642	1529	0.7272727272727273	True
642	3742	0.6363636363636364	False
642	273	0.5454545454545454	False
642	3453	0.45454545454545453	False
642	3658	0.36363636363636365	True
642	943	0.2727272727272727	True
642	3385	0.18181818181818182	True
642	3644	0.09090909090909091	True
1455	1172	0.9090909090909091	False
1455	339	0.8181818181818182	False
1455	1529	0.7272727272727273	True
1455	273	0.6363636363636364	False
1455	3742	0.5454545454545454	False
1455	3453	0.45454545454545453	False
1455	3658	0.36363636363636365	True
1455	943	0.2727272727272727	True
1455	265	0.18181818181818182	True
1455	3385	0.09090909090909091	True
361	339	0.9090909090909091	False
361	1172	0.8181818181818182	False
361	1529	0.7272727272727273	True
361	273	0.6363636363636364	False
361	3742	0.5454545454545454	False
361	3658	0.45454545454545453	True
361	3453	0.36363636363636365	False
361	943	0.2727272727272727	True
361	3385	0.18181818181818182	True
361	265	0.09090909090909091	True
2353	1172	0.9090909090909091	False
2353	339	0.8181818181818182	False
2353	1529	0.7272727272727273	True
2353	273	0.6363636363636364	False
2353	3742	0.5454545454545454	False
2353	3658	0.45454545454545453	True
2353	3453	0.36363636363636365	False
2353	943	0.2727272727272727	True
2353	3385	0.18181818181818182	True
2353	265	0.09090909090909091	True
3125	1172	0.9090909090909091	False
3125	339	0.8181818181818182	False
3125	1529	0.7272727272727273	True
3125	273	0.6363636363636364	False
3125	3742	0.5454545454545454	False
3125	3453	0.45454545454545453	False
3125	3658	0.36363636363636365	True
3125	943	0.2727272727272727	True
3125	265	0.18181818181818182	True
3125	3385	0.09090909090909091	True
5665	1172	0.9090909090909091	False
5665	339	0.8181818181818182	False
5665	1529	0.7272727272727273	True
5665	273	0.6363636363636364	False
5665	3742	0.5454545454545454	False
5665	3658	0.45454545454545453	True
5665	3453	0.36363636363636365	False
5665	3385	0.2727272727272727	True
5665	943	0.18181818181818182	True
5665	3644	0.09090909090909091	True
50	1172	0.9090909090909091	False
50	339	0.8181818181818182	False
50	1529	0.7272727272727273	True
50	273	0.6363636363636364	False
50	3742	0.5454545454545454	False
50	3658	0.45454545454545453	True
50	3453	0.36363636363636365	False
50	943	0.2727272727272727	True
50	265	0.18181818181818182	True
50	3644	0.09090909090909091	True
1957	1172	0.9090909090909091	False
1957	339	0.8181818181818182	False
1957	1529	0.7272727272727273	True
1957	273	0.6363636363636364	False
1957	3742	0.5454545454545454	False
1957	3658	0.45454545454545453	True
1957	3453	0.36363636363636365	False
1957	3644	0.2727272727272727	True
1957	265	0.18181818181818182	True
1957	3385	0.09090909090909091	True
2475	1172	0.9090909090909091	False
2475	339	0.8181818181818182	False
2475	1529	0.7272727272727273	True
2475	273	0.6363636363636364	False
2475	3742	0.5454545454545454	False
2475	943	0.45454545454545453	True
2475	3658	0.36363636363636365	True
2475	3453	0.2727272727272727	False
2475	3385	0.18181818181818182	True
2475	265	0.09090909090909091	True
850	1172	0.9090909090909091	False
850	339	0.8181818181818182	False
850	1529	0.7272727272727273	True
850	3742	0.6363636363636364	False
850	273	0.5454545454545454	False
850	943	0.45454545454545453	True
850	3658	0.36363636363636365	True
850	3453	0.2727272727272727	False
850	3385	0.18181818181818182	True
850	265	0.09090909090909091	True
3772	1172	0.9090909090909091	False
3772	339	0.8181818181818182	False
3772	1529	0.7272727272727273	True
3772	273	0.6363636363636364	False
3772	3742	0.5454545454545454	False
3772	3658	0.45454545454545453	True
3772	3453	0.36363636363636365	False
3772	3644	0.2727272727272727	True
3772	943	0.18181818181818182	True
3772	265	0.09090909090909091	True
2413	1172	0.9090909090909091	False
2413	339	0.8181818181818182	False
2413	1529	0.7272727272727273	True
2413	273	0.6363636363636364	False
2413	3742	0.5454545454545454	False
2413	265	0.45454545454545453	True
2413	3658	0.36363636363636365	True
2413	3453	0.2727272727272727	False
2413	3644	0.18181818181818182	True
2413	3385	0.09090909090909091	True
3869	1172	0.9090909090909091	False
3869	339	0.8181818181818182	False
3869	1529	0.7272727272727273	True
3869	273	0.6363636363636364	False
3869	3742	0.5454545454545454	False
3869	3658	0.45454545454545453	True
3869	943	0.36363636363636365	True
3869	3453	0.2727272727272727	False
3869	265	0.18181818181818182	True
3869	3385	0.09090909090909091	True
660	1172	0.9090909090909091	False
660	339	0.8181818181818182	False
660	1529	0.7272727272727273	True
660	273	0.6363636363636364	False
660	3742	0.5454545454545454	False
660	3453	0.45454545454545453	False
660	265	0.36363636363636365	True
660	3658	0.2727272727272727	True
660	3644	0.18181818181818182	True
660	3385	0.09090909090909091	True
5250	1172	0.9090909090909091	False
5250	339	0.8181818181818182	False
5250	1529	0.7272727272727273	True
5250	273	0.6363636363636364	False
5250	3742	0.5454545454545454	False
5250	3658	0.45454545454545453	True
5250	3453	0.36363636363636365	False
5250	3385	0.2727272727272727	True
5250	943	0.18181818181818182	True
5250	265	0.09090909090909091	True
3462	339	0.9090909090909091	False
3462	1172	0.8181818181818182	False
3462	1529	0.7272727272727273	True
3462	273	0.6363636363636364	False
3462	3742	0.5454545454545454	False
3462	3658	0.45454545454545453	True
3462	3453	0.36363636363636365	False
3462	265	0.2727272727272727	True
3462	3644	0.18181818181818182	True
3462	943	0.09090909090909091	True
5314	1172	0.9090909090909091	False
5314	339	0.8181818181818182	False
5314	1529	0.7272727272727273	True
5314	273	0.6363636363636364	False
5314	3742	0.5454545454545454	False
5314	3658	0.45454545454545453	True
5314	3453	0.36363636363636365	False
5314	3385	0.2727272727272727	True
5314	943	0.18181818181818182	True
5314	265	0.09090909090909091	True
2156	339	0.9090909090909091	False
2156	1172	0.8181818181818182	False
2156	273	0.7272727272727273	False
2156	1529	0.6363636363636364	True
2156	3742	0.5454545454545454	False
2156	3658	0.45454545454545453	True
2156	265	0.36363636363636365	True
2156	3385	0.2727272727272727	True
2156	3644	0.18181818181818182	True
2156	3453	0.09090909090909091	False
5191	1172	0.9090909090909091	False
5191	339	0.8181818181818182	False
5191	1529	0.7272727272727273	True
5191	273	0.6363636363636364	False
5191	3742	0.5454545454545454	False
5191	3453	0.45454545454545453	False
5191	3658	0.36363636363636365	True
5191	3385	0.2727272727272727	True
5191	265	0.18181818181818182	True
5191	3644	0.09090909090909091	True
6040	339	0.9090909090909091	False
6040	1172	0.8181818181818182	False
6040	1529	0.7272727272727273	True
6040	273	0.6363636363636364	False
6040	3742	0.5454545454545454	False
6040	265	0.45454545454545453	True
6040	3658	0.36363636363636365	True
6040	3453	0.2727272727272727	False
6040	943	0.18181818181818182	True
6040	3385	0.09090909090909091	True
3330	1172	0.9090909090909091	False
3330	339	0.8181818181818182	False
3330	1529	0.7272727272727273	True
3330	273	0.6363636363636364	False
3330	3742	0.5454545454545454	False
3330	3658	0.45454545454545453	True
3330	3453	0.36363636363636365	False
3330	943	0.2727272727272727	True
3330	3385	0.18181818181818182	True
3330	265	0.09090909090909091	True
5577	1172	0.9090909090909091	False
5577	339	0.8181818181818182	False
5577	1529	0.7272727272727273	True
5577	273	0.6363636363636364	False
5577	3742	0.5454545454545454	False
5577	3658	0.45454545454545453	True
5577	265	0.36363636363636365	True
5577	3453	0.2727272727272727	False
5577	943	0.18181818181818182	True
5577	3385	0.09090909090909091	True
5165	1172	0.9090909090909091	False
5165	339	0.8181818181818182	False
5165	1529	0.7272727272727273	True
5165	273	0.6363636363636364	False
5165	3742	0.5454545454545454	False
5165	3453	0.45454545454545453	False
5165	3658	0.36363636363636365	True
5165	3385	0.2727272727272727	True
5165	265	0.18181818181818182	True
5165	3644	0.09090909090909091	True
2684	1172	0.9090909090909091	False
2684	339	0.8181818181818182	False
2684	1529	0.7272727272727273	True
2684	273	0.6363636363636364	False
2684	3742	0.5454545454545454	False
2684	3453	0.45454545454545453	False
2684	3658	0.36363636363636365	True
2684	943	0.2727272727272727	True
2684	265	0.18181818181818182	True
2684	3385	0.09090909090909091	True
5844	1172	0.9090909090909091	False
5844	339	0.8181818181818182	False
5844	1529	0.7272727272727273	True
5844	273	0.6363636363636364	False
5844	3742	0.5454545454545454	False
5844	3658	0.45454545454545453	True
5844	3453	0.36363636363636365	False
5844	265	0.2727272727272727	True
5844	943	0.18181818181818182	True
5844	3385	0.09090909090909091	True
2887	1172	0.9090909090909091	False
2887	339	0.8181818181818182	False
2887	1529	0.7272727272727273	True
2887	273	0.6363636363636364	False
2887	3742	0.5454545454545454	False
2887	943	0.45454545454545453	True
2887	3658	0.36363636363636365	True
2887	3453	0.2727272727272727	False
2887	3385	0.18181818181818182	True
2887	265	0.09090909090909091	True
5510	1172	0.9090909090909091	False
5510	339	0.8181818181818182	False
5510	1529	0.7272727272727273	True
5510	273	0.6363636363636364	False
5510	3742	0.5454545454545454	False
5510	3658	0.45454545454545453	True
5510	3453	0.36363636363636365	False
5510	943	0.2727272727272727	True
5510	265	0.18181818181818182	True
5510	3385	0.09090909090909091	True
4365	1172	0.9090909090909091	False
4365	339	0.8181818181818182	False
4365	1529	0.7272727272727273	True
4365	273	0.6363636363636364	False
4365	3742	0.5454545454545454	False
4365	3658	0.45454545454545453	True
4365	3453	0.36363636363636365	False
4365	943	0.2727272727272727	True
4365	3385	0.18181818181818182	True
4365	3644	0.09090909090909091	True
5410	1172	0.9090909090909091	False
5410	339	0.8181818181818182	False
5410	1529	0.7272727272727273	True
5410	273	0.6363636363636364	False
5410	3742	0.5454545454545454	False
5410	3658	0.45454545454545453	True
5410	3453	0.36363636363636365	False
5410	265	0.2727272727272727	True
5410	943	0.18181818181818182	True
5410	3385	0.09090909090909091	True
3474	1172	0.9090909090909091	False
3474	339	0.8181818181818182	False
3474	1529	0.7272727272727273	True
3474	273	0.6363636363636364	False
3474	3742	0.5454545454545454	False
3474	3658	0.45454545454545453	True
3474	943	0.36363636363636365	True
3474	3453	0.2727272727272727	False
3474	3385	0.18181818181818182	True
3474	265	0.09090909090909091	True
4120	1172	0.9090909090909091	False
4120	339	0.8181818181818182	False
4120	1529	0.7272727272727273	True
4120	273	0.6363636363636364	False
4120	3742	0.5454545454545454	False
4120	3453	0.45454545454545453	False
4120	943	0.36363636363636365	True
4120	3658	0.2727272727272727	True
4120	3385	0.18181818181818182	True
4120	265	0.09090909090909091	True
4411	1172	0.9090909090909091	False
4411	339	0.8181818181818182	False
4411	1529	0.7272727272727273	True
4411	273	0.6363636363636364	False
4411	3742	0.5454545454545454	False
4411	3658	0.45454545454545453	True
4411	3453	0.36363636363636365	False
4411	3385	0.2727272727272727	True
4411	265	0.18181818181818182	True
4411	943	0.09090909090909091	True
2038	1172	0.9090909090909091	False
2038	339	0.8181818181818182	False
2038	1529	0.7272727272727273	True
2038	273	0.6363636363636364	False
2038	3742	0.5454545454545454	False
2038	3658	0.45454545454545453	True
2038	943	0.36363636363636365	True
2038	265	0.2727272727272727	True
2038	3385	0.18181818181818182	True
2038	3453	0.09090909090909091	False
615	1172	0.9090909090909091	False
615	339	0.8181818181818182	False
615	1529	0.7272727272727273	True
615	273	0.6363636363636364	False
615	3742	0.5454545454545454	False
615	3658	0.45454545454545453	True
615	3453	0.36363636363636365	False
615	3385	0.2727272727272727	True
615	265	0.18181818181818182	True
615	3644	0.09090909090909091	True
2348	1172	0.9090909090909091	False
2348	339	0.8181818181818182	False
2348	1529	0.7272727272727273	True
2348	273	0.6363636363636364	False
2348	3742	0.5454545454545454	False
2348	3658	0.45454545454545453	True
2348	3453	0.36363636363636365	False
2348	265	0.2727272727272727	True
2348	943	0.18181818181818182	True
2348	3385	0.09090909090909091	True
3417	1172	0.9090909090909091	False
3417	339	0.8181818181818182	False
3417	1529	0.7272727272727273	True
3417	273	0.6363636363636364	False
3417	3742	0.5454545454545454	False
3417	3658	0.45454545454545453	True
3417	3453	0.36363636363636365	False
3417	943	0.2727272727272727	True
3417	3385	0.18181818181818182	True
3417	265	0.09090909090909091	True
4817	339	0.9090909090909091	False
4817	1172	0.8181818181818182	False
4817	1529	0.7272727272727273	True
4817	273	0.6363636363636364	False
4817	3742	0.5454545454545454	False
4817	3453	0.45454545454545453	False
4817	3658	0.36363636363636365	True
4817	943	0.2727272727272727	True
4817	3385	0.18181818181818182	True
4817	265	0.09090909090909091	True
5512	1172	0.9090909090909091	False
5512	339	0.8181818181818182	False
5512	1529	0.7272727272727273	True
5512	273	0.6363636363636364	False
5512	3742	0.5454545454545454	False
5512	3658	0.45454545454545453	True
5512	3453	0.36363636363636365	False
5512	265	0.2727272727272727	True
5512	3644	0.18181818181818182	True
5512	943	0.09090909090909091	True
2959	1172	0.9090909090909091	False
2959	339	0.8181818181818182	False
2959	1529	0.7272727272727273	True
2959	273	0.6363636363636364	False
2959	3742	0.5454545454545454	False
2959	3658	0.45454545454545453	True
2959	3453	0.36363636363636365	False
2959	943	0.2727272727272727	True
2959	3385	0.18181818181818182	True
2959	265	0.09090909090909091	True
1910	339	0.9090909090909091	False
1910	1172	0.8181818181818182	False
1910	273	0.7272727272727273	False
1910	1529	0.6363636363636364	True
1910	3742	0.5454545454545454	False
1910	265	0.45454545454545453	True
1910	3658	0.36363636363636365	True
1910	3453	0.2727272727272727	False
1910	3644	0.18181818181818182	True
1910	3385	0.09090909090909091	True
1483	1172	0.9090909090909091	False
1483	339	0.8181818181818182	False
1483	1529	0.7272727272727273	True
1483	273	0.6363636363636364	False
1483	3742	0.5454545454545454	False
1483	3658	0.45454545454545453	True
1483	3453	0.36363636363636365	False
1483	265	0.2727272727272727	True
1483	943	0.18181818181818182	True
1483	3385	0.09090909090909091	True
2297	1172	0.9090909090909091	False
2297	339	0.8181818181818182	False
2297	1529	0.7272727272727273	True
2297	3742	0.6363636363636364	False
2297	273	0.5454545454545454	False
2297	3453	0.45454545454545453	False
2297	3658	0.36363636363636365	True
2297	943	0.2727272727272727	True
2297	3385	0.18181818181818182	True
2297	3644	0.09090909090909091	True
1234	1172	0.9090909090909091	False
1234	339	0.8181818181818182	False
1234	1529	0.7272727272727273	True
1234	273	0.6363636363636364	False
1234	3742	0.5454545454545454	False
1234	3658	0.45454545454545453	True
1234	265	0.36363636363636365	True
1234	3453	0.2727272727272727	False
1234	3385	0.18181818181818182	True
1234	943	0.09090909090909091	True
3069	1172	0.9090909090909091	False
3069	339	0.8181818181818182	False
3069	1529	0.7272727272727273	True
3069	273	0.6363636363636364	False
3069	3658	0.5454545454545454	True
3069	3742	0.45454545454545453	False
3069	943	0.36363636363636365	True
3069	3385	0.2727272727272727	True
3069	3453	0.18181818181818182	False
3069	265	0.09090909090909091	True
2846	1172	0.9090909090909091	False
2846	339	0.8181818181818182	False
2846	1529	0.7272727272727273	True
2846	273	0.6363636363636364	False
2846	3742	0.5454545454545454	False
2846	3658	0.45454545454545453	True
2846	265	0.36363636363636365	True
2846	3453	0.2727272727272727	False
2846	943	0.18181818181818182	True
2846	3385	0.09090909090909091	True
3224	1172	0.9090909090909091	False
3224	339	0.8181818181818182	False
3224	1529	0.7272727272727273	True
3224	3742	0.6363636363636364	False
3224	273	0.5454545454545454	False
3224	3385	0.45454545454545453	True
3224	3658	0.36363636363636365	True
3224	3453	0.2727272727272727	False
3224	943	0.18181818181818182	True
3224	265	0.09090909090909091	True
5463	1172	0.9090909090909091	False
5463	339	0.8181818181818182	False
5463	1529	0.7272727272727273	True
5463	273	0.6363636363636364	False
5463	3742	0.5454545454545454	False
5463	3453	0.45454545454545453	False
5463	265	0.36363636363636365	True
5463	3658	0.2727272727272727	True
5463	3644	0.18181818181818182	True
5463	3385	0.09090909090909091	True
4876	1172	0.9090909090909091	False
4876	339	0.8181818181818182	False
4876	1529	0.7272727272727273	True
4876	273	0.6363636363636364	False
4876	3742	0.5454545454545454	False
4876	3453	0.45454545454545453	False
4876	3658	0.36363636363636365	True
4876	943	0.2727272727272727	True
4876	265	0.18181818181818182	True
4876	3385	0.09090909090909091	True
5395	339	0.9090909090909091	False
5395	1172	0.8181818181818182	False
5395	273	0.7272727272727273	False
5395	1529	0.6363636363636364	True
5395	3742	0.5454545454545454	False
5395	3658	0.45454545454545453	True
5395	265	0.36363636363636365	True
5395	3385	0.2727272727272727	True
5395	3453	0.18181818181818182	False
5395	3644	0.09090909090909091	True
3434	1172	0.9090909090909091	False
3434	339	0.8181818181818182	False
3434	1529	0.7272727272727273	True
3434	273	0.6363636363636364	False
3434	3742	0.5454545454545454	False
3434	3658	0.45454545454545453	True
3434	3453	0.36363636363636365	False
3434	3385	0.2727272727272727	True
3434	265	0.18181818181818182	True
3434	943	0.09090909090909091	True
5339	1172	0.9090909090909091	False
5339	339	0.8181818181818182	False
5339	1529	0.7272727272727273	True
5339	273	0.6363636363636364	False
5339	3742	0.5454545454545454	False
5339	3658	0.45454545454545453	True
5339	3453	0.36363636363636365	False
5339	265	0.2727272727272727	True
5339	3644	0.18181818181818182	True
5339	3385	0.09090909090909091	True
1590	1172	0.9090909090909091	False
1590	339	0.8181818181818182	False
1590	273	0.7272727272727273	False
1590	1529	0.6363636363636364	True
1590	3742	0.5454545454545454	False
1590	265	0.45454545454545453	True
1590	3453	0.36363636363636365	False
1590	3658	0.2727272727272727	True
1590	3385	0.18181818181818182	True
1590	3644	0.09090909090909091	True
2401	1172	0.9090909090909091	False
2401	339	0.8181818181818182	False
2401	1529	0.7272727272727273	True
2401	273	0.6363636363636364	False
2401	3742	0.5454545454545454	False
2401	3658	0.45454545454545453	True
2401	3453	0.36363636363636365	False
2401	3385	0.2727272727272727	True
2401	943	0.18181818181818182	True
2401	265	0.09090909090909091	True
5171	1172	0.9090909090909091	False
5171	339	0.8181818181818182	False
5171	1529	0.7272727272727273	True
5171	273	0.6363636363636364	False
5171	3742	0.5454545454545454	False
5171	3658	0.45454545454545453	True
5171	3453	0.36363636363636365	False
5171	943	0.2727272727272727	True
5171	265	0.18181818181818182	True
5171	3385	0.09090909090909091	True
4883	1172	0.9090909090909091	False
4883	339	0.8181818181818182	False
4883	1529	0.7272727272727273	True
4883	273	0.6363636363636364	False
4883	3742	0.5454545454545454	False
4883	3658	0.45454545454545453	True
4883	3385	0.36363636363636365	True
4883	3453	0.2727272727272727	False
4883	943	0.18181818181818182	True
4883	265	0.09090909090909091	True
