418	443	0.9090909090909091	False
418	361	0.8181818181818182	False
418	1095	0.7272727272727273	False
418	1351	0.6363636363636364	True
418	830	0.5454545454545454	True
418	531	0.45454545454545453	False
418	612	0.36363636363636365	False
418	3746	0.2727272727272727	True
418	3075	0.18181818181818182	True
418	2059	0.09090909090909091	True
69	443	0.9090909090909091	False
69	531	0.8181818181818182	False
69	612	0.7272727272727273	False
69	1351	0.6363636363636364	True
69	1095	0.5454545454545454	False
69	3746	0.45454545454545453	True
69	361	0.36363636363636365	False
69	3075	0.2727272727272727	True
69	83	0.18181818181818182	True
69	3748	0.09090909090909091	True
2997	443	0.9090909090909091	False
2997	361	0.8181818181818182	False
2997	612	0.7272727272727273	False
2997	3746	0.6363636363636364	True
2997	1095	0.5454545454545454	False
2997	531	0.45454545454545453	False
2997	1351	0.36363636363636365	True
2997	3075	0.2727272727272727	True
2997	3732	0.18181818181818182	True
2997	2859	0.09090909090909091	True
3440	443	0.9090909090909091	False
3440	361	0.8181818181818182	False
3440	612	0.7272727272727273	False
3440	1095	0.6363636363636364	False
3440	3075	0.5454545454545454	True
3440	1351	0.45454545454545453	True
3440	3746	0.36363636363636365	True
3440	531	0.2727272727272727	False
3440	3732	0.18181818181818182	True
3440	83	0.09090909090909091	True
3315	531	0.9090909090909091	False
3315	443	0.8181818181818182	False
3315	361	0.7272727272727273	False
3315	1351	0.6363636363636364	True
3315	3075	0.5454545454545454	True
3315	612	0.45454545454545453	False
3315	3746	0.36363636363636365	True
3315	2320	0.2727272727272727	True
3315	3748	0.18181818181818182	True
3315	1095	0.09090909090909091	False
3504	361	0.9090909090909091	False
3504	443	0.8181818181818182	False
3504	3301	0.7272727272727273	True
3504	531	0.6363636363636364	False
3504	3748	0.5454545454545454	True
3504	3746	0.45454545454545453	True
3504	83	0.36363636363636365	True
3504	1351	0.2727272727272727	True
3504	1388	0.18181818181818182	True
3504	2320	0.09090909090909091	True
2420	443	0.9090909090909091	False
2420	361	0.8181818181818182	False
2420	531	0.7272727272727273	False
2420	1095	0.6363636363636364	False
2420	1351	0.5454545454545454	True
2420	830	0.45454545454545453	True
2420	3746	0.36363636363636365	True
2420	612	0.2727272727272727	False
2420	1730	0.18181818181818182	True
2420	3732	0.09090909090909091	True
4066	531	0.9090909090909091	False
4066	1095	0.8181818181818182	False
4066	361	0.7272727272727273	False
4066	443	0.6363636363636364	False
4066	2059	0.5454545454545454	True
4066	3075	0.45454545454545453	True
4066	1351	0.36363636363636365	True
4066	3301	0.2727272727272727	True
4066	612	0.18181818181818182	False
4066	830	0.09090909090909091	True
2084	1351	0.9090909090909091	True
2084	531	0.8181818181818182	False
2084	443	0.7272727272727273	False
2084	361	0.6363636363636364	False
2084	3075	0.5454545454545454	True
2084	612	0.45454545454545453	False
2084	2859	0.36363636363636365	True
2084	3746	0.2727272727272727	True
2084	1095	0.18181818181818182	False
2084	3732	0.09090909090909091	True
2245	612	0.9090909090909091	False
2245	1095	0.8181818181818182	False
2245	443	0.7272727272727273	False
2245	1351	0.6363636363636364	True
2245	3746	0.5454545454545454	True
2245	361	0.45454545454545453	False
2245	83	0.36363636363636365	True
2245	531	0.2727272727272727	False
2245	3732	0.18181818181818182	True
2245	3075	0.09090909090909091	True
408	443	0.9090909090909091	False
408	361	0.8181818181818182	False
408	1351	0.7272727272727273	True
408	1095	0.6363636363636364	False
408	531	0.5454545454545454	False
408	612	0.45454545454545453	False
408	3746	0.36363636363636365	True
408	2859	0.2727272727272727	True
408	3075	0.18181818181818182	True
408	830	0.09090909090909091	True
4759	443	0.9090909090909091	False
4759	1095	0.8181818181818182	False
4759	612	0.7272727272727273	False
4759	1351	0.6363636363636364	True
4759	361	0.5454545454545454	False
4759	3732	0.45454545454545453	True
4759	531	0.36363636363636365	False
4759	3075	0.2727272727272727	True
4759	3746	0.18181818181818182	True
4759	830	0.09090909090909091	True
4068	443	0.9090909090909091	False
4068	361	0.8181818181818182	False
4068	1095	0.7272727272727273	False
4068	612	0.6363636363636364	False
4068	3075	0.5454545454545454	True
4068	3732	0.45454545454545453	True
4068	531	0.36363636363636365	False
4068	1351	0.2727272727272727	True
4068	3746	0.18181818181818182	True
4068	2320	0.09090909090909091	True
2517	443	0.9090909090909091	False
2517	1095	0.8181818181818182	False
2517	612	0.7272727272727273	False
2517	1351	0.6363636363636364	True
2517	361	0.5454545454545454	False
2517	3746	0.45454545454545453	True
2517	3075	0.36363636363636365	True
2517	531	0.2727272727272727	False
2517	830	0.18181818181818182	True
2517	2859	0.09090909090909091	True
1016	1351	0.9090909090909091	True
1016	361	0.8181818181818182	False
1016	443	0.7272727272727273	False
1016	531	0.6363636363636364	False
1016	3746	0.5454545454545454	True
1016	830	0.45454545454545453	True
1016	1095	0.36363636363636365	False
1016	3748	0.2727272727272727	True
1016	83	0.18181818181818182	True
1016	2059	0.09090909090909091	True
812	443	0.9090909090909091	False
812	1095	0.8181818181818182	False
812	361	0.7272727272727273	False
812	612	0.6363636363636364	False
812	3075	0.5454545454545454	True
812	531	0.45454545454545453	False
812	2059	0.36363636363636365	True
812	830	0.2727272727272727	True
812	1351	0.18181818181818182	True
812	3746	0.09090909090909091	True
2740	443	0.9090909090909091	False
2740	1095	0.8181818181818182	False
2740	361	0.7272727272727273	False
2740	2859	0.6363636363636364	True
2740	1351	0.5454545454545454	True
2740	531	0.45454545454545453	False
2740	3075	0.36363636363636365	True
2740	2059	0.2727272727272727	True
2740	612	0.18181818181818182	False
2740	2320	0.09090909090909091	True
3930	1095	0.9090909090909091	False
3930	1351	0.8181818181818182	True
3930	361	0.7272727272727273	False
3930	2859	0.6363636363636364	True
3930	443	0.5454545454545454	False
3930	830	0.45454545454545453	True
3930	612	0.36363636363636365	False
3930	3746	0.2727272727272727	True
3930	531	0.18181818181818182	False
3930	2059	0.09090909090909091	True
157	443	0.9090909090909091	False
157	612	0.8181818181818182	False
157	1095	0.7272727272727273	False
157	361	0.6363636363636364	False
157	3075	0.5454545454545454	True
157	531	0.45454545454545453	False
157	83	0.36363636363636365	True
157	1730	0.2727272727272727	True
157	1351	0.18181818181818182	True
157	3748	0.09090909090909091	True
4271	443	0.9090909090909091	False
4271	1095	0.8181818181818182	False
4271	612	0.7272727272727273	False
4271	361	0.6363636363636364	False
4271	3075	0.5454545454545454	True
4271	830	0.45454545454545453	True
4271	3732	0.36363636363636365	True
4271	1351	0.2727272727272727	True
4271	3746	0.18181818181818182	True
4271	531	0.09090909090909091	False
5697	612	0.9090909090909091	False
5697	443	0.8181818181818182	False
5697	361	0.7272727272727273	False
5697	3075	0.6363636363636364	True
5697	1095	0.5454545454545454	False
5697	1351	0.45454545454545453	True
5697	531	0.36363636363636365	False
5697	3746	0.2727272727272727	True
5697	830	0.18181818181818182	True
5697	3748	0.09090909090909091	True
2507	443	0.9090909090909091	False
2507	361	0.8181818181818182	False
2507	612	0.7272727272727273	False
2507	1095	0.6363636363636364	False
2507	3075	0.5454545454545454	True
2507	3746	0.45454545454545453	True
2507	830	0.36363636363636365	True
2507	531	0.2727272727272727	False
2507	3732	0.18181818181818182	True
2507	1351	0.09090909090909091	True
1442	443	0.9090909090909091	False
1442	361	0.8181818181818182	False
1442	612	0.7272727272727273	False
1442	531	0.6363636363636364	False
1442	1095	0.5454545454545454	False
1442	3075	0.45454545454545453	True
1442	3746	0.36363636363636365	True
1442	1351	0.2727272727272727	True
1442	1730	0.18181818181818182	True
1442	3748	0.09090909090909091	True
1318	1351	0.9090909090909091	True
1318	1095	0.8181818181818182	False
1318	361	0.7272727272727273	False
1318	830	0.6363636363636364	True
1318	443	0.5454545454545454	False
1318	3746	0.45454545454545453	True
1318	531	0.36363636363636365	False
1318	2059	0.2727272727272727	True
1318	612	0.18181818181818182	False
1318	3075	0.09090909090909091	True
5342	830	0.9090909090909091	True
5342	443	0.8181818181818182	False
5342	361	0.7272727272727273	False
5342	1095	0.6363636363636364	False
5342	83	0.5454545454545454	True
5342	612	0.45454545454545453	False
5342	3075	0.36363636363636365	True
5342	3746	0.2727272727272727	True
5342	531	0.18181818181818182	False
5342	3732	0.09090909090909091	True
3928	443	0.9090909090909091	False
3928	612	0.8181818181818182	False
3928	3075	0.7272727272727273	True
3928	531	0.6363636363636364	False
3928	1351	0.5454545454545454	True
3928	361	0.45454545454545453	False
3928	2320	0.36363636363636365	True
3928	3746	0.2727272727272727	True
3928	1095	0.18181818181818182	False
3928	2859	0.09090909090909091	True
2406	361	0.9090909090909091	False
2406	443	0.8181818181818182	False
2406	1095	0.7272727272727273	False
2406	1351	0.6363636363636364	True
2406	3746	0.5454545454545454	True
2406	612	0.45454545454545453	False
2406	531	0.36363636363636365	False
2406	3732	0.2727272727272727	True
2406	2059	0.18181818181818182	True
2406	3075	0.09090909090909091	True
263	531	0.9090909090909091	False
263	1351	0.8181818181818182	True
263	443	0.7272727272727273	False
263	3075	0.6363636363636364	True
263	361	0.5454545454545454	False
263	612	0.45454545454545453	False
263	1095	0.36363636363636365	False
263	3748	0.2727272727272727	True
263	1730	0.18181818181818182	True
263	319	0.09090909090909091	True
5539	531	0.9090909090909091	False
5539	443	0.8181818181818182	False
5539	3075	0.7272727272727273	True
5539	612	0.6363636363636364	False
5539	361	0.5454545454545454	False
5539	3746	0.45454545454545453	True
5539	1095	0.36363636363636365	False
5539	83	0.2727272727272727	True
5539	2320	0.18181818181818182	True
5539	1388	0.09090909090909091	True
13	443	0.9090909090909091	False
13	361	0.8181818181818182	False
13	1095	0.7272727272727273	False
13	3746	0.6363636363636364	True
13	612	0.5454545454545454	False
13	3732	0.45454545454545453	True
13	3748	0.36363636363636365	True
13	83	0.2727272727272727	True
13	1351	0.18181818181818182	True
13	1388	0.09090909090909091	True
2554	1095	0.9090909090909091	False
2554	443	0.8181818181818182	False
2554	1351	0.7272727272727273	True
2554	531	0.6363636363636364	False
2554	361	0.5454545454545454	False
2554	3075	0.45454545454545453	True
2554	612	0.36363636363636365	False
2554	830	0.2727272727272727	True
2554	2059	0.18181818181818182	True
2554	2859	0.09090909090909091	True
5891	443	0.9090909090909091	False
5891	1351	0.8181818181818182	True
5891	361	0.7272727272727273	False
5891	1095	0.6363636363636364	False
5891	612	0.5454545454545454	False
5891	3746	0.45454545454545453	True
5891	2859	0.36363636363636365	True
5891	531	0.2727272727272727	False
5891	3075	0.18181818181818182	True
5891	3748	0.09090909090909091	True
304	443	0.9090909090909091	False
304	1095	0.8181818181818182	False
304	361	0.7272727272727273	False
304	1351	0.6363636363636364	True
304	612	0.5454545454545454	False
304	531	0.45454545454545453	False
304	830	0.36363636363636365	True
304	3748	0.2727272727272727	True
304	3075	0.18181818181818182	True
304	3746	0.09090909090909091	True
4149	443	0.9090909090909091	False
4149	531	0.8181818181818182	False
4149	361	0.7272727272727273	False
4149	3075	0.6363636363636364	True
4149	830	0.5454545454545454	True
4149	3732	0.45454545454545453	True
4149	3746	0.36363636363636365	True
4149	612	0.2727272727272727	False
4149	83	0.18181818181818182	True
4149	1253	0.09090909090909091	True
5421	3075	0.9090909090909091	True
5421	531	0.8181818181818182	False
5421	361	0.7272727272727273	False
5421	443	0.6363636363636364	False
5421	612	0.5454545454545454	False
5421	1351	0.45454545454545453	True
5421	1095	0.36363636363636365	False
5421	3746	0.2727272727272727	True
5421	2320	0.18181818181818182	True
5421	830	0.09090909090909091	True
4133	443	0.9090909090909091	False
4133	531	0.8181818181818182	False
4133	361	0.7272727272727273	False
4133	3732	0.6363636363636364	True
4133	1351	0.5454545454545454	True
4133	3746	0.45454545454545453	True
4133	1095	0.36363636363636365	False
4133	612	0.2727272727272727	False
4133	83	0.18181818181818182	True
4133	3167	0.09090909090909091	True
3411	443	0.9090909090909091	False
3411	612	0.8181818181818182	False
3411	361	0.7272727272727273	False
3411	1351	0.6363636363636364	True
3411	3746	0.5454545454545454	True
3411	830	0.45454545454545453	True
3411	1095	0.36363636363636365	False
3411	3748	0.2727272727272727	True
3411	531	0.18181818181818182	False
3411	3075	0.09090909090909091	True
1562	443	0.9090909090909091	False
1562	361	0.8181818181818182	False
1562	531	0.7272727272727273	False
1562	612	0.6363636363636364	False
1562	3732	0.5454545454545454	True
1562	1095	0.45454545454545453	False
1562	3301	0.36363636363636365	True
1562	3746	0.2727272727272727	True
1562	1388	0.18181818181818182	True
1562	1351	0.09090909090909091	True
5567	612	0.9090909090909091	False
5567	443	0.8181818181818182	False
5567	1095	0.7272727272727273	False
5567	1351	0.6363636363636364	True
5567	3746	0.5454545454545454	True
5567	3075	0.45454545454545453	True
5567	361	0.36363636363636365	False
5567	531	0.2727272727272727	False
5567	83	0.18181818181818182	True
5567	3732	0.09090909090909091	True
4306	443	0.9090909090909091	False
4306	612	0.8181818181818182	False
4306	531	0.7272727272727273	False
4306	1095	0.6363636363636364	False
4306	3075	0.5454545454545454	True
4306	919	0.45454545454545453	True
4306	2859	0.36363636363636365	True
4306	361	0.2727272727272727	False
4306	830	0.18181818181818182	True
4306	3748	0.09090909090909091	True
3733	361	0.9090909090909091	False
3733	3746	0.8181818181818182	True
3733	3732	0.7272727272727273	True
3733	531	0.6363636363636364	False
3733	1351	0.5454545454545454	True
3733	443	0.45454545454545453	False
3733	1095	0.36363636363636365	False
3733	83	0.2727272727272727	True
3733	2859	0.18181818181818182	True
3733	2059	0.09090909090909091	True
164	531	0.9090909090909091	False
164	443	0.8181818181818182	False
164	3748	0.7272727272727273	True
164	612	0.6363636363636364	False
164	3075	0.5454545454545454	True
164	1095	0.45454545454545453	False
164	361	0.36363636363636365	False
164	1351	0.2727272727272727	True
164	3732	0.18181818181818182	True
164	3746	0.09090909090909091	True
4876	1095	0.9090909090909091	False
4876	830	0.8181818181818182	True
4876	361	0.7272727272727273	False
4876	443	0.6363636363636364	False
4876	1351	0.5454545454545454	True
4876	612	0.45454545454545453	False
4876	531	0.36363636363636365	False
4876	3075	0.2727272727272727	True
4876	3746	0.18181818181818182	True
4876	1730	0.09090909090909091	True
15	531	0.9090909090909091	False
15	612	0.8181818181818182	False
15	1351	0.7272727272727273	True
15	3075	0.6363636363636364	True
15	443	0.5454545454545454	False
15	1095	0.45454545454545453	False
15	3746	0.36363636363636365	True
15	361	0.2727272727272727	False
15	3732	0.18181818181818182	True
15	2859	0.09090909090909091	True
1021	361	0.9090909090909091	False
1021	443	0.8181818181818182	False
1021	1095	0.7272727272727273	False
1021	531	0.6363636363636364	False
1021	612	0.5454545454545454	False
1021	3746	0.45454545454545453	True
1021	1351	0.36363636363636365	True
1021	3075	0.2727272727272727	True
1021	2320	0.18181818181818182	True
1021	3748	0.09090909090909091	True
4270	443	0.9090909090909091	False
4270	612	0.8181818181818182	False
4270	3075	0.7272727272727273	True
4270	1095	0.6363636363636364	False
4270	361	0.5454545454545454	False
4270	531	0.45454545454545453	False
4270	830	0.36363636363636365	True
4270	1351	0.2727272727272727	True
4270	2859	0.18181818181818182	True
4270	3746	0.09090909090909091	True
1448	443	0.9090909090909091	False
1448	1095	0.8181818181818182	False
1448	361	0.7272727272727273	False
1448	1351	0.6363636363636364	True
1448	612	0.5454545454545454	False
1448	531	0.45454545454545453	False
1448	3075	0.36363636363636365	True
1448	3301	0.2727272727272727	True
1448	2859	0.18181818181818182	True
1448	3732	0.09090909090909091	True
3783	443	0.9090909090909091	False
3783	361	0.8181818181818182	False
3783	531	0.7272727272727273	False
3783	612	0.6363636363636364	False
3783	1095	0.5454545454545454	False
3783	1351	0.45454545454545453	True
3783	3732	0.36363636363636365	True
3783	3075	0.2727272727272727	True
3783	2059	0.18181818181818182	True
3783	3746	0.09090909090909091	True
2046	443	0.9090909090909091	False
2046	612	0.8181818181818182	False
2046	361	0.7272727272727273	False
2046	531	0.6363636363636364	False
2046	1095	0.5454545454545454	False
2046	3075	0.45454545454545453	True
2046	1351	0.36363636363636365	True
2046	3746	0.2727272727272727	True
2046	3732	0.18181818181818182	True
2046	2320	0.09090909090909091	True
493	443	0.9090909090909091	False
493	1095	0.8181818181818182	False
493	361	0.7272727272727273	False
493	612	0.6363636363636364	False
493	531	0.5454545454545454	False
493	3075	0.45454545454545453	True
493	2059	0.36363636363636365	True
493	830	0.2727272727272727	True
493	1351	0.18181818181818182	True
493	3732	0.09090909090909091	True
5559	443	0.9090909090909091	False
5559	361	0.8181818181818182	False
5559	1095	0.7272727272727273	False
5559	1351	0.6363636363636364	True
5559	612	0.5454545454545454	False
5559	531	0.45454545454545453	False
5559	3746	0.36363636363636365	True
5559	3075	0.2727272727272727	True
5559	3748	0.18181818181818182	True
5559	2059	0.09090909090909091	True
3885	531	0.9090909090909091	False
3885	3075	0.8181818181818182	True
3885	443	0.7272727272727273	False
3885	612	0.6363636363636364	False
3885	1095	0.5454545454545454	False
3885	919	0.45454545454545453	True
3885	2715	0.36363636363636365	True
3885	361	0.2727272727272727	False
3885	1351	0.18181818181818182	True
3885	3748	0.09090909090909091	True
3553	443	0.9090909090909091	False
3553	612	0.8181818181818182	False
3553	1095	0.7272727272727273	False
3553	361	0.6363636363636364	False
3553	3075	0.5454545454545454	True
3553	531	0.45454545454545453	False
3553	83	0.36363636363636365	True
3553	830	0.2727272727272727	True
3553	2859	0.18181818181818182	True
3553	3748	0.09090909090909091	True
2861	361	0.9090909090909091	False
2861	443	0.8181818181818182	False
2861	1351	0.7272727272727273	True
2861	531	0.6363636363636364	False
2861	1095	0.5454545454545454	False
2861	3732	0.45454545454545453	True
2861	612	0.36363636363636365	False
2861	3748	0.2727272727272727	True
2861	3075	0.18181818181818182	True
2861	2320	0.09090909090909091	True
1127	443	0.9090909090909091	False
1127	1095	0.8181818181818182	False
1127	1351	0.7272727272727273	True
1127	3746	0.6363636363636364	True
1127	612	0.5454545454545454	False
1127	361	0.45454545454545453	False
1127	531	0.36363636363636365	False
1127	3075	0.2727272727272727	True
1127	2859	0.18181818181818182	True
1127	2715	0.09090909090909091	True
3401	443	0.9090909090909091	False
3401	1095	0.8181818181818182	False
3401	612	0.7272727272727273	False
3401	361	0.6363636363636364	False
3401	531	0.5454545454545454	False
3401	1351	0.45454545454545453	True
3401	3748	0.36363636363636365	True
3401	3732	0.2727272727272727	True
3401	830	0.18181818181818182	True
3401	3746	0.09090909090909091	True
2152	1351	0.9090909090909091	True
2152	443	0.8181818181818182	False
2152	531	0.7272727272727273	False
2152	1095	0.6363636363636364	False
2152	3746	0.5454545454545454	True
2152	612	0.45454545454545453	False
2152	361	0.36363636363636365	False
2152	83	0.2727272727272727	True
2152	3748	0.18181818181818182	True
2152	319	0.09090909090909091	True
3246	1351	0.9090909090909091	True
3246	612	0.8181818181818182	False
3246	443	0.7272727272727273	False
3246	531	0.6363636363636364	False
3246	361	0.5454545454545454	False
3246	3746	0.45454545454545453	True
3246	3075	0.36363636363636365	True
3246	1095	0.2727272727272727	False
3246	2859	0.18181818181818182	True
3246	830	0.09090909090909091	True
2290	443	0.9090909090909091	False
2290	1095	0.8181818181818182	False
2290	1351	0.7272727272727273	True
2290	361	0.6363636363636364	False
2290	3746	0.5454545454545454	True
2290	531	0.45454545454545453	False
2290	3317	0.36363636363636365	True
2290	3748	0.2727272727272727	True
2290	830	0.18181818181818182	True
2290	612	0.09090909090909091	False
4337	531	0.9090909090909091	False
4337	443	0.8181818181818182	False
4337	612	0.7272727272727273	False
4337	3075	0.6363636363636364	True
4337	361	0.5454545454545454	False
4337	3732	0.45454545454545453	True
4337	3746	0.36363636363636365	True
4337	1351	0.2727272727272727	True
4337	1095	0.18181818181818182	False
4337	3748	0.09090909090909091	True
4733	443	0.9090909090909091	False
4733	361	0.8181818181818182	False
4733	1351	0.7272727272727273	True
4733	531	0.6363636363636364	False
4733	1095	0.5454545454545454	False
4733	3075	0.45454545454545453	True
4733	612	0.36363636363636365	False
4733	2859	0.2727272727272727	True
4733	2059	0.18181818181818182	True
4733	830	0.09090909090909091	True
4469	443	0.9090909090909091	False
4469	3075	0.8181818181818182	True
4469	531	0.7272727272727273	False
4469	361	0.6363636363636364	False
4469	612	0.5454545454545454	False
4469	1095	0.45454545454545453	False
4469	1351	0.36363636363636365	True
4469	2859	0.2727272727272727	True
4469	2320	0.18181818181818182	True
4469	3746	0.09090909090909091	True
4082	531	0.9090909090909091	False
4082	3075	0.8181818181818182	True
4082	443	0.7272727272727273	False
4082	361	0.6363636363636364	False
4082	1095	0.5454545454545454	False
4082	612	0.45454545454545453	False
4082	83	0.36363636363636365	True
4082	1351	0.2727272727272727	True
4082	919	0.18181818181818182	True
4082	2059	0.09090909090909091	True
3500	443	0.9090909090909091	False
3500	361	0.8181818181818182	False
3500	1351	0.7272727272727273	True
3500	2859	0.6363636363636364	True
3500	612	0.5454545454545454	False
3500	1095	0.45454545454545453	False
3500	3748	0.36363636363636365	True
3500	531	0.2727272727272727	False
3500	3746	0.18181818181818182	True
3500	1388	0.09090909090909091	True
2684	1095	0.9090909090909091	False
2684	1351	0.8181818181818182	True
2684	361	0.7272727272727273	False
2684	443	0.6363636363636364	False
2684	830	0.5454545454545454	True
2684	2859	0.45454545454545453	True
2684	612	0.36363636363636365	False
2684	531	0.2727272727272727	False
2684	3075	0.18181818181818182	True
2684	3746	0.09090909090909091	True
4948	443	0.9090909090909091	False
4948	1095	0.8181818181818182	False
4948	531	0.7272727272727273	False
4948	361	0.6363636363636364	False
4948	1351	0.5454545454545454	True
4948	612	0.45454545454545453	False
4948	3732	0.36363636363636365	True
4948	3301	0.2727272727272727	True
4948	2859	0.18181818181818182	True
4948	3746	0.09090909090909091	True
5409	531	0.9090909090909091	False
5409	1351	0.8181818181818182	True
5409	3746	0.7272727272727273	True
5409	443	0.6363636363636364	False
5409	612	0.5454545454545454	False
5409	361	0.45454545454545453	False
5409	3075	0.36363636363636365	True
5409	2715	0.2727272727272727	True
5409	3732	0.18181818181818182	True
5409	1095	0.09090909090909091	False
998	443	0.9090909090909091	False
998	3732	0.8181818181818182	True
998	3746	0.7272727272727273	True
998	1351	0.6363636363636364	True
998	361	0.5454545454545454	False
998	612	0.45454545454545453	False
998	531	0.36363636363636365	False
998	1095	0.2727272727272727	False
998	3075	0.18181818181818182	True
998	2715	0.09090909090909091	True
1059	443	0.9090909090909091	False
1059	531	0.8181818181818182	False
1059	361	0.7272727272727273	False
1059	3748	0.6363636363636364	True
1059	1351	0.5454545454545454	True
1059	612	0.45454545454545453	False
1059	3746	0.36363636363636365	True
1059	830	0.2727272727272727	True
1059	1095	0.18181818181818182	False
1059	3695	0.09090909090909091	True
1128	443	0.9090909090909091	False
1128	361	0.8181818181818182	False
1128	612	0.7272727272727273	False
1128	1095	0.6363636363636364	False
1128	1351	0.5454545454545454	True
1128	3746	0.45454545454545453	True
1128	3732	0.36363636363636365	True
1128	531	0.2727272727272727	False
1128	3748	0.18181818181818182	True
1128	3075	0.09090909090909091	True
2542	443	0.9090909090909091	False
2542	361	0.8181818181818182	False
2542	1351	0.7272727272727273	True
2542	1095	0.6363636363636364	False
2542	531	0.5454545454545454	False
2542	3075	0.45454545454545453	True
2542	612	0.36363636363636365	False
2542	3746	0.2727272727272727	True
2542	3748	0.18181818181818182	True
2542	2859	0.09090909090909091	True
132	443	0.9090909090909091	False
132	361	0.8181818181818182	False
132	1095	0.7272727272727273	False
132	531	0.6363636363636364	False
132	2859	0.5454545454545454	True
132	612	0.45454545454545453	False
132	2320	0.36363636363636365	True
132	3301	0.2727272727272727	True
132	3075	0.18181818181818182	True
132	83	0.09090909090909091	True
5639	443	0.9090909090909091	False
5639	612	0.8181818181818182	False
5639	1095	0.7272727272727273	False
5639	361	0.6363636363636364	False
5639	1351	0.5454545454545454	True
5639	3075	0.45454545454545453	True
5639	3746	0.36363636363636365	True
5639	3748	0.2727272727272727	True
5639	531	0.18181818181818182	False
5639	3732	0.09090909090909091	True
4288	443	0.9090909090909091	False
4288	1095	0.8181818181818182	False
4288	83	0.7272727272727273	True
4288	3746	0.6363636363636364	True
4288	612	0.5454545454545454	False
4288	3732	0.45454545454545453	True
4288	361	0.36363636363636365	False
4288	1351	0.2727272727272727	True
4288	2859	0.18181818181818182	True
4288	531	0.09090909090909091	False
1790	443	0.9090909090909091	False
1790	1095	0.8181818181818182	False
1790	361	0.7272727272727273	False
1790	612	0.6363636363636364	False
1790	531	0.5454545454545454	False
1790	3075	0.45454545454545453	True
1790	1351	0.36363636363636365	True
1790	3748	0.2727272727272727	True
1790	2859	0.18181818181818182	True
1790	2320	0.09090909090909091	True
5223	443	0.9090909090909091	False
5223	612	0.8181818181818182	False
5223	1095	0.7272727272727273	False
5223	361	0.6363636363636364	False
5223	531	0.5454545454545454	False
5223	1351	0.45454545454545453	True
5223	3075	0.36363636363636365	True
5223	3748	0.2727272727272727	True
5223	3746	0.18181818181818182	True
5223	2859	0.09090909090909091	True
4696	443	0.9090909090909091	False
4696	361	0.8181818181818182	False
4696	612	0.7272727272727273	False
4696	3075	0.6363636363636364	True
4696	2320	0.5454545454545454	True
4696	531	0.45454545454545453	False
4696	1095	0.36363636363636365	False
4696	1351	0.2727272727272727	True
4696	3746	0.18181818181818182	True
4696	3732	0.09090909090909091	True
703	443	0.9090909090909091	False
703	361	0.8181818181818182	False
703	531	0.7272727272727273	False
703	1351	0.6363636363636364	True
703	612	0.5454545454545454	False
703	1095	0.45454545454545453	False
703	3748	0.36363636363636365	True
703	3075	0.2727272727272727	True
703	3732	0.18181818181818182	True
703	2059	0.09090909090909091	True
2584	1095	0.9090909090909091	False
2584	443	0.8181818181818182	False
2584	1351	0.7272727272727273	True
2584	361	0.6363636363636364	False
2584	612	0.5454545454545454	False
2584	531	0.45454545454545453	False
2584	3746	0.36363636363636365	True
2584	3748	0.2727272727272727	True
2584	830	0.18181818181818182	True
2584	3732	0.09090909090909091	True
3234	443	0.9090909090909091	False
3234	531	0.8181818181818182	False
3234	612	0.7272727272727273	False
3234	361	0.6363636363636364	False
3234	1351	0.5454545454545454	True
3234	2859	0.45454545454545453	True
3234	3075	0.36363636363636365	True
3234	2320	0.2727272727272727	True
3234	1095	0.18181818181818182	False
3234	3301	0.09090909090909091	True
3453	443	0.9090909090909091	False
3453	612	0.8181818181818182	False
3453	1351	0.7272727272727273	True
3453	1095	0.6363636363636364	False
3453	3746	0.5454545454545454	True
3453	531	0.45454545454545453	False
3453	83	0.36363636363636365	True
3453	830	0.2727272727272727	True
3453	361	0.18181818181818182	False
3453	3732	0.09090909090909091	True
5203	443	0.9090909090909091	False
5203	531	0.8181818181818182	False
5203	3746	0.7272727272727273	True
5203	3748	0.6363636363636364	True
5203	361	0.5454545454545454	False
5203	83	0.45454545454545453	True
5203	1095	0.36363636363636365	False
5203	1351	0.2727272727272727	True
5203	612	0.18181818181818182	False
5203	830	0.09090909090909091	True
1951	443	0.9090909090909091	False
1951	3746	0.8181818181818182	True
1951	531	0.7272727272727273	False
1951	361	0.6363636363636364	False
1951	1095	0.5454545454545454	False
1951	612	0.45454545454545453	False
1951	1351	0.36363636363636365	True
1951	2059	0.2727272727272727	True
1951	2320	0.18181818181818182	True
1951	830	0.09090909090909091	True
490	443	0.9090909090909091	False
490	531	0.8181818181818182	False
490	612	0.7272727272727273	False
490	361	0.6363636363636364	False
490	1095	0.5454545454545454	False
490	83	0.45454545454545453	True
490	830	0.36363636363636365	True
490	2859	0.2727272727272727	True
490	1730	0.18181818181818182	True
490	3075	0.09090909090909091	True
161	443	0.9090909090909091	False
161	1095	0.8181818181818182	False
161	1351	0.7272727272727273	True
161	361	0.6363636363636364	False
161	2859	0.5454545454545454	True
161	3075	0.45454545454545453	True
161	612	0.36363636363636365	False
161	531	0.2727272727272727	False
161	830	0.18181818181818182	True
161	3746	0.09090909090909091	True
2443	531	0.9090909090909091	False
2443	443	0.8181818181818182	False
2443	3075	0.7272727272727273	True
2443	612	0.6363636363636364	False
2443	361	0.5454545454545454	False
2443	3732	0.45454545454545453	True
2443	1095	0.36363636363636365	False
2443	3746	0.2727272727272727	True
2443	1351	0.18181818181818182	True
2443	2059	0.09090909090909091	True
479	443	0.9090909090909091	False
479	531	0.8181818181818182	False
479	612	0.7272727272727273	False
479	3748	0.6363636363636364	True
479	1351	0.5454545454545454	True
479	361	0.45454545454545453	False
479	1095	0.36363636363636365	False
479	3075	0.2727272727272727	True
479	3746	0.18181818181818182	True
479	830	0.09090909090909091	True
3191	361	0.9090909090909091	False
3191	1351	0.8181818181818182	True
3191	1095	0.7272727272727273	False
3191	443	0.6363636363636364	False
3191	3746	0.5454545454545454	True
3191	612	0.45454545454545453	False
3191	3301	0.36363636363636365	True
3191	3748	0.2727272727272727	True
3191	3732	0.18181818181818182	True
3191	2859	0.09090909090909091	True
4747	443	0.9090909090909091	False
4747	531	0.8181818181818182	False
4747	830	0.7272727272727273	True
4747	612	0.6363636363636364	False
4747	1095	0.5454545454545454	False
4747	361	0.45454545454545453	False
4747	1351	0.36363636363636365	True
4747	3075	0.2727272727272727	True
4747	3746	0.18181818181818182	True
4747	83	0.09090909090909091	True
2268	443	0.9090909090909091	False
2268	3746	0.8181818181818182	True
2268	1351	0.7272727272727273	True
2268	361	0.6363636363636364	False
2268	612	0.5454545454545454	False
2268	531	0.45454545454545453	False
2268	1095	0.36363636363636365	False
2268	3075	0.2727272727272727	True
2268	2320	0.18181818181818182	True
2268	3748	0.09090909090909091	True
246	443	0.9090909090909091	False
246	361	0.8181818181818182	False
246	612	0.7272727272727273	False
246	3075	0.6363636363636364	True
246	1095	0.5454545454545454	False
246	1351	0.45454545454545453	True
246	3746	0.36363636363636365	True
246	531	0.2727272727272727	False
246	2859	0.18181818181818182	True
246	2320	0.09090909090909091	True
5731	361	0.9090909090909091	False
5731	443	0.8181818181818182	False
5731	1351	0.7272727272727273	True
5731	1095	0.6363636363636364	False
5731	612	0.5454545454545454	False
5731	3746	0.45454545454545453	True
5731	531	0.36363636363636365	False
5731	2859	0.2727272727272727	True
5731	3748	0.18181818181818182	True
5731	3732	0.09090909090909091	True
5692	443	0.9090909090909091	False
5692	531	0.8181818181818182	False
5692	361	0.7272727272727273	False
5692	3075	0.6363636363636364	True
5692	1351	0.5454545454545454	True
5692	1095	0.45454545454545453	False
5692	612	0.36363636363636365	False
5692	3732	0.2727272727272727	True
5692	2859	0.18181818181818182	True
5692	3746	0.09090909090909091	True
4363	443	0.9090909090909091	False
4363	531	0.8181818181818182	False
4363	1351	0.7272727272727273	True
4363	1095	0.6363636363636364	False
4363	361	0.5454545454545454	False
4363	612	0.45454545454545453	False
4363	3075	0.36363636363636365	True
4363	2859	0.2727272727272727	True
4363	3746	0.18181818181818182	True
4363	2320	0.09090909090909091	True
542	1095	0.9090909090909091	False
542	361	0.8181818181818182	False
542	443	0.7272727272727273	False
542	612	0.6363636363636364	False
542	1351	0.5454545454545454	True
542	830	0.45454545454545453	True
542	3746	0.36363636363636365	True
542	83	0.2727272727272727	True
542	531	0.18181818181818182	False
542	2059	0.09090909090909091	True
2020	443	0.9090909090909091	False
2020	361	0.8181818181818182	False
2020	1095	0.7272727272727273	False
2020	612	0.6363636363636364	False
2020	3748	0.5454545454545454	True
2020	3075	0.45454545454545453	True
2020	1351	0.36363636363636365	True
2020	3732	0.2727272727272727	True
2020	531	0.18181818181818182	False
2020	3746	0.09090909090909091	True
5595	443	0.9090909090909091	False
5595	361	0.8181818181818182	False
5595	1095	0.7272727272727273	False
5595	2859	0.6363636363636364	True
5595	830	0.5454545454545454	True
5595	531	0.45454545454545453	False
5595	83	0.36363636363636365	True
5595	1351	0.2727272727272727	True
5595	3746	0.18181818181818182	True
5595	3732	0.09090909090909091	True
4037	361	0.9090909090909091	False
4037	443	0.8181818181818182	False
4037	1095	0.7272727272727273	False
4037	1351	0.6363636363636364	True
4037	830	0.5454545454545454	True
4037	3746	0.45454545454545453	True
4037	3732	0.36363636363636365	True
4037	612	0.2727272727272727	False
4037	2059	0.18181818181818182	True
4037	531	0.09090909090909091	False
93	443	0.9090909090909091	False
93	361	0.8181818181818182	False
93	1095	0.7272727272727273	False
93	3746	0.6363636363636364	True
93	1351	0.5454545454545454	True
93	531	0.45454545454545453	False
93	612	0.36363636363636365	False
93	83	0.2727272727272727	True
93	830	0.18181818181818182	True
93	3748	0.09090909090909091	True
2881	443	0.9090909090909091	False
2881	1095	0.8181818181818182	False
2881	361	0.7272727272727273	False
2881	612	0.6363636363636364	False
2881	1351	0.5454545454545454	True
2881	830	0.45454545454545453	True
2881	3746	0.36363636363636365	True
2881	3075	0.2727272727272727	True
2881	531	0.18181818181818182	False
2881	2859	0.09090909090909091	True
