1566	2513	0.9090909090909091	True
1566	3276	0.8181818181818182	True
1566	1561	0.7272727272727273	False
1566	3050	0.6363636363636364	False
1566	1153	0.5454545454545454	False
1566	2631	0.45454545454545453	True
1566	2644	0.36363636363636365	False
1566	41	0.2727272727272727	False
1566	3063	0.18181818181818182	True
1566	2063	0.09090909090909091	True
3826	2513	0.9090909090909091	True
3826	3276	0.8181818181818182	True
3826	1561	0.7272727272727273	False
3826	3050	0.6363636363636364	False
3826	1153	0.5454545454545454	False
3826	2644	0.45454545454545453	False
3826	2631	0.36363636363636365	True
3826	41	0.2727272727272727	False
3826	3063	0.18181818181818182	True
3826	2063	0.09090909090909091	True
1737	2513	0.9090909090909091	True
1737	3276	0.8181818181818182	True
1737	1561	0.7272727272727273	False
1737	1153	0.6363636363636364	False
1737	3050	0.5454545454545454	False
1737	2631	0.45454545454545453	True
1737	2644	0.36363636363636365	False
1737	41	0.2727272727272727	False
1737	3063	0.18181818181818182	True
1737	2063	0.09090909090909091	True
4212	2513	0.9090909090909091	True
4212	3276	0.8181818181818182	True
4212	1561	0.7272727272727273	False
4212	3050	0.6363636363636364	False
4212	1153	0.5454545454545454	False
4212	2631	0.45454545454545453	True
4212	2644	0.36363636363636365	False
4212	41	0.2727272727272727	False
4212	3063	0.18181818181818182	True
4212	2063	0.09090909090909091	True
150	2513	0.9090909090909091	True
150	3276	0.8181818181818182	True
150	1561	0.7272727272727273	False
150	3050	0.6363636363636364	False
150	1153	0.5454545454545454	False
150	2631	0.45454545454545453	True
150	2644	0.36363636363636365	False
150	41	0.2727272727272727	False
150	3063	0.18181818181818182	True
150	2063	0.09090909090909091	True
3003	2513	0.9090909090909091	True
3003	3276	0.8181818181818182	True
3003	1561	0.7272727272727273	False
3003	3050	0.6363636363636364	False
3003	1153	0.5454545454545454	False
3003	2644	0.45454545454545453	False
3003	3063	0.36363636363636365	True
3003	2631	0.2727272727272727	True
3003	41	0.18181818181818182	False
3003	2063	0.09090909090909091	True
1054	2513	0.9090909090909091	True
1054	3276	0.8181818181818182	True
1054	1561	0.7272727272727273	False
1054	3050	0.6363636363636364	False
1054	1153	0.5454545454545454	False
1054	2631	0.45454545454545453	True
1054	2644	0.36363636363636365	False
1054	3063	0.2727272727272727	True
1054	41	0.18181818181818182	False
1054	2063	0.09090909090909091	True
2566	2513	0.9090909090909091	True
2566	3276	0.8181818181818182	True
2566	1561	0.7272727272727273	False
2566	3050	0.6363636363636364	False
2566	1153	0.5454545454545454	False
2566	2631	0.45454545454545453	True
2566	2644	0.36363636363636365	False
2566	41	0.2727272727272727	False
2566	3063	0.18181818181818182	True
2566	2063	0.09090909090909091	True
2025	2513	0.9090909090909091	True
2025	3276	0.8181818181818182	True
2025	1561	0.7272727272727273	False
2025	3050	0.6363636363636364	False
2025	1153	0.5454545454545454	False
2025	2631	0.45454545454545453	True
2025	2644	0.36363636363636365	False
2025	41	0.2727272727272727	False
2025	3063	0.18181818181818182	True
2025	2063	0.09090909090909091	True
4032	2513	0.9090909090909091	True
4032	3276	0.8181818181818182	True
4032	1561	0.7272727272727273	False
4032	3050	0.6363636363636364	False
4032	1153	0.5454545454545454	False
4032	2644	0.45454545454545453	False
4032	2631	0.36363636363636365	True
4032	3063	0.2727272727272727	True
4032	41	0.18181818181818182	False
4032	2063	0.09090909090909091	True
882	2513	0.9090909090909091	True
882	3276	0.8181818181818182	True
882	1561	0.7272727272727273	False
882	3050	0.6363636363636364	False
882	1153	0.5454545454545454	False
882	2644	0.45454545454545453	False
882	2631	0.36363636363636365	True
882	41	0.2727272727272727	False
882	3063	0.18181818181818182	True
882	2063	0.09090909090909091	True
2933	2513	0.9090909090909091	True
2933	3276	0.8181818181818182	True
2933	1561	0.7272727272727273	False
2933	3050	0.6363636363636364	False
2933	1153	0.5454545454545454	False
2933	2631	0.45454545454545453	True
2933	2644	0.36363636363636365	False
2933	41	0.2727272727272727	False
2933	3063	0.18181818181818182	True
2933	2063	0.09090909090909091	True
2177	2513	0.9090909090909091	True
2177	3276	0.8181818181818182	True
2177	1561	0.7272727272727273	False
2177	3050	0.6363636363636364	False
2177	2644	0.5454545454545454	False
2177	1153	0.45454545454545453	False
2177	41	0.36363636363636365	False
2177	2631	0.2727272727272727	True
2177	3063	0.18181818181818182	True
2177	2063	0.09090909090909091	True
5747	2513	0.9090909090909091	True
5747	3276	0.8181818181818182	True
5747	1561	0.7272727272727273	False
5747	3050	0.6363636363636364	False
5747	2644	0.5454545454545454	False
5747	1153	0.45454545454545453	False
5747	2631	0.36363636363636365	True
5747	41	0.2727272727272727	False
5747	3063	0.18181818181818182	True
5747	2063	0.09090909090909091	True
4906	2513	0.9090909090909091	True
4906	3276	0.8181818181818182	True
4906	1561	0.7272727272727273	False
4906	3050	0.6363636363636364	False
4906	1153	0.5454545454545454	False
4906	2644	0.45454545454545453	False
4906	2631	0.36363636363636365	True
4906	41	0.2727272727272727	False
4906	3063	0.18181818181818182	True
4906	2063	0.09090909090909091	True
1400	2513	0.9090909090909091	True
1400	3276	0.8181818181818182	True
1400	1561	0.7272727272727273	False
1400	3050	0.6363636363636364	False
1400	1153	0.5454545454545454	False
1400	2644	0.45454545454545453	False
1400	2631	0.36363636363636365	True
1400	3063	0.2727272727272727	True
1400	41	0.18181818181818182	False
1400	2063	0.09090909090909091	True
5753	2513	0.9090909090909091	True
5753	3276	0.8181818181818182	True
5753	1561	0.7272727272727273	False
5753	3050	0.6363636363636364	False
5753	2631	0.5454545454545454	True
5753	2644	0.45454545454545453	False
5753	1153	0.36363636363636365	False
5753	41	0.2727272727272727	False
5753	3063	0.18181818181818182	True
5753	2063	0.09090909090909091	True
4815	2513	0.9090909090909091	True
4815	3276	0.8181818181818182	True
4815	1561	0.7272727272727273	False
4815	3050	0.6363636363636364	False
4815	1153	0.5454545454545454	False
4815	2631	0.45454545454545453	True
4815	2644	0.36363636363636365	False
4815	41	0.2727272727272727	False
4815	3063	0.18181818181818182	True
4815	2063	0.09090909090909091	True
3167	2513	0.9090909090909091	True
3167	3276	0.8181818181818182	True
3167	1561	0.7272727272727273	False
3167	3050	0.6363636363636364	False
3167	1153	0.5454545454545454	False
3167	2631	0.45454545454545453	True
3167	2644	0.36363636363636365	False
3167	41	0.2727272727272727	False
3167	3063	0.18181818181818182	True
3167	2063	0.09090909090909091	True
4601	2513	0.9090909090909091	True
4601	3276	0.8181818181818182	True
4601	1561	0.7272727272727273	False
4601	3050	0.6363636363636364	False
4601	1153	0.5454545454545454	False
4601	2644	0.45454545454545453	False
4601	2631	0.36363636363636365	True
4601	41	0.2727272727272727	False
4601	3063	0.18181818181818182	True
4601	2063	0.09090909090909091	True
2802	2513	0.9090909090909091	True
2802	3276	0.8181818181818182	True
2802	3050	0.7272727272727273	False
2802	1561	0.6363636363636364	False
2802	2644	0.5454545454545454	False
2802	1153	0.45454545454545453	False
2802	2631	0.36363636363636365	True
2802	41	0.2727272727272727	False
2802	3063	0.18181818181818182	True
2802	2063	0.09090909090909091	True
3910	2513	0.9090909090909091	True
3910	3276	0.8181818181818182	True
3910	1561	0.7272727272727273	False
3910	3050	0.6363636363636364	False
3910	1153	0.5454545454545454	False
3910	2631	0.45454545454545453	True
3910	2644	0.36363636363636365	False
3910	41	0.2727272727272727	False
3910	3063	0.18181818181818182	True
3910	2063	0.09090909090909091	True
34	2513	0.9090909090909091	True
34	3276	0.8181818181818182	True
34	1561	0.7272727272727273	False
34	3050	0.6363636363636364	False
34	1153	0.5454545454545454	False
34	2644	0.45454545454545453	False
34	2631	0.36363636363636365	True
34	41	0.2727272727272727	False
34	3063	0.18181818181818182	True
34	2063	0.09090909090909091	True
3426	2513	0.9090909090909091	True
3426	3276	0.8181818181818182	True
3426	1561	0.7272727272727273	False
3426	3050	0.6363636363636364	False
3426	1153	0.5454545454545454	False
3426	2644	0.45454545454545453	False
3426	2631	0.36363636363636365	True
3426	3063	0.2727272727272727	True
3426	41	0.18181818181818182	False
3426	2063	0.09090909090909091	True
476	2513	0.9090909090909091	True
476	3276	0.8181818181818182	True
476	1561	0.7272727272727273	False
476	3050	0.6363636363636364	False
476	1153	0.5454545454545454	False
476	2631	0.45454545454545453	True
476	2644	0.36363636363636365	False
476	41	0.2727272727272727	False
476	3063	0.18181818181818182	True
476	2063	0.09090909090909091	True
5332	2513	0.9090909090909091	True
5332	3276	0.8181818181818182	True
5332	1561	0.7272727272727273	False
5332	3050	0.6363636363636364	False
5332	2644	0.5454545454545454	False
5332	1153	0.45454545454545453	False
5332	41	0.36363636363636365	False
5332	2631	0.2727272727272727	True
5332	3063	0.18181818181818182	True
5332	2063	0.09090909090909091	True
5616	2513	0.9090909090909091	True
5616	3276	0.8181818181818182	True
5616	1561	0.7272727272727273	False
5616	3050	0.6363636363636364	False
5616	1153	0.5454545454545454	False
5616	2631	0.45454545454545453	True
5616	2644	0.36363636363636365	False
5616	3063	0.2727272727272727	True
5616	41	0.18181818181818182	False
5616	2063	0.09090909090909091	True
1236	2513	0.9090909090909091	True
1236	3276	0.8181818181818182	True
1236	1561	0.7272727272727273	False
1236	3050	0.6363636363636364	False
1236	2631	0.5454545454545454	True
1236	1153	0.45454545454545453	False
1236	2644	0.36363636363636365	False
1236	3063	0.2727272727272727	True
1236	41	0.18181818181818182	False
1236	2063	0.09090909090909091	True
4751	2513	0.9090909090909091	True
4751	3276	0.8181818181818182	True
4751	1561	0.7272727272727273	False
4751	3050	0.6363636363636364	False
4751	2644	0.5454545454545454	False
4751	1153	0.45454545454545453	False
4751	2631	0.36363636363636365	True
4751	3063	0.2727272727272727	True
4751	41	0.18181818181818182	False
4751	2063	0.09090909090909091	True
4985	2513	0.9090909090909091	True
4985	3276	0.8181818181818182	True
4985	1561	0.7272727272727273	False
4985	3050	0.6363636363636364	False
4985	1153	0.5454545454545454	False
4985	2631	0.45454545454545453	True
4985	2644	0.36363636363636365	False
4985	3063	0.2727272727272727	True
4985	41	0.18181818181818182	False
4985	2063	0.09090909090909091	True
894	2513	0.9090909090909091	True
894	3276	0.8181818181818182	True
894	1561	0.7272727272727273	False
894	3050	0.6363636363636364	False
894	1153	0.5454545454545454	False
894	2631	0.45454545454545453	True
894	2644	0.36363636363636365	False
894	41	0.2727272727272727	False
894	3063	0.18181818181818182	True
894	2063	0.09090909090909091	True
2709	2513	0.9090909090909091	True
2709	3276	0.8181818181818182	True
2709	1561	0.7272727272727273	False
2709	3050	0.6363636363636364	False
2709	2631	0.5454545454545454	True
2709	1153	0.45454545454545453	False
2709	2644	0.36363636363636365	False
2709	3063	0.2727272727272727	True
2709	41	0.18181818181818182	False
2709	2063	0.09090909090909091	True
4971	2513	0.9090909090909091	True
4971	3276	0.8181818181818182	True
4971	1561	0.7272727272727273	False
4971	3050	0.6363636363636364	False
4971	1153	0.5454545454545454	False
4971	2631	0.45454545454545453	True
4971	2644	0.36363636363636365	False
4971	41	0.2727272727272727	False
4971	3063	0.18181818181818182	True
4971	2063	0.09090909090909091	True
2393	2513	0.9090909090909091	True
2393	3276	0.8181818181818182	True
2393	1561	0.7272727272727273	False
2393	3050	0.6363636363636364	False
2393	1153	0.5454545454545454	False
2393	2631	0.45454545454545453	True
2393	2644	0.36363636363636365	False
2393	3063	0.2727272727272727	True
2393	41	0.18181818181818182	False
2393	2063	0.09090909090909091	True
2112	2513	0.9090909090909091	True
2112	3276	0.8181818181818182	True
2112	1561	0.7272727272727273	False
2112	3050	0.6363636363636364	False
2112	1153	0.5454545454545454	False
2112	2631	0.45454545454545453	True
2112	2644	0.36363636363636365	False
2112	41	0.2727272727272727	False
2112	3063	0.18181818181818182	True
2112	2063	0.09090909090909091	True
3408	2513	0.9090909090909091	True
3408	3276	0.8181818181818182	True
3408	1561	0.7272727272727273	False
3408	3050	0.6363636363636364	False
3408	1153	0.5454545454545454	False
3408	2644	0.45454545454545453	False
3408	2631	0.36363636363636365	True
3408	41	0.2727272727272727	False
3408	3063	0.18181818181818182	True
3408	2063	0.09090909090909091	True
5781	2513	0.9090909090909091	True
5781	3276	0.8181818181818182	True
5781	1561	0.7272727272727273	False
5781	3050	0.6363636363636364	False
5781	1153	0.5454545454545454	False
5781	2631	0.45454545454545453	True
5781	2644	0.36363636363636365	False
5781	3063	0.2727272727272727	True
5781	41	0.18181818181818182	False
5781	2063	0.09090909090909091	True
3335	2513	0.9090909090909091	True
3335	3276	0.8181818181818182	True
3335	1561	0.7272727272727273	False
3335	3050	0.6363636363636364	False
3335	1153	0.5454545454545454	False
3335	2644	0.45454545454545453	False
3335	41	0.36363636363636365	False
3335	2631	0.2727272727272727	True
3335	3063	0.18181818181818182	True
3335	2063	0.09090909090909091	True
5910	2513	0.9090909090909091	True
5910	3276	0.8181818181818182	True
5910	1561	0.7272727272727273	False
5910	3050	0.6363636363636364	False
5910	2644	0.5454545454545454	False
5910	1153	0.45454545454545453	False
5910	2631	0.36363636363636365	True
5910	41	0.2727272727272727	False
5910	3063	0.18181818181818182	True
5910	2063	0.09090909090909091	True
1567	2513	0.9090909090909091	True
1567	3276	0.8181818181818182	True
1567	1561	0.7272727272727273	False
1567	3050	0.6363636363636364	False
1567	2644	0.5454545454545454	False
1567	1153	0.45454545454545453	False
1567	2631	0.36363636363636365	True
1567	41	0.2727272727272727	False
1567	3063	0.18181818181818182	True
1567	2063	0.09090909090909091	True
3799	2513	0.9090909090909091	True
3799	3276	0.8181818181818182	True
3799	1561	0.7272727272727273	False
3799	3050	0.6363636363636364	False
3799	1153	0.5454545454545454	False
3799	2631	0.45454545454545453	True
3799	41	0.36363636363636365	False
3799	2644	0.2727272727272727	False
3799	3063	0.18181818181818182	True
3799	2063	0.09090909090909091	True
3227	2513	0.9090909090909091	True
3227	3276	0.8181818181818182	True
3227	1561	0.7272727272727273	False
3227	3050	0.6363636363636364	False
3227	1153	0.5454545454545454	False
3227	2631	0.45454545454545453	True
3227	2644	0.36363636363636365	False
3227	3063	0.2727272727272727	True
3227	41	0.18181818181818182	False
3227	2063	0.09090909090909091	True
1772	2513	0.9090909090909091	True
1772	3276	0.8181818181818182	True
1772	1561	0.7272727272727273	False
1772	3050	0.6363636363636364	False
1772	2631	0.5454545454545454	True
1772	1153	0.45454545454545453	False
1772	2644	0.36363636363636365	False
1772	3063	0.2727272727272727	True
1772	41	0.18181818181818182	False
1772	2063	0.09090909090909091	True
2882	2513	0.9090909090909091	True
2882	3276	0.8181818181818182	True
2882	1561	0.7272727272727273	False
2882	3050	0.6363636363636364	False
2882	2631	0.5454545454545454	True
2882	1153	0.45454545454545453	False
2882	2644	0.36363636363636365	False
2882	41	0.2727272727272727	False
2882	3063	0.18181818181818182	True
2882	2063	0.09090909090909091	True
1349	2513	0.9090909090909091	True
1349	3276	0.8181818181818182	True
1349	1561	0.7272727272727273	False
1349	3050	0.6363636363636364	False
1349	1153	0.5454545454545454	False
1349	2644	0.45454545454545453	False
1349	2631	0.36363636363636365	True
1349	41	0.2727272727272727	False
1349	3063	0.18181818181818182	True
1349	2063	0.09090909090909091	True
3065	2513	0.9090909090909091	True
3065	3276	0.8181818181818182	True
3065	1561	0.7272727272727273	False
3065	3050	0.6363636363636364	False
3065	2644	0.5454545454545454	False
3065	1153	0.45454545454545453	False
3065	41	0.36363636363636365	False
3065	2631	0.2727272727272727	True
3065	3063	0.18181818181818182	True
3065	2063	0.09090909090909091	True
3505	2513	0.9090909090909091	True
3505	3276	0.8181818181818182	True
3505	1561	0.7272727272727273	False
3505	3050	0.6363636363636364	False
3505	1153	0.5454545454545454	False
3505	2644	0.45454545454545453	False
3505	2631	0.36363636363636365	True
3505	41	0.2727272727272727	False
3505	3063	0.18181818181818182	True
3505	2063	0.09090909090909091	True
3830	2513	0.9090909090909091	True
3830	3276	0.8181818181818182	True
3830	1561	0.7272727272727273	False
3830	3050	0.6363636363636364	False
3830	1153	0.5454545454545454	False
3830	2644	0.45454545454545453	False
3830	2631	0.36363636363636365	True
3830	3063	0.2727272727272727	True
3830	41	0.18181818181818182	False
3830	2063	0.09090909090909091	True
444	2513	0.9090909090909091	True
444	3276	0.8181818181818182	True
444	1561	0.7272727272727273	False
444	3050	0.6363636363636364	False
444	2644	0.5454545454545454	False
444	1153	0.45454545454545453	False
444	2631	0.36363636363636365	True
444	3063	0.2727272727272727	True
444	41	0.18181818181818182	False
444	2063	0.09090909090909091	True
4581	2513	0.9090909090909091	True
4581	3276	0.8181818181818182	True
4581	1561	0.7272727272727273	False
4581	3050	0.6363636363636364	False
4581	1153	0.5454545454545454	False
4581	2644	0.45454545454545453	False
4581	2631	0.36363636363636365	True
4581	41	0.2727272727272727	False
4581	3063	0.18181818181818182	True
4581	2063	0.09090909090909091	True
3541	2513	0.9090909090909091	True
3541	3276	0.8181818181818182	True
3541	1561	0.7272727272727273	False
3541	3050	0.6363636363636364	False
3541	1153	0.5454545454545454	False
3541	2631	0.45454545454545453	True
3541	2644	0.36363636363636365	False
3541	41	0.2727272727272727	False
3541	3063	0.18181818181818182	True
3541	2063	0.09090909090909091	True
2859	2513	0.9090909090909091	True
2859	3276	0.8181818181818182	True
2859	1561	0.7272727272727273	False
2859	3050	0.6363636363636364	False
2859	1153	0.5454545454545454	False
2859	2644	0.45454545454545453	False
2859	2631	0.36363636363636365	True
2859	41	0.2727272727272727	False
2859	3063	0.18181818181818182	True
2859	2063	0.09090909090909091	True
3220	2513	0.9090909090909091	True
3220	3276	0.8181818181818182	True
3220	1561	0.7272727272727273	False
3220	3050	0.6363636363636364	False
3220	1153	0.5454545454545454	False
3220	2644	0.45454545454545453	False
3220	2631	0.36363636363636365	True
3220	3063	0.2727272727272727	True
3220	41	0.18181818181818182	False
3220	2063	0.09090909090909091	True
5391	2513	0.9090909090909091	True
5391	3276	0.8181818181818182	True
5391	1561	0.7272727272727273	False
5391	3050	0.6363636363636364	False
5391	1153	0.5454545454545454	False
5391	2644	0.45454545454545453	False
5391	2631	0.36363636363636365	True
5391	3063	0.2727272727272727	True
5391	41	0.18181818181818182	False
5391	2063	0.09090909090909091	True
4695	2513	0.9090909090909091	True
4695	3276	0.8181818181818182	True
4695	1561	0.7272727272727273	False
4695	3050	0.6363636363636364	False
4695	2644	0.5454545454545454	False
4695	1153	0.45454545454545453	False
4695	41	0.36363636363636365	False
4695	2631	0.2727272727272727	True
4695	3063	0.18181818181818182	True
4695	2063	0.09090909090909091	True
5239	2513	0.9090909090909091	True
5239	3276	0.8181818181818182	True
5239	1561	0.7272727272727273	False
5239	3050	0.6363636363636364	False
5239	1153	0.5454545454545454	False
5239	2631	0.45454545454545453	True
5239	2644	0.36363636363636365	False
5239	3063	0.2727272727272727	True
5239	41	0.18181818181818182	False
5239	2063	0.09090909090909091	True
151	2513	0.9090909090909091	True
151	3276	0.8181818181818182	True
151	1561	0.7272727272727273	False
151	3050	0.6363636363636364	False
151	1153	0.5454545454545454	False
151	2631	0.45454545454545453	True
151	2644	0.36363636363636365	False
151	41	0.2727272727272727	False
151	3063	0.18181818181818182	True
151	2063	0.09090909090909091	True
2446	2513	0.9090909090909091	True
2446	3276	0.8181818181818182	True
2446	1561	0.7272727272727273	False
2446	3050	0.6363636363636364	False
2446	1153	0.5454545454545454	False
2446	2644	0.45454545454545453	False
2446	2631	0.36363636363636365	True
2446	3063	0.2727272727272727	True
2446	41	0.18181818181818182	False
2446	2063	0.09090909090909091	True
1700	2513	0.9090909090909091	True
1700	3276	0.8181818181818182	True
1700	3050	0.7272727272727273	False
1700	1561	0.6363636363636364	False
1700	2631	0.5454545454545454	True
1700	1153	0.45454545454545453	False
1700	2644	0.36363636363636365	False
1700	3063	0.2727272727272727	True
1700	41	0.18181818181818182	False
1700	2063	0.09090909090909091	True
1523	2513	0.9090909090909091	True
1523	3276	0.8181818181818182	True
1523	1561	0.7272727272727273	False
1523	3050	0.6363636363636364	False
1523	2644	0.5454545454545454	False
1523	1153	0.45454545454545453	False
1523	2631	0.36363636363636365	True
1523	3063	0.2727272727272727	True
1523	41	0.18181818181818182	False
1523	2063	0.09090909090909091	True
4635	2513	0.9090909090909091	True
4635	3276	0.8181818181818182	True
4635	1561	0.7272727272727273	False
4635	3050	0.6363636363636364	False
4635	2644	0.5454545454545454	False
4635	1153	0.45454545454545453	False
4635	2631	0.36363636363636365	True
4635	3063	0.2727272727272727	True
4635	41	0.18181818181818182	False
4635	2063	0.09090909090909091	True
4266	2513	0.9090909090909091	True
4266	3276	0.8181818181818182	True
4266	1561	0.7272727272727273	False
4266	3050	0.6363636363636364	False
4266	2644	0.5454545454545454	False
4266	1153	0.45454545454545453	False
4266	2631	0.36363636363636365	True
4266	41	0.2727272727272727	False
4266	3063	0.18181818181818182	True
4266	2063	0.09090909090909091	True
40	2513	0.9090909090909091	True
40	3276	0.8181818181818182	True
40	1561	0.7272727272727273	False
40	3050	0.6363636363636364	False
40	1153	0.5454545454545454	False
40	2631	0.45454545454545453	True
40	2644	0.36363636363636365	False
40	41	0.2727272727272727	False
40	3063	0.18181818181818182	True
40	2063	0.09090909090909091	True
985	2513	0.9090909090909091	True
985	3276	0.8181818181818182	True
985	1561	0.7272727272727273	False
985	3050	0.6363636363636364	False
985	1153	0.5454545454545454	False
985	2631	0.45454545454545453	True
985	2644	0.36363636363636365	False
985	3063	0.2727272727272727	True
985	41	0.18181818181818182	False
985	2063	0.09090909090909091	True
2561	2513	0.9090909090909091	True
2561	3276	0.8181818181818182	True
2561	1561	0.7272727272727273	False
2561	3050	0.6363636363636364	False
2561	1153	0.5454545454545454	False
2561	2644	0.45454545454545453	False
2561	2631	0.36363636363636365	True
2561	41	0.2727272727272727	False
2561	3063	0.18181818181818182	True
2561	2063	0.09090909090909091	True
1131	2513	0.9090909090909091	True
1131	3276	0.8181818181818182	True
1131	1561	0.7272727272727273	False
1131	3050	0.6363636363636364	False
1131	1153	0.5454545454545454	False
1131	2644	0.45454545454545453	False
1131	2631	0.36363636363636365	True
1131	41	0.2727272727272727	False
1131	3063	0.18181818181818182	True
1131	2063	0.09090909090909091	True
3092	2513	0.9090909090909091	True
3092	3276	0.8181818181818182	True
3092	1561	0.7272727272727273	False
3092	3050	0.6363636363636364	False
3092	1153	0.5454545454545454	False
3092	2631	0.45454545454545453	True
3092	2644	0.36363636363636365	False
3092	3063	0.2727272727272727	True
3092	41	0.18181818181818182	False
3092	2063	0.09090909090909091	True
509	2513	0.9090909090909091	True
509	3276	0.8181818181818182	True
509	1561	0.7272727272727273	False
509	3050	0.6363636363636364	False
509	1153	0.5454545454545454	False
509	2644	0.45454545454545453	False
509	2631	0.36363636363636365	True
509	41	0.2727272727272727	False
509	3063	0.18181818181818182	True
509	2063	0.09090909090909091	True
746	2513	0.9090909090909091	True
746	3276	0.8181818181818182	True
746	1561	0.7272727272727273	False
746	3050	0.6363636363636364	False
746	1153	0.5454545454545454	False
746	2644	0.45454545454545453	False
746	2631	0.36363636363636365	True
746	3063	0.2727272727272727	True
746	41	0.18181818181818182	False
746	2063	0.09090909090909091	True
5925	2513	0.9090909090909091	True
5925	3276	0.8181818181818182	True
5925	1561	0.7272727272727273	False
5925	3050	0.6363636363636364	False
5925	1153	0.5454545454545454	False
5925	2631	0.45454545454545453	True
5925	2644	0.36363636363636365	False
5925	41	0.2727272727272727	False
5925	3063	0.18181818181818182	True
5925	2063	0.09090909090909091	True
1519	2513	0.9090909090909091	True
1519	3276	0.8181818181818182	True
1519	1561	0.7272727272727273	False
1519	3050	0.6363636363636364	False
1519	1153	0.5454545454545454	False
1519	2644	0.45454545454545453	False
1519	2631	0.36363636363636365	True
1519	41	0.2727272727272727	False
1519	3063	0.18181818181818182	True
1519	2063	0.09090909090909091	True
2288	2513	0.9090909090909091	True
2288	3276	0.8181818181818182	True
2288	1561	0.7272727272727273	False
2288	3050	0.6363636363636364	False
2288	1153	0.5454545454545454	False
2288	2644	0.45454545454545453	False
2288	2631	0.36363636363636365	True
2288	41	0.2727272727272727	False
2288	3063	0.18181818181818182	True
2288	2063	0.09090909090909091	True
4104	2513	0.9090909090909091	True
4104	3276	0.8181818181818182	True
4104	1561	0.7272727272727273	False
4104	3050	0.6363636363636364	False
4104	2644	0.5454545454545454	False
4104	1153	0.45454545454545453	False
4104	2631	0.36363636363636365	True
4104	3063	0.2727272727272727	True
4104	41	0.18181818181818182	False
4104	2063	0.09090909090909091	True
1188	2513	0.9090909090909091	True
1188	3276	0.8181818181818182	True
1188	1561	0.7272727272727273	False
1188	3050	0.6363636363636364	False
1188	1153	0.5454545454545454	False
1188	2644	0.45454545454545453	False
1188	2631	0.36363636363636365	True
1188	41	0.2727272727272727	False
1188	3063	0.18181818181818182	True
1188	2063	0.09090909090909091	True
2398	2513	0.9090909090909091	True
2398	3276	0.8181818181818182	True
2398	1561	0.7272727272727273	False
2398	3050	0.6363636363636364	False
2398	1153	0.5454545454545454	False
2398	2631	0.45454545454545453	True
2398	2644	0.36363636363636365	False
2398	3063	0.2727272727272727	True
2398	41	0.18181818181818182	False
2398	2063	0.09090909090909091	True
718	2513	0.9090909090909091	True
718	3276	0.8181818181818182	True
718	1561	0.7272727272727273	False
718	3050	0.6363636363636364	False
718	2631	0.5454545454545454	True
718	1153	0.45454545454545453	False
718	2644	0.36363636363636365	False
718	41	0.2727272727272727	False
718	3063	0.18181818181818182	True
718	2063	0.09090909090909091	True
4554	2513	0.9090909090909091	True
4554	3276	0.8181818181818182	True
4554	1561	0.7272727272727273	False
4554	3050	0.6363636363636364	False
4554	2644	0.5454545454545454	False
4554	1153	0.45454545454545453	False
4554	2631	0.36363636363636365	True
4554	41	0.2727272727272727	False
4554	3063	0.18181818181818182	True
4554	2063	0.09090909090909091	True
1788	2513	0.9090909090909091	True
1788	3276	0.8181818181818182	True
1788	1561	0.7272727272727273	False
1788	3050	0.6363636363636364	False
1788	1153	0.5454545454545454	False
1788	2631	0.45454545454545453	True
1788	2644	0.36363636363636365	False
1788	41	0.2727272727272727	False
1788	3063	0.18181818181818182	True
1788	2063	0.09090909090909091	True
5456	2513	0.9090909090909091	True
5456	3276	0.8181818181818182	True
5456	1561	0.7272727272727273	False
5456	3050	0.6363636363636364	False
5456	1153	0.5454545454545454	False
5456	41	0.45454545454545453	False
5456	2631	0.36363636363636365	True
5456	2644	0.2727272727272727	False
5456	3063	0.18181818181818182	True
5456	2063	0.09090909090909091	True
5701	2513	0.9090909090909091	True
5701	3276	0.8181818181818182	True
5701	1561	0.7272727272727273	False
5701	3050	0.6363636363636364	False
5701	1153	0.5454545454545454	False
5701	2631	0.45454545454545453	True
5701	2644	0.36363636363636365	False
5701	3063	0.2727272727272727	True
5701	41	0.18181818181818182	False
5701	2063	0.09090909090909091	True
5137	2513	0.9090909090909091	True
5137	3276	0.8181818181818182	True
5137	1561	0.7272727272727273	False
5137	3050	0.6363636363636364	False
5137	1153	0.5454545454545454	False
5137	2631	0.45454545454545453	True
5137	2644	0.36363636363636365	False
5137	41	0.2727272727272727	False
5137	3063	0.18181818181818182	True
5137	2063	0.09090909090909091	True
2241	2513	0.9090909090909091	True
2241	3276	0.8181818181818182	True
2241	1561	0.7272727272727273	False
2241	3050	0.6363636363636364	False
2241	1153	0.5454545454545454	False
2241	2644	0.45454545454545453	False
2241	3063	0.36363636363636365	True
2241	2631	0.2727272727272727	True
2241	41	0.18181818181818182	False
2241	2063	0.09090909090909091	True
3087	2513	0.9090909090909091	True
3087	3276	0.8181818181818182	True
3087	1561	0.7272727272727273	False
3087	3050	0.6363636363636364	False
3087	1153	0.5454545454545454	False
3087	2644	0.45454545454545453	False
3087	2631	0.36363636363636365	True
3087	3063	0.2727272727272727	True
3087	41	0.18181818181818182	False
3087	2063	0.09090909090909091	True
1871	2513	0.9090909090909091	True
1871	3276	0.8181818181818182	True
1871	1561	0.7272727272727273	False
1871	3050	0.6363636363636364	False
1871	1153	0.5454545454545454	False
1871	2644	0.45454545454545453	False
1871	2631	0.36363636363636365	True
1871	41	0.2727272727272727	False
1871	3063	0.18181818181818182	True
1871	2063	0.09090909090909091	True
5159	2513	0.9090909090909091	True
5159	3276	0.8181818181818182	True
5159	3050	0.7272727272727273	False
5159	1561	0.6363636363636364	False
5159	2644	0.5454545454545454	False
5159	1153	0.45454545454545453	False
5159	2631	0.36363636363636365	True
5159	41	0.2727272727272727	False
5159	3063	0.18181818181818182	True
5159	2063	0.09090909090909091	True
5905	2513	0.9090909090909091	True
5905	3276	0.8181818181818182	True
5905	1561	0.7272727272727273	False
5905	3050	0.6363636363636364	False
5905	1153	0.5454545454545454	False
5905	2631	0.45454545454545453	True
5905	2644	0.36363636363636365	False
5905	3063	0.2727272727272727	True
5905	41	0.18181818181818182	False
5905	2063	0.09090909090909091	True
541	3276	0.9090909090909091	True
541	2513	0.8181818181818182	True
541	1561	0.7272727272727273	False
541	3050	0.6363636363636364	False
541	2631	0.5454545454545454	True
541	1153	0.45454545454545453	False
541	2644	0.36363636363636365	False
541	41	0.2727272727272727	False
541	3063	0.18181818181818182	True
541	2063	0.09090909090909091	True
721	2513	0.9090909090909091	True
721	3276	0.8181818181818182	True
721	1561	0.7272727272727273	False
721	3050	0.6363636363636364	False
721	1153	0.5454545454545454	False
721	2644	0.45454545454545453	False
721	2631	0.36363636363636365	True
721	3063	0.2727272727272727	True
721	41	0.18181818181818182	False
721	2063	0.09090909090909091	True
5813	2513	0.9090909090909091	True
5813	3276	0.8181818181818182	True
5813	1561	0.7272727272727273	False
5813	3050	0.6363636363636364	False
5813	1153	0.5454545454545454	False
5813	2644	0.45454545454545453	False
5813	2631	0.36363636363636365	True
5813	41	0.2727272727272727	False
5813	3063	0.18181818181818182	True
5813	2063	0.09090909090909091	True
576	2513	0.9090909090909091	True
576	3276	0.8181818181818182	True
576	1561	0.7272727272727273	False
576	3050	0.6363636363636364	False
576	1153	0.5454545454545454	False
576	2644	0.45454545454545453	False
576	2631	0.36363636363636365	True
576	41	0.2727272727272727	False
576	3063	0.18181818181818182	True
576	2063	0.09090909090909091	True
1082	2513	0.9090909090909091	True
1082	3276	0.8181818181818182	True
1082	1561	0.7272727272727273	False
1082	3050	0.6363636363636364	False
1082	1153	0.5454545454545454	False
1082	2644	0.45454545454545453	False
1082	2631	0.36363636363636365	True
1082	41	0.2727272727272727	False
1082	3063	0.18181818181818182	True
1082	2063	0.09090909090909091	True
2777	2513	0.9090909090909091	True
2777	3276	0.8181818181818182	True
2777	1561	0.7272727272727273	False
2777	3050	0.6363636363636364	False
2777	1153	0.5454545454545454	False
2777	2644	0.45454545454545453	False
2777	2631	0.36363636363636365	True
2777	41	0.2727272727272727	False
2777	3063	0.18181818181818182	True
2777	2063	0.09090909090909091	True
5251	2513	0.9090909090909091	True
5251	3276	0.8181818181818182	True
5251	1561	0.7272727272727273	False
5251	3050	0.6363636363636364	False
5251	1153	0.5454545454545454	False
5251	2644	0.45454545454545453	False
5251	41	0.36363636363636365	False
5251	2631	0.2727272727272727	True
5251	3063	0.18181818181818182	True
5251	2063	0.09090909090909091	True
5260	2513	0.9090909090909091	True
5260	3276	0.8181818181818182	True
5260	1561	0.7272727272727273	False
5260	3050	0.6363636363636364	False
5260	1153	0.5454545454545454	False
5260	2644	0.45454545454545453	False
5260	2631	0.36363636363636365	True
5260	41	0.2727272727272727	False
5260	3063	0.18181818181818182	True
5260	2063	0.09090909090909091	True
1895	2513	0.9090909090909091	True
1895	3276	0.8181818181818182	True
1895	1561	0.7272727272727273	False
1895	3050	0.6363636363636364	False
1895	1153	0.5454545454545454	False
1895	2631	0.45454545454545453	True
1895	2644	0.36363636363636365	False
1895	41	0.2727272727272727	False
1895	3063	0.18181818181818182	True
1895	2063	0.09090909090909091	True
2803	2513	0.9090909090909091	True
2803	3276	0.8181818181818182	True
2803	1561	0.7272727272727273	False
2803	3050	0.6363636363636364	False
2803	2644	0.5454545454545454	False
2803	1153	0.45454545454545453	False
2803	2631	0.36363636363636365	True
2803	41	0.2727272727272727	False
2803	3063	0.18181818181818182	True
2803	2063	0.09090909090909091	True
5067	2513	0.9090909090909091	True
5067	3276	0.8181818181818182	True
5067	1561	0.7272727272727273	False
5067	3050	0.6363636363636364	False
5067	2631	0.5454545454545454	True
5067	1153	0.45454545454545453	False
5067	2644	0.36363636363636365	False
5067	41	0.2727272727272727	False
5067	3063	0.18181818181818182	True
5067	2063	0.09090909090909091	True
4031	2513	0.9090909090909091	True
4031	3276	0.8181818181818182	True
4031	1561	0.7272727272727273	False
4031	3050	0.6363636363636364	False
4031	1153	0.5454545454545454	False
4031	2631	0.45454545454545453	True
4031	2644	0.36363636363636365	False
4031	41	0.2727272727272727	False
4031	3063	0.18181818181818182	True
4031	2063	0.09090909090909091	True
395	2513	0.9090909090909091	True
395	3276	0.8181818181818182	True
395	1561	0.7272727272727273	False
395	3050	0.6363636363636364	False
395	2644	0.5454545454545454	False
395	1153	0.45454545454545453	False
395	2631	0.36363636363636365	True
395	41	0.2727272727272727	False
395	3063	0.18181818181818182	True
395	2063	0.09090909090909091	True
4415	2513	0.9090909090909091	True
4415	3276	0.8181818181818182	True
4415	1561	0.7272727272727273	False
4415	3050	0.6363636363636364	False
4415	1153	0.5454545454545454	False
4415	2644	0.45454545454545453	False
4415	2631	0.36363636363636365	True
4415	41	0.2727272727272727	False
4415	3063	0.18181818181818182	True
4415	2063	0.09090909090909091	True
