1692	2406	0.9090909090909091	False
1692	1392	0.8181818181818182	True
1692	2935	0.7272727272727273	False
1692	87	0.6363636363636364	False
1692	1592	0.5454545454545454	True
1692	2498	0.45454545454545453	True
1692	2247	0.36363636363636365	True
1692	3260	0.2727272727272727	True
1692	2876	0.18181818181818182	True
1692	3058	0.09090909090909091	True
1604	2898	0.9090909090909091	False
1604	2935	0.8181818181818182	False
1604	2406	0.7272727272727273	False
1604	1499	0.6363636363636364	True
1604	2247	0.5454545454545454	True
1604	87	0.45454545454545453	False
1604	2147	0.36363636363636365	True
1604	897	0.2727272727272727	True
1604	3550	0.18181818181818182	False
1604	1592	0.09090909090909091	True
2462	87	0.9090909090909091	False
2462	2247	0.8181818181818182	True
2462	1034	0.7272727272727273	True
2462	1499	0.6363636363636364	True
2462	2961	0.5454545454545454	True
2462	3550	0.45454545454545453	False
2462	2935	0.36363636363636365	False
2462	2147	0.2727272727272727	True
2462	2898	0.18181818181818182	False
2462	3011	0.09090909090909091	True
4854	3550	0.9090909090909091	False
4854	2247	0.8181818181818182	True
4854	2491	0.7272727272727273	True
4854	2687	0.6363636363636364	True
4854	2406	0.5454545454545454	False
4854	1592	0.45454545454545453	True
4854	1392	0.36363636363636365	True
4854	3260	0.2727272727272727	True
4854	87	0.18181818181818182	False
4854	2898	0.09090909090909091	False
1837	2406	0.9090909090909091	False
1837	3550	0.8181818181818182	False
1837	3011	0.7272727272727273	True
1837	2247	0.6363636363636364	True
1837	1392	0.5454545454545454	True
1837	2498	0.45454545454545453	True
1837	2898	0.36363636363636365	False
1837	2935	0.2727272727272727	False
1837	1499	0.18181818181818182	True
1837	87	0.09090909090909091	False
248	2898	0.9090909090909091	False
248	2406	0.8181818181818182	False
248	3550	0.7272727272727273	False
248	2935	0.6363636363636364	False
248	1592	0.5454545454545454	True
248	2876	0.45454545454545453	True
248	2247	0.36363636363636365	True
248	451	0.2727272727272727	True
248	1573	0.18181818181818182	True
248	1392	0.09090909090909091	True
1950	3550	0.9090909090909091	False
1950	2247	0.8181818181818182	True
1950	2406	0.7272727272727273	False
1950	1592	0.6363636363636364	True
1950	3011	0.5454545454545454	True
1950	2687	0.45454545454545453	True
1950	2961	0.36363636363636365	True
1950	2935	0.2727272727272727	False
1950	1926	0.18181818181818182	True
1950	1499	0.09090909090909091	True
4695	2876	0.9090909090909091	True
4695	2406	0.8181818181818182	False
4695	3769	0.7272727272727273	True
4695	1592	0.6363636363636364	True
4695	599	0.5454545454545454	True
4695	1573	0.45454545454545453	True
4695	2961	0.36363636363636365	True
4695	3011	0.2727272727272727	True
4695	2904	0.18181818181818182	True
4695	1499	0.09090909090909091	True
5490	3260	0.9090909090909091	True
5490	87	0.8181818181818182	False
5490	2491	0.7272727272727273	True
5490	1392	0.6363636363636364	True
5490	2687	0.5454545454545454	True
5490	2935	0.45454545454545453	False
5490	186	0.36363636363636365	True
5490	2406	0.2727272727272727	False
5490	2876	0.18181818181818182	True
5490	3058	0.09090909090909091	True
2995	2406	0.9090909090909091	False
2995	2247	0.8181818181818182	True
2995	3011	0.7272727272727273	True
2995	3550	0.6363636363636364	False
2995	2876	0.5454545454545454	True
2995	2935	0.45454545454545453	False
2995	1034	0.36363636363636365	True
2995	1592	0.2727272727272727	True
2995	2898	0.18181818181818182	False
2995	2573	0.09090909090909091	True
3861	2406	0.9090909090909091	False
3861	87	0.8181818181818182	False
3861	2498	0.7272727272727273	True
3861	2687	0.6363636363636364	True
3861	3550	0.5454545454545454	False
3861	2247	0.45454545454545453	True
3861	2935	0.36363636363636365	False
3861	1592	0.2727272727272727	True
3861	3769	0.18181818181818182	True
3861	2898	0.09090909090909091	False
3032	1592	0.9090909090909091	True
3032	2406	0.8181818181818182	False
3032	3550	0.7272727272727273	False
3032	2876	0.6363636363636364	True
3032	2247	0.5454545454545454	True
3032	87	0.45454545454545453	False
3032	3306	0.36363636363636365	True
3032	2898	0.2727272727272727	False
3032	897	0.18181818181818182	True
3032	3769	0.09090909090909091	True
5292	87	0.9090909090909091	False
5292	2498	0.8181818181818182	True
5292	3769	0.7272727272727273	True
5292	3550	0.6363636363636364	False
5292	2406	0.5454545454545454	False
5292	2935	0.45454545454545453	False
5292	1592	0.36363636363636365	True
5292	1499	0.2727272727272727	True
5292	2147	0.18181818181818182	True
5292	2687	0.09090909090909091	True
1551	2406	0.9090909090909091	False
1551	2247	0.8181818181818182	True
1551	2379	0.7272727272727273	True
1551	2491	0.6363636363636364	True
1551	2898	0.5454545454545454	False
1551	1592	0.45454545454545453	True
1551	3769	0.36363636363636365	True
1551	2935	0.2727272727272727	False
1551	897	0.18181818181818182	True
1551	2687	0.09090909090909091	True
4186	3550	0.9090909090909091	False
4186	2406	0.8181818181818182	False
4186	3769	0.7272727272727273	True
4186	2687	0.6363636363636364	True
4186	2898	0.5454545454545454	False
4186	2247	0.45454545454545453	True
4186	87	0.36363636363636365	False
4186	2491	0.2727272727272727	True
4186	3011	0.18181818181818182	True
4186	2961	0.09090909090909091	True
5949	2961	0.9090909090909091	True
5949	87	0.8181818181818182	False
5949	3011	0.7272727272727273	True
5949	2491	0.6363636363636364	True
5949	2406	0.5454545454545454	False
5949	2247	0.45454545454545453	True
5949	2687	0.36363636363636365	True
5949	2876	0.2727272727272727	True
5949	3550	0.18181818181818182	False
5949	2498	0.09090909090909091	True
1947	2406	0.9090909090909091	False
1947	2935	0.8181818181818182	False
1947	87	0.7272727272727273	False
1947	3550	0.6363636363636364	False
1947	2961	0.5454545454545454	True
1947	1499	0.45454545454545453	True
1947	3769	0.36363636363636365	True
1947	2898	0.2727272727272727	False
1947	2498	0.18181818181818182	True
1947	1592	0.09090909090909091	True
2814	2406	0.9090909090909091	False
2814	2876	0.8181818181818182	True
2814	2247	0.7272727272727273	True
2814	1392	0.6363636363636364	True
2814	2379	0.5454545454545454	True
2814	2898	0.45454545454545453	False
2814	289	0.36363636363636365	True
2814	3011	0.2727272727272727	True
2814	1592	0.18181818181818182	True
2814	3550	0.09090909090909091	False
5028	2406	0.9090909090909091	False
5028	2898	0.8181818181818182	False
5028	3550	0.7272727272727273	False
5028	1499	0.6363636363636364	True
5028	3769	0.5454545454545454	True
5028	2147	0.45454545454545453	True
5028	2687	0.36363636363636365	True
5028	2247	0.2727272727272727	True
5028	2935	0.18181818181818182	False
5028	3011	0.09090909090909091	True
5479	2406	0.9090909090909091	False
5479	2961	0.8181818181818182	True
5479	3550	0.7272727272727273	False
5479	3769	0.6363636363636364	True
5479	1592	0.5454545454545454	True
5479	2247	0.45454545454545453	True
5479	2898	0.36363636363636365	False
5479	3011	0.2727272727272727	True
5479	2935	0.18181818181818182	False
5479	1499	0.09090909090909091	True
5514	3550	0.9090909090909091	False
5514	2898	0.8181818181818182	False
5514	2406	0.7272727272727273	False
5514	2247	0.6363636363636364	True
5514	2935	0.5454545454545454	False
5514	87	0.45454545454545453	False
5514	2379	0.36363636363636365	True
5514	2498	0.2727272727272727	True
5514	3769	0.18181818181818182	True
5514	3011	0.09090909090909091	True
1082	2406	0.9090909090909091	False
1082	3550	0.8181818181818182	False
1082	2898	0.7272727272727273	False
1082	2498	0.6363636363636364	True
1082	87	0.5454545454545454	False
1082	2247	0.45454545454545453	True
1082	2935	0.36363636363636365	False
1082	2491	0.2727272727272727	True
1082	1926	0.18181818181818182	True
1082	1592	0.09090909090909091	True
4660	87	0.9090909090909091	False
4660	2491	0.8181818181818182	True
4660	2498	0.7272727272727273	True
4660	2406	0.6363636363636364	False
4660	1592	0.5454545454545454	True
4660	2247	0.45454545454545453	True
4660	2876	0.36363636363636365	True
4660	289	0.2727272727272727	True
4660	1392	0.18181818181818182	True
4660	2687	0.09090909090909091	True
3950	2406	0.9090909090909091	False
3950	3011	0.8181818181818182	True
3950	3550	0.7272727272727273	False
3950	2898	0.6363636363636364	False
3950	2961	0.5454545454545454	True
3950	2876	0.45454545454545453	True
3950	2498	0.36363636363636365	True
3950	2935	0.2727272727272727	False
3950	2962	0.18181818181818182	True
3950	3769	0.09090909090909091	True
2205	2498	0.9090909090909091	True
2205	2406	0.8181818181818182	False
2205	1392	0.7272727272727273	True
2205	87	0.6363636363636364	False
2205	2935	0.5454545454545454	False
2205	2898	0.45454545454545453	False
2205	1592	0.36363636363636365	True
2205	2491	0.2727272727272727	True
2205	2876	0.18181818181818182	True
2205	3550	0.09090909090909091	False
1886	2406	0.9090909090909091	False
1886	2247	0.8181818181818182	True
1886	3011	0.7272727272727273	True
1886	1592	0.6363636363636364	True
1886	2935	0.5454545454545454	False
1886	3550	0.45454545454545453	False
1886	1392	0.36363636363636365	True
1886	2876	0.2727272727272727	True
1886	3260	0.18181818181818182	True
1886	1573	0.09090909090909091	True
1669	2247	0.9090909090909091	True
1669	2406	0.8181818181818182	False
1669	3011	0.7272727272727273	True
1669	1392	0.6363636363636364	True
1669	2498	0.5454545454545454	True
1669	87	0.45454545454545453	False
1669	3306	0.36363636363636365	True
1669	1592	0.2727272727272727	True
1669	3550	0.18181818181818182	False
1669	2379	0.09090909090909091	True
2198	2406	0.9090909090909091	False
2198	3769	0.8181818181818182	True
2198	87	0.7272727272727273	False
2198	3550	0.6363636363636364	False
2198	2962	0.5454545454545454	True
2198	1592	0.45454545454545453	True
2198	2491	0.36363636363636365	True
2198	2379	0.2727272727272727	True
2198	897	0.18181818181818182	True
2198	2247	0.09090909090909091	True
3916	3011	0.9090909090909091	True
3916	2935	0.8181818181818182	False
3916	2406	0.7272727272727273	False
3916	3550	0.6363636363636364	False
3916	3260	0.5454545454545454	True
3916	1592	0.45454545454545453	True
3916	87	0.36363636363636365	False
3916	2247	0.2727272727272727	True
3916	1499	0.18181818181818182	True
3916	2498	0.09090909090909091	True
1594	2406	0.9090909090909091	False
1594	2247	0.8181818181818182	True
1594	3550	0.7272727272727273	False
1594	1592	0.6363636363636364	True
1594	3011	0.5454545454545454	True
1594	2687	0.45454545454545453	True
1594	3769	0.36363636363636365	True
1594	2961	0.2727272727272727	True
1594	2935	0.18181818181818182	False
1594	2898	0.09090909090909091	False
471	2406	0.9090909090909091	False
471	3260	0.8181818181818182	True
471	2247	0.7272727272727273	True
471	3011	0.6363636363636364	True
471	87	0.5454545454545454	False
471	3550	0.45454545454545453	False
471	2491	0.36363636363636365	True
471	289	0.2727272727272727	True
471	2498	0.18181818181818182	True
471	1392	0.09090909090909091	True
3947	2406	0.9090909090909091	False
3947	2898	0.8181818181818182	False
3947	2247	0.7272727272727273	True
3947	3260	0.6363636363636364	True
3947	2935	0.5454545454545454	False
3947	3550	0.45454545454545453	False
3947	1592	0.36363636363636365	True
3947	2876	0.2727272727272727	True
3947	2379	0.18181818181818182	True
3947	1392	0.09090909090909091	True
2402	2406	0.9090909090909091	False
2402	87	0.8181818181818182	False
2402	1592	0.7272727272727273	True
2402	2247	0.6363636363636364	True
2402	3550	0.5454545454545454	False
2402	2876	0.45454545454545453	True
2402	2935	0.36363636363636365	False
2402	897	0.2727272727272727	True
2402	2379	0.18181818181818182	True
2402	2898	0.09090909090909091	False
460	2247	0.9090909090909091	True
460	2406	0.8181818181818182	False
460	1592	0.7272727272727273	True
460	2379	0.6363636363636364	True
460	3550	0.5454545454545454	False
460	2935	0.45454545454545453	False
460	1499	0.36363636363636365	True
460	87	0.2727272727272727	False
460	3769	0.18181818181818182	True
460	2898	0.09090909090909091	False
621	2491	0.9090909090909091	True
621	2876	0.8181818181818182	True
621	2406	0.7272727272727273	False
621	2898	0.6363636363636364	False
621	87	0.5454545454545454	False
621	2379	0.45454545454545453	True
621	3058	0.36363636363636365	True
621	3550	0.2727272727272727	False
621	2935	0.18181818181818182	False
621	2498	0.09090909090909091	True
4619	87	0.9090909090909091	False
4619	2406	0.8181818181818182	False
4619	3550	0.7272727272727273	False
4619	2935	0.6363636363636364	False
4619	2498	0.5454545454545454	True
4619	2961	0.45454545454545453	True
4619	1499	0.36363636363636365	True
4619	3769	0.2727272727272727	True
4619	2876	0.18181818181818182	True
4619	2898	0.09090909090909091	False
3291	2406	0.9090909090909091	False
3291	3769	0.8181818181818182	True
3291	2687	0.7272727272727273	True
3291	3550	0.6363636363636364	False
3291	3306	0.5454545454545454	True
3291	2935	0.45454545454545453	False
3291	2247	0.36363636363636365	True
3291	2898	0.2727272727272727	False
3291	546	0.18181818181818182	True
3291	1499	0.09090909090909091	True
4944	2406	0.9090909090909091	False
4944	2898	0.8181818181818182	False
4944	2935	0.7272727272727273	False
4944	2498	0.6363636363636364	True
4944	3550	0.5454545454545454	False
4944	3260	0.45454545454545453	True
4944	87	0.36363636363636365	False
4944	451	0.2727272727272727	True
4944	1499	0.18181818181818182	True
4944	2247	0.09090909090909091	True
4689	2379	0.9090909090909091	True
4689	2247	0.8181818181818182	True
4689	2876	0.7272727272727273	True
4689	2491	0.6363636363636364	True
4689	2898	0.5454545454545454	False
4689	87	0.45454545454545453	False
4689	2406	0.36363636363636365	False
4689	2147	0.2727272727272727	True
4689	2835	0.18181818181818182	True
4689	2498	0.09090909090909091	True
4164	87	0.9090909090909091	False
4164	3769	0.8181818181818182	True
4164	2876	0.7272727272727273	True
4164	2935	0.6363636363636364	False
4164	3550	0.5454545454545454	False
4164	3260	0.45454545454545453	True
4164	3011	0.36363636363636365	True
4164	2491	0.2727272727272727	True
4164	1499	0.18181818181818182	True
4164	583	0.09090909090909091	True
3501	1592	0.9090909090909091	True
3501	2406	0.8181818181818182	False
3501	2935	0.7272727272727273	False
3501	1499	0.6363636363636364	True
3501	87	0.5454545454545454	False
3501	1392	0.45454545454545453	True
3501	289	0.36363636363636365	True
3501	3769	0.2727272727272727	True
3501	2898	0.18181818181818182	False
3501	3550	0.09090909090909091	False
5471	2491	0.9090909090909091	True
5471	87	0.8181818181818182	False
5471	2898	0.7272727272727273	False
5471	3550	0.6363636363636364	False
5471	2876	0.5454545454545454	True
5471	3769	0.45454545454545453	True
5471	897	0.36363636363636365	True
5471	2687	0.2727272727272727	True
5471	2406	0.18181818181818182	False
5471	2498	0.09090909090909091	True
4172	87	0.9090909090909091	False
4172	2876	0.8181818181818182	True
4172	2935	0.7272727272727273	False
4172	1592	0.6363636363636364	True
4172	2898	0.5454545454545454	False
4172	3550	0.45454545454545453	False
4172	2498	0.36363636363636365	True
4172	2406	0.2727272727272727	False
4172	897	0.18181818181818182	True
4172	451	0.09090909090909091	True
2317	2498	0.9090909090909091	True
2317	87	0.8181818181818182	False
2317	2935	0.7272727272727273	False
2317	3550	0.6363636363636364	False
2317	2406	0.5454545454545454	False
2317	2898	0.45454545454545453	False
2317	2491	0.36363636363636365	True
2317	3011	0.2727272727272727	True
2317	1499	0.18181818181818182	True
2317	583	0.09090909090909091	True
3559	2247	0.9090909090909091	True
3559	2406	0.8181818181818182	False
3559	3011	0.7272727272727273	True
3559	3550	0.6363636363636364	False
3559	1392	0.5454545454545454	True
3559	1592	0.45454545454545453	True
3559	3260	0.36363636363636365	True
3559	2935	0.2727272727272727	False
3559	2898	0.18181818181818182	False
3559	2687	0.09090909090909091	True
2920	2491	0.9090909090909091	True
2920	2147	0.8181818181818182	True
2920	87	0.7272727272727273	False
2920	3550	0.6363636363636364	False
2920	2498	0.5454545454545454	True
2920	2379	0.45454545454545453	True
2920	2247	0.36363636363636365	True
2920	2406	0.2727272727272727	False
2920	2898	0.18181818181818182	False
2920	2961	0.09090909090909091	True
2311	87	0.9090909090909091	False
2311	2406	0.8181818181818182	False
2311	2935	0.7272727272727273	False
2311	3260	0.6363636363636364	True
2311	2498	0.5454545454545454	True
2311	2247	0.45454545454545453	True
2311	3550	0.36363636363636365	False
2311	1392	0.2727272727272727	True
2311	2147	0.18181818181818182	True
2311	3011	0.09090909090909091	True
5405	2247	0.9090909090909091	True
5405	2406	0.8181818181818182	False
5405	3011	0.7272727272727273	True
5405	2379	0.6363636363636364	True
5405	87	0.5454545454545454	False
5405	2491	0.45454545454545453	True
5405	3550	0.36363636363636365	False
5405	2898	0.2727272727272727	False
5405	2876	0.18181818181818182	True
5405	3260	0.09090909090909091	True
1546	87	0.9090909090909091	False
1546	2406	0.8181818181818182	False
1546	3550	0.7272727272727273	False
1546	3011	0.6363636363636364	True
1546	2491	0.5454545454545454	True
1546	2935	0.45454545454545453	False
1546	1592	0.36363636363636365	True
1546	2498	0.2727272727272727	True
1546	3769	0.18181818181818182	True
1546	2247	0.09090909090909091	True
3245	2898	0.9090909090909091	False
3245	3550	0.8181818181818182	False
3245	2935	0.7272727272727273	False
3245	87	0.6363636363636364	False
3245	2491	0.5454545454545454	True
3245	583	0.45454545454545453	True
3245	2835	0.36363636363636365	True
3245	1592	0.2727272727272727	True
3245	2498	0.18181818181818182	True
3245	3260	0.09090909090909091	True
400	3550	0.9090909090909091	False
400	2406	0.8181818181818182	False
400	2898	0.7272727272727273	False
400	2247	0.6363636363636364	True
400	87	0.5454545454545454	False
400	2935	0.45454545454545453	False
400	2687	0.36363636363636365	True
400	2491	0.2727272727272727	True
400	2147	0.18181818181818182	True
400	3011	0.09090909090909091	True
3141	2406	0.9090909090909091	False
3141	87	0.8181818181818182	False
3141	3550	0.7272727272727273	False
3141	2379	0.6363636363636364	True
3141	2247	0.5454545454545454	True
3141	1592	0.45454545454545453	True
3141	2498	0.36363636363636365	True
3141	2898	0.2727272727272727	False
3141	2876	0.18181818181818182	True
3141	2935	0.09090909090909091	False
3995	3550	0.9090909090909091	False
3995	2247	0.8181818181818182	True
3995	2898	0.7272727272727273	False
3995	2406	0.6363636363636364	False
3995	2379	0.5454545454545454	True
3995	1392	0.45454545454545453	True
3995	2687	0.36363636363636365	True
3995	1592	0.2727272727272727	True
3995	2147	0.18181818181818182	True
3995	3260	0.09090909090909091	True
3555	2498	0.9090909090909091	True
3555	2406	0.8181818181818182	False
3555	2935	0.7272727272727273	False
3555	87	0.6363636363636364	False
3555	3011	0.5454545454545454	True
3555	1392	0.45454545454545453	True
3555	3550	0.36363636363636365	False
3555	3306	0.2727272727272727	True
3555	3769	0.18181818181818182	True
3555	1926	0.09090909090909091	True
2796	1592	0.9090909090909091	True
2796	3550	0.8181818181818182	False
2796	2406	0.7272727272727273	False
2796	3769	0.6363636363636364	True
2796	2935	0.5454545454545454	False
2796	3260	0.45454545454545453	True
2796	2687	0.36363636363636365	True
2796	2247	0.2727272727272727	True
2796	87	0.18181818181818182	False
2796	1926	0.09090909090909091	True
1263	2406	0.9090909090909091	False
1263	2935	0.8181818181818182	False
1263	3550	0.7272727272727273	False
1263	2247	0.6363636363636364	True
1263	2898	0.5454545454545454	False
1263	3011	0.45454545454545453	True
1263	1592	0.36363636363636365	True
1263	3260	0.2727272727272727	True
1263	87	0.18181818181818182	False
1263	599	0.09090909090909091	True
2943	3260	0.9090909090909091	True
2943	3011	0.8181818181818182	True
2943	87	0.7272727272727273	False
2943	2876	0.6363636363636364	True
2943	2406	0.5454545454545454	False
2943	2935	0.45454545454545453	False
2943	2247	0.36363636363636365	True
2943	3550	0.2727272727272727	False
2943	2898	0.18181818181818182	False
2943	1592	0.09090909090909091	True
2262	3769	0.9090909090909091	True
2262	1499	0.8181818181818182	True
2262	87	0.7272727272727273	False
2262	2687	0.6363636363636364	True
2262	2961	0.5454545454545454	True
2262	3550	0.45454545454545453	False
2262	2876	0.36363636363636365	True
2262	2406	0.2727272727272727	False
2262	2491	0.18181818181818182	True
2262	2935	0.09090909090909091	False
3098	87	0.9090909090909091	False
3098	2498	0.8181818181818182	True
3098	2406	0.7272727272727273	False
3098	2491	0.6363636363636364	True
3098	3550	0.5454545454545454	False
3098	2147	0.45454545454545453	True
3098	2898	0.36363636363636365	False
3098	2876	0.2727272727272727	True
3098	2687	0.18181818181818182	True
3098	3769	0.09090909090909091	True
2494	2406	0.9090909090909091	False
2494	87	0.8181818181818182	False
2494	2935	0.7272727272727273	False
2494	2876	0.6363636363636364	True
2494	1592	0.5454545454545454	True
2494	2898	0.45454545454545453	False
2494	3550	0.36363636363636365	False
2494	3011	0.2727272727272727	True
2494	2247	0.18181818181818182	True
2494	2961	0.09090909090909091	True
2111	2898	0.9090909090909091	False
2111	2876	0.8181818181818182	True
2111	2247	0.7272727272727273	True
2111	3550	0.6363636363636364	False
2111	3260	0.5454545454545454	True
2111	87	0.45454545454545453	False
2111	1499	0.36363636363636365	True
2111	2147	0.2727272727272727	True
2111	1592	0.18181818181818182	True
2111	2935	0.09090909090909091	False
4383	87	0.9090909090909091	False
4383	3550	0.8181818181818182	False
4383	1592	0.7272727272727273	True
4383	2935	0.6363636363636364	False
4383	2898	0.5454545454545454	False
4383	289	0.45454545454545453	True
4383	2247	0.36363636363636365	True
4383	1499	0.2727272727272727	True
4383	3260	0.18181818181818182	True
4383	1926	0.09090909090909091	True
2946	2406	0.9090909090909091	False
2946	2898	0.8181818181818182	False
2946	2935	0.7272727272727273	False
2946	1499	0.6363636363636364	True
2946	3550	0.5454545454545454	False
2946	2247	0.45454545454545453	True
2946	3769	0.36363636363636365	True
2946	3011	0.2727272727272727	True
2946	1592	0.18181818181818182	True
2946	1392	0.09090909090909091	True
4808	2898	0.9090909090909091	False
4808	2406	0.8181818181818182	False
4808	1499	0.7272727272727273	True
4808	2498	0.6363636363636364	True
4808	2147	0.5454545454545454	True
4808	3412	0.45454545454545453	True
4808	2935	0.36363636363636365	False
4808	3550	0.2727272727272727	False
4808	2687	0.18181818181818182	True
4808	2247	0.09090909090909091	True
2395	2406	0.9090909090909091	False
2395	2935	0.8181818181818182	False
2395	3550	0.7272727272727273	False
2395	2898	0.6363636363636364	False
2395	2876	0.5454545454545454	True
2395	3769	0.45454545454545453	True
2395	2962	0.36363636363636365	True
2395	87	0.2727272727272727	False
2395	2062	0.18181818181818182	True
2395	3011	0.09090909090909091	True
1217	3769	0.9090909090909091	True
1217	1499	0.8181818181818182	True
1217	2498	0.7272727272727273	True
1217	2406	0.6363636363636364	False
1217	2961	0.5454545454545454	True
1217	2687	0.45454545454545453	True
1217	897	0.36363636363636365	True
1217	1592	0.2727272727272727	True
1217	87	0.18181818181818182	False
1217	3306	0.09090909090909091	True
316	2406	0.9090909090909091	False
316	2247	0.8181818181818182	True
316	3011	0.7272727272727273	True
316	3550	0.6363636363636364	False
316	2935	0.5454545454545454	False
316	1592	0.45454545454545453	True
316	2961	0.36363636363636365	True
316	2898	0.2727272727272727	False
316	1926	0.18181818181818182	True
316	2498	0.09090909090909091	True
2813	87	0.9090909090909091	False
2813	2935	0.8181818181818182	False
2813	897	0.7272727272727273	True
2813	2406	0.6363636363636364	False
2813	1592	0.5454545454545454	True
2813	3550	0.45454545454545453	False
2813	2898	0.36363636363636365	False
2813	2876	0.2727272727272727	True
2813	2379	0.18181818181818182	True
2813	599	0.09090909090909091	True
3116	2406	0.9090909090909091	False
3116	3550	0.8181818181818182	False
3116	2498	0.7272727272727273	True
3116	2898	0.6363636363636364	False
3116	2247	0.5454545454545454	True
3116	1926	0.45454545454545453	True
3116	2379	0.36363636363636365	True
3116	3730	0.2727272727272727	True
3116	2935	0.18181818181818182	False
3116	2962	0.09090909090909091	True
1719	2406	0.9090909090909091	False
1719	3011	0.8181818181818182	True
1719	3260	0.7272727272727273	True
1719	3769	0.6363636363636364	True
1719	3550	0.5454545454545454	False
1719	2876	0.45454545454545453	True
1719	2247	0.36363636363636365	True
1719	2935	0.2727272727272727	False
1719	87	0.18181818181818182	False
1719	2379	0.09090909090909091	True
5410	2498	0.9090909090909091	True
5410	2406	0.8181818181818182	False
5410	2935	0.7272727272727273	False
5410	87	0.6363636363636364	False
5410	2247	0.5454545454545454	True
5410	3550	0.45454545454545453	False
5410	2898	0.36363636363636365	False
5410	3011	0.2727272727272727	True
5410	1592	0.18181818181818182	True
5410	897	0.09090909090909091	True
1795	2935	0.9090909090909091	False
1795	2898	0.8181818181818182	False
1795	3550	0.7272727272727273	False
1795	3011	0.6363636363636364	True
1795	1592	0.5454545454545454	True
1795	2247	0.45454545454545453	True
1795	87	0.36363636363636365	False
1795	2406	0.2727272727272727	False
1795	1499	0.18181818181818182	True
1795	1926	0.09090909090909091	True
4501	2406	0.9090909090909091	False
4501	2935	0.8181818181818182	False
4501	2898	0.7272727272727273	False
4501	2498	0.6363636363636364	True
4501	3550	0.5454545454545454	False
4501	3011	0.45454545454545453	True
4501	2147	0.36363636363636365	True
4501	2247	0.2727272727272727	True
4501	87	0.18181818181818182	False
4501	2961	0.09090909090909091	True
2484	2406	0.9090909090909091	False
2484	2247	0.8181818181818182	True
2484	3011	0.7272727272727273	True
2484	87	0.6363636363636364	False
2484	1034	0.5454545454545454	True
2484	2876	0.45454545454545453	True
2484	1392	0.36363636363636365	True
2484	2935	0.2727272727272727	False
2484	2498	0.18181818181818182	True
2484	1592	0.09090909090909091	True
5855	3550	0.9090909090909091	False
5855	3260	0.8181818181818182	True
5855	2491	0.7272727272727273	True
5855	3769	0.6363636363636364	True
5855	2406	0.5454545454545454	False
5855	3011	0.45454545454545453	True
5855	2935	0.36363636363636365	False
5855	2876	0.2727272727272727	True
5855	87	0.18181818181818182	False
5855	2898	0.09090909090909091	False
3027	3769	0.9090909090909091	True
3027	3550	0.8181818181818182	False
3027	87	0.7272727272727273	False
3027	2406	0.6363636363636364	False
3027	2876	0.5454545454545454	True
3027	1499	0.45454545454545453	True
3027	3260	0.36363636363636365	True
3027	2687	0.2727272727272727	True
3027	3011	0.18181818181818182	True
3027	2498	0.09090909090909091	True
2445	1592	0.9090909090909091	True
2445	2935	0.8181818181818182	False
2445	1499	0.7272727272727273	True
2445	87	0.6363636363636364	False
2445	2406	0.5454545454545454	False
2445	897	0.45454545454545453	True
2445	3550	0.36363636363636365	False
2445	1392	0.2727272727272727	True
2445	2247	0.18181818181818182	True
2445	3011	0.09090909090909091	True
1996	87	0.9090909090909091	False
1996	2876	0.8181818181818182	True
1996	2498	0.7272727272727273	True
1996	2935	0.6363636363636364	False
1996	1499	0.5454545454545454	True
1996	451	0.45454545454545453	True
1996	3306	0.36363636363636365	True
1996	1392	0.2727272727272727	True
1996	2898	0.18181818181818182	False
1996	2961	0.09090909090909091	True
4815	2406	0.9090909090909091	False
4815	2247	0.8181818181818182	True
4815	3011	0.7272727272727273	True
4815	2876	0.6363636363636364	True
4815	2379	0.5454545454545454	True
4815	2935	0.45454545454545453	False
4815	2147	0.36363636363636365	True
4815	3550	0.2727272727272727	False
4815	2898	0.18181818181818182	False
4815	451	0.09090909090909091	True
4044	2898	0.9090909090909091	False
4044	3550	0.8181818181818182	False
4044	2876	0.7272727272727273	True
4044	87	0.6363636363636364	False
4044	2935	0.5454545454545454	False
4044	2491	0.45454545454545453	True
4044	1499	0.36363636363636365	True
4044	3306	0.2727272727272727	True
4044	2961	0.18181818181818182	True
4044	2687	0.09090909090909091	True
4759	2406	0.9090909090909091	False
4759	87	0.8181818181818182	False
4759	3769	0.7272727272727273	True
4759	2876	0.6363636363636364	True
4759	3011	0.5454545454545454	True
4759	2498	0.45454545454545453	True
4759	3550	0.36363636363636365	False
4759	2687	0.2727272727272727	True
4759	2247	0.18181818181818182	True
4759	2147	0.09090909090909091	True
1628	1592	0.9090909090909091	True
1628	3769	0.8181818181818182	True
1628	3550	0.7272727272727273	False
1628	2935	0.6363636363636364	False
1628	2876	0.5454545454545454	True
1628	2406	0.45454545454545453	False
1628	3011	0.36363636363636365	True
1628	2687	0.2727272727272727	True
1628	87	0.18181818181818182	False
1628	897	0.09090909090909091	True
3244	2406	0.9090909090909091	False
3244	2935	0.8181818181818182	False
3244	2247	0.7272727272727273	True
3244	3011	0.6363636363636364	True
3244	2147	0.5454545454545454	True
3244	2961	0.45454545454545453	True
3244	3550	0.36363636363636365	False
3244	2498	0.2727272727272727	True
3244	2898	0.18181818181818182	False
3244	1592	0.09090909090909091	True
3938	2935	0.9090909090909091	False
3938	1499	0.8181818181818182	True
3938	2406	0.7272727272727273	False
3938	1592	0.6363636363636364	True
3938	2898	0.5454545454545454	False
3938	87	0.45454545454545453	False
3938	3550	0.36363636363636365	False
3938	2247	0.2727272727272727	True
3938	289	0.18181818181818182	True
3938	1926	0.09090909090909091	True
1245	3011	0.9090909090909091	True
1245	2406	0.8181818181818182	False
1245	2247	0.7272727272727273	True
1245	2935	0.6363636363636364	False
1245	1034	0.5454545454545454	True
1245	1592	0.45454545454545453	True
1245	2898	0.36363636363636365	False
1245	1392	0.2727272727272727	True
1245	2876	0.18181818181818182	True
1245	3550	0.09090909090909091	False
1617	2406	0.9090909090909091	False
1617	2935	0.8181818181818182	False
1617	1592	0.7272727272727273	True
1617	2247	0.6363636363636364	True
1617	87	0.5454545454545454	False
1617	3011	0.45454545454545453	True
1617	1392	0.36363636363636365	True
1617	3550	0.2727272727272727	False
1617	1034	0.18181818181818182	True
1617	897	0.09090909090909091	True
3131	2935	0.9090909090909091	False
3131	87	0.8181818181818182	False
3131	3058	0.7272727272727273	True
3131	3550	0.6363636363636364	False
3131	2491	0.5454545454545454	True
3131	3011	0.45454545454545453	True
3131	1592	0.36363636363636365	True
3131	583	0.2727272727272727	True
3131	2961	0.18181818181818182	True
3131	2406	0.09090909090909091	False
3149	2406	0.9090909090909091	False
3149	87	0.8181818181818182	False
3149	1592	0.7272727272727273	True
3149	3550	0.6363636363636364	False
3149	2247	0.5454545454545454	True
3149	289	0.45454545454545453	True
3149	2898	0.36363636363636365	False
3149	2935	0.2727272727272727	False
3149	2498	0.18181818181818182	True
3149	3011	0.09090909090909091	True
4234	2406	0.9090909090909091	False
4234	2898	0.8181818181818182	False
4234	3550	0.7272727272727273	False
4234	2247	0.6363636363636364	True
4234	2935	0.5454545454545454	False
4234	3769	0.45454545454545453	True
4234	1592	0.36363636363636365	True
4234	2961	0.2727272727272727	True
4234	3011	0.18181818181818182	True
4234	2876	0.09090909090909091	True
392	2247	0.9090909090909091	True
392	2406	0.8181818181818182	False
392	2898	0.7272727272727273	False
392	3011	0.6363636363636364	True
392	2961	0.5454545454545454	True
392	3550	0.45454545454545453	False
392	2379	0.36363636363636365	True
392	2491	0.2727272727272727	True
392	87	0.18181818181818182	False
392	1499	0.09090909090909091	True
926	3769	0.9090909090909091	True
926	2406	0.8181818181818182	False
926	2935	0.7272727272727273	False
926	2898	0.6363636363636364	False
926	1499	0.5454545454545454	True
926	2876	0.45454545454545453	True
926	3550	0.36363636363636365	False
926	87	0.2727272727272727	False
926	546	0.18181818181818182	True
926	1592	0.09090909090909091	True
5011	87	0.9090909090909091	False
5011	3550	0.8181818181818182	False
5011	2876	0.7272727272727273	True
5011	2406	0.6363636363636364	False
5011	2498	0.5454545454545454	True
5011	1592	0.45454545454545453	True
5011	2898	0.36363636363636365	False
5011	2935	0.2727272727272727	False
5011	2687	0.18181818181818182	True
5011	289	0.09090909090909091	True
2299	2406	0.9090909090909091	False
2299	2247	0.8181818181818182	True
2299	3011	0.7272727272727273	True
2299	2898	0.6363636363636364	False
2299	87	0.5454545454545454	False
2299	2379	0.45454545454545453	True
2299	2876	0.36363636363636365	True
2299	3550	0.2727272727272727	False
2299	1592	0.18181818181818182	True
2299	2935	0.09090909090909091	False
3314	1592	0.9090909090909091	True
3314	2406	0.8181818181818182	False
3314	2247	0.7272727272727273	True
3314	2935	0.6363636363636364	False
3314	3011	0.5454545454545454	True
3314	897	0.45454545454545453	True
3314	87	0.36363636363636365	False
3314	2687	0.2727272727272727	True
3314	2961	0.18181818181818182	True
3314	3550	0.09090909090909091	False
2621	2406	0.9090909090909091	False
2621	2961	0.8181818181818182	True
2621	87	0.7272727272727273	False
2621	2935	0.6363636363636364	False
2621	3769	0.5454545454545454	True
2621	1592	0.45454545454545453	True
2621	1499	0.36363636363636365	True
2621	2498	0.2727272727272727	True
2621	2147	0.18181818181818182	True
2621	3011	0.09090909090909091	True
3148	2935	0.9090909090909091	False
3148	2898	0.8181818181818182	False
3148	2406	0.7272727272727273	False
3148	3011	0.6363636363636364	True
3148	2498	0.5454545454545454	True
3148	2247	0.45454545454545453	True
3148	1392	0.36363636363636365	True
3148	3550	0.2727272727272727	False
3148	3412	0.18181818181818182	True
3148	1592	0.09090909090909091	True
4728	3011	0.9090909090909091	True
4728	3769	0.8181818181818182	True
4728	3550	0.7272727272727273	False
4728	1499	0.6363636363636364	True
4728	2406	0.5454545454545454	False
4728	2247	0.45454545454545453	True
4728	2687	0.36363636363636365	True
4728	2876	0.2727272727272727	True
4728	2898	0.18181818181818182	False
4728	3260	0.09090909090909091	True
118	2876	0.9090909090909091	True
118	2498	0.8181818181818182	True
118	87	0.7272727272727273	False
118	2898	0.6363636363636364	False
118	2406	0.5454545454545454	False
118	3011	0.45454545454545453	True
118	1392	0.36363636363636365	True
118	3306	0.2727272727272727	True
118	2491	0.18181818181818182	True
118	2247	0.09090909090909091	True
4219	3550	0.9090909090909091	False
4219	2898	0.8181818181818182	False
4219	2406	0.7272727272727273	False
4219	2247	0.6363636363636364	True
4219	2935	0.5454545454545454	False
4219	87	0.45454545454545453	False
4219	3011	0.36363636363636365	True
4219	3260	0.2727272727272727	True
4219	2876	0.18181818181818182	True
4219	1392	0.09090909090909091	True
