4715	2475	0.9090909090909091	False
4715	3247	0.8181818181818182	True
4715	3219	0.7272727272727273	False
4715	2482	0.6363636363636364	False
4715	656	0.5454545454545454	False
4715	736	0.45454545454545453	True
4715	278	0.36363636363636365	False
4715	2346	0.2727272727272727	True
4715	2977	0.18181818181818182	True
4715	780	0.09090909090909091	True
4806	2475	0.9090909090909091	False
4806	278	0.8181818181818182	False
4806	3921	0.7272727272727273	True
4806	881	0.6363636363636364	True
4806	2062	0.5454545454545454	True
4806	3461	0.45454545454545453	True
4806	3219	0.36363636363636365	False
4806	2977	0.2727272727272727	True
4806	3247	0.18181818181818182	True
4806	2482	0.09090909090909091	False
4723	2475	0.9090909090909091	False
4723	656	0.8181818181818182	False
4723	3247	0.7272727272727273	True
4723	162	0.6363636363636364	False
4723	780	0.5454545454545454	True
4723	2482	0.45454545454545453	False
4723	3219	0.36363636363636365	False
4723	3262	0.2727272727272727	True
4723	736	0.18181818181818182	True
4723	3921	0.09090909090909091	True
2784	2475	0.9090909090909091	False
2784	2482	0.8181818181818182	False
2784	656	0.7272727272727273	False
2784	3527	0.6363636363636364	True
2784	3259	0.5454545454545454	True
2784	708	0.45454545454545453	True
2784	780	0.36363636363636365	True
2784	1627	0.2727272727272727	True
2784	869	0.18181818181818182	True
2784	2795	0.09090909090909091	True
1769	2475	0.9090909090909091	False
1769	278	0.8181818181818182	False
1769	3262	0.7272727272727273	True
1769	3247	0.6363636363636364	True
1769	2956	0.5454545454545454	True
1769	2813	0.45454545454545453	True
1769	162	0.36363636363636365	False
1769	656	0.2727272727272727	False
1769	2482	0.18181818181818182	False
1769	3259	0.09090909090909091	True
2520	2475	0.9090909090909091	False
2520	278	0.8181818181818182	False
2520	162	0.7272727272727273	False
2520	3639	0.6363636363636364	True
2520	1393	0.5454545454545454	True
2520	3219	0.45454545454545453	False
2520	3921	0.36363636363636365	True
2520	3461	0.2727272727272727	True
2520	408	0.18181818181818182	True
2520	2956	0.09090909090909091	True
5881	2475	0.9090909090909091	False
5881	278	0.8181818181818182	False
5881	3461	0.7272727272727273	True
5881	1627	0.6363636363636364	True
5881	3527	0.5454545454545454	True
5881	3219	0.45454545454545453	False
5881	2482	0.36363636363636365	False
5881	3262	0.2727272727272727	True
5881	3921	0.18181818181818182	True
5881	1393	0.09090909090909091	True
2412	2475	0.9090909090909091	False
2412	162	0.8181818181818182	False
2412	2527	0.7272727272727273	True
2412	278	0.6363636363636364	False
2412	3259	0.5454545454545454	True
2412	3831	0.45454545454545453	True
2412	2482	0.36363636363636365	False
2412	1627	0.2727272727272727	True
2412	3527	0.18181818181818182	True
2412	3200	0.09090909090909091	True
5349	2475	0.9090909090909091	False
5349	278	0.8181818181818182	False
5349	881	0.7272727272727273	True
5349	2482	0.6363636363636364	False
5349	1627	0.5454545454545454	True
5349	656	0.45454545454545453	False
5349	3200	0.36363636363636365	True
5349	3262	0.2727272727272727	True
5349	408	0.18181818181818182	True
5349	767	0.09090909090909091	True
3316	2475	0.9090909090909091	False
3316	3921	0.8181818181818182	True
3316	2977	0.7272727272727273	True
3316	3219	0.6363636363636364	False
3316	656	0.5454545454545454	False
3316	3555	0.45454545454545453	True
3316	162	0.36363636363636365	False
3316	3262	0.2727272727272727	True
3316	278	0.18181818181818182	False
3316	3639	0.09090909090909091	True
2304	2475	0.9090909090909091	False
2304	3219	0.8181818181818182	False
2304	2956	0.7272727272727273	True
2304	2977	0.6363636363636364	True
2304	278	0.5454545454545454	False
2304	2975	0.45454545454545453	True
2304	162	0.36363636363636365	False
2304	3527	0.2727272727272727	True
2304	736	0.18181818181818182	True
2304	2813	0.09090909090909091	True
3028	2475	0.9090909090909091	False
3028	881	0.8181818181818182	True
3028	2813	0.7272727272727273	True
3028	3167	0.6363636363636364	True
3028	162	0.5454545454545454	False
3028	1627	0.45454545454545453	True
3028	2482	0.36363636363636365	False
3028	3262	0.2727272727272727	True
3028	656	0.18181818181818182	False
3028	2946	0.09090909090909091	True
1905	2475	0.9090909090909091	False
1905	3219	0.8181818181818182	False
1905	3262	0.7272727272727273	True
1905	2956	0.6363636363636364	True
1905	3921	0.5454545454545454	True
1905	278	0.45454545454545453	False
1905	2062	0.36363636363636365	True
1905	2482	0.2727272727272727	False
1905	162	0.18181818181818182	False
1905	656	0.09090909090909091	False
2392	2475	0.9090909090909091	False
2392	278	0.8181818181818182	False
2392	2956	0.7272727272727273	True
2392	2482	0.6363636363636364	False
2392	3247	0.5454545454545454	True
2392	3921	0.45454545454545453	True
2392	2062	0.36363636363636365	True
2392	3200	0.2727272727272727	True
2392	3639	0.18181818181818182	True
2392	3259	0.09090909090909091	True
4876	2475	0.9090909090909091	False
4876	162	0.8181818181818182	False
4876	278	0.7272727272727273	False
4876	3247	0.6363636363636364	True
4876	3639	0.5454545454545454	True
4876	2482	0.45454545454545453	False
4876	60	0.36363636363636365	True
4876	736	0.2727272727272727	True
4876	2346	0.18181818181818182	True
4876	1627	0.09090909090909091	True
4727	2475	0.9090909090909091	False
4727	2956	0.8181818181818182	True
4727	3262	0.7272727272727273	True
4727	736	0.6363636363636364	True
4727	3219	0.5454545454545454	False
4727	3247	0.45454545454545453	True
4727	2482	0.36363636363636365	False
4727	656	0.2727272727272727	False
4727	162	0.18181818181818182	False
4727	2977	0.09090909090909091	True
5744	2475	0.9090909090909091	False
5744	2482	0.8181818181818182	False
5744	162	0.7272727272727273	False
5744	278	0.6363636363636364	False
5744	3527	0.5454545454545454	True
5744	2298	0.45454545454545453	True
5744	656	0.36363636363636365	False
5744	2813	0.2727272727272727	True
5744	1627	0.18181818181818182	True
5744	3262	0.09090909090909091	True
5887	2475	0.9090909090909091	False
5887	869	0.8181818181818182	True
5887	2977	0.7272727272727273	True
5887	2482	0.6363636363636364	False
5887	3219	0.5454545454545454	False
5887	656	0.45454545454545453	False
5887	3386	0.36363636363636365	True
5887	3639	0.2727272727272727	True
5887	3527	0.18181818181818182	True
5887	881	0.09090909090909091	True
2680	2475	0.9090909090909091	False
2680	656	0.8181818181818182	False
2680	3921	0.7272727272727273	True
2680	869	0.6363636363636364	True
2680	2482	0.5454545454545454	False
2680	162	0.45454545454545453	False
2680	736	0.36363636363636365	True
2680	408	0.2727272727272727	True
2680	3639	0.18181818181818182	True
2680	2977	0.09090909090909091	True
1836	2475	0.9090909090909091	False
1836	3219	0.8181818181818182	False
1836	2977	0.7272727272727273	True
1836	869	0.6363636363636364	True
1836	2482	0.5454545454545454	False
1836	2956	0.45454545454545453	True
1836	278	0.36363636363636365	False
1836	162	0.2727272727272727	False
1836	656	0.18181818181818182	False
1836	1087	0.09090909090909091	True
1061	2475	0.9090909090909091	False
1061	2482	0.8181818181818182	False
1061	3262	0.7272727272727273	True
1061	3219	0.6363636363636364	False
1061	2977	0.5454545454545454	True
1061	3527	0.45454545454545453	True
1061	656	0.36363636363636365	False
1061	162	0.2727272727272727	False
1061	881	0.18181818181818182	True
1061	869	0.09090909090909091	True
1611	2475	0.9090909090909091	False
1611	767	0.8181818181818182	True
1611	2482	0.7272727272727273	False
1611	3259	0.6363636363636364	True
1611	656	0.5454545454545454	False
1611	3200	0.45454545454545453	True
1611	2795	0.36363636363636365	True
1611	3527	0.2727272727272727	True
1611	2346	0.18181818181818182	True
1611	3262	0.09090909090909091	True
5466	2475	0.9090909090909091	False
5466	278	0.8181818181818182	False
5466	2482	0.7272727272727273	False
5466	2062	0.6363636363636364	True
5466	3259	0.5454545454545454	True
5466	2977	0.45454545454545453	True
5466	2813	0.36363636363636365	True
5466	656	0.2727272727272727	False
5466	3527	0.18181818181818182	True
5466	162	0.09090909090909091	False
4444	2475	0.9090909090909091	False
4444	162	0.8181818181818182	False
4444	656	0.7272727272727273	False
4444	3262	0.6363636363636364	True
4444	2813	0.5454545454545454	True
4444	3921	0.45454545454545453	True
4444	767	0.36363636363636365	True
4444	2721	0.2727272727272727	True
4444	408	0.18181818181818182	True
4444	2977	0.09090909090909091	True
1499	2475	0.9090909090909091	False
1499	162	0.8181818181818182	False
1499	2482	0.7272727272727273	False
1499	3259	0.6363636363636364	True
1499	2977	0.5454545454545454	True
1499	278	0.45454545454545453	False
1499	1627	0.36363636363636365	True
1499	869	0.2727272727272727	True
1499	60	0.18181818181818182	True
1499	2346	0.09090909090909091	True
3833	2475	0.9090909090909091	False
3833	780	0.8181818181818182	True
3833	162	0.7272727272727273	False
3833	3262	0.6363636363636364	True
3833	3219	0.5454545454545454	False
3833	2482	0.45454545454545453	False
3833	656	0.36363636363636365	False
3833	2047	0.2727272727272727	True
3833	2813	0.18181818181818182	True
3833	1627	0.09090909090909091	True
29	2475	0.9090909090909091	False
29	278	0.8181818181818182	False
29	3219	0.7272727272727273	False
29	3555	0.6363636363636364	True
29	2482	0.5454545454545454	False
29	656	0.45454545454545453	False
29	1627	0.36363636363636365	True
29	162	0.2727272727272727	False
29	3247	0.18181818181818182	True
29	2062	0.09090909090909091	True
2869	2475	0.9090909090909091	False
2869	3639	0.8181818181818182	True
2869	881	0.7272727272727273	True
2869	278	0.6363636363636364	False
2869	3247	0.5454545454545454	True
2869	2482	0.45454545454545453	False
2869	1087	0.36363636363636365	True
2869	60	0.2727272727272727	True
2869	3386	0.18181818181818182	True
2869	2298	0.09090909090909091	True
3974	2475	0.9090909090909091	False
3974	2482	0.8181818181818182	False
3974	656	0.7272727272727273	False
3974	3262	0.6363636363636364	True
3974	780	0.5454545454545454	True
3974	1627	0.45454545454545453	True
3974	2346	0.36363636363636365	True
3974	3259	0.2727272727272727	True
3974	3247	0.18181818181818182	True
3974	767	0.09090909090909091	True
3526	2475	0.9090909090909091	False
3526	3247	0.8181818181818182	True
3526	3262	0.7272727272727273	True
3526	656	0.6363636363636364	False
3526	278	0.5454545454545454	False
3526	3259	0.45454545454545453	True
3526	2482	0.36363636363636365	False
3526	2813	0.2727272727272727	True
3526	736	0.18181818181818182	True
3526	3386	0.09090909090909091	True
3022	2475	0.9090909090909091	False
3022	3262	0.8181818181818182	True
3022	2062	0.7272727272727273	True
3022	2298	0.6363636363636364	True
3022	2267	0.5454545454545454	True
3022	2956	0.45454545454545453	True
3022	278	0.36363636363636365	False
3022	2482	0.2727272727272727	False
3022	736	0.18181818181818182	True
3022	2047	0.09090909090909091	True
3706	2475	0.9090909090909091	False
3706	162	0.8181818181818182	False
3706	2813	0.7272727272727273	True
3706	736	0.6363636363636364	True
3706	2977	0.5454545454545454	True
3706	278	0.45454545454545453	False
3706	2956	0.36363636363636365	True
3706	60	0.2727272727272727	True
3706	3247	0.18181818181818182	True
3706	656	0.09090909090909091	False
3129	2475	0.9090909090909091	False
3129	2482	0.8181818181818182	False
3129	3527	0.7272727272727273	True
3129	1627	0.6363636363636364	True
3129	656	0.5454545454545454	False
3129	3167	0.45454545454545453	True
3129	3247	0.36363636363636365	True
3129	780	0.2727272727272727	True
3129	869	0.18181818181818182	True
3129	3219	0.09090909090909091	False
5052	2475	0.9090909090909091	False
5052	278	0.8181818181818182	False
5052	3262	0.7272727272727273	True
5052	2062	0.6363636363636364	True
5052	2482	0.5454545454545454	False
5052	3461	0.45454545454545453	True
5052	767	0.36363636363636365	True
5052	3639	0.2727272727272727	True
5052	2298	0.18181818181818182	True
5052	3200	0.09090909090909091	True
5188	2475	0.9090909090909091	False
5188	2977	0.8181818181818182	True
5188	2482	0.7272727272727273	False
5188	3262	0.6363636363636364	True
5188	162	0.5454545454545454	False
5188	767	0.45454545454545453	True
5188	3639	0.36363636363636365	True
5188	780	0.2727272727272727	True
5188	2107	0.18181818181818182	True
5188	3921	0.09090909090909091	True
2506	2475	0.9090909090909091	False
2506	2482	0.8181818181818182	False
2506	278	0.7272727272727273	False
2506	656	0.6363636363636364	False
2506	3219	0.5454545454545454	False
2506	3247	0.45454545454545453	True
2506	162	0.36363636363636365	False
2506	780	0.2727272727272727	True
2506	3639	0.18181818181818182	True
2506	736	0.09090909090909091	True
3920	2475	0.9090909090909091	False
3920	278	0.8181818181818182	False
3920	2346	0.7272727272727273	True
3920	3259	0.6363636363636364	True
3920	869	0.5454545454545454	True
3920	1393	0.45454545454545453	True
3920	3461	0.36363636363636365	True
3920	3555	0.2727272727272727	True
3920	2062	0.18181818181818182	True
3920	2795	0.09090909090909091	True
4277	2475	0.9090909090909091	False
4277	3247	0.8181818181818182	True
4277	162	0.7272727272727273	False
4277	3639	0.6363636363636364	True
4277	2482	0.5454545454545454	False
4277	1627	0.45454545454545453	True
4277	3167	0.36363636363636365	True
4277	3262	0.2727272727272727	True
4277	408	0.18181818181818182	True
4277	881	0.09090909090909091	True
326	2475	0.9090909090909091	False
326	278	0.8181818181818182	False
326	3219	0.7272727272727273	False
326	3259	0.6363636363636364	True
326	2482	0.5454545454545454	False
326	2956	0.45454545454545453	True
326	767	0.36363636363636365	True
326	3262	0.2727272727272727	True
326	656	0.18181818181818182	False
326	1627	0.09090909090909091	True
5503	2475	0.9090909090909091	False
5503	3219	0.8181818181818182	False
5503	656	0.7272727272727273	False
5503	3386	0.6363636363636364	True
5503	2482	0.5454545454545454	False
5503	2977	0.45454545454545453	True
5503	3247	0.36363636363636365	True
5503	3849	0.2727272727272727	True
5503	162	0.18181818181818182	False
5503	3262	0.09090909090909091	True
2487	2475	0.9090909090909091	False
2487	3921	0.8181818181818182	True
2487	2977	0.7272727272727273	True
2487	767	0.6363636363636364	True
2487	3219	0.5454545454545454	False
2487	3639	0.45454545454545453	True
2487	278	0.36363636363636365	False
2487	3555	0.2727272727272727	True
2487	1627	0.18181818181818182	True
2487	3527	0.09090909090909091	True
4113	2475	0.9090909090909091	False
4113	3921	0.8181818181818182	True
4113	408	0.7272727272727273	True
4113	3639	0.6363636363636364	True
4113	146	0.5454545454545454	True
4113	3219	0.45454545454545453	False
4113	162	0.36363636363636365	False
4113	656	0.2727272727272727	False
4113	3247	0.18181818181818182	True
4113	278	0.09090909090909091	False
760	2475	0.9090909090909091	False
760	2977	0.8181818181818182	True
760	3219	0.7272727272727273	False
760	3921	0.6363636363636364	True
760	278	0.5454545454545454	False
760	1627	0.45454545454545453	True
760	162	0.36363636363636365	False
760	2482	0.2727272727272727	False
760	3527	0.18181818181818182	True
760	3262	0.09090909090909091	True
4061	2475	0.9090909090909091	False
4061	3527	0.8181818181818182	True
4061	278	0.7272727272727273	False
4061	2482	0.6363636363636364	False
4061	3219	0.5454545454545454	False
4061	162	0.45454545454545453	False
4061	2813	0.36363636363636365	True
4061	3555	0.2727272727272727	True
4061	3262	0.18181818181818182	True
4061	2527	0.09090909090909091	True
3982	869	0.9090909090909091	True
3982	2475	0.8181818181818182	False
3982	2977	0.7272727272727273	True
3982	3527	0.6363636363636364	True
3982	881	0.5454545454545454	True
3982	1178	0.45454545454545453	True
3982	3219	0.36363636363636365	False
3982	3259	0.2727272727272727	True
3982	3921	0.18181818181818182	True
3982	2482	0.09090909090909091	False
2875	2475	0.9090909090909091	False
2875	2482	0.8181818181818182	False
2875	278	0.7272727272727273	False
2875	1627	0.6363636363636364	True
2875	3247	0.5454545454545454	True
2875	656	0.45454545454545453	False
2875	3200	0.36363636363636365	True
2875	2795	0.2727272727272727	True
2875	3259	0.18181818181818182	True
2875	780	0.09090909090909091	True
1256	2475	0.9090909090909091	False
1256	278	0.8181818181818182	False
1256	2977	0.7272727272727273	True
1256	2482	0.6363636363636364	False
1256	3639	0.5454545454545454	True
1256	881	0.45454545454545453	True
1256	2062	0.36363636363636365	True
1256	3921	0.2727272727272727	True
1256	162	0.18181818181818182	False
1256	3262	0.09090909090909091	True
4801	2475	0.9090909090909091	False
4801	3259	0.8181818181818182	True
4801	2482	0.7272727272727273	False
4801	3262	0.6363636363636364	True
4801	3386	0.5454545454545454	True
4801	1393	0.45454545454545453	True
4801	881	0.36363636363636365	True
4801	2062	0.2727272727272727	True
4801	278	0.18181818181818182	False
4801	656	0.09090909090909091	False
2901	2475	0.9090909090909091	False
2901	278	0.8181818181818182	False
2901	1393	0.7272727272727273	True
2901	2062	0.6363636363636364	True
2901	3639	0.5454545454545454	True
2901	3461	0.45454545454545453	True
2901	3259	0.36363636363636365	True
2901	869	0.2727272727272727	True
2901	881	0.18181818181818182	True
2901	2977	0.09090909090909091	True
2934	2475	0.9090909090909091	False
2934	2482	0.8181818181818182	False
2934	780	0.7272727272727273	True
2934	278	0.6363636363636364	False
2934	3461	0.5454545454545454	True
2934	2795	0.45454545454545453	True
2934	3247	0.36363636363636365	True
2934	3639	0.2727272727272727	True
2934	1393	0.18181818181818182	True
2934	1627	0.09090909090909091	True
147	2475	0.9090909090909091	False
147	3259	0.8181818181818182	True
147	3527	0.7272727272727273	True
147	2482	0.6363636363636364	False
147	767	0.5454545454545454	True
147	2298	0.45454545454545453	True
147	1627	0.36363636363636365	True
147	3386	0.2727272727272727	True
147	3200	0.18181818181818182	True
147	881	0.09090909090909091	True
5500	2475	0.9090909090909091	False
5500	3555	0.8181818181818182	True
5500	3219	0.7272727272727273	False
5500	278	0.6363636363636364	False
5500	656	0.5454545454545454	False
5500	2482	0.45454545454545453	False
5500	3921	0.36363636363636365	True
5500	2062	0.2727272727272727	True
5500	3527	0.18181818181818182	True
5500	3247	0.09090909090909091	True
2751	2475	0.9090909090909091	False
2751	3219	0.8181818181818182	False
2751	2482	0.7272727272727273	False
2751	3262	0.6363636363636364	True
2751	162	0.5454545454545454	False
2751	3639	0.45454545454545453	True
2751	2977	0.36363636363636365	True
2751	3461	0.2727272727272727	True
2751	2062	0.18181818181818182	True
2751	3247	0.09090909090909091	True
2702	2475	0.9090909090909091	False
2702	278	0.8181818181818182	False
2702	3921	0.7272727272727273	True
2702	3219	0.6363636363636364	False
2702	3247	0.5454545454545454	True
2702	3461	0.45454545454545453	True
2702	656	0.36363636363636365	False
2702	2482	0.2727272727272727	False
2702	3259	0.18181818181818182	True
2702	408	0.09090909090909091	True
898	2475	0.9090909090909091	False
898	3461	0.8181818181818182	True
898	2062	0.7272727272727273	True
898	3527	0.6363636363636364	True
898	1393	0.5454545454545454	True
898	408	0.45454545454545453	True
898	881	0.36363636363636365	True
898	869	0.2727272727272727	True
898	3219	0.18181818181818182	False
898	786	0.09090909090909091	True
3778	2475	0.9090909090909091	False
3778	2482	0.8181818181818182	False
3778	656	0.7272727272727273	False
3778	3247	0.6363636363636364	True
3778	780	0.5454545454545454	True
3778	3219	0.45454545454545453	False
3778	278	0.36363636363636365	False
3778	2977	0.2727272727272727	True
3778	3639	0.18181818181818182	True
3778	869	0.09090909090909091	True
63	2475	0.9090909090909091	False
63	3921	0.8181818181818182	True
63	656	0.7272727272727273	False
63	162	0.6363636363636364	False
63	278	0.5454545454545454	False
63	2813	0.45454545454545453	True
63	2977	0.36363636363636365	True
63	3219	0.2727272727272727	False
63	2482	0.18181818181818182	False
63	1627	0.09090909090909091	True
1279	2475	0.9090909090909091	False
1279	2813	0.8181818181818182	True
1279	3262	0.7272727272727273	True
1279	3219	0.6363636363636364	False
1279	2977	0.5454545454545454	True
1279	278	0.45454545454545453	False
1279	3259	0.36363636363636365	True
1279	1627	0.2727272727272727	True
1279	736	0.18181818181818182	True
1279	2482	0.09090909090909091	False
2991	2475	0.9090909090909091	False
2991	162	0.8181818181818182	False
2991	656	0.7272727272727273	False
2991	2795	0.6363636363636364	True
2991	2482	0.5454545454545454	False
2991	708	0.45454545454545453	True
2991	767	0.36363636363636365	True
2991	1627	0.2727272727272727	True
2991	736	0.18181818181818182	True
2991	408	0.09090909090909091	True
4835	2475	0.9090909090909091	False
4835	3639	0.8181818181818182	True
4835	869	0.7272727272727273	True
4835	2482	0.6363636363636364	False
4835	736	0.5454545454545454	True
4835	60	0.45454545454545453	True
4835	3247	0.36363636363636365	True
4835	2267	0.2727272727272727	True
4835	278	0.18181818181818182	False
4835	2298	0.09090909090909091	True
2627	2475	0.9090909090909091	False
2627	2482	0.8181818181818182	False
2627	3247	0.7272727272727273	True
2627	656	0.6363636363636364	False
2627	2062	0.5454545454545454	True
2627	767	0.45454545454545453	True
2627	3219	0.36363636363636365	False
2627	2977	0.2727272727272727	True
2627	2267	0.18181818181818182	True
2627	278	0.09090909090909091	False
1089	2475	0.9090909090909091	False
1089	3219	0.8181818181818182	False
1089	162	0.7272727272727273	False
1089	278	0.6363636363636364	False
1089	3921	0.5454545454545454	True
1089	3639	0.45454545454545453	True
1089	2482	0.36363636363636365	False
1089	3461	0.2727272727272727	True
1089	780	0.18181818181818182	True
1089	869	0.09090909090909091	True
194	2475	0.9090909090909091	False
194	2482	0.8181818181818182	False
194	278	0.7272727272727273	False
194	3461	0.6363636363636364	True
194	3262	0.5454545454545454	True
194	162	0.45454545454545453	False
194	3219	0.36363636363636365	False
194	1627	0.2727272727272727	True
194	3831	0.18181818181818182	True
194	1393	0.09090909090909091	True
5327	2475	0.9090909090909091	False
5327	2482	0.8181818181818182	False
5327	3200	0.7272727272727273	True
5327	2977	0.6363636363636364	True
5327	1627	0.5454545454545454	True
5327	278	0.45454545454545453	False
5327	2346	0.36363636363636365	True
5327	656	0.2727272727272727	False
5327	3921	0.18181818181818182	True
5327	767	0.09090909090909091	True
3648	2475	0.9090909090909091	False
3648	278	0.8181818181818182	False
3648	2977	0.7272727272727273	True
3648	3555	0.6363636363636364	True
3648	2482	0.5454545454545454	False
3648	2062	0.45454545454545453	True
3648	3262	0.36363636363636365	True
3648	3219	0.2727272727272727	False
3648	3639	0.18181818181818182	True
3648	1393	0.09090909090909091	True
3769	2475	0.9090909090909091	False
3769	278	0.8181818181818182	False
3769	3247	0.7272727272727273	True
3769	736	0.6363636363636364	True
3769	2482	0.5454545454545454	False
3769	3219	0.45454545454545453	False
3769	2956	0.36363636363636365	True
3769	3259	0.2727272727272727	True
3769	60	0.18181818181818182	True
3769	1627	0.09090909090909091	True
1696	2475	0.9090909090909091	False
1696	162	0.8181818181818182	False
1696	2977	0.7272727272727273	True
1696	3921	0.6363636363636364	True
1696	3262	0.5454545454545454	True
1696	767	0.45454545454545453	True
1696	3219	0.36363636363636365	False
1696	278	0.2727272727272727	False
1696	656	0.18181818181818182	False
1696	2482	0.09090909090909091	False
3971	2475	0.9090909090909091	False
3971	3259	0.8181818181818182	True
3971	3386	0.7272727272727273	True
3971	278	0.6363636363636364	False
3971	2482	0.5454545454545454	False
3971	656	0.45454545454545453	False
3971	2977	0.36363636363636365	True
3971	2813	0.2727272727272727	True
3971	3527	0.18181818181818182	True
3971	2795	0.09090909090909091	True
3723	2475	0.9090909090909091	False
3723	3219	0.8181818181818182	False
3723	2977	0.7272727272727273	True
3723	3639	0.6363636363636364	True
3723	2482	0.5454545454545454	False
3723	869	0.45454545454545453	True
3723	3921	0.36363636363636365	True
3723	3262	0.2727272727272727	True
3723	3527	0.18181818181818182	True
3723	767	0.09090909090909091	True
5166	2475	0.9090909090909091	False
5166	3527	0.8181818181818182	True
5166	869	0.7272727272727273	True
5166	2482	0.6363636363636364	False
5166	162	0.5454545454545454	False
5166	3262	0.45454545454545453	True
5166	1087	0.36363636363636365	True
5166	496	0.2727272727272727	True
5166	1627	0.18181818181818182	True
5166	2392	0.09090909090909091	True
6016	2475	0.9090909090909091	False
6016	3262	0.8181818181818182	True
6016	2956	0.7272727272727273	True
6016	278	0.6363636363636364	False
6016	3219	0.5454545454545454	False
6016	3831	0.45454545454545453	True
6016	3461	0.36363636363636365	True
6016	2813	0.2727272727272727	True
6016	2392	0.18181818181818182	True
6016	162	0.09090909090909091	False
5356	2475	0.9090909090909091	False
5356	2956	0.8181818181818182	True
5356	278	0.7272727272727273	False
5356	3921	0.6363636363636364	True
5356	3219	0.5454545454545454	False
5356	3527	0.45454545454545453	True
5356	3200	0.36363636363636365	True
5356	2062	0.2727272727272727	True
5356	3247	0.18181818181818182	True
5356	767	0.09090909090909091	True
4453	2475	0.9090909090909091	False
4453	2956	0.8181818181818182	True
4453	2813	0.7272727272727273	True
4453	278	0.6363636363636364	False
4453	3219	0.5454545454545454	False
4453	2977	0.45454545454545453	True
4453	2062	0.36363636363636365	True
4453	2107	0.2727272727272727	True
4453	2482	0.18181818181818182	False
4453	162	0.09090909090909091	False
3815	2475	0.9090909090909091	False
3815	3219	0.8181818181818182	False
3815	3639	0.7272727272727273	True
3815	3921	0.6363636363636364	True
3815	3247	0.5454545454545454	True
3815	2482	0.45454545454545453	False
3815	3461	0.36363636363636365	True
3815	869	0.2727272727272727	True
3815	780	0.18181818181818182	True
3815	278	0.09090909090909091	False
1472	2475	0.9090909090909091	False
1472	656	0.8181818181818182	False
1472	3247	0.7272727272727273	True
1472	780	0.6363636363636364	True
1472	2482	0.5454545454545454	False
1472	869	0.45454545454545453	True
1472	2795	0.36363636363636365	True
1472	708	0.2727272727272727	True
1472	1627	0.18181818181818182	True
1472	3262	0.09090909090909091	True
1360	2475	0.9090909090909091	False
1360	162	0.8181818181818182	False
1360	2977	0.7272727272727273	True
1360	3247	0.6363636363636364	True
1360	3219	0.5454545454545454	False
1360	2267	0.45454545454545453	True
1360	736	0.36363636363636365	True
1360	656	0.2727272727272727	False
1360	2482	0.18181818181818182	False
1360	3831	0.09090909090909091	True
3797	2475	0.9090909090909091	False
3797	3219	0.8181818181818182	False
3797	2977	0.7272727272727273	True
3797	3921	0.6363636363636364	True
3797	3555	0.5454545454545454	True
3797	2813	0.45454545454545453	True
3797	278	0.36363636363636365	False
3797	3527	0.2727272727272727	True
3797	162	0.18181818181818182	False
3797	2956	0.09090909090909091	True
948	2475	0.9090909090909091	False
948	2977	0.8181818181818182	True
948	3921	0.7272727272727273	True
948	3639	0.6363636363636364	True
948	3219	0.5454545454545454	False
948	3167	0.45454545454545453	True
948	3386	0.36363636363636365	True
948	881	0.2727272727272727	True
948	3527	0.18181818181818182	True
948	2813	0.09090909090909091	True
1909	2475	0.9090909090909091	False
1909	3247	0.8181818181818182	True
1909	2482	0.7272727272727273	False
1909	767	0.6363636363636364	True
1909	656	0.5454545454545454	False
1909	3200	0.45454545454545453	True
1909	3639	0.36363636363636365	True
1909	278	0.2727272727272727	False
1909	1627	0.18181818181818182	True
1909	2346	0.09090909090909091	True
3606	2475	0.9090909090909091	False
3606	1627	0.8181818181818182	True
3606	278	0.7272727272727273	False
3606	2482	0.6363636363636364	False
3606	3921	0.5454545454545454	True
3606	3259	0.45454545454545453	True
3606	3247	0.36363636363636365	True
3606	656	0.2727272727272727	False
3606	3461	0.18181818181818182	True
3606	408	0.09090909090909091	True
2516	2475	0.9090909090909091	False
2516	708	0.8181818181818182	True
2516	408	0.7272727272727273	True
2516	656	0.6363636363636364	False
2516	869	0.5454545454545454	True
2516	3527	0.45454545454545453	True
2516	278	0.36363636363636365	False
2516	3555	0.2727272727272727	True
2516	162	0.18181818181818182	False
2516	3259	0.09090909090909091	True
1457	2475	0.9090909090909091	False
1457	3219	0.8181818181818182	False
1457	656	0.7272727272727273	False
1457	3461	0.6363636363636364	True
1457	869	0.5454545454545454	True
1457	3849	0.45454545454545453	True
1457	3247	0.36363636363636365	True
1457	3921	0.2727272727272727	True
1457	2062	0.18181818181818182	True
1457	2482	0.09090909090909091	False
910	2475	0.9090909090909091	False
910	869	0.8181818181818182	True
910	3527	0.7272727272727273	True
910	2482	0.6363636363636364	False
910	780	0.5454545454545454	True
910	3219	0.45454545454545453	False
910	656	0.36363636363636365	False
910	3174	0.2727272727272727	True
910	736	0.18181818181818182	True
910	2062	0.09090909090909091	True
2380	2475	0.9090909090909091	False
2380	767	0.8181818181818182	True
2380	1627	0.7272727272727273	True
2380	2977	0.6363636363636364	True
2380	162	0.5454545454545454	False
2380	408	0.45454545454545453	True
2380	278	0.36363636363636365	False
2380	3259	0.2727272727272727	True
2380	3921	0.18181818181818182	True
2380	2346	0.09090909090909091	True
2414	2475	0.9090909090909091	False
2414	3921	0.8181818181818182	True
2414	3219	0.7272727272727273	False
2414	780	0.6363636363636364	True
2414	3247	0.5454545454545454	True
2414	3262	0.45454545454545453	True
2414	2977	0.36363636363636365	True
2414	656	0.2727272727272727	False
2414	2956	0.18181818181818182	True
2414	2813	0.09090909090909091	True
2400	3921	0.9090909090909091	True
2400	2475	0.8181818181818182	False
2400	2346	0.7272727272727273	True
2400	3247	0.6363636363636364	True
2400	3219	0.5454545454545454	False
2400	162	0.45454545454545453	False
2400	2977	0.36363636363636365	True
2400	656	0.2727272727272727	False
2400	2956	0.18181818181818182	True
2400	1812	0.09090909090909091	True
2121	2475	0.9090909090909091	False
2121	780	0.8181818181818182	True
2121	3219	0.7272727272727273	False
2121	3921	0.6363636363636364	True
2121	1627	0.5454545454545454	True
2121	869	0.45454545454545453	True
2121	3461	0.36363636363636365	True
2121	3527	0.2727272727272727	True
2121	2482	0.18181818181818182	False
2121	656	0.09090909090909091	False
3843	2475	0.9090909090909091	False
3843	3219	0.8181818181818182	False
3843	278	0.7272727272727273	False
3843	2062	0.6363636363636364	True
3843	3555	0.5454545454545454	True
3843	1393	0.45454545454545453	True
3843	2956	0.36363636363636365	True
3843	3262	0.2727272727272727	True
3843	2977	0.18181818181818182	True
3843	2482	0.09090909090909091	False
2432	2475	0.9090909090909091	False
2432	3219	0.8181818181818182	False
2432	2062	0.7272727272727273	True
2432	656	0.6363636363636364	False
2432	3247	0.5454545454545454	True
2432	2956	0.45454545454545453	True
2432	2482	0.36363636363636365	False
2432	2267	0.2727272727272727	True
2432	278	0.18181818181818182	False
2432	3200	0.09090909090909091	True
3849	2475	0.9090909090909091	False
3849	278	0.8181818181818182	False
3849	162	0.7272727272727273	False
3849	2527	0.6363636363636364	True
3849	2795	0.5454545454545454	True
3849	3200	0.45454545454545453	True
3849	2482	0.36363636363636365	False
3849	3259	0.2727272727272727	True
3849	408	0.18181818181818182	True
3849	1393	0.09090909090909091	True
158	2475	0.9090909090909091	False
158	656	0.8181818181818182	False
158	2813	0.7272727272727273	True
158	278	0.6363636363636364	False
158	869	0.5454545454545454	True
158	3831	0.45454545454545453	True
158	3527	0.36363636363636365	True
158	1627	0.2727272727272727	True
158	408	0.18181818181818182	True
158	780	0.09090909090909091	True
5569	2475	0.9090909090909091	False
5569	2956	0.8181818181818182	True
5569	3262	0.7272727272727273	True
5569	2813	0.6363636363636364	True
5569	2062	0.5454545454545454	True
5569	2482	0.45454545454545453	False
5569	3247	0.36363636363636365	True
5569	278	0.2727272727272727	False
5569	881	0.18181818181818182	True
5569	656	0.09090909090909091	False
3180	2475	0.9090909090909091	False
3180	2813	0.8181818181818182	True
3180	1627	0.7272727272727273	True
3180	780	0.6363636363636364	True
3180	2795	0.5454545454545454	True
3180	162	0.45454545454545453	False
3180	3386	0.36363636363636365	True
3180	2346	0.2727272727272727	True
3180	3247	0.18181818181818182	True
3180	3259	0.09090909090909091	True
73	2475	0.9090909090909091	False
73	278	0.8181818181818182	False
73	3527	0.7272727272727273	True
73	3259	0.6363636363636364	True
73	786	0.5454545454545454	True
73	2062	0.45454545454545453	True
73	3200	0.36363636363636365	True
73	881	0.2727272727272727	True
73	2977	0.18181818181818182	True
73	2813	0.09090909090909091	True
2386	2475	0.9090909090909091	False
2386	3262	0.8181818181818182	True
2386	162	0.7272727272727273	False
2386	2977	0.6363636363636364	True
2386	2482	0.5454545454545454	False
2386	3219	0.45454545454545453	False
2386	780	0.36363636363636365	True
2386	767	0.2727272727272727	True
2386	3527	0.18181818181818182	True
2386	146	0.09090909090909091	True
2238	2475	0.9090909090909091	False
2238	767	0.8181818181818182	True
2238	2977	0.7272727272727273	True
2238	656	0.6363636363636364	False
2238	2482	0.5454545454545454	False
2238	736	0.45454545454545453	True
2238	3259	0.36363636363636365	True
2238	162	0.2727272727272727	False
2238	3200	0.18181818181818182	True
2238	3527	0.09090909090909091	True
2893	2475	0.9090909090909091	False
2893	278	0.8181818181818182	False
2893	2482	0.7272727272727273	False
2893	2977	0.6363636363636364	True
2893	162	0.5454545454545454	False
2893	656	0.45454545454545453	False
2893	736	0.36363636363636365	True
2893	2298	0.2727272727272727	True
2893	3921	0.18181818181818182	True
2893	869	0.09090909090909091	True
1136	2475	0.9090909090909091	False
1136	3262	0.8181818181818182	True
1136	3219	0.7272727272727273	False
1136	767	0.6363636363636364	True
1136	780	0.5454545454545454	True
1136	2482	0.45454545454545453	False
1136	162	0.36363636363636365	False
1136	408	0.2727272727272727	True
1136	656	0.18181818181818182	False
1136	278	0.09090909090909091	False
4643	2475	0.9090909090909091	False
4643	278	0.8181818181818182	False
4643	3247	0.7272727272727273	True
4643	3639	0.6363636363636364	True
4643	2956	0.5454545454545454	True
4643	2482	0.45454545454545453	False
4643	2298	0.36363636363636365	True
4643	3262	0.2727272727272727	True
4643	3921	0.18181818181818182	True
4643	881	0.09090909090909091	True
