4406	257	0.9090909090909091	False
4406	2691	0.8181818181818182	False
4406	198	0.7272727272727273	False
4406	2609	0.6363636363636364	True
4406	484	0.5454545454545454	True
4406	2878	0.45454545454545453	True
4406	2356	0.36363636363636365	True
4406	2532	0.2727272727272727	True
4406	2263	0.18181818181818182	True
4406	911	0.09090909090909091	True
3476	257	0.9090909090909091	False
3476	198	0.8181818181818182	False
3476	2691	0.7272727272727273	False
3476	1167	0.6363636363636364	True
3476	1964	0.5454545454545454	False
3476	2156	0.45454545454545453	True
3476	592	0.36363636363636365	True
3476	2961	0.2727272727272727	True
3476	3827	0.18181818181818182	True
3476	2263	0.09090909090909091	True
2454	257	0.9090909090909091	False
2454	2691	0.8181818181818182	False
2454	198	0.7272727272727273	False
2454	2532	0.6363636363636364	True
2454	484	0.5454545454545454	True
2454	2263	0.45454545454545453	True
2454	911	0.36363636363636365	True
2454	1964	0.2727272727272727	False
2454	3729	0.18181818181818182	True
2454	2609	0.09090909090909091	True
5991	257	0.9090909090909091	False
5991	2691	0.8181818181818182	False
5991	1167	0.7272727272727273	True
5991	3256	0.6363636363636364	True
5991	3729	0.5454545454545454	True
5991	404	0.45454545454545453	True
5991	911	0.36363636363636365	True
5991	198	0.2727272727272727	False
5991	1964	0.18181818181818182	False
5991	1295	0.09090909090909091	True
4192	257	0.9090909090909091	False
4192	2691	0.8181818181818182	False
4192	198	0.7272727272727273	False
4192	1859	0.6363636363636364	True
4192	1964	0.5454545454545454	False
4192	1167	0.45454545454545453	True
4192	3256	0.36363636363636365	True
4192	3729	0.2727272727272727	True
4192	2609	0.18181818181818182	True
4192	2263	0.09090909090909091	True
246	257	0.9090909090909091	False
246	2691	0.8181818181818182	False
246	592	0.7272727272727273	True
246	198	0.6363636363636364	False
246	846	0.5454545454545454	False
246	2356	0.45454545454545453	True
246	2961	0.36363636363636365	True
246	1964	0.2727272727272727	False
246	29	0.18181818181818182	True
246	2451	0.09090909090909091	True
4716	257	0.9090909090909091	False
4716	2691	0.8181818181818182	False
4716	198	0.7272727272727273	False
4716	1167	0.6363636363636364	True
4716	1964	0.5454545454545454	False
4716	2263	0.45454545454545453	True
4716	592	0.36363636363636365	True
4716	911	0.2727272727272727	True
4716	404	0.18181818181818182	True
4716	3256	0.09090909090909091	True
2214	257	0.9090909090909091	False
2214	2691	0.8181818181818182	False
2214	198	0.7272727272727273	False
2214	59	0.6363636363636364	True
2214	846	0.5454545454545454	False
2214	1964	0.45454545454545453	False
2214	29	0.36363636363636365	True
2214	2451	0.2727272727272727	True
2214	3294	0.18181818181818182	True
2214	404	0.09090909090909091	True
131	257	0.9090909090909091	False
131	2691	0.8181818181818182	False
131	198	0.7272727272727273	False
131	1167	0.6363636363636364	True
131	1964	0.5454545454545454	False
131	3001	0.45454545454545453	True
131	491	0.36363636363636365	True
131	3729	0.2727272727272727	True
131	3294	0.18181818181818182	True
131	3256	0.09090909090909091	True
2220	257	0.9090909090909091	False
2220	2691	0.8181818181818182	False
2220	198	0.7272727272727273	False
2220	1964	0.6363636363636364	False
2220	2878	0.5454545454545454	True
2220	59	0.45454545454545453	True
2220	846	0.36363636363636365	False
2220	2609	0.2727272727272727	True
2220	592	0.18181818181818182	True
2220	926	0.09090909090909091	True
3353	257	0.9090909090909091	False
3353	2691	0.8181818181818182	False
3353	198	0.7272727272727273	False
3353	592	0.6363636363636364	True
3353	1964	0.5454545454545454	False
3353	1167	0.45454545454545453	True
3353	2532	0.36363636363636365	True
3353	846	0.2727272727272727	False
3353	2609	0.18181818181818182	True
3353	491	0.09090909090909091	True
3775	257	0.9090909090909091	False
3775	2691	0.8181818181818182	False
3775	198	0.7272727272727273	False
3775	1964	0.6363636363636364	False
3775	29	0.5454545454545454	True
3775	2609	0.45454545454545453	True
3775	592	0.36363636363636365	True
3775	2532	0.2727272727272727	True
3775	1859	0.18181818181818182	True
3775	846	0.09090909090909091	False
44	257	0.9090909090909091	False
44	198	0.8181818181818182	False
44	2691	0.7272727272727273	False
44	2263	0.6363636363636364	True
44	1964	0.5454545454545454	False
44	3256	0.45454545454545453	True
44	911	0.36363636363636365	True
44	261	0.2727272727272727	True
44	1859	0.18181818181818182	True
44	846	0.09090909090909091	False
2121	257	0.9090909090909091	False
2121	2691	0.8181818181818182	False
2121	198	0.7272727272727273	False
2121	2961	0.6363636363636364	True
2121	846	0.5454545454545454	False
2121	2505	0.45454545454545453	True
2121	2451	0.36363636363636365	True
2121	3729	0.2727272727272727	True
2121	3256	0.18181818181818182	True
2121	1859	0.09090909090909091	True
3136	257	0.9090909090909091	False
3136	198	0.8181818181818182	False
3136	2691	0.7272727272727273	False
3136	404	0.6363636363636364	True
3136	1167	0.5454545454545454	True
3136	1964	0.45454545454545453	False
3136	1295	0.36363636363636365	True
3136	1859	0.2727272727272727	True
3136	846	0.18181818181818182	False
3136	3256	0.09090909090909091	True
2752	257	0.9090909090909091	False
2752	2691	0.8181818181818182	False
2752	198	0.7272727272727273	False
2752	2532	0.6363636363636364	True
2752	1964	0.5454545454545454	False
2752	2451	0.45454545454545453	True
2752	3729	0.36363636363636365	True
2752	846	0.2727272727272727	False
2752	911	0.18181818181818182	True
2752	404	0.09090909090909091	True
5239	257	0.9090909090909091	False
5239	2691	0.8181818181818182	False
5239	198	0.7272727272727273	False
5239	2263	0.6363636363636364	True
5239	592	0.5454545454545454	True
5239	1167	0.45454545454545453	True
5239	1964	0.36363636363636365	False
5239	491	0.2727272727272727	True
5239	29	0.18181818181818182	True
5239	911	0.09090909090909091	True
1600	257	0.9090909090909091	False
1600	198	0.8181818181818182	False
1600	2691	0.7272727272727273	False
1600	2878	0.6363636363636364	True
1600	2609	0.5454545454545454	True
1600	1964	0.45454545454545453	False
1600	484	0.36363636363636365	True
1600	1859	0.2727272727272727	True
1600	592	0.18181818181818182	True
1600	2263	0.09090909090909091	True
1651	257	0.9090909090909091	False
1651	2691	0.8181818181818182	False
1651	198	0.7272727272727273	False
1651	1859	0.6363636363636364	True
1651	2609	0.5454545454545454	True
1651	2961	0.45454545454545453	True
1651	1964	0.36363636363636365	False
1651	2878	0.2727272727272727	True
1651	2356	0.18181818181818182	True
1651	2693	0.09090909090909091	True
350	257	0.9090909090909091	False
350	198	0.8181818181818182	False
350	2691	0.7272727272727273	False
350	2878	0.6363636363636364	True
350	2356	0.5454545454545454	True
350	2609	0.45454545454545453	True
350	592	0.36363636363636365	True
350	1964	0.2727272727272727	False
350	3827	0.18181818181818182	True
350	846	0.09090909090909091	False
2022	257	0.9090909090909091	False
2022	2691	0.8181818181818182	False
2022	198	0.7272727272727273	False
2022	2263	0.6363636363636364	True
2022	3294	0.5454545454545454	True
2022	1964	0.45454545454545453	False
2022	1531	0.36363636363636365	True
2022	59	0.2727272727272727	True
2022	1859	0.18181818181818182	True
2022	1167	0.09090909090909091	True
659	257	0.9090909090909091	False
659	2691	0.8181818181818182	False
659	198	0.7272727272727273	False
659	592	0.6363636363636364	True
659	2609	0.5454545454545454	True
659	437	0.45454545454545453	True
659	3256	0.36363636363636365	True
659	2961	0.2727272727272727	True
659	3827	0.18181818181818182	True
659	2932	0.09090909090909091	True
1858	257	0.9090909090909091	False
1858	2691	0.8181818181818182	False
1858	1167	0.7272727272727273	True
1858	41	0.6363636363636364	True
1858	846	0.5454545454545454	False
1858	592	0.45454545454545453	True
1858	198	0.36363636363636365	False
1858	2451	0.2727272727272727	True
1858	1295	0.18181818181818182	True
1858	479	0.09090909090909091	True
1549	257	0.9090909090909091	False
1549	2691	0.8181818181818182	False
1549	198	0.7272727272727273	False
1549	404	0.6363636363636364	True
1549	846	0.5454545454545454	False
1549	59	0.45454545454545453	True
1549	2451	0.36363636363636365	True
1549	3001	0.2727272727272727	True
1549	3256	0.18181818181818182	True
1549	1167	0.09090909090909091	True
2140	257	0.9090909090909091	False
2140	2691	0.8181818181818182	False
2140	198	0.7272727272727273	False
2140	491	0.6363636363636364	True
2140	1964	0.5454545454545454	False
2140	846	0.45454545454545453	False
2140	592	0.36363636363636365	True
2140	926	0.2727272727272727	True
2140	3001	0.18181818181818182	True
2140	2451	0.09090909090909091	True
4879	257	0.9090909090909091	False
4879	2691	0.8181818181818182	False
4879	198	0.7272727272727273	False
4879	437	0.6363636363636364	True
4879	911	0.5454545454545454	True
4879	3256	0.45454545454545453	True
4879	592	0.36363636363636365	True
4879	491	0.2727272727272727	True
4879	2451	0.18181818181818182	True
4879	1859	0.09090909090909091	True
3447	257	0.9090909090909091	False
3447	2691	0.8181818181818182	False
3447	198	0.7272727272727273	False
3447	1167	0.6363636363636364	True
3447	2878	0.5454545454545454	True
3447	546	0.45454545454545453	True
3447	404	0.36363636363636365	True
3447	846	0.2727272727272727	False
3447	1964	0.18181818181818182	False
3447	834	0.09090909090909091	True
1322	257	0.9090909090909091	False
1322	2691	0.8181818181818182	False
1322	198	0.7272727272727273	False
1322	1964	0.6363636363636364	False
1322	846	0.5454545454545454	False
1322	1859	0.45454545454545453	True
1322	404	0.36363636363636365	True
1322	1167	0.2727272727272727	True
1322	2532	0.18181818181818182	True
1322	437	0.09090909090909091	True
226	257	0.9090909090909091	False
226	2691	0.8181818181818182	False
226	198	0.7272727272727273	False
226	3294	0.6363636363636364	True
226	846	0.5454545454545454	False
226	3870	0.45454545454545453	True
226	59	0.36363636363636365	True
226	491	0.2727272727272727	True
226	1859	0.18181818181818182	True
226	3001	0.09090909090909091	True
2927	257	0.9090909090909091	False
2927	2691	0.8181818181818182	False
2927	198	0.7272727272727273	False
2927	846	0.6363636363636364	False
2927	1964	0.5454545454545454	False
2927	592	0.45454545454545453	True
2927	29	0.36363636363636365	True
2927	911	0.2727272727272727	True
2927	2493	0.18181818181818182	True
2927	2263	0.09090909090909091	True
3911	257	0.9090909090909091	False
3911	2691	0.8181818181818182	False
3911	198	0.7272727272727273	False
3911	491	0.6363636363636364	True
3911	2263	0.5454545454545454	True
3911	2451	0.45454545454545453	True
3911	59	0.36363636363636365	True
3911	3256	0.2727272727272727	True
3911	1964	0.18181818181818182	False
3911	2878	0.09090909090909091	True
340	257	0.9090909090909091	False
340	2691	0.8181818181818182	False
340	198	0.7272727272727273	False
340	1964	0.6363636363636364	False
340	1859	0.5454545454545454	True
340	1167	0.45454545454545453	True
340	2878	0.36363636363636365	True
340	846	0.2727272727272727	False
340	3729	0.18181818181818182	True
340	2532	0.09090909090909091	True
1487	257	0.9090909090909091	False
1487	2691	0.8181818181818182	False
1487	198	0.7272727272727273	False
1487	2263	0.6363636363636364	True
1487	2609	0.5454545454545454	True
1487	3256	0.45454545454545453	True
1487	1167	0.36363636363636365	True
1487	2451	0.2727272727272727	True
1487	1964	0.18181818181818182	False
1487	846	0.09090909090909091	False
4624	257	0.9090909090909091	False
4624	2691	0.8181818181818182	False
4624	198	0.7272727272727273	False
4624	1859	0.6363636363636364	True
4624	2609	0.5454545454545454	True
4624	3256	0.45454545454545453	True
4624	1964	0.36363636363636365	False
4624	2878	0.2727272727272727	True
4624	2961	0.18181818181818182	True
4624	911	0.09090909090909091	True
5861	257	0.9090909090909091	False
5861	2691	0.8181818181818182	False
5861	198	0.7272727272727273	False
5861	1964	0.6363636363636364	False
5861	1859	0.5454545454545454	True
5861	2263	0.45454545454545453	True
5861	2878	0.36363636363636365	True
5861	2356	0.2727272727272727	True
5861	2609	0.18181818181818182	True
5861	911	0.09090909090909091	True
341	257	0.9090909090909091	False
341	2691	0.8181818181818182	False
341	198	0.7272727272727273	False
341	846	0.6363636363636364	False
341	404	0.5454545454545454	True
341	1964	0.45454545454545453	False
341	59	0.36363636363636365	True
341	3256	0.2727272727272727	True
341	437	0.18181818181818182	True
341	2609	0.09090909090909091	True
3640	257	0.9090909090909091	False
3640	2691	0.8181818181818182	False
3640	198	0.7272727272727273	False
3640	2356	0.6363636363636364	True
3640	2609	0.5454545454545454	True
3640	592	0.45454545454545453	True
3640	1167	0.36363636363636365	True
3640	2878	0.2727272727272727	True
3640	437	0.18181818181818182	True
3640	3500	0.09090909090909091	True
4999	257	0.9090909090909091	False
4999	2691	0.8181818181818182	False
4999	198	0.7272727272727273	False
4999	1964	0.6363636363636364	False
4999	2609	0.5454545454545454	True
4999	592	0.45454545454545453	True
4999	2532	0.36363636363636365	True
4999	846	0.2727272727272727	False
4999	41	0.18181818181818182	True
4999	2356	0.09090909090909091	True
899	257	0.9090909090909091	False
899	2691	0.8181818181818182	False
899	198	0.7272727272727273	False
899	1964	0.6363636363636364	False
899	1531	0.5454545454545454	True
899	1859	0.45454545454545453	True
899	592	0.36363636363636365	True
899	2356	0.2727272727272727	True
899	834	0.18181818181818182	True
899	2878	0.09090909090909091	True
754	257	0.9090909090909091	False
754	2691	0.8181818181818182	False
754	198	0.7272727272727273	False
754	1964	0.6363636363636364	False
754	2532	0.5454545454545454	True
754	592	0.45454545454545453	True
754	1167	0.36363636363636365	True
754	846	0.2727272727272727	False
754	2263	0.18181818181818182	True
754	2609	0.09090909090909091	True
2564	257	0.9090909090909091	False
2564	198	0.8181818181818182	False
2564	2691	0.7272727272727273	False
2564	1964	0.6363636363636364	False
2564	2609	0.5454545454545454	True
2564	1859	0.45454545454545453	True
2564	2961	0.36363636363636365	True
2564	911	0.2727272727272727	True
2564	2532	0.18181818181818182	True
2564	846	0.09090909090909091	False
3265	257	0.9090909090909091	False
3265	2691	0.8181818181818182	False
3265	198	0.7272727272727273	False
3265	491	0.6363636363636364	True
3265	3729	0.5454545454545454	True
3265	1859	0.45454545454545453	True
3265	2961	0.36363636363636365	True
3265	546	0.2727272727272727	True
3265	2532	0.18181818181818182	True
3265	379	0.09090909090909091	True
5508	257	0.9090909090909091	False
5508	198	0.8181818181818182	False
5508	2691	0.7272727272727273	False
5508	1859	0.6363636363636364	True
5508	2878	0.5454545454545454	True
5508	1964	0.45454545454545453	False
5508	491	0.36363636363636365	True
5508	834	0.2727272727272727	True
5508	2961	0.18181818181818182	True
5508	2263	0.09090909090909091	True
5751	257	0.9090909090909091	False
5751	2691	0.8181818181818182	False
5751	198	0.7272727272727273	False
5751	3294	0.6363636363636364	True
5751	846	0.5454545454545454	False
5751	3001	0.45454545454545453	True
5751	3827	0.36363636363636365	True
5751	3256	0.2727272727272727	True
5751	479	0.18181818181818182	True
5751	926	0.09090909090909091	True
646	257	0.9090909090909091	False
646	2691	0.8181818181818182	False
646	198	0.7272727272727273	False
646	911	0.6363636363636364	True
646	2263	0.5454545454545454	True
646	1677	0.45454545454545453	True
646	2878	0.36363636363636365	True
646	484	0.2727272727272727	True
646	2361	0.18181818181818182	True
646	3256	0.09090909090909091	True
245	257	0.9090909090909091	False
245	2691	0.8181818181818182	False
245	198	0.7272727272727273	False
245	592	0.6363636363636364	True
245	846	0.5454545454545454	False
245	3500	0.45454545454545453	True
245	491	0.36363636363636365	True
245	437	0.2727272727272727	True
245	2932	0.18181818181818182	True
245	41	0.09090909090909091	True
812	257	0.9090909090909091	False
812	2691	0.8181818181818182	False
812	198	0.7272727272727273	False
812	1964	0.6363636363636364	False
812	1167	0.5454545454545454	True
812	846	0.45454545454545453	False
812	1295	0.36363636363636365	True
812	3729	0.2727272727272727	True
812	1553	0.18181818181818182	True
812	3001	0.09090909090909091	True
5311	257	0.9090909090909091	False
5311	2691	0.8181818181818182	False
5311	198	0.7272727272727273	False
5311	3001	0.6363636363636364	True
5311	2878	0.5454545454545454	True
5311	3294	0.45454545454545453	True
5311	59	0.36363636363636365	True
5311	2356	0.2727272727272727	True
5311	1964	0.18181818181818182	False
5311	2263	0.09090909090909091	True
208	257	0.9090909090909091	False
208	2691	0.8181818181818182	False
208	198	0.7272727272727273	False
208	1167	0.6363636363636364	True
208	3001	0.5454545454545454	True
208	491	0.45454545454545453	True
208	3256	0.36363636363636365	True
208	2263	0.2727272727272727	True
208	3500	0.18181818181818182	True
208	1295	0.09090909090909091	True
2330	257	0.9090909090909091	False
2330	2691	0.8181818181818182	False
2330	198	0.7272727272727273	False
2330	1964	0.6363636363636364	False
2330	2255	0.5454545454545454	True
2330	2532	0.45454545454545453	True
2330	2609	0.36363636363636365	True
2330	3001	0.2727272727272727	True
2330	2361	0.18181818181818182	True
2330	911	0.09090909090909091	True
3916	257	0.9090909090909091	False
3916	2691	0.8181818181818182	False
3916	198	0.7272727272727273	False
3916	2609	0.6363636363636364	True
3916	592	0.5454545454545454	True
3916	1964	0.45454545454545453	False
3916	911	0.36363636363636365	True
3916	2961	0.2727272727272727	True
3916	846	0.18181818181818182	False
3916	2532	0.09090909090909091	True
2111	257	0.9090909090909091	False
2111	2691	0.8181818181818182	False
2111	198	0.7272727272727273	False
2111	1859	0.6363636363636364	True
2111	1167	0.5454545454545454	True
2111	2263	0.45454545454545453	True
2111	379	0.36363636363636365	True
2111	1964	0.2727272727272727	False
2111	2961	0.18181818181818182	True
2111	2451	0.09090909090909091	True
4240	257	0.9090909090909091	False
4240	2691	0.8181818181818182	False
4240	198	0.7272727272727273	False
4240	1167	0.6363636363636364	True
4240	1964	0.5454545454545454	False
4240	3729	0.45454545454545453	True
4240	2878	0.36363636363636365	True
4240	2263	0.2727272727272727	True
4240	1859	0.18181818181818182	True
4240	846	0.09090909090909091	False
2824	257	0.9090909090909091	False
2824	2691	0.8181818181818182	False
2824	592	0.7272727272727273	True
2824	846	0.6363636363636364	False
2824	1167	0.5454545454545454	True
2824	2609	0.45454545454545453	True
2824	491	0.36363636363636365	True
2824	198	0.2727272727272727	False
2824	2356	0.18181818181818182	True
2824	379	0.09090909090909091	True
4503	257	0.9090909090909091	False
4503	2691	0.8181818181818182	False
4503	198	0.7272727272727273	False
4503	1167	0.6363636363636364	True
4503	1964	0.5454545454545454	False
4503	3827	0.45454545454545453	True
4503	3500	0.36363636363636365	True
4503	592	0.2727272727272727	True
4503	2263	0.18181818181818182	True
4503	2609	0.09090909090909091	True
934	257	0.9090909090909091	False
934	2691	0.8181818181818182	False
934	198	0.7272727272727273	False
934	2961	0.6363636363636364	True
934	1964	0.5454545454545454	False
934	1167	0.45454545454545453	True
934	2263	0.36363636363636365	True
934	1859	0.2727272727272727	True
934	592	0.18181818181818182	True
934	911	0.09090909090909091	True
5801	257	0.9090909090909091	False
5801	2691	0.8181818181818182	False
5801	198	0.7272727272727273	False
5801	1859	0.6363636363636364	True
5801	1964	0.5454545454545454	False
5801	491	0.45454545454545453	True
5801	2961	0.36363636363636365	True
5801	846	0.2727272727272727	False
5801	592	0.18181818181818182	True
5801	59	0.09090909090909091	True
2436	257	0.9090909090909091	False
2436	2691	0.8181818181818182	False
2436	1167	0.7272727272727273	True
2436	592	0.6363636363636364	True
2436	3827	0.5454545454545454	True
2436	479	0.45454545454545453	True
2436	41	0.36363636363636365	True
2436	2532	0.2727272727272727	True
2436	198	0.18181818181818182	False
2436	3001	0.09090909090909091	True
5606	257	0.9090909090909091	False
5606	2691	0.8181818181818182	False
5606	198	0.7272727272727273	False
5606	3294	0.6363636363636364	True
5606	1167	0.5454545454545454	True
5606	2532	0.45454545454545453	True
5606	2263	0.36363636363636365	True
5606	2609	0.2727272727272727	True
5606	2961	0.18181818181818182	True
5606	3001	0.09090909090909091	True
4579	257	0.9090909090909091	False
4579	2691	0.8181818181818182	False
4579	198	0.7272727272727273	False
4579	2961	0.6363636363636364	True
4579	846	0.5454545454545454	False
4579	1295	0.45454545454545453	True
4579	3256	0.36363636363636365	True
4579	3500	0.2727272727272727	True
4579	2451	0.18181818181818182	True
4579	491	0.09090909090909091	True
5199	257	0.9090909090909091	False
5199	2691	0.8181818181818182	False
5199	198	0.7272727272727273	False
5199	1859	0.6363636363636364	True
5199	1964	0.5454545454545454	False
5199	2961	0.45454545454545453	True
5199	3729	0.36363636363636365	True
5199	846	0.2727272727272727	False
5199	911	0.18181818181818182	True
5199	379	0.09090909090909091	True
360	257	0.9090909090909091	False
360	2691	0.8181818181818182	False
360	198	0.7272727272727273	False
360	592	0.6363636363636364	True
360	3729	0.5454545454545454	True
360	1859	0.45454545454545453	True
360	1964	0.36363636363636365	False
360	846	0.2727272727272727	False
360	2961	0.18181818181818182	True
360	491	0.09090909090909091	True
6007	257	0.9090909090909091	False
6007	2691	0.8181818181818182	False
6007	198	0.7272727272727273	False
6007	1859	0.6363636363636364	True
6007	3001	0.5454545454545454	True
6007	3294	0.45454545454545453	True
6007	1964	0.36363636363636365	False
6007	491	0.2727272727272727	True
6007	2532	0.18181818181818182	True
6007	2961	0.09090909090909091	True
2478	257	0.9090909090909091	False
2478	2691	0.8181818181818182	False
2478	198	0.7272727272727273	False
2478	592	0.6363636363636364	True
2478	29	0.5454545454545454	True
2478	3500	0.45454545454545453	True
2478	3827	0.36363636363636365	True
2478	846	0.2727272727272727	False
2478	3294	0.18181818181818182	True
2478	2451	0.09090909090909091	True
6028	257	0.9090909090909091	False
6028	2691	0.8181818181818182	False
6028	198	0.7272727272727273	False
6028	1964	0.6363636363636364	False
6028	911	0.5454545454545454	True
6028	2263	0.45454545454545453	True
6028	491	0.36363636363636365	True
6028	2961	0.2727272727272727	True
6028	2451	0.18181818181818182	True
6028	846	0.09090909090909091	False
4820	257	0.9090909090909091	False
4820	2691	0.8181818181818182	False
4820	198	0.7272727272727273	False
4820	2263	0.6363636363636364	True
4820	1964	0.5454545454545454	False
4820	1531	0.45454545454545453	True
4820	911	0.36363636363636365	True
4820	3001	0.2727272727272727	True
4820	3294	0.18181818181818182	True
4820	1677	0.09090909090909091	True
3225	257	0.9090909090909091	False
3225	2691	0.8181818181818182	False
3225	198	0.7272727272727273	False
3225	1167	0.6363636363636364	True
3225	404	0.5454545454545454	True
3225	2609	0.45454545454545453	True
3225	592	0.36363636363636365	True
3225	846	0.2727272727272727	False
3225	1964	0.18181818181818182	False
3225	2356	0.09090909090909091	True
570	257	0.9090909090909091	False
570	2691	0.8181818181818182	False
570	198	0.7272727272727273	False
570	1964	0.6363636363636364	False
570	846	0.5454545454545454	False
570	1167	0.45454545454545453	True
570	3294	0.36363636363636365	True
570	2361	0.2727272727272727	True
570	911	0.18181818181818182	True
570	2532	0.09090909090909091	True
5777	257	0.9090909090909091	False
5777	2691	0.8181818181818182	False
5777	198	0.7272727272727273	False
5777	1964	0.6363636363636364	False
5777	3729	0.5454545454545454	True
5777	592	0.45454545454545453	True
5777	2532	0.36363636363636365	True
5777	1167	0.2727272727272727	True
5777	911	0.18181818181818182	True
5777	3256	0.09090909090909091	True
2132	257	0.9090909090909091	False
2132	2691	0.8181818181818182	False
2132	198	0.7272727272727273	False
2132	1964	0.6363636363636364	False
2132	846	0.5454545454545454	False
2132	3729	0.45454545454545453	True
2132	911	0.36363636363636365	True
2132	2263	0.2727272727272727	True
2132	491	0.18181818181818182	True
2132	1167	0.09090909090909091	True
4377	257	0.9090909090909091	False
4377	2691	0.8181818181818182	False
4377	198	0.7272727272727273	False
4377	3294	0.6363636363636364	True
4377	2263	0.5454545454545454	True
4377	2961	0.45454545454545453	True
4377	1167	0.36363636363636365	True
4377	846	0.2727272727272727	False
4377	41	0.18181818181818182	True
4377	3827	0.09090909090909091	True
1379	257	0.9090909090909091	False
1379	2691	0.8181818181818182	False
1379	198	0.7272727272727273	False
1379	592	0.6363636363636364	True
1379	1964	0.5454545454545454	False
1379	846	0.45454545454545453	False
1379	2451	0.36363636363636365	True
1379	1167	0.2727272727272727	True
1379	2878	0.18181818181818182	True
1379	3256	0.09090909090909091	True
1788	257	0.9090909090909091	False
1788	2691	0.8181818181818182	False
1788	198	0.7272727272727273	False
1788	3294	0.6363636363636364	True
1788	911	0.5454545454545454	True
1788	2609	0.45454545454545453	True
1788	491	0.36363636363636365	True
1788	2961	0.2727272727272727	True
1788	1859	0.18181818181818182	True
1788	2361	0.09090909090909091	True
5578	257	0.9090909090909091	False
5578	2691	0.8181818181818182	False
5578	1531	0.7272727272727273	True
5578	1859	0.6363636363636364	True
5578	198	0.5454545454545454	False
5578	3294	0.45454545454545453	True
5578	3001	0.36363636363636365	True
5578	592	0.2727272727272727	True
5578	2356	0.18181818181818182	True
5578	2961	0.09090909090909091	True
4385	257	0.9090909090909091	False
4385	2691	0.8181818181818182	False
4385	2361	0.7272727272727273	True
4385	198	0.6363636363636364	False
4385	911	0.5454545454545454	True
4385	1531	0.45454545454545453	True
4385	3294	0.36363636363636365	True
4385	479	0.2727272727272727	True
4385	2532	0.18181818181818182	True
4385	3827	0.09090909090909091	True
1145	257	0.9090909090909091	False
1145	2691	0.8181818181818182	False
1145	198	0.7272727272727273	False
1145	491	0.6363636363636364	True
1145	1167	0.5454545454545454	True
1145	2263	0.45454545454545453	True
1145	1964	0.36363636363636365	False
1145	2609	0.2727272727272727	True
1145	1859	0.18181818181818182	True
1145	2532	0.09090909090909091	True
476	257	0.9090909090909091	False
476	2691	0.8181818181818182	False
476	198	0.7272727272727273	False
476	491	0.6363636363636364	True
476	2961	0.5454545454545454	True
476	1859	0.45454545454545453	True
476	1531	0.36363636363636365	True
476	911	0.2727272727272727	True
476	592	0.18181818181818182	True
476	1964	0.09090909090909091	False
5236	257	0.9090909090909091	False
5236	198	0.8181818181818182	False
5236	2691	0.7272727272727273	False
5236	2532	0.6363636363636364	True
5236	1859	0.5454545454545454	True
5236	1964	0.45454545454545453	False
5236	2609	0.36363636363636365	True
5236	437	0.2727272727272727	True
5236	2961	0.18181818181818182	True
5236	3729	0.09090909090909091	True
2145	257	0.9090909090909091	False
2145	2691	0.8181818181818182	False
2145	1167	0.7272727272727273	True
2145	1964	0.6363636363636364	False
2145	198	0.5454545454545454	False
2145	1531	0.45454545454545453	True
2145	592	0.36363636363636365	True
2145	2356	0.2727272727272727	True
2145	2609	0.18181818181818182	True
2145	2878	0.09090909090909091	True
3577	257	0.9090909090909091	False
3577	2691	0.8181818181818182	False
3577	198	0.7272727272727273	False
3577	491	0.6363636363636364	True
3577	846	0.5454545454545454	False
3577	592	0.45454545454545453	True
3577	2451	0.36363636363636365	True
3577	2493	0.2727272727272727	True
3577	1167	0.18181818181818182	True
3577	1964	0.09090909090909091	False
2118	257	0.9090909090909091	False
2118	2691	0.8181818181818182	False
2118	198	0.7272727272727273	False
2118	491	0.6363636363636364	True
2118	3001	0.5454545454545454	True
2118	1167	0.45454545454545453	True
2118	59	0.36363636363636365	True
2118	1859	0.2727272727272727	True
2118	1964	0.18181818181818182	False
2118	3294	0.09090909090909091	True
1239	257	0.9090909090909091	False
1239	2691	0.8181818181818182	False
1239	198	0.7272727272727273	False
1239	3256	0.6363636363636364	True
1239	3294	0.5454545454545454	True
1239	1859	0.45454545454545453	True
1239	1167	0.36363636363636365	True
1239	3001	0.2727272727272727	True
1239	2961	0.18181818181818182	True
1239	491	0.09090909090909091	True
1865	257	0.9090909090909091	False
1865	2691	0.8181818181818182	False
1865	198	0.7272727272727273	False
1865	911	0.6363636363636364	True
1865	1964	0.5454545454545454	False
1865	491	0.45454545454545453	True
1865	2961	0.36363636363636365	True
1865	846	0.2727272727272727	False
1865	2361	0.18181818181818182	True
1865	592	0.09090909090909091	True
5352	257	0.9090909090909091	False
5352	2691	0.8181818181818182	False
5352	198	0.7272727272727273	False
5352	592	0.6363636363636364	True
5352	1964	0.5454545454545454	False
5352	3256	0.45454545454545453	True
5352	911	0.36363636363636365	True
5352	404	0.2727272727272727	True
5352	2263	0.18181818181818182	True
5352	2961	0.09090909090909091	True
6019	257	0.9090909090909091	False
6019	2691	0.8181818181818182	False
6019	198	0.7272727272727273	False
6019	437	0.6363636363636364	True
6019	404	0.5454545454545454	True
6019	3256	0.45454545454545453	True
6019	1859	0.36363636363636365	True
6019	911	0.2727272727272727	True
6019	2961	0.18181818181818182	True
6019	834	0.09090909090909091	True
409	257	0.9090909090909091	False
409	2691	0.8181818181818182	False
409	198	0.7272727272727273	False
409	491	0.6363636363636364	True
409	1859	0.5454545454545454	True
409	1964	0.45454545454545453	False
409	2609	0.36363636363636365	True
409	1531	0.2727272727272727	True
409	2263	0.18181818181818182	True
409	1167	0.09090909090909091	True
3072	257	0.9090909090909091	False
3072	2691	0.8181818181818182	False
3072	198	0.7272727272727273	False
3072	911	0.6363636363636364	True
3072	2532	0.5454545454545454	True
3072	846	0.45454545454545453	False
3072	437	0.36363636363636365	True
3072	2361	0.2727272727272727	True
3072	41	0.18181818181818182	True
3072	1295	0.09090909090909091	True
4507	257	0.9090909090909091	False
4507	2691	0.8181818181818182	False
4507	198	0.7272727272727273	False
4507	1859	0.6363636363636364	True
4507	3294	0.5454545454545454	True
4507	2961	0.45454545454545453	True
4507	404	0.36363636363636365	True
4507	1167	0.2727272727272727	True
4507	1677	0.18181818181818182	True
4507	2451	0.09090909090909091	True
5893	257	0.9090909090909091	False
5893	198	0.8181818181818182	False
5893	2691	0.7272727272727273	False
5893	437	0.6363636363636364	True
5893	592	0.5454545454545454	True
5893	846	0.45454545454545453	False
5893	2961	0.36363636363636365	True
5893	2609	0.2727272727272727	True
5893	3827	0.18181818181818182	True
5893	834	0.09090909090909091	True
5419	257	0.9090909090909091	False
5419	2691	0.8181818181818182	False
5419	198	0.7272727272727273	False
5419	1167	0.6363636363636364	True
5419	2263	0.5454545454545454	True
5419	2878	0.45454545454545453	True
5419	846	0.36363636363636365	False
5419	1295	0.2727272727272727	True
5419	2451	0.18181818181818182	True
5419	3729	0.09090909090909091	True
3720	257	0.9090909090909091	False
3720	2691	0.8181818181818182	False
3720	198	0.7272727272727273	False
3720	2361	0.6363636363636364	True
3720	1859	0.5454545454545454	True
3720	3294	0.45454545454545453	True
3720	2961	0.36363636363636365	True
3720	3001	0.2727272727272727	True
3720	846	0.18181818181818182	False
3720	3402	0.09090909090909091	True
2878	257	0.9090909090909091	False
2878	2691	0.8181818181818182	False
2878	198	0.7272727272727273	False
2878	437	0.6363636363636364	True
2878	911	0.5454545454545454	True
2878	2961	0.45454545454545453	True
2878	2356	0.36363636363636365	True
2878	592	0.2727272727272727	True
2878	2878	0.18181818181818182	True
2878	491	0.09090909090909091	True
3506	257	0.9090909090909091	False
3506	2691	0.8181818181818182	False
3506	198	0.7272727272727273	False
3506	1964	0.6363636363636364	False
3506	2532	0.5454545454545454	True
3506	404	0.45454545454545453	True
3506	3294	0.36363636363636365	True
3506	1167	0.2727272727272727	True
3506	1531	0.18181818181818182	True
3506	491	0.09090909090909091	True
1362	257	0.9090909090909091	False
1362	2691	0.8181818181818182	False
1362	198	0.7272727272727273	False
1362	404	0.6363636363636364	True
1362	2263	0.5454545454545454	True
1362	1167	0.45454545454545453	True
1362	2609	0.36363636363636365	True
1362	2532	0.2727272727272727	True
1362	3256	0.18181818181818182	True
1362	3294	0.09090909090909091	True
1363	257	0.9090909090909091	False
1363	2691	0.8181818181818182	False
1363	198	0.7272727272727273	False
1363	592	0.6363636363636364	True
1363	2451	0.5454545454545454	True
1363	1167	0.45454545454545453	True
1363	1964	0.36363636363636365	False
1363	404	0.2727272727272727	True
1363	846	0.18181818181818182	False
1363	2609	0.09090909090909091	True
597	257	0.9090909090909091	False
597	2691	0.8181818181818182	False
597	198	0.7272727272727273	False
597	1964	0.6363636363636364	False
597	3256	0.5454545454545454	True
597	911	0.45454545454545453	True
597	3729	0.36363636363636365	True
597	404	0.2727272727272727	True
597	2878	0.18181818181818182	True
597	2263	0.09090909090909091	True
3081	257	0.9090909090909091	False
3081	2691	0.8181818181818182	False
3081	198	0.7272727272727273	False
3081	2263	0.6363636363636364	True
3081	2609	0.5454545454545454	True
3081	3256	0.45454545454545453	True
3081	2532	0.36363636363636365	True
3081	846	0.2727272727272727	False
3081	911	0.18181818181818182	True
3081	3294	0.09090909090909091	True
