1846	2571	0.9090909090909091	False
1846	877	0.8181818181818182	False
1846	2149	0.7272727272727273	False
1846	1645	0.6363636363636364	False
1846	2440	0.5454545454545454	True
1846	543	0.45454545454545453	False
1846	1081	0.36363636363636365	True
1846	3644	0.2727272727272727	True
1846	3705	0.18181818181818182	True
1846	1346	0.09090909090909091	True
2712	877	0.9090909090909091	False
2712	2571	0.8181818181818182	False
2712	2149	0.7272727272727273	False
2712	3705	0.6363636363636364	True
2712	2440	0.5454545454545454	True
2712	959	0.45454545454545453	True
2712	1645	0.36363636363636365	False
2712	543	0.2727272727272727	False
2712	1346	0.18181818181818182	True
2712	1081	0.09090909090909091	True
2847	2149	0.9090909090909091	False
2847	3690	0.8181818181818182	True
2847	877	0.7272727272727273	False
2847	2440	0.6363636363636364	True
2847	3705	0.5454545454545454	True
2847	3644	0.45454545454545453	True
2847	2571	0.36363636363636365	False
2847	959	0.2727272727272727	True
2847	1645	0.18181818181818182	False
2847	3836	0.09090909090909091	True
1726	877	0.9090909090909091	False
1726	2149	0.8181818181818182	False
1726	543	0.7272727272727273	False
1726	1645	0.6363636363636364	False
1726	2571	0.5454545454545454	False
1726	3705	0.45454545454545453	True
1726	3644	0.36363636363636365	True
1726	959	0.2727272727272727	True
1726	1346	0.18181818181818182	True
1726	3091	0.09090909090909091	True
2148	877	0.9090909090909091	False
2148	2149	0.8181818181818182	False
2148	1346	0.7272727272727273	True
2148	2571	0.6363636363636364	False
2148	1645	0.5454545454545454	False
2148	543	0.45454545454545453	False
2148	3644	0.36363636363636365	True
2148	3705	0.2727272727272727	True
2148	959	0.18181818181818182	True
2148	2440	0.09090909090909091	True
5243	877	0.9090909090909091	False
5243	2149	0.8181818181818182	False
5243	2571	0.7272727272727273	False
5243	1645	0.6363636363636364	False
5243	543	0.5454545454545454	False
5243	2440	0.45454545454545453	True
5243	3705	0.36363636363636365	True
5243	3644	0.2727272727272727	True
5243	959	0.18181818181818182	True
5243	1346	0.09090909090909091	True
4445	2149	0.9090909090909091	False
4445	877	0.8181818181818182	False
4445	2440	0.7272727272727273	True
4445	1645	0.6363636363636364	False
4445	3644	0.5454545454545454	True
4445	3705	0.45454545454545453	True
4445	2571	0.36363636363636365	False
4445	543	0.2727272727272727	False
4445	959	0.18181818181818182	True
4445	1346	0.09090909090909091	True
256	2149	0.9090909090909091	False
256	959	0.8181818181818182	True
256	877	0.7272727272727273	False
256	3705	0.6363636363636364	True
256	3644	0.5454545454545454	True
256	543	0.45454545454545453	False
256	2571	0.36363636363636365	False
256	2440	0.2727272727272727	True
256	1645	0.18181818181818182	False
256	1081	0.09090909090909091	True
4404	2149	0.9090909090909091	False
4404	2571	0.8181818181818182	False
4404	543	0.7272727272727273	False
4404	877	0.6363636363636364	False
4404	1645	0.5454545454545454	False
4404	3644	0.45454545454545453	True
4404	1081	0.36363636363636365	True
4404	2440	0.2727272727272727	True
4404	3705	0.18181818181818182	True
4404	1346	0.09090909090909091	True
4773	2149	0.9090909090909091	False
4773	543	0.8181818181818182	False
4773	877	0.7272727272727273	False
4773	959	0.6363636363636364	True
4773	3644	0.5454545454545454	True
4773	2571	0.45454545454545453	False
4773	1645	0.36363636363636365	False
4773	3705	0.2727272727272727	True
4773	2440	0.18181818181818182	True
4773	1346	0.09090909090909091	True
4073	877	0.9090909090909091	False
4073	2149	0.8181818181818182	False
4073	959	0.7272727272727273	True
4073	2571	0.6363636363636364	False
4073	3705	0.5454545454545454	True
4073	2440	0.45454545454545453	True
4073	1645	0.36363636363636365	False
4073	1346	0.2727272727272727	True
4073	543	0.18181818181818182	False
4073	3690	0.09090909090909091	True
31	877	0.9090909090909091	False
31	2440	0.8181818181818182	True
31	3644	0.7272727272727273	True
31	3705	0.6363636363636364	True
31	543	0.5454545454545454	False
31	2149	0.45454545454545453	False
31	1645	0.36363636363636365	False
31	2310	0.2727272727272727	True
31	2571	0.18181818181818182	False
31	1346	0.09090909090909091	True
5580	2440	0.9090909090909091	True
5580	2571	0.8181818181818182	False
5580	2149	0.7272727272727273	False
5580	877	0.6363636363636364	False
5580	3644	0.5454545454545454	True
5580	1645	0.45454545454545453	False
5580	959	0.36363636363636365	True
5580	543	0.2727272727272727	False
5580	3705	0.18181818181818182	True
5580	1081	0.09090909090909091	True
5787	877	0.9090909090909091	False
5787	3644	0.8181818181818182	True
5787	2149	0.7272727272727273	False
5787	2571	0.6363636363636364	False
5787	543	0.5454545454545454	False
5787	1081	0.45454545454545453	True
5787	959	0.36363636363636365	True
5787	1645	0.2727272727272727	False
5787	3690	0.18181818181818182	True
5787	2440	0.09090909090909091	True
4507	2149	0.9090909090909091	False
4507	3644	0.8181818181818182	True
4507	877	0.7272727272727273	False
4507	543	0.6363636363636364	False
4507	1346	0.5454545454545454	True
4507	1645	0.45454545454545453	False
4507	2571	0.36363636363636365	False
4507	2440	0.2727272727272727	True
4507	3705	0.18181818181818182	True
4507	3091	0.09090909090909091	True
5464	877	0.9090909090909091	False
5464	2149	0.8181818181818182	False
5464	2440	0.7272727272727273	True
5464	3644	0.6363636363636364	True
5464	2571	0.5454545454545454	False
5464	543	0.45454545454545453	False
5464	3705	0.36363636363636365	True
5464	1346	0.2727272727272727	True
5464	959	0.18181818181818182	True
5464	1645	0.09090909090909091	False
3256	877	0.9090909090909091	False
3256	2149	0.8181818181818182	False
3256	1645	0.7272727272727273	False
3256	1346	0.6363636363636364	True
3256	3705	0.5454545454545454	True
3256	543	0.45454545454545453	False
3256	959	0.36363636363636365	True
3256	2571	0.2727272727272727	False
3256	2440	0.18181818181818182	True
3256	3836	0.09090909090909091	True
1539	877	0.9090909090909091	False
1539	2149	0.8181818181818182	False
1539	3644	0.7272727272727273	True
1539	543	0.6363636363636364	False
1539	2571	0.5454545454545454	False
1539	2440	0.45454545454545453	True
1539	1346	0.36363636363636365	True
1539	3705	0.2727272727272727	True
1539	1645	0.18181818181818182	False
1539	3091	0.09090909090909091	True
2469	3644	0.9090909090909091	True
2469	877	0.8181818181818182	False
2469	2149	0.7272727272727273	False
2469	2440	0.6363636363636364	True
2469	543	0.5454545454545454	False
2469	2571	0.45454545454545453	False
2469	1346	0.36363636363636365	True
2469	1645	0.2727272727272727	False
2469	3705	0.18181818181818182	True
2469	2310	0.09090909090909091	True
3924	543	0.9090909090909091	False
3924	2149	0.8181818181818182	False
3924	1645	0.7272727272727273	False
3924	2571	0.6363636363636364	False
3924	3705	0.5454545454545454	True
3924	3644	0.45454545454545453	True
3924	2440	0.36363636363636365	True
3924	877	0.2727272727272727	False
3924	959	0.18181818181818182	True
3924	1346	0.09090909090909091	True
4877	2149	0.9090909090909091	False
4877	543	0.8181818181818182	False
4877	877	0.7272727272727273	False
4877	1645	0.6363636363636364	False
4877	2571	0.5454545454545454	False
4877	1346	0.45454545454545453	True
4877	2310	0.36363636363636365	True
4877	3644	0.2727272727272727	True
4877	3705	0.18181818181818182	True
4877	2440	0.09090909090909091	True
466	877	0.9090909090909091	False
466	2149	0.8181818181818182	False
466	1645	0.7272727272727273	False
466	543	0.6363636363636364	False
466	2571	0.5454545454545454	False
466	2440	0.45454545454545453	True
466	3705	0.36363636363636365	True
466	959	0.2727272727272727	True
466	3644	0.18181818181818182	True
466	3836	0.09090909090909091	True
4881	877	0.9090909090909091	False
4881	3705	0.8181818181818182	True
4881	2149	0.7272727272727273	False
4881	543	0.6363636363636364	False
4881	1645	0.5454545454545454	False
4881	959	0.45454545454545453	True
4881	2440	0.36363636363636365	True
4881	3644	0.2727272727272727	True
4881	2571	0.18181818181818182	False
4881	1346	0.09090909090909091	True
3447	877	0.9090909090909091	False
3447	2440	0.8181818181818182	True
3447	2149	0.7272727272727273	False
3447	3644	0.6363636363636364	True
3447	2571	0.5454545454545454	False
3447	3705	0.45454545454545453	True
3447	2310	0.36363636363636365	True
3447	1645	0.2727272727272727	False
3447	543	0.18181818181818182	False
3447	1081	0.09090909090909091	True
3339	1346	0.9090909090909091	True
3339	2149	0.8181818181818182	False
3339	2440	0.7272727272727273	True
3339	1645	0.6363636363636364	False
3339	543	0.5454545454545454	False
3339	877	0.45454545454545453	False
3339	2571	0.36363636363636365	False
3339	3705	0.2727272727272727	True
3339	3836	0.18181818181818182	True
3339	3644	0.09090909090909091	True
2436	877	0.9090909090909091	False
2436	2149	0.8181818181818182	False
2436	2571	0.7272727272727273	False
2436	2440	0.6363636363636364	True
2436	3644	0.5454545454545454	True
2436	1645	0.45454545454545453	False
2436	3705	0.36363636363636365	True
2436	1346	0.2727272727272727	True
2436	959	0.18181818181818182	True
2436	2310	0.09090909090909091	True
2048	2440	0.9090909090909091	True
2048	2571	0.8181818181818182	False
2048	2149	0.7272727272727273	False
2048	3705	0.6363636363636364	True
2048	877	0.5454545454545454	False
2048	1645	0.45454545454545453	False
2048	543	0.36363636363636365	False
2048	3644	0.2727272727272727	True
2048	3690	0.18181818181818182	True
2048	3836	0.09090909090909091	True
2026	2149	0.9090909090909091	False
2026	877	0.8181818181818182	False
2026	3705	0.7272727272727273	True
2026	3644	0.6363636363636364	True
2026	1346	0.5454545454545454	True
2026	2571	0.45454545454545453	False
2026	543	0.36363636363636365	False
2026	3091	0.2727272727272727	True
2026	959	0.18181818181818182	True
2026	2440	0.09090909090909091	True
2797	2440	0.9090909090909091	True
2797	877	0.8181818181818182	False
2797	3644	0.7272727272727273	True
2797	2571	0.6363636363636364	False
2797	2149	0.5454545454545454	False
2797	543	0.45454545454545453	False
2797	2310	0.36363636363636365	True
2797	1645	0.2727272727272727	False
2797	959	0.18181818181818182	True
2797	3705	0.09090909090909091	True
1215	2149	0.9090909090909091	False
1215	959	0.8181818181818182	True
1215	877	0.7272727272727273	False
1215	3644	0.6363636363636364	True
1215	1645	0.5454545454545454	False
1215	543	0.45454545454545453	False
1215	2440	0.36363636363636365	True
1215	3836	0.2727272727272727	True
1215	3705	0.18181818181818182	True
1215	2571	0.09090909090909091	False
4670	2440	0.9090909090909091	True
4670	2149	0.8181818181818182	False
4670	2571	0.7272727272727273	False
4670	3644	0.6363636363636364	True
4670	543	0.5454545454545454	False
4670	1645	0.45454545454545453	False
4670	1346	0.36363636363636365	True
4670	877	0.2727272727272727	False
4670	3705	0.18181818181818182	True
4670	2310	0.09090909090909091	True
5061	543	0.9090909090909091	False
5061	2440	0.8181818181818182	True
5061	877	0.7272727272727273	False
5061	3705	0.6363636363636364	True
5061	2149	0.5454545454545454	False
5061	3836	0.45454545454545453	True
5061	3644	0.36363636363636365	True
5061	1346	0.2727272727272727	True
5061	2310	0.18181818181818182	True
5061	2571	0.09090909090909091	False
4816	877	0.9090909090909091	False
4816	2571	0.8181818181818182	False
4816	2149	0.7272727272727273	False
4816	2440	0.6363636363636364	True
4816	3644	0.5454545454545454	True
4816	1346	0.45454545454545453	True
4816	1645	0.36363636363636365	False
4816	543	0.2727272727272727	False
4816	959	0.18181818181818182	True
4816	3091	0.09090909090909091	True
4393	877	0.9090909090909091	False
4393	2440	0.8181818181818182	True
4393	1645	0.7272727272727273	False
4393	2571	0.6363636363636364	False
4393	2149	0.5454545454545454	False
4393	1346	0.45454545454545453	True
4393	543	0.36363636363636365	False
4393	1081	0.2727272727272727	True
4393	3705	0.18181818181818182	True
4393	3836	0.09090909090909091	True
1360	2440	0.9090909090909091	True
1360	877	0.8181818181818182	False
1360	2571	0.7272727272727273	False
1360	1645	0.6363636363636364	False
1360	543	0.5454545454545454	False
1360	1346	0.45454545454545453	True
1360	2149	0.36363636363636365	False
1360	3705	0.2727272727272727	True
1360	3644	0.18181818181818182	True
1360	1081	0.09090909090909091	True
653	2149	0.9090909090909091	False
653	877	0.8181818181818182	False
653	959	0.7272727272727273	True
653	2571	0.6363636363636364	False
653	2440	0.5454545454545454	True
653	543	0.45454545454545453	False
653	3644	0.36363636363636365	True
653	1645	0.2727272727272727	False
653	3705	0.18181818181818182	True
653	1346	0.09090909090909091	True
2207	2149	0.9090909090909091	False
2207	2571	0.8181818181818182	False
2207	877	0.7272727272727273	False
2207	2440	0.6363636363636364	True
2207	543	0.5454545454545454	False
2207	1645	0.45454545454545453	False
2207	3644	0.36363636363636365	True
2207	3705	0.2727272727272727	True
2207	1346	0.18181818181818182	True
2207	959	0.09090909090909091	True
1509	877	0.9090909090909091	False
1509	2440	0.8181818181818182	True
1509	2149	0.7272727272727273	False
1509	3644	0.6363636363636364	True
1509	3705	0.5454545454545454	True
1509	2571	0.45454545454545453	False
1509	1645	0.36363636363636365	False
1509	1346	0.2727272727272727	True
1509	1081	0.18181818181818182	True
1509	3690	0.09090909090909091	True
4132	877	0.9090909090909091	False
4132	1645	0.8181818181818182	False
4132	2149	0.7272727272727273	False
4132	2571	0.6363636363636364	False
4132	2440	0.5454545454545454	True
4132	543	0.45454545454545453	False
4132	3644	0.36363636363636365	True
4132	3705	0.2727272727272727	True
4132	1346	0.18181818181818182	True
4132	1081	0.09090909090909091	True
2945	2149	0.9090909090909091	False
2945	877	0.8181818181818182	False
2945	3705	0.7272727272727273	True
2945	2571	0.6363636363636364	False
2945	959	0.5454545454545454	True
2945	543	0.45454545454545453	False
2945	1645	0.36363636363636365	False
2945	3091	0.2727272727272727	True
2945	1346	0.18181818181818182	True
2945	2440	0.09090909090909091	True
1778	3644	0.9090909090909091	True
1778	2149	0.8181818181818182	False
1778	877	0.7272727272727273	False
1778	2440	0.6363636363636364	True
1778	2571	0.5454545454545454	False
1778	1645	0.45454545454545453	False
1778	543	0.36363636363636365	False
1778	959	0.2727272727272727	True
1778	3705	0.18181818181818182	True
1778	1346	0.09090909090909091	True
5989	877	0.9090909090909091	False
5989	2149	0.8181818181818182	False
5989	2440	0.7272727272727273	True
5989	2571	0.6363636363636364	False
5989	959	0.5454545454545454	True
5989	1645	0.45454545454545453	False
5989	543	0.36363636363636365	False
5989	3705	0.2727272727272727	True
5989	3644	0.18181818181818182	True
5989	697	0.09090909090909091	True
1687	877	0.9090909090909091	False
1687	2149	0.8181818181818182	False
1687	2571	0.7272727272727273	False
1687	2440	0.6363636363636364	True
1687	3690	0.5454545454545454	True
1687	1645	0.45454545454545453	False
1687	3644	0.36363636363636365	True
1687	3705	0.2727272727272727	True
1687	2310	0.18181818181818182	True
1687	1081	0.09090909090909091	True
1385	2149	0.9090909090909091	False
1385	877	0.8181818181818182	False
1385	3705	0.7272727272727273	True
1385	3644	0.6363636363636364	True
1385	2440	0.5454545454545454	True
1385	543	0.45454545454545453	False
1385	2571	0.36363636363636365	False
1385	1645	0.2727272727272727	False
1385	1346	0.18181818181818182	True
1385	3836	0.09090909090909091	True
3047	3644	0.9090909090909091	True
3047	2149	0.8181818181818182	False
3047	2440	0.7272727272727273	True
3047	2571	0.6363636363636364	False
3047	877	0.5454545454545454	False
3047	543	0.45454545454545453	False
3047	1645	0.36363636363636365	False
3047	3705	0.2727272727272727	True
3047	1346	0.18181818181818182	True
3047	3836	0.09090909090909091	True
2190	877	0.9090909090909091	False
2190	2149	0.8181818181818182	False
2190	3644	0.7272727272727273	True
2190	3705	0.6363636363636364	True
2190	3690	0.5454545454545454	True
2190	959	0.45454545454545453	True
2190	2440	0.36363636363636365	True
2190	3836	0.2727272727272727	True
2190	1645	0.18181818181818182	False
2190	2571	0.09090909090909091	False
262	877	0.9090909090909091	False
262	3644	0.8181818181818182	True
262	2440	0.7272727272727273	True
262	2149	0.6363636363636364	False
262	2310	0.5454545454545454	True
262	543	0.45454545454545453	False
262	2571	0.36363636363636365	False
262	1346	0.2727272727272727	True
262	3705	0.18181818181818182	True
262	3836	0.09090909090909091	True
379	877	0.9090909090909091	False
379	3644	0.8181818181818182	True
379	2149	0.7272727272727273	False
379	543	0.6363636363636364	False
379	2571	0.5454545454545454	False
379	959	0.45454545454545453	True
379	3705	0.36363636363636365	True
379	1346	0.2727272727272727	True
379	3091	0.18181818181818182	True
379	1645	0.09090909090909091	False
4474	2571	0.9090909090909091	False
4474	877	0.8181818181818182	False
4474	2149	0.7272727272727273	False
4474	3644	0.6363636363636364	True
4474	1645	0.5454545454545454	False
4474	543	0.45454545454545453	False
4474	2310	0.36363636363636365	True
4474	2440	0.2727272727272727	True
4474	1081	0.18181818181818182	True
4474	2293	0.09090909090909091	True
3752	877	0.9090909090909091	False
3752	3836	0.8181818181818182	True
3752	2440	0.7272727272727273	True
3752	2149	0.6363636363636364	False
3752	1081	0.5454545454545454	True
3752	1645	0.45454545454545453	False
3752	1346	0.36363636363636365	True
3752	959	0.2727272727272727	True
3752	3705	0.18181818181818182	True
3752	543	0.09090909090909091	False
318	2149	0.9090909090909091	False
318	2571	0.8181818181818182	False
318	877	0.7272727272727273	False
318	543	0.6363636363636364	False
318	2440	0.5454545454545454	True
318	3644	0.45454545454545453	True
318	1645	0.36363636363636365	False
318	3705	0.2727272727272727	True
318	959	0.18181818181818182	True
318	1081	0.09090909090909091	True
5403	877	0.9090909090909091	False
5403	2149	0.8181818181818182	False
5403	1645	0.7272727272727273	False
5403	3644	0.6363636363636364	True
5403	1081	0.5454545454545454	True
5403	2440	0.45454545454545453	True
5403	2571	0.36363636363636365	False
5403	1346	0.2727272727272727	True
5403	543	0.18181818181818182	False
5403	959	0.09090909090909091	True
1251	877	0.9090909090909091	False
1251	2149	0.8181818181818182	False
1251	2440	0.7272727272727273	True
1251	3705	0.6363636363636364	True
1251	3644	0.5454545454545454	True
1251	2571	0.45454545454545453	False
1251	959	0.36363636363636365	True
1251	1645	0.2727272727272727	False
1251	1346	0.18181818181818182	True
1251	543	0.09090909090909091	False
4533	877	0.9090909090909091	False
4533	2149	0.8181818181818182	False
4533	3644	0.7272727272727273	True
4533	543	0.6363636363636364	False
4533	2440	0.5454545454545454	True
4533	959	0.45454545454545453	True
4533	1645	0.36363636363636365	False
4533	1346	0.2727272727272727	True
4533	2571	0.18181818181818182	False
4533	3705	0.09090909090909091	True
5752	2440	0.9090909090909091	True
5752	2149	0.8181818181818182	False
5752	877	0.7272727272727273	False
5752	2571	0.6363636363636364	False
5752	3644	0.5454545454545454	True
5752	1645	0.45454545454545453	False
5752	3836	0.36363636363636365	True
5752	2310	0.2727272727272727	True
5752	3705	0.18181818181818182	True
5752	1346	0.09090909090909091	True
569	877	0.9090909090909091	False
569	2571	0.8181818181818182	False
569	2149	0.7272727272727273	False
569	1645	0.6363636363636364	False
569	2293	0.5454545454545454	True
569	1081	0.45454545454545453	True
569	1346	0.36363636363636365	True
569	3644	0.2727272727272727	True
569	959	0.18181818181818182	True
569	543	0.09090909090909091	False
1085	877	0.9090909090909091	False
1085	2149	0.8181818181818182	False
1085	959	0.7272727272727273	True
1085	2440	0.6363636363636364	True
1085	3836	0.5454545454545454	True
1085	3644	0.45454545454545453	True
1085	1645	0.36363636363636365	False
1085	2571	0.2727272727272727	False
1085	3705	0.18181818181818182	True
1085	543	0.09090909090909091	False
2535	2149	0.9090909090909091	False
2535	877	0.8181818181818182	False
2535	1645	0.7272727272727273	False
2535	2571	0.6363636363636364	False
2535	543	0.5454545454545454	False
2535	3644	0.45454545454545453	True
2535	2440	0.36363636363636365	True
2535	959	0.2727272727272727	True
2535	1081	0.18181818181818182	True
2535	3705	0.09090909090909091	True
4595	877	0.9090909090909091	False
4595	2149	0.8181818181818182	False
4595	2571	0.7272727272727273	False
4595	2440	0.6363636363636364	True
4595	3644	0.5454545454545454	True
4595	1645	0.45454545454545453	False
4595	959	0.36363636363636365	True
4595	543	0.2727272727272727	False
4595	3705	0.18181818181818182	True
4595	1346	0.09090909090909091	True
5917	877	0.9090909090909091	False
5917	2149	0.8181818181818182	False
5917	1645	0.7272727272727273	False
5917	2571	0.6363636363636364	False
5917	2440	0.5454545454545454	True
5917	3836	0.45454545454545453	True
5917	1081	0.36363636363636365	True
5917	959	0.2727272727272727	True
5917	1346	0.18181818181818182	True
5917	543	0.09090909090909091	False
5545	2149	0.9090909090909091	False
5545	877	0.8181818181818182	False
5545	1645	0.7272727272727273	False
5545	543	0.6363636363636364	False
5545	2571	0.5454545454545454	False
5545	3644	0.45454545454545453	True
5545	3690	0.36363636363636365	True
5545	959	0.2727272727272727	True
5545	2440	0.18181818181818182	True
5545	3705	0.09090909090909091	True
3003	2149	0.9090909090909091	False
3003	2571	0.8181818181818182	False
3003	3644	0.7272727272727273	True
3003	1346	0.6363636363636364	True
3003	2440	0.5454545454545454	True
3003	877	0.45454545454545453	False
3003	3705	0.36363636363636365	True
3003	1645	0.2727272727272727	False
3003	543	0.18181818181818182	False
3003	3091	0.09090909090909091	True
2515	2149	0.9090909090909091	False
2515	877	0.8181818181818182	False
2515	959	0.7272727272727273	True
2515	2440	0.6363636363636364	True
2515	3644	0.5454545454545454	True
2515	3836	0.45454545454545453	True
2515	1645	0.36363636363636365	False
2515	3705	0.2727272727272727	True
2515	1346	0.18181818181818182	True
2515	3690	0.09090909090909091	True
1640	2571	0.9090909090909091	False
1640	3705	0.8181818181818182	True
1640	2440	0.7272727272727273	True
1640	543	0.6363636363636364	False
1640	3644	0.5454545454545454	True
1640	2149	0.45454545454545453	False
1640	877	0.36363636363636365	False
1640	959	0.2727272727272727	True
1640	1645	0.18181818181818182	False
1640	1081	0.09090909090909091	True
5880	2149	0.9090909090909091	False
5880	877	0.8181818181818182	False
5880	2440	0.7272727272727273	True
5880	3644	0.6363636363636364	True
5880	3705	0.5454545454545454	True
5880	959	0.45454545454545453	True
5880	3836	0.36363636363636365	True
5880	543	0.2727272727272727	False
5880	1645	0.18181818181818182	False
5880	2571	0.09090909090909091	False
1259	2571	0.9090909090909091	False
1259	2149	0.8181818181818182	False
1259	2440	0.7272727272727273	True
1259	1081	0.6363636363636364	True
1259	543	0.5454545454545454	False
1259	3705	0.45454545454545453	True
1259	1645	0.36363636363636365	False
1259	877	0.2727272727272727	False
1259	959	0.18181818181818182	True
1259	3836	0.09090909090909091	True
5336	877	0.9090909090909091	False
5336	2149	0.8181818181818182	False
5336	2571	0.7272727272727273	False
5336	2440	0.6363636363636364	True
5336	3644	0.5454545454545454	True
5336	543	0.45454545454545453	False
5336	3091	0.36363636363636365	True
5336	1346	0.2727272727272727	True
5336	1081	0.18181818181818182	True
5336	1645	0.09090909090909091	False
5218	2149	0.9090909090909091	False
5218	877	0.8181818181818182	False
5218	1645	0.7272727272727273	False
5218	2571	0.6363636363636364	False
5218	959	0.5454545454545454	True
5218	543	0.45454545454545453	False
5218	3644	0.36363636363636365	True
5218	2440	0.2727272727272727	True
5218	1346	0.18181818181818182	True
5218	3091	0.09090909090909091	True
2423	877	0.9090909090909091	False
2423	2149	0.8181818181818182	False
2423	1346	0.7272727272727273	True
2423	3644	0.6363636363636364	True
2423	543	0.5454545454545454	False
2423	2571	0.45454545454545453	False
2423	2440	0.36363636363636365	True
2423	3705	0.2727272727272727	True
2423	2175	0.18181818181818182	True
2423	2310	0.09090909090909091	True
2047	877	0.9090909090909091	False
2047	2149	0.8181818181818182	False
2047	3644	0.7272727272727273	True
2047	2440	0.6363636363636364	True
2047	3690	0.5454545454545454	True
2047	3091	0.45454545454545453	True
2047	2571	0.36363636363636365	False
2047	959	0.2727272727272727	True
2047	1645	0.18181818181818182	False
2047	543	0.09090909090909091	False
4375	2440	0.9090909090909091	True
4375	2149	0.8181818181818182	False
4375	2571	0.7272727272727273	False
4375	877	0.6363636363636364	False
4375	3644	0.5454545454545454	True
4375	1346	0.45454545454545453	True
4375	1645	0.36363636363636365	False
4375	543	0.2727272727272727	False
4375	3705	0.18181818181818182	True
4375	1081	0.09090909090909091	True
5914	543	0.9090909090909091	False
5914	2149	0.8181818181818182	False
5914	2571	0.7272727272727273	False
5914	877	0.6363636363636364	False
5914	3644	0.5454545454545454	True
5914	1645	0.45454545454545453	False
5914	1346	0.36363636363636365	True
5914	3705	0.2727272727272727	True
5914	2310	0.18181818181818182	True
5914	3091	0.09090909090909091	True
233	877	0.9090909090909091	False
233	2149	0.8181818181818182	False
233	3644	0.7272727272727273	True
233	959	0.6363636363636364	True
233	2440	0.5454545454545454	True
233	3091	0.45454545454545453	True
233	2571	0.36363636363636365	False
233	543	0.2727272727272727	False
233	3690	0.18181818181818182	True
233	1346	0.09090909090909091	True
200	877	0.9090909090909091	False
200	2149	0.8181818181818182	False
200	2440	0.7272727272727273	True
200	1645	0.6363636363636364	False
200	2571	0.5454545454545454	False
200	3644	0.45454545454545453	True
200	3705	0.36363636363636365	True
200	2310	0.2727272727272727	True
200	1346	0.18181818181818182	True
200	1081	0.09090909090909091	True
732	877	0.9090909090909091	False
732	2571	0.8181818181818182	False
732	1645	0.7272727272727273	False
732	2440	0.6363636363636364	True
732	2310	0.5454545454545454	True
732	2149	0.45454545454545453	False
732	1081	0.36363636363636365	True
732	543	0.2727272727272727	False
732	1346	0.18181818181818182	True
732	3644	0.09090909090909091	True
737	543	0.9090909090909091	False
737	877	0.8181818181818182	False
737	2440	0.7272727272727273	True
737	1346	0.6363636363636364	True
737	3644	0.5454545454545454	True
737	2149	0.45454545454545453	False
737	2571	0.36363636363636365	False
737	1645	0.2727272727272727	False
737	3705	0.18181818181818182	True
737	959	0.09090909090909091	True
974	877	0.9090909090909091	False
974	2149	0.8181818181818182	False
974	3705	0.7272727272727273	True
974	2440	0.6363636363636364	True
974	1645	0.5454545454545454	False
974	959	0.45454545454545453	True
974	2571	0.36363636363636365	False
974	3836	0.2727272727272727	True
974	543	0.18181818181818182	False
974	2175	0.09090909090909091	True
2322	2440	0.9090909090909091	True
2322	543	0.8181818181818182	False
2322	1346	0.7272727272727273	True
2322	2571	0.6363636363636364	False
2322	877	0.5454545454545454	False
2322	3705	0.45454545454545453	True
2322	2310	0.36363636363636365	True
2322	3644	0.2727272727272727	True
2322	2149	0.18181818181818182	False
2322	1645	0.09090909090909091	False
3528	2149	0.9090909090909091	False
3528	877	0.8181818181818182	False
3528	2440	0.7272727272727273	True
3528	1645	0.6363636363636364	False
3528	543	0.5454545454545454	False
3528	1346	0.45454545454545453	True
3528	3644	0.36363636363636365	True
3528	2571	0.2727272727272727	False
3528	3705	0.18181818181818182	True
3528	959	0.09090909090909091	True
5425	2571	0.9090909090909091	False
5425	2440	0.8181818181818182	True
5425	2310	0.7272727272727273	True
5425	3705	0.6363636363636364	True
5425	1346	0.5454545454545454	True
5425	877	0.45454545454545453	False
5425	543	0.36363636363636365	False
5425	2149	0.2727272727272727	False
5425	1645	0.18181818181818182	False
5425	1081	0.09090909090909091	True
3185	2149	0.9090909090909091	False
3185	877	0.8181818181818182	False
3185	543	0.7272727272727273	False
3185	3644	0.6363636363636364	True
3185	3705	0.5454545454545454	True
3185	3836	0.45454545454545453	True
3185	2571	0.36363636363636365	False
3185	2440	0.2727272727272727	True
3185	1346	0.18181818181818182	True
3185	959	0.09090909090909091	True
1217	2149	0.9090909090909091	False
1217	1645	0.8181818181818182	False
1217	877	0.7272727272727273	False
1217	543	0.6363636363636364	False
1217	959	0.5454545454545454	True
1217	2571	0.45454545454545453	False
1217	3705	0.36363636363636365	True
1217	697	0.2727272727272727	True
1217	1081	0.18181818181818182	True
1217	3644	0.09090909090909091	True
5801	2149	0.9090909090909091	False
5801	877	0.8181818181818182	False
5801	2440	0.7272727272727273	True
5801	959	0.6363636363636364	True
5801	3644	0.5454545454545454	True
5801	3705	0.45454545454545453	True
5801	543	0.36363636363636365	False
5801	697	0.2727272727272727	True
5801	3836	0.18181818181818182	True
5801	2571	0.09090909090909091	False
2577	2440	0.9090909090909091	True
2577	2149	0.8181818181818182	False
2577	1645	0.7272727272727273	False
2577	2571	0.6363636363636364	False
2577	3705	0.5454545454545454	True
2577	543	0.45454545454545453	False
2577	877	0.36363636363636365	False
2577	3644	0.2727272727272727	True
2577	2310	0.18181818181818182	True
2577	1346	0.09090909090909091	True
1282	2149	0.9090909090909091	False
1282	877	0.8181818181818182	False
1282	959	0.7272727272727273	True
1282	3644	0.6363636363636364	True
1282	3836	0.5454545454545454	True
1282	2440	0.45454545454545453	True
1282	3705	0.36363636363636365	True
1282	1645	0.2727272727272727	False
1282	2571	0.18181818181818182	False
1282	543	0.09090909090909091	False
3203	877	0.9090909090909091	False
3203	2440	0.8181818181818182	True
3203	3644	0.7272727272727273	True
3203	2149	0.6363636363636364	False
3203	2571	0.5454545454545454	False
3203	1081	0.45454545454545453	True
3203	1645	0.36363636363636365	False
3203	543	0.2727272727272727	False
3203	959	0.18181818181818182	True
3203	1346	0.09090909090909091	True
877	2440	0.9090909090909091	True
877	2571	0.8181818181818182	False
877	877	0.7272727272727273	False
877	1645	0.6363636363636364	False
877	2149	0.5454545454545454	False
877	543	0.45454545454545453	False
877	3644	0.36363636363636365	True
877	3705	0.2727272727272727	True
877	1346	0.18181818181818182	True
877	1081	0.09090909090909091	True
4930	877	0.9090909090909091	False
4930	3644	0.8181818181818182	True
4930	2149	0.7272727272727273	False
4930	543	0.6363636363636364	False
4930	2440	0.5454545454545454	True
4930	1346	0.45454545454545453	True
4930	1645	0.36363636363636365	False
4930	959	0.2727272727272727	True
4930	3705	0.18181818181818182	True
4930	2310	0.09090909090909091	True
5448	877	0.9090909090909091	False
5448	1645	0.8181818181818182	False
5448	2149	0.7272727272727273	False
5448	959	0.6363636363636364	True
5448	543	0.5454545454545454	False
5448	1346	0.45454545454545453	True
5448	3690	0.36363636363636365	True
5448	2571	0.2727272727272727	False
5448	3836	0.18181818181818182	True
5448	3091	0.09090909090909091	True
3430	877	0.9090909090909091	False
3430	2149	0.8181818181818182	False
3430	2571	0.7272727272727273	False
3430	3705	0.6363636363636364	True
3430	2440	0.5454545454545454	True
3430	3644	0.45454545454545453	True
3430	959	0.36363636363636365	True
3430	1645	0.2727272727272727	False
3430	543	0.18181818181818182	False
3430	3690	0.09090909090909091	True
5490	877	0.9090909090909091	False
5490	2149	0.8181818181818182	False
5490	3644	0.7272727272727273	True
5490	2571	0.6363636363636364	False
5490	2440	0.5454545454545454	True
5490	3705	0.45454545454545453	True
5490	959	0.36363636363636365	True
5490	543	0.2727272727272727	False
5490	1346	0.18181818181818182	True
5490	1645	0.09090909090909091	False
1895	877	0.9090909090909091	False
1895	2149	0.8181818181818182	False
1895	2440	0.7272727272727273	True
1895	3644	0.6363636363636364	True
1895	3705	0.5454545454545454	True
1895	2571	0.45454545454545453	False
1895	1346	0.36363636363636365	True
1895	1645	0.2727272727272727	False
1895	543	0.18181818181818182	False
1895	959	0.09090909090909091	True
3572	877	0.9090909090909091	False
3572	2149	0.8181818181818182	False
3572	1081	0.7272727272727273	True
3572	1346	0.6363636363636364	True
3572	1645	0.5454545454545454	False
3572	3836	0.45454545454545453	True
3572	3644	0.36363636363636365	True
3572	543	0.2727272727272727	False
3572	2440	0.18181818181818182	True
3572	2293	0.09090909090909091	True
4495	877	0.9090909090909091	False
4495	2149	0.8181818181818182	False
4495	1645	0.7272727272727273	False
4495	3644	0.6363636363636364	True
4495	2440	0.5454545454545454	True
4495	2571	0.45454545454545453	False
4495	543	0.36363636363636365	False
4495	1346	0.2727272727272727	True
4495	3705	0.18181818181818182	True
4495	3091	0.09090909090909091	True
1574	3644	0.9090909090909091	True
1574	1346	0.8181818181818182	True
1574	2149	0.7272727272727273	False
1574	877	0.6363636363636364	False
1574	543	0.5454545454545454	False
1574	1645	0.45454545454545453	False
1574	2571	0.36363636363636365	False
1574	2440	0.2727272727272727	True
1574	1081	0.18181818181818182	True
1574	3091	0.09090909090909091	True
1040	877	0.9090909090909091	False
1040	2149	0.8181818181818182	False
1040	2440	0.7272727272727273	True
1040	2571	0.6363636363636364	False
1040	1645	0.5454545454545454	False
1040	3705	0.45454545454545453	True
1040	3644	0.36363636363636365	True
1040	2175	0.2727272727272727	True
1040	1346	0.18181818181818182	True
1040	959	0.09090909090909091	True
2893	877	0.9090909090909091	False
2893	2440	0.8181818181818182	True
2893	2149	0.7272727272727273	False
2893	1645	0.6363636363636364	False
2893	1346	0.5454545454545454	True
2893	2571	0.45454545454545453	False
2893	2310	0.36363636363636365	True
2893	1081	0.2727272727272727	True
2893	3091	0.18181818181818182	True
2893	3644	0.09090909090909091	True
4357	2149	0.9090909090909091	False
4357	2440	0.8181818181818182	True
4357	877	0.7272727272727273	False
4357	3836	0.6363636363636364	True
4357	3705	0.5454545454545454	True
4357	959	0.45454545454545453	True
4357	3644	0.36363636363636365	True
4357	543	0.2727272727272727	False
4357	3690	0.18181818181818182	True
4357	1346	0.09090909090909091	True
