3249	480	0.9090909090909091	False
3249	924	0.8181818181818182	False
3249	2955	0.7272727272727273	False
3249	3017	0.6363636363636364	False
3249	1039	0.5454545454545454	False
3249	3885	0.45454545454545453	True
3249	1857	0.36363636363636365	True
3249	101	0.2727272727272727	True
3249	2460	0.18181818181818182	True
3249	2801	0.09090909090909091	True
3884	480	0.9090909090909091	False
3884	2955	0.8181818181818182	False
3884	924	0.7272727272727273	False
3884	3017	0.6363636363636364	False
3884	1039	0.5454545454545454	False
3884	1857	0.45454545454545453	True
3884	101	0.36363636363636365	True
3884	453	0.2727272727272727	True
3884	3885	0.18181818181818182	True
3884	1811	0.09090909090909091	True
3838	480	0.9090909090909091	False
3838	924	0.8181818181818182	False
3838	1039	0.7272727272727273	False
3838	2955	0.6363636363636364	False
3838	453	0.5454545454545454	True
3838	3017	0.45454545454545453	False
3838	1857	0.36363636363636365	True
3838	2281	0.2727272727272727	True
3838	929	0.18181818181818182	True
3838	101	0.09090909090909091	True
4893	480	0.9090909090909091	False
4893	3017	0.8181818181818182	False
4893	2955	0.7272727272727273	False
4893	1039	0.6363636363636364	False
4893	924	0.5454545454545454	False
4893	1811	0.45454545454545453	True
4893	1857	0.36363636363636365	True
4893	3885	0.2727272727272727	True
4893	1399	0.18181818181818182	True
4893	2281	0.09090909090909091	True
4922	480	0.9090909090909091	False
4922	3017	0.8181818181818182	False
4922	2955	0.7272727272727273	False
4922	1039	0.6363636363636364	False
4922	924	0.5454545454545454	False
4922	101	0.45454545454545453	True
4922	1811	0.36363636363636365	True
4922	453	0.2727272727272727	True
4922	929	0.18181818181818182	True
4922	3885	0.09090909090909091	True
2833	480	0.9090909090909091	False
2833	3017	0.8181818181818182	False
2833	924	0.7272727272727273	False
2833	2955	0.6363636363636364	False
2833	1039	0.5454545454545454	False
2833	1857	0.45454545454545453	True
2833	3885	0.36363636363636365	True
2833	1811	0.2727272727272727	True
2833	101	0.18181818181818182	True
2833	2310	0.09090909090909091	True
1842	480	0.9090909090909091	False
1842	3017	0.8181818181818182	False
1842	924	0.7272727272727273	False
1842	2955	0.6363636363636364	False
1842	1039	0.5454545454545454	False
1842	101	0.45454545454545453	True
1842	1857	0.36363636363636365	True
1842	3885	0.2727272727272727	True
1842	1811	0.18181818181818182	True
1842	3531	0.09090909090909091	True
1059	480	0.9090909090909091	False
1059	2955	0.8181818181818182	False
1059	924	0.7272727272727273	False
1059	2460	0.6363636363636364	True
1059	1811	0.5454545454545454	True
1059	3017	0.45454545454545453	False
1059	1857	0.36363636363636365	True
1059	2281	0.2727272727272727	True
1059	101	0.18181818181818182	True
1059	3885	0.09090909090909091	True
4085	480	0.9090909090909091	False
4085	2955	0.8181818181818182	False
4085	3017	0.7272727272727273	False
4085	924	0.6363636363636364	False
4085	1039	0.5454545454545454	False
4085	2281	0.45454545454545453	True
4085	1811	0.36363636363636365	True
4085	3885	0.2727272727272727	True
4085	2874	0.18181818181818182	True
4085	101	0.09090909090909091	True
1909	480	0.9090909090909091	False
1909	3017	0.8181818181818182	False
1909	2955	0.7272727272727273	False
1909	1039	0.6363636363636364	False
1909	924	0.5454545454545454	False
1909	3885	0.45454545454545453	True
1909	453	0.36363636363636365	True
1909	2460	0.2727272727272727	True
1909	1857	0.18181818181818182	True
1909	3531	0.09090909090909091	True
1027	480	0.9090909090909091	False
1027	3017	0.8181818181818182	False
1027	2955	0.7272727272727273	False
1027	1039	0.6363636363636364	False
1027	1811	0.5454545454545454	True
1027	924	0.45454545454545453	False
1027	3531	0.36363636363636365	True
1027	1857	0.2727272727272727	True
1027	101	0.18181818181818182	True
1027	453	0.09090909090909091	True
5687	480	0.9090909090909091	False
5687	1039	0.8181818181818182	False
5687	924	0.7272727272727273	False
5687	2955	0.6363636363636364	False
5687	3017	0.5454545454545454	False
5687	101	0.45454545454545453	True
5687	1811	0.36363636363636365	True
5687	2460	0.2727272727272727	True
5687	3885	0.18181818181818182	True
5687	1857	0.09090909090909091	True
4131	480	0.9090909090909091	False
4131	924	0.8181818181818182	False
4131	2955	0.7272727272727273	False
4131	101	0.6363636363636364	True
4131	3017	0.5454545454545454	False
4131	2460	0.45454545454545453	True
4131	1039	0.36363636363636365	False
4131	1857	0.2727272727272727	True
4131	1399	0.18181818181818182	True
4131	3885	0.09090909090909091	True
780	480	0.9090909090909091	False
780	3017	0.8181818181818182	False
780	2955	0.7272727272727273	False
780	1039	0.6363636363636364	False
780	924	0.5454545454545454	False
780	3531	0.45454545454545453	True
780	101	0.36363636363636365	True
780	2801	0.2727272727272727	True
780	1811	0.18181818181818182	True
780	3885	0.09090909090909091	True
3508	480	0.9090909090909091	False
3508	1039	0.8181818181818182	False
3508	2955	0.7272727272727273	False
3508	924	0.6363636363636364	False
3508	3017	0.5454545454545454	False
3508	453	0.45454545454545453	True
3508	929	0.36363636363636365	True
3508	2874	0.2727272727272727	True
3508	3531	0.18181818181818182	True
3508	101	0.09090909090909091	True
5270	480	0.9090909090909091	False
5270	3017	0.8181818181818182	False
5270	2955	0.7272727272727273	False
5270	924	0.6363636363636364	False
5270	1039	0.5454545454545454	False
5270	101	0.45454545454545453	True
5270	1857	0.36363636363636365	True
5270	2281	0.2727272727272727	True
5270	1811	0.18181818181818182	True
5270	2460	0.09090909090909091	True
2348	480	0.9090909090909091	False
2348	2955	0.8181818181818182	False
2348	3017	0.7272727272727273	False
2348	3531	0.6363636363636364	True
2348	924	0.5454545454545454	False
2348	1811	0.45454545454545453	True
2348	3885	0.36363636363636365	True
2348	2281	0.2727272727272727	True
2348	1039	0.18181818181818182	False
2348	1399	0.09090909090909091	True
2018	480	0.9090909090909091	False
2018	2955	0.8181818181818182	False
2018	924	0.7272727272727273	False
2018	1039	0.6363636363636364	False
2018	2874	0.5454545454545454	True
2018	101	0.45454545454545453	True
2018	1857	0.36363636363636365	True
2018	2801	0.2727272727272727	True
2018	3017	0.18181818181818182	False
2018	929	0.09090909090909091	True
5625	480	0.9090909090909091	False
5625	924	0.8181818181818182	False
5625	3017	0.7272727272727273	False
5625	2955	0.6363636363636364	False
5625	2281	0.5454545454545454	True
5625	2460	0.45454545454545453	True
5625	1039	0.36363636363636365	False
5625	1399	0.2727272727272727	True
5625	1857	0.18181818181818182	True
5625	3885	0.09090909090909091	True
5571	480	0.9090909090909091	False
5571	3017	0.8181818181818182	False
5571	2955	0.7272727272727273	False
5571	1039	0.6363636363636364	False
5571	924	0.5454545454545454	False
5571	3885	0.45454545454545453	True
5571	3531	0.36363636363636365	True
5571	2801	0.2727272727272727	True
5571	1061	0.18181818181818182	True
5571	453	0.09090909090909091	True
5777	480	0.9090909090909091	False
5777	2955	0.8181818181818182	False
5777	3017	0.7272727272727273	False
5777	924	0.6363636363636364	False
5777	1857	0.5454545454545454	True
5777	1039	0.45454545454545453	False
5777	101	0.36363636363636365	True
5777	1811	0.2727272727272727	True
5777	453	0.18181818181818182	True
5777	2874	0.09090909090909091	True
1406	480	0.9090909090909091	False
1406	924	0.8181818181818182	False
1406	2955	0.7272727272727273	False
1406	1039	0.6363636363636364	False
1406	2801	0.5454545454545454	True
1406	3017	0.45454545454545453	False
1406	3885	0.36363636363636365	True
1406	101	0.2727272727272727	True
1406	1857	0.18181818181818182	True
1406	1811	0.09090909090909091	True
5218	480	0.9090909090909091	False
5218	2955	0.8181818181818182	False
5218	924	0.7272727272727273	False
5218	1039	0.6363636363636364	False
5218	3017	0.5454545454545454	False
5218	1811	0.45454545454545453	True
5218	101	0.36363636363636365	True
5218	1649	0.2727272727272727	True
5218	1857	0.18181818181818182	True
5218	3885	0.09090909090909091	True
4363	480	0.9090909090909091	False
4363	2955	0.8181818181818182	False
4363	1039	0.7272727272727273	False
4363	924	0.6363636363636364	False
4363	101	0.5454545454545454	True
4363	1857	0.45454545454545453	True
4363	3017	0.36363636363636365	False
4363	3531	0.2727272727272727	True
4363	1649	0.18181818181818182	True
4363	929	0.09090909090909091	True
2885	480	0.9090909090909091	False
2885	924	0.8181818181818182	False
2885	3885	0.7272727272727273	True
2885	2955	0.6363636363636364	False
2885	1039	0.5454545454545454	False
2885	3017	0.45454545454545453	False
2885	2801	0.36363636363636365	True
2885	1399	0.2727272727272727	True
2885	2281	0.18181818181818182	True
2885	910	0.09090909090909091	True
2644	480	0.9090909090909091	False
2644	924	0.8181818181818182	False
2644	2955	0.7272727272727273	False
2644	3017	0.6363636363636364	False
2644	1857	0.5454545454545454	True
2644	101	0.45454545454545453	True
2644	1039	0.36363636363636365	False
2644	453	0.2727272727272727	True
2644	1811	0.18181818181818182	True
2644	2310	0.09090909090909091	True
4971	480	0.9090909090909091	False
4971	2955	0.8181818181818182	False
4971	1039	0.7272727272727273	False
4971	924	0.6363636363636364	False
4971	3017	0.5454545454545454	False
4971	1857	0.45454545454545453	True
4971	101	0.36363636363636365	True
4971	2460	0.2727272727272727	True
4971	2874	0.18181818181818182	True
4971	910	0.09090909090909091	True
859	480	0.9090909090909091	False
859	3017	0.8181818181818182	False
859	2955	0.7272727272727273	False
859	924	0.6363636363636364	False
859	1039	0.5454545454545454	False
859	3885	0.45454545454545453	True
859	101	0.36363636363636365	True
859	2460	0.2727272727272727	True
859	1857	0.18181818181818182	True
859	2801	0.09090909090909091	True
3190	480	0.9090909090909091	False
3190	2955	0.8181818181818182	False
3190	1039	0.7272727272727273	False
3190	3017	0.6363636363636364	False
3190	924	0.5454545454545454	False
3190	101	0.45454545454545453	True
3190	1857	0.36363636363636365	True
3190	3885	0.2727272727272727	True
3190	1399	0.18181818181818182	True
3190	1811	0.09090909090909091	True
5782	480	0.9090909090909091	False
5782	1039	0.8181818181818182	False
5782	2955	0.7272727272727273	False
5782	924	0.6363636363636364	False
5782	3017	0.5454545454545454	False
5782	101	0.45454545454545453	True
5782	2281	0.36363636363636365	True
5782	2874	0.2727272727272727	True
5782	1399	0.18181818181818182	True
5782	3885	0.09090909090909091	True
4087	480	0.9090909090909091	False
4087	2955	0.8181818181818182	False
4087	3017	0.7272727272727273	False
4087	1039	0.6363636363636364	False
4087	1811	0.5454545454545454	True
4087	924	0.45454545454545453	False
4087	2281	0.36363636363636365	True
4087	101	0.2727272727272727	True
4087	3531	0.18181818181818182	True
4087	1857	0.09090909090909091	True
3003	480	0.9090909090909091	False
3003	2955	0.8181818181818182	False
3003	3017	0.7272727272727273	False
3003	924	0.6363636363636364	False
3003	1811	0.5454545454545454	True
3003	101	0.45454545454545453	True
3003	1857	0.36363636363636365	True
3003	1039	0.2727272727272727	False
3003	3531	0.18181818181818182	True
3003	929	0.09090909090909091	True
3380	480	0.9090909090909091	False
3380	3017	0.8181818181818182	False
3380	2955	0.7272727272727273	False
3380	1039	0.6363636363636364	False
3380	3531	0.5454545454545454	True
3380	924	0.45454545454545453	False
3380	1857	0.36363636363636365	True
3380	2460	0.2727272727272727	True
3380	101	0.18181818181818182	True
3380	2801	0.09090909090909091	True
652	480	0.9090909090909091	False
652	2955	0.8181818181818182	False
652	924	0.7272727272727273	False
652	3017	0.6363636363636364	False
652	1039	0.5454545454545454	False
652	1857	0.45454545454545453	True
652	2281	0.36363636363636365	True
652	453	0.2727272727272727	True
652	2460	0.18181818181818182	True
652	3531	0.09090909090909091	True
45	480	0.9090909090909091	False
45	924	0.8181818181818182	False
45	2955	0.7272727272727273	False
45	1039	0.6363636363636364	False
45	3885	0.5454545454545454	True
45	3017	0.45454545454545453	False
45	1857	0.36363636363636365	True
45	1399	0.2727272727272727	True
45	2801	0.18181818181818182	True
45	453	0.09090909090909091	True
1876	480	0.9090909090909091	False
1876	924	0.8181818181818182	False
1876	2955	0.7272727272727273	False
1876	1039	0.6363636363636364	False
1876	3885	0.5454545454545454	True
1876	2874	0.45454545454545453	True
1876	453	0.36363636363636365	True
1876	2281	0.2727272727272727	True
1876	2801	0.18181818181818182	True
1876	1857	0.09090909090909091	True
5375	480	0.9090909090909091	False
5375	1039	0.8181818181818182	False
5375	924	0.7272727272727273	False
5375	3017	0.6363636363636364	False
5375	1857	0.5454545454545454	True
5375	2955	0.45454545454545453	False
5375	101	0.36363636363636365	True
5375	453	0.2727272727272727	True
5375	2281	0.18181818181818182	True
5375	2460	0.09090909090909091	True
2979	480	0.9090909090909091	False
2979	2955	0.8181818181818182	False
2979	924	0.7272727272727273	False
2979	3017	0.6363636363636364	False
2979	1857	0.5454545454545454	True
2979	1811	0.45454545454545453	True
2979	3885	0.36363636363636365	True
2979	1039	0.2727272727272727	False
2979	1399	0.18181818181818182	True
2979	101	0.09090909090909091	True
3409	480	0.9090909090909091	False
3409	3017	0.8181818181818182	False
3409	924	0.7272727272727273	False
3409	1039	0.6363636363636364	False
3409	2955	0.5454545454545454	False
3409	1857	0.45454545454545453	True
3409	2281	0.36363636363636365	True
3409	1399	0.2727272727272727	True
3409	2460	0.18181818181818182	True
3409	2874	0.09090909090909091	True
6036	480	0.9090909090909091	False
6036	3017	0.8181818181818182	False
6036	1039	0.7272727272727273	False
6036	2955	0.6363636363636364	False
6036	924	0.5454545454545454	False
6036	1857	0.45454545454545453	True
6036	101	0.36363636363636365	True
6036	910	0.2727272727272727	True
6036	2460	0.18181818181818182	True
6036	3531	0.09090909090909091	True
5541	480	0.9090909090909091	False
5541	924	0.8181818181818182	False
5541	2955	0.7272727272727273	False
5541	101	0.6363636363636364	True
5541	1039	0.5454545454545454	False
5541	3017	0.45454545454545453	False
5541	3531	0.36363636363636365	True
5541	2460	0.2727272727272727	True
5541	2281	0.18181818181818182	True
5541	2874	0.09090909090909091	True
569	480	0.9090909090909091	False
569	2955	0.8181818181818182	False
569	1039	0.7272727272727273	False
569	3017	0.6363636363636364	False
569	924	0.5454545454545454	False
569	101	0.45454545454545453	True
569	3885	0.36363636363636365	True
569	3531	0.2727272727272727	True
569	2460	0.18181818181818182	True
569	910	0.09090909090909091	True
5442	480	0.9090909090909091	False
5442	2955	0.8181818181818182	False
5442	924	0.7272727272727273	False
5442	3017	0.6363636363636364	False
5442	1857	0.5454545454545454	True
5442	1039	0.45454545454545453	False
5442	101	0.36363636363636365	True
5442	3531	0.2727272727272727	True
5442	2460	0.18181818181818182	True
5442	453	0.09090909090909091	True
4396	480	0.9090909090909091	False
4396	2955	0.8181818181818182	False
4396	3017	0.7272727272727273	False
4396	1039	0.6363636363636364	False
4396	1811	0.5454545454545454	True
4396	1857	0.45454545454545453	True
4396	924	0.36363636363636365	False
4396	101	0.2727272727272727	True
4396	1399	0.18181818181818182	True
4396	3531	0.09090909090909091	True
2884	480	0.9090909090909091	False
2884	924	0.8181818181818182	False
2884	2955	0.7272727272727273	False
2884	1039	0.6363636363636364	False
2884	101	0.5454545454545454	True
2884	3017	0.45454545454545453	False
2884	3531	0.36363636363636365	True
2884	2801	0.2727272727272727	True
2884	1857	0.18181818181818182	True
2884	2874	0.09090909090909091	True
5011	480	0.9090909090909091	False
5011	2955	0.8181818181818182	False
5011	1039	0.7272727272727273	False
5011	924	0.6363636363636364	False
5011	3017	0.5454545454545454	False
5011	2874	0.45454545454545453	True
5011	101	0.36363636363636365	True
5011	1811	0.2727272727272727	True
5011	1857	0.18181818181818182	True
5011	929	0.09090909090909091	True
475	480	0.9090909090909091	False
475	3017	0.8181818181818182	False
475	1039	0.7272727272727273	False
475	924	0.6363636363636364	False
475	2955	0.5454545454545454	False
475	1811	0.45454545454545453	True
475	3885	0.36363636363636365	True
475	101	0.2727272727272727	True
475	1649	0.18181818181818182	True
475	1857	0.09090909090909091	True
1764	480	0.9090909090909091	False
1764	3017	0.8181818181818182	False
1764	924	0.7272727272727273	False
1764	2955	0.6363636363636364	False
1764	1039	0.5454545454545454	False
1764	1811	0.45454545454545453	True
1764	1857	0.36363636363636365	True
1764	101	0.2727272727272727	True
1764	453	0.18181818181818182	True
1764	3885	0.09090909090909091	True
3561	480	0.9090909090909091	False
3561	3017	0.8181818181818182	False
3561	924	0.7272727272727273	False
3561	2955	0.6363636363636364	False
3561	3885	0.5454545454545454	True
3561	1039	0.45454545454545453	False
3561	2281	0.36363636363636365	True
3561	1811	0.2727272727272727	True
3561	3531	0.18181818181818182	True
3561	1399	0.09090909090909091	True
4128	480	0.9090909090909091	False
4128	2955	0.8181818181818182	False
4128	924	0.7272727272727273	False
4128	3017	0.6363636363636364	False
4128	1039	0.5454545454545454	False
4128	101	0.45454545454545453	True
4128	910	0.36363636363636365	True
4128	2801	0.2727272727272727	True
4128	1857	0.18181818181818182	True
4128	3531	0.09090909090909091	True
624	480	0.9090909090909091	False
624	3017	0.8181818181818182	False
624	1039	0.7272727272727273	False
624	3885	0.6363636363636364	True
624	2955	0.5454545454545454	False
624	924	0.45454545454545453	False
624	1399	0.36363636363636365	True
624	3130	0.2727272727272727	True
624	3531	0.18181818181818182	True
624	910	0.09090909090909091	True
1221	480	0.9090909090909091	False
1221	1039	0.8181818181818182	False
1221	2955	0.7272727272727273	False
1221	3017	0.6363636363636364	False
1221	924	0.5454545454545454	False
1221	101	0.45454545454545453	True
1221	2460	0.36363636363636365	True
1221	3531	0.2727272727272727	True
1221	1399	0.18181818181818182	True
1221	1857	0.09090909090909091	True
4459	480	0.9090909090909091	False
4459	2955	0.8181818181818182	False
4459	3017	0.7272727272727273	False
4459	924	0.6363636363636364	False
4459	3885	0.5454545454545454	True
4459	1039	0.45454545454545453	False
4459	101	0.36363636363636365	True
4459	2801	0.2727272727272727	True
4459	453	0.18181818181818182	True
4459	2281	0.09090909090909091	True
5569	480	0.9090909090909091	False
5569	3017	0.8181818181818182	False
5569	2955	0.7272727272727273	False
5569	924	0.6363636363636364	False
5569	1039	0.5454545454545454	False
5569	101	0.45454545454545453	True
5569	1857	0.36363636363636365	True
5569	453	0.2727272727272727	True
5569	2281	0.18181818181818182	True
5569	3885	0.09090909090909091	True
1873	480	0.9090909090909091	False
1873	924	0.8181818181818182	False
1873	2955	0.7272727272727273	False
1873	1039	0.6363636363636364	False
1873	3017	0.5454545454545454	False
1873	101	0.45454545454545453	True
1873	1857	0.36363636363636365	True
1873	3885	0.2727272727272727	True
1873	453	0.18181818181818182	True
1873	1399	0.09090909090909091	True
2475	480	0.9090909090909091	False
2475	3017	0.8181818181818182	False
2475	924	0.7272727272727273	False
2475	2955	0.6363636363636364	False
2475	1811	0.5454545454545454	True
2475	2281	0.45454545454545453	True
2475	3885	0.36363636363636365	True
2475	453	0.2727272727272727	True
2475	1857	0.18181818181818182	True
2475	1039	0.09090909090909091	False
5180	480	0.9090909090909091	False
5180	1039	0.8181818181818182	False
5180	924	0.7272727272727273	False
5180	2955	0.6363636363636364	False
5180	3017	0.5454545454545454	False
5180	101	0.45454545454545453	True
5180	453	0.36363636363636365	True
5180	3885	0.2727272727272727	True
5180	2281	0.18181818181818182	True
5180	1857	0.09090909090909091	True
4815	480	0.9090909090909091	False
4815	2955	0.8181818181818182	False
4815	1039	0.7272727272727273	False
4815	924	0.6363636363636364	False
4815	3017	0.5454545454545454	False
4815	1857	0.45454545454545453	True
4815	3885	0.36363636363636365	True
4815	101	0.2727272727272727	True
4815	2801	0.18181818181818182	True
4815	2281	0.09090909090909091	True
5156	480	0.9090909090909091	False
5156	2955	0.8181818181818182	False
5156	924	0.7272727272727273	False
5156	3017	0.6363636363636364	False
5156	101	0.5454545454545454	True
5156	1857	0.45454545454545453	True
5156	1811	0.36363636363636365	True
5156	1039	0.2727272727272727	False
5156	2460	0.18181818181818182	True
5156	453	0.09090909090909091	True
2447	480	0.9090909090909091	False
2447	924	0.8181818181818182	False
2447	3017	0.7272727272727273	False
2447	1039	0.6363636363636364	False
2447	2955	0.5454545454545454	False
2447	101	0.45454545454545453	True
2447	1811	0.36363636363636365	True
2447	1857	0.2727272727272727	True
2447	453	0.18181818181818182	True
2447	1649	0.09090909090909091	True
4943	480	0.9090909090909091	False
4943	2955	0.8181818181818182	False
4943	3017	0.7272727272727273	False
4943	924	0.6363636363636364	False
4943	3885	0.5454545454545454	True
4943	1039	0.45454545454545453	False
4943	2801	0.36363636363636365	True
4943	2874	0.2727272727272727	True
4943	2460	0.18181818181818182	True
4943	1061	0.09090909090909091	True
4317	480	0.9090909090909091	False
4317	1039	0.8181818181818182	False
4317	3017	0.7272727272727273	False
4317	2955	0.6363636363636364	False
4317	924	0.5454545454545454	False
4317	2460	0.45454545454545453	True
4317	1857	0.36363636363636365	True
4317	101	0.2727272727272727	True
4317	2801	0.18181818181818182	True
4317	3885	0.09090909090909091	True
5535	480	0.9090909090909091	False
5535	924	0.8181818181818182	False
5535	2955	0.7272727272727273	False
5535	1039	0.6363636363636364	False
5535	3017	0.5454545454545454	False
5535	2460	0.45454545454545453	True
5535	1857	0.36363636363636365	True
5535	453	0.2727272727272727	True
5535	101	0.18181818181818182	True
5535	910	0.09090909090909091	True
1445	480	0.9090909090909091	False
1445	1857	0.8181818181818182	True
1445	924	0.7272727272727273	False
1445	2955	0.6363636363636364	False
1445	2460	0.5454545454545454	True
1445	1039	0.45454545454545453	False
1445	3017	0.36363636363636365	False
1445	453	0.2727272727272727	True
1445	101	0.18181818181818182	True
1445	2801	0.09090909090909091	True
3540	480	0.9090909090909091	False
3540	2955	0.8181818181818182	False
3540	3017	0.7272727272727273	False
3540	924	0.6363636363636364	False
3540	1039	0.5454545454545454	False
3540	1811	0.45454545454545453	True
3540	453	0.36363636363636365	True
3540	2281	0.2727272727272727	True
3540	101	0.18181818181818182	True
3540	3885	0.09090909090909091	True
271	480	0.9090909090909091	False
271	2955	0.8181818181818182	False
271	3017	0.7272727272727273	False
271	1039	0.6363636363636364	False
271	1811	0.5454545454545454	True
271	924	0.45454545454545453	False
271	1857	0.36363636363636365	True
271	3885	0.2727272727272727	True
271	2281	0.18181818181818182	True
271	3531	0.09090909090909091	True
3390	480	0.9090909090909091	False
3390	2955	0.8181818181818182	False
3390	3017	0.7272727272727273	False
3390	1811	0.6363636363636364	True
3390	924	0.5454545454545454	False
3390	2281	0.45454545454545453	True
3390	101	0.36363636363636365	True
3390	2460	0.2727272727272727	True
3390	3531	0.18181818181818182	True
3390	1857	0.09090909090909091	True
2254	480	0.9090909090909091	False
2254	3017	0.8181818181818182	False
2254	1039	0.7272727272727273	False
2254	2955	0.6363636363636364	False
2254	924	0.5454545454545454	False
2254	101	0.45454545454545453	True
2254	3531	0.36363636363636365	True
2254	453	0.2727272727272727	True
2254	2801	0.18181818181818182	True
2254	3885	0.09090909090909091	True
2987	480	0.9090909090909091	False
2987	3017	0.8181818181818182	False
2987	1039	0.7272727272727273	False
2987	2955	0.6363636363636364	False
2987	924	0.5454545454545454	False
2987	2460	0.45454545454545453	True
2987	910	0.36363636363636365	True
2987	2874	0.2727272727272727	True
2987	1399	0.18181818181818182	True
2987	2281	0.09090909090909091	True
5044	480	0.9090909090909091	False
5044	3017	0.8181818181818182	False
5044	2955	0.7272727272727273	False
5044	1857	0.6363636363636364	True
5044	1039	0.5454545454545454	False
5044	924	0.45454545454545453	False
5044	3885	0.36363636363636365	True
5044	453	0.2727272727272727	True
5044	101	0.18181818181818182	True
5044	3531	0.09090909090909091	True
2326	480	0.9090909090909091	False
2326	2955	0.8181818181818182	False
2326	3017	0.7272727272727273	False
2326	924	0.6363636363636364	False
2326	1039	0.5454545454545454	False
2326	1857	0.45454545454545453	True
2326	101	0.36363636363636365	True
2326	2460	0.2727272727272727	True
2326	3885	0.18181818181818182	True
2326	1811	0.09090909090909091	True
5143	480	0.9090909090909091	False
5143	924	0.8181818181818182	False
5143	2955	0.7272727272727273	False
5143	3017	0.6363636363636364	False
5143	1039	0.5454545454545454	False
5143	3885	0.45454545454545453	True
5143	1811	0.36363636363636365	True
5143	453	0.2727272727272727	True
5143	1857	0.18181818181818182	True
5143	101	0.09090909090909091	True
4639	480	0.9090909090909091	False
4639	924	0.8181818181818182	False
4639	1857	0.7272727272727273	True
4639	2955	0.6363636363636364	False
4639	3017	0.5454545454545454	False
4639	101	0.45454545454545453	True
4639	1811	0.36363636363636365	True
4639	453	0.2727272727272727	True
4639	929	0.18181818181818182	True
4639	1039	0.09090909090909091	False
5940	480	0.9090909090909091	False
5940	924	0.8181818181818182	False
5940	2955	0.7272727272727273	False
5940	1039	0.6363636363636364	False
5940	3017	0.5454545454545454	False
5940	1399	0.45454545454545453	True
5940	3885	0.36363636363636365	True
5940	910	0.2727272727272727	True
5940	2801	0.18181818181818182	True
5940	3531	0.09090909090909091	True
4171	480	0.9090909090909091	False
4171	2955	0.8181818181818182	False
4171	3017	0.7272727272727273	False
4171	924	0.6363636363636364	False
4171	1039	0.5454545454545454	False
4171	3885	0.45454545454545453	True
4171	2460	0.36363636363636365	True
4171	2874	0.2727272727272727	True
4171	2281	0.18181818181818182	True
4171	101	0.09090909090909091	True
5376	480	0.9090909090909091	False
5376	924	0.8181818181818182	False
5376	2955	0.7272727272727273	False
5376	1039	0.6363636363636364	False
5376	101	0.5454545454545454	True
5376	3017	0.45454545454545453	False
5376	2460	0.36363636363636365	True
5376	453	0.2727272727272727	True
5376	1811	0.18181818181818182	True
5376	3885	0.09090909090909091	True
1152	480	0.9090909090909091	False
1152	2955	0.8181818181818182	False
1152	924	0.7272727272727273	False
1152	1857	0.6363636363636364	True
1152	3017	0.5454545454545454	False
1152	3885	0.45454545454545453	True
1152	1039	0.36363636363636365	False
1152	453	0.2727272727272727	True
1152	910	0.18181818181818182	True
1152	2460	0.09090909090909091	True
5519	480	0.9090909090909091	False
5519	3017	0.8181818181818182	False
5519	2955	0.7272727272727273	False
5519	2801	0.6363636363636364	True
5519	924	0.5454545454545454	False
5519	1039	0.45454545454545453	False
5519	3531	0.36363636363636365	True
5519	3885	0.2727272727272727	True
5519	101	0.18181818181818182	True
5519	2281	0.09090909090909091	True
5875	480	0.9090909090909091	False
5875	2955	0.8181818181818182	False
5875	1039	0.7272727272727273	False
5875	1857	0.6363636363636364	True
5875	1811	0.5454545454545454	True
5875	3017	0.45454545454545453	False
5875	2281	0.36363636363636365	True
5875	101	0.2727272727272727	True
5875	924	0.18181818181818182	False
5875	453	0.09090909090909091	True
4525	480	0.9090909090909091	False
4525	2955	0.8181818181818182	False
4525	3017	0.7272727272727273	False
4525	101	0.6363636363636364	True
4525	1857	0.5454545454545454	True
4525	924	0.45454545454545453	False
4525	1811	0.36363636363636365	True
4525	1039	0.2727272727272727	False
4525	3885	0.18181818181818182	True
4525	453	0.09090909090909091	True
650	480	0.9090909090909091	False
650	1039	0.8181818181818182	False
650	924	0.7272727272727273	False
650	2955	0.6363636363636364	False
650	3017	0.5454545454545454	False
650	2460	0.45454545454545453	True
650	1857	0.36363636363636365	True
650	101	0.2727272727272727	True
650	910	0.18181818181818182	True
650	1399	0.09090909090909091	True
320	480	0.9090909090909091	False
320	2955	0.8181818181818182	False
320	1039	0.7272727272727273	False
320	924	0.6363636363636364	False
320	3017	0.5454545454545454	False
320	2801	0.45454545454545453	True
320	3531	0.36363636363636365	True
320	2281	0.2727272727272727	True
320	1857	0.18181818181818182	True
320	101	0.09090909090909091	True
1894	480	0.9090909090909091	False
1894	924	0.8181818181818182	False
1894	3017	0.7272727272727273	False
1894	1857	0.6363636363636364	True
1894	2955	0.5454545454545454	False
1894	1811	0.45454545454545453	True
1894	1039	0.36363636363636365	False
1894	2281	0.2727272727272727	True
1894	101	0.18181818181818182	True
1894	1399	0.09090909090909091	True
2426	480	0.9090909090909091	False
2426	924	0.8181818181818182	False
2426	2955	0.7272727272727273	False
2426	1039	0.6363636363636364	False
2426	2801	0.5454545454545454	True
2426	3017	0.45454545454545453	False
2426	2874	0.36363636363636365	True
2426	101	0.2727272727272727	True
2426	3885	0.18181818181818182	True
2426	453	0.09090909090909091	True
4184	480	0.9090909090909091	False
4184	3017	0.8181818181818182	False
4184	924	0.7272727272727273	False
4184	2955	0.6363636363636364	False
4184	1039	0.5454545454545454	False
4184	3885	0.45454545454545453	True
4184	2460	0.36363636363636365	True
4184	2801	0.2727272727272727	True
4184	453	0.18181818181818182	True
4184	1857	0.09090909090909091	True
3071	480	0.9090909090909091	False
3071	2955	0.8181818181818182	False
3071	924	0.7272727272727273	False
3071	1857	0.6363636363636364	True
3071	1811	0.5454545454545454	True
3071	1039	0.45454545454545453	False
3071	3017	0.36363636363636365	False
3071	101	0.2727272727272727	True
3071	929	0.18181818181818182	True
3071	2281	0.09090909090909091	True
1831	480	0.9090909090909091	False
1831	1857	0.8181818181818182	True
1831	3017	0.7272727272727273	False
1831	2955	0.6363636363636364	False
1831	924	0.5454545454545454	False
1831	1811	0.45454545454545453	True
1831	101	0.36363636363636365	True
1831	3531	0.2727272727272727	True
1831	1039	0.18181818181818182	False
1831	453	0.09090909090909091	True
1779	480	0.9090909090909091	False
1779	2955	0.8181818181818182	False
1779	3017	0.7272727272727273	False
1779	924	0.6363636363636364	False
1779	101	0.5454545454545454	True
1779	1857	0.45454545454545453	True
1779	1039	0.36363636363636365	False
1779	2460	0.2727272727272727	True
1779	453	0.18181818181818182	True
1779	3885	0.09090909090909091	True
3101	480	0.9090909090909091	False
3101	3017	0.8181818181818182	False
3101	2955	0.7272727272727273	False
3101	924	0.6363636363636364	False
3101	101	0.5454545454545454	True
3101	1857	0.45454545454545453	True
3101	3885	0.36363636363636365	True
3101	1811	0.2727272727272727	True
3101	2801	0.18181818181818182	True
3101	1039	0.09090909090909091	False
839	480	0.9090909090909091	False
839	3017	0.8181818181818182	False
839	1039	0.7272727272727273	False
839	2955	0.6363636363636364	False
839	1857	0.5454545454545454	True
839	101	0.45454545454545453	True
839	2460	0.36363636363636365	True
839	924	0.2727272727272727	False
839	3531	0.18181818181818182	True
839	1811	0.09090909090909091	True
1125	480	0.9090909090909091	False
1125	2955	0.8181818181818182	False
1125	3017	0.7272727272727273	False
1125	1039	0.6363636363636364	False
1125	1857	0.5454545454545454	True
1125	924	0.45454545454545453	False
1125	101	0.36363636363636365	True
1125	453	0.2727272727272727	True
1125	3885	0.18181818181818182	True
1125	2801	0.09090909090909091	True
1478	480	0.9090909090909091	False
1478	924	0.8181818181818182	False
1478	3017	0.7272727272727273	False
1478	2955	0.6363636363636364	False
1478	1039	0.5454545454545454	False
1478	3885	0.45454545454545453	True
1478	2801	0.36363636363636365	True
1478	2460	0.2727272727272727	True
1478	1399	0.18181818181818182	True
1478	101	0.09090909090909091	True
4858	480	0.9090909090909091	False
4858	2955	0.8181818181818182	False
4858	1039	0.7272727272727273	False
4858	924	0.6363636363636364	False
4858	3017	0.5454545454545454	False
4858	101	0.45454545454545453	True
4858	3531	0.36363636363636365	True
4858	2874	0.2727272727272727	True
4858	1857	0.18181818181818182	True
4858	1399	0.09090909090909091	True
1670	480	0.9090909090909091	False
1670	2955	0.8181818181818182	False
1670	924	0.7272727272727273	False
1670	101	0.6363636363636364	True
1670	3017	0.5454545454545454	False
1670	3885	0.45454545454545453	True
1670	1811	0.36363636363636365	True
1670	1039	0.2727272727272727	False
1670	3531	0.18181818181818182	True
1670	2801	0.09090909090909091	True
334	480	0.9090909090909091	False
334	2955	0.8181818181818182	False
334	3885	0.7272727272727273	True
334	924	0.6363636363636364	False
334	3017	0.5454545454545454	False
334	2801	0.45454545454545453	True
334	3531	0.36363636363636365	True
334	2281	0.2727272727272727	True
334	101	0.18181818181818182	True
334	1399	0.09090909090909091	True
2786	480	0.9090909090909091	False
2786	2955	0.8181818181818182	False
2786	1039	0.7272727272727273	False
2786	924	0.6363636363636364	False
2786	2801	0.5454545454545454	True
2786	3017	0.45454545454545453	False
2786	2281	0.36363636363636365	True
2786	101	0.2727272727272727	True
2786	3885	0.18181818181818182	True
2786	1811	0.09090909090909091	True
308	480	0.9090909090909091	False
308	2955	0.8181818181818182	False
308	1857	0.7272727272727273	True
308	924	0.6363636363636364	False
308	1039	0.5454545454545454	False
308	3017	0.45454545454545453	False
308	101	0.36363636363636365	True
308	2801	0.2727272727272727	True
308	910	0.18181818181818182	True
308	3531	0.09090909090909091	True
863	480	0.9090909090909091	False
863	2955	0.8181818181818182	False
863	924	0.7272727272727273	False
863	1039	0.6363636363636364	False
863	3017	0.5454545454545454	False
863	1857	0.45454545454545453	True
863	2801	0.36363636363636365	True
863	453	0.2727272727272727	True
863	2874	0.18181818181818182	True
863	3885	0.09090909090909091	True
4045	480	0.9090909090909091	False
4045	924	0.8181818181818182	False
4045	2955	0.7272727272727273	False
4045	3885	0.6363636363636364	True
4045	3017	0.5454545454545454	False
4045	101	0.45454545454545453	True
4045	2801	0.36363636363636365	True
4045	1039	0.2727272727272727	False
4045	453	0.18181818181818182	True
4045	1857	0.09090909090909091	True
3228	480	0.9090909090909091	False
3228	2955	0.8181818181818182	False
3228	1039	0.7272727272727273	False
3228	3017	0.6363636363636364	False
3228	924	0.5454545454545454	False
3228	101	0.45454545454545453	True
3228	1857	0.36363636363636365	True
3228	1811	0.2727272727272727	True
3228	2281	0.18181818181818182	True
3228	3531	0.09090909090909091	True
