3271	2175	0.9090909090909091	False
3271	2293	0.8181818181818182	False
3271	535	0.7272727272727273	False
3271	1572	0.6363636363636364	False
3271	2013	0.5454545454545454	True
3271	3823	0.45454545454545453	True
3271	697	0.36363636363636365	False
3271	3930	0.2727272727272727	True
3271	2066	0.18181818181818182	True
3271	718	0.09090909090909091	True
2874	2175	0.9090909090909091	False
2874	718	0.8181818181818182	True
2874	697	0.7272727272727273	False
2874	3823	0.6363636363636364	True
2874	2066	0.5454545454545454	True
2874	535	0.45454545454545453	False
2874	1518	0.36363636363636365	True
2874	1572	0.2727272727272727	False
2874	1953	0.18181818181818182	True
2874	2293	0.09090909090909091	False
1303	2293	0.9090909090909091	False
1303	1572	0.8181818181818182	False
1303	2175	0.7272727272727273	False
1303	697	0.6363636363636364	False
1303	535	0.5454545454545454	False
1303	2066	0.45454545454545453	True
1303	3930	0.36363636363636365	True
1303	3823	0.2727272727272727	True
1303	2013	0.18181818181818182	True
1303	5	0.09090909090909091	True
3138	2293	0.9090909090909091	False
3138	1572	0.8181818181818182	False
3138	2175	0.7272727272727273	False
3138	697	0.6363636363636364	False
3138	3930	0.5454545454545454	True
3138	535	0.45454545454545453	False
3138	2013	0.36363636363636365	True
3138	1953	0.2727272727272727	True
3138	2066	0.18181818181818182	True
3138	3823	0.09090909090909091	True
462	2293	0.9090909090909091	False
462	697	0.8181818181818182	False
462	2175	0.7272727272727273	False
462	2066	0.6363636363636364	True
462	1572	0.5454545454545454	False
462	3930	0.45454545454545453	True
462	2792	0.36363636363636365	True
462	535	0.2727272727272727	False
462	3823	0.18181818181818182	True
462	2273	0.09090909090909091	True
3482	2013	0.9090909090909091	True
3482	2293	0.8181818181818182	False
3482	697	0.7272727272727273	False
3482	5	0.6363636363636364	True
3482	2066	0.5454545454545454	True
3482	535	0.45454545454545453	False
3482	3823	0.36363636363636365	True
3482	1572	0.2727272727272727	False
3482	2175	0.18181818181818182	False
3482	718	0.09090909090909091	True
279	2293	0.9090909090909091	False
279	2175	0.8181818181818182	False
279	697	0.7272727272727273	False
279	2066	0.6363636363636364	True
279	1572	0.5454545454545454	False
279	535	0.45454545454545453	False
279	2013	0.36363636363636365	True
279	3930	0.2727272727272727	True
279	2792	0.18181818181818182	True
279	5	0.09090909090909091	True
619	2175	0.9090909090909091	False
619	2293	0.8181818181818182	False
619	697	0.7272727272727273	False
619	1572	0.6363636363636364	False
619	535	0.5454545454545454	False
619	718	0.45454545454545453	True
619	2066	0.36363636363636365	True
619	2013	0.2727272727272727	True
619	3823	0.18181818181818182	True
619	1953	0.09090909090909091	True
3082	1572	0.9090909090909091	False
3082	2175	0.8181818181818182	False
3082	697	0.7272727272727273	False
3082	2293	0.6363636363636364	False
3082	535	0.5454545454545454	False
3082	718	0.45454545454545453	True
3082	2066	0.36363636363636365	True
3082	3930	0.2727272727272727	True
3082	2013	0.18181818181818182	True
3082	3823	0.09090909090909091	True
1351	697	0.9090909090909091	False
1351	1572	0.8181818181818182	False
1351	2013	0.7272727272727273	True
1351	2175	0.6363636363636364	False
1351	2293	0.5454545454545454	False
1351	2587	0.45454545454545453	True
1351	1518	0.36363636363636365	True
1351	2066	0.2727272727272727	True
1351	3930	0.18181818181818182	True
1351	1953	0.09090909090909091	True
5567	697	0.9090909090909091	False
5567	2293	0.8181818181818182	False
5567	2013	0.7272727272727273	True
5567	2066	0.6363636363636364	True
5567	3823	0.5454545454545454	True
5567	718	0.45454545454545453	True
5567	2175	0.36363636363636365	False
5567	5	0.2727272727272727	True
5567	2792	0.18181818181818182	True
5567	1953	0.09090909090909091	True
3820	697	0.9090909090909091	False
3820	718	0.8181818181818182	True
3820	2175	0.7272727272727273	False
3820	1572	0.6363636363636364	False
3820	2013	0.5454545454545454	True
3820	2293	0.45454545454545453	False
3820	3823	0.36363636363636365	True
3820	2066	0.2727272727272727	True
3820	535	0.18181818181818182	False
3820	1518	0.09090909090909091	True
4719	2293	0.9090909090909091	False
4719	697	0.8181818181818182	False
4719	2066	0.7272727272727273	True
4719	1572	0.6363636363636364	False
4719	5	0.5454545454545454	True
4719	535	0.45454545454545453	False
4719	2175	0.36363636363636365	False
4719	3082	0.2727272727272727	True
4719	1953	0.18181818181818182	True
4719	2792	0.09090909090909091	True
3376	2293	0.9090909090909091	False
3376	697	0.8181818181818182	False
3376	2066	0.7272727272727273	True
3376	2175	0.6363636363636364	False
3376	1572	0.5454545454545454	False
3376	535	0.45454545454545453	False
3376	2013	0.36363636363636365	True
3376	718	0.2727272727272727	True
3376	3823	0.18181818181818182	True
3376	1953	0.09090909090909091	True
5350	697	0.9090909090909091	False
5350	2066	0.8181818181818182	True
5350	2175	0.7272727272727273	False
5350	3823	0.6363636363636364	True
5350	535	0.5454545454545454	False
5350	1572	0.45454545454545453	False
5350	2013	0.36363636363636365	True
5350	2293	0.2727272727272727	False
5350	718	0.18181818181818182	True
5350	1953	0.09090909090909091	True
2500	2293	0.9090909090909091	False
2500	2175	0.8181818181818182	False
2500	3823	0.7272727272727273	True
2500	2066	0.6363636363636364	True
2500	535	0.5454545454545454	False
2500	697	0.45454545454545453	False
2500	2013	0.36363636363636365	True
2500	2273	0.2727272727272727	True
2500	718	0.18181818181818182	True
2500	1953	0.09090909090909091	True
4412	1572	0.9090909090909091	False
4412	2293	0.8181818181818182	False
4412	697	0.7272727272727273	False
4412	2175	0.6363636363636364	False
4412	3823	0.5454545454545454	True
4412	3082	0.45454545454545453	True
4412	535	0.36363636363636365	False
4412	2013	0.2727272727272727	True
4412	2066	0.18181818181818182	True
4412	2587	0.09090909090909091	True
695	2293	0.9090909090909091	False
695	1572	0.8181818181818182	False
695	535	0.7272727272727273	False
695	697	0.6363636363636364	False
695	2066	0.5454545454545454	True
695	2175	0.45454545454545453	False
695	3930	0.36363636363636365	True
695	3823	0.2727272727272727	True
695	5	0.18181818181818182	True
695	1953	0.09090909090909091	True
1740	718	0.9090909090909091	True
1740	2293	0.8181818181818182	False
1740	2175	0.7272727272727273	False
1740	3823	0.6363636363636364	True
1740	535	0.5454545454545454	False
1740	1572	0.45454545454545453	False
1740	2013	0.36363636363636365	True
1740	697	0.2727272727272727	False
1740	2066	0.18181818181818182	True
1740	5	0.09090909090909091	True
3411	697	0.9090909090909091	False
3411	2293	0.8181818181818182	False
3411	2066	0.7272727272727273	True
3411	1572	0.6363636363636364	False
3411	2175	0.5454545454545454	False
3411	718	0.45454545454545453	True
3411	3823	0.36363636363636365	True
3411	535	0.2727272727272727	False
3411	1518	0.18181818181818182	True
3411	1953	0.09090909090909091	True
751	2293	0.9090909090909091	False
751	2175	0.8181818181818182	False
751	2013	0.7272727272727273	True
751	1572	0.6363636363636364	False
751	535	0.5454545454545454	False
751	3823	0.45454545454545453	True
751	3930	0.36363636363636365	True
751	697	0.2727272727272727	False
751	2066	0.18181818181818182	True
751	2792	0.09090909090909091	True
1425	1572	0.9090909090909091	False
1425	2293	0.8181818181818182	False
1425	3930	0.7272727272727273	True
1425	697	0.6363636363636364	False
1425	535	0.5454545454545454	False
1425	3823	0.45454545454545453	True
1425	2066	0.36363636363636365	True
1425	2175	0.2727272727272727	False
1425	5	0.18181818181818182	True
1425	718	0.09090909090909091	True
434	697	0.9090909090909091	False
434	2066	0.8181818181818182	True
434	1572	0.7272727272727273	False
434	2293	0.6363636363636364	False
434	2175	0.5454545454545454	False
434	3930	0.45454545454545453	True
434	718	0.36363636363636365	True
434	5	0.2727272727272727	True
434	1953	0.18181818181818182	True
434	2792	0.09090909090909091	True
3574	697	0.9090909090909091	False
3574	2175	0.8181818181818182	False
3574	1572	0.7272727272727273	False
3574	2293	0.6363636363636364	False
3574	3823	0.5454545454545454	True
3574	535	0.45454545454545453	False
3574	3930	0.36363636363636365	True
3574	2066	0.2727272727272727	True
3574	2013	0.18181818181818182	True
3574	1953	0.09090909090909091	True
1323	697	0.9090909090909091	False
1323	2175	0.8181818181818182	False
1323	2293	0.7272727272727273	False
1323	3823	0.6363636363636364	True
1323	1572	0.5454545454545454	False
1323	2013	0.45454545454545453	True
1323	2066	0.36363636363636365	True
1323	535	0.2727272727272727	False
1323	718	0.18181818181818182	True
1323	1518	0.09090909090909091	True
5475	2013	0.9090909090909091	True
5475	2293	0.8181818181818182	False
5475	2175	0.7272727272727273	False
5475	697	0.6363636363636364	False
5475	3823	0.5454545454545454	True
5475	2066	0.45454545454545453	True
5475	535	0.36363636363636365	False
5475	718	0.2727272727272727	True
5475	5	0.18181818181818182	True
5475	1572	0.09090909090909091	False
4327	697	0.9090909090909091	False
4327	2293	0.8181818181818182	False
4327	2066	0.7272727272727273	True
4327	2175	0.6363636363636364	False
4327	3823	0.5454545454545454	True
4327	2013	0.45454545454545453	True
4327	1572	0.36363636363636365	False
4327	2792	0.2727272727272727	True
4327	718	0.18181818181818182	True
4327	535	0.09090909090909091	False
913	2175	0.9090909090909091	False
913	697	0.8181818181818182	False
913	2293	0.7272727272727273	False
913	3823	0.6363636363636364	True
913	535	0.5454545454545454	False
913	3930	0.45454545454545453	True
913	2066	0.36363636363636365	True
913	718	0.2727272727272727	True
913	2013	0.18181818181818182	True
913	1953	0.09090909090909091	True
5577	2293	0.9090909090909091	False
5577	535	0.8181818181818182	False
5577	718	0.7272727272727273	True
5577	2013	0.6363636363636364	True
5577	2175	0.5454545454545454	False
5577	3823	0.45454545454545453	True
5577	3930	0.36363636363636365	True
5577	1572	0.2727272727272727	False
5577	5	0.18181818181818182	True
5577	367	0.09090909090909091	True
3615	1572	0.9090909090909091	False
3615	697	0.8181818181818182	False
3615	2293	0.7272727272727273	False
3615	2175	0.6363636363636364	False
3615	535	0.5454545454545454	False
3615	2013	0.45454545454545453	True
3615	3930	0.36363636363636365	True
3615	718	0.2727272727272727	True
3615	1953	0.18181818181818182	True
3615	3823	0.09090909090909091	True
1316	535	0.9090909090909091	False
1316	1572	0.8181818181818182	False
1316	2175	0.7272727272727273	False
1316	718	0.6363636363636364	True
1316	5	0.5454545454545454	True
1316	2013	0.45454545454545453	True
1316	3930	0.36363636363636365	True
1316	2066	0.2727272727272727	True
1316	697	0.18181818181818182	False
1316	3823	0.09090909090909091	True
3329	2293	0.9090909090909091	False
3329	2175	0.8181818181818182	False
3329	697	0.7272727272727273	False
3329	2013	0.6363636363636364	True
3329	1572	0.5454545454545454	False
3329	535	0.45454545454545453	False
3329	3930	0.36363636363636365	True
3329	2066	0.2727272727272727	True
3329	2792	0.18181818181818182	True
3329	3823	0.09090909090909091	True
3868	2293	0.9090909090909091	False
3868	2175	0.8181818181818182	False
3868	2066	0.7272727272727273	True
3868	5	0.6363636363636364	True
3868	535	0.5454545454545454	False
3868	3823	0.45454545454545453	True
3868	1572	0.36363636363636365	False
3868	3930	0.2727272727272727	True
3868	697	0.18181818181818182	False
3868	2792	0.09090909090909091	True
1763	2293	0.9090909090909091	False
1763	2175	0.8181818181818182	False
1763	1572	0.7272727272727273	False
1763	697	0.6363636363636364	False
1763	2013	0.5454545454545454	True
1763	3823	0.45454545454545453	True
1763	535	0.36363636363636365	False
1763	2066	0.2727272727272727	True
1763	3930	0.18181818181818182	True
1763	2792	0.09090909090909091	True
735	697	0.9090909090909091	False
735	2293	0.8181818181818182	False
735	1572	0.7272727272727273	False
735	2066	0.6363636363636364	True
735	2175	0.5454545454545454	False
735	5	0.45454545454545453	True
735	3930	0.36363636363636365	True
735	535	0.2727272727272727	False
735	1953	0.18181818181818182	True
735	2013	0.09090909090909091	True
2838	697	0.9090909090909091	False
2838	2013	0.8181818181818182	True
2838	2293	0.7272727272727273	False
2838	1572	0.6363636363636364	False
2838	535	0.5454545454545454	False
2838	3823	0.45454545454545453	True
2838	2175	0.36363636363636365	False
2838	718	0.2727272727272727	True
2838	3599	0.18181818181818182	True
2838	1953	0.09090909090909091	True
1257	2293	0.9090909090909091	False
1257	697	0.8181818181818182	False
1257	2175	0.7272727272727273	False
1257	2066	0.6363636363636364	True
1257	2013	0.5454545454545454	True
1257	1572	0.45454545454545453	False
1257	5	0.36363636363636365	True
1257	1953	0.2727272727272727	True
1257	535	0.18181818181818182	False
1257	2792	0.09090909090909091	True
2509	2293	0.9090909090909091	False
2509	1572	0.8181818181818182	False
2509	535	0.7272727272727273	False
2509	697	0.6363636363636364	False
2509	3930	0.5454545454545454	True
2509	2013	0.45454545454545453	True
2509	2175	0.36363636363636365	False
2509	1953	0.2727272727272727	True
2509	2273	0.18181818181818182	True
2509	3823	0.09090909090909091	True
1023	2293	0.9090909090909091	False
1023	2175	0.8181818181818182	False
1023	1572	0.7272727272727273	False
1023	2013	0.6363636363636364	True
1023	2792	0.5454545454545454	True
1023	535	0.45454545454545453	False
1023	5	0.36363636363636365	True
1023	718	0.2727272727272727	True
1023	3930	0.18181818181818182	True
1023	697	0.09090909090909091	False
3988	697	0.9090909090909091	False
3988	2293	0.8181818181818182	False
3988	2066	0.7272727272727273	True
3988	2175	0.6363636363636364	False
3988	2013	0.5454545454545454	True
3988	1572	0.45454545454545453	False
3988	3823	0.36363636363636365	True
3988	535	0.2727272727272727	False
3988	3082	0.18181818181818182	True
3988	2792	0.09090909090909091	True
4276	2293	0.9090909090909091	False
4276	535	0.8181818181818182	False
4276	3823	0.7272727272727273	True
4276	1572	0.6363636363636364	False
4276	2066	0.5454545454545454	True
4276	2175	0.45454545454545453	False
4276	3930	0.36363636363636365	True
4276	697	0.2727272727272727	False
4276	2013	0.18181818181818182	True
4276	5	0.09090909090909091	True
5963	2293	0.9090909090909091	False
5963	2175	0.8181818181818182	False
5963	697	0.7272727272727273	False
5963	2066	0.6363636363636364	True
5963	1572	0.5454545454545454	False
5963	3930	0.45454545454545453	True
5963	2792	0.36363636363636365	True
5963	535	0.2727272727272727	False
5963	3823	0.18181818181818182	True
5963	2013	0.09090909090909091	True
392	3823	0.9090909090909091	True
392	697	0.8181818181818182	False
392	2293	0.7272727272727273	False
392	2066	0.6363636363636364	True
392	535	0.5454545454545454	False
392	1572	0.45454545454545453	False
392	2175	0.36363636363636365	False
392	1953	0.2727272727272727	True
392	2273	0.18181818181818182	True
392	3930	0.09090909090909091	True
3584	2293	0.9090909090909091	False
3584	2066	0.8181818181818182	True
3584	3930	0.7272727272727273	True
3584	2175	0.6363636363636364	False
3584	1953	0.5454545454545454	True
3584	697	0.45454545454545453	False
3584	5	0.36363636363636365	True
3584	3823	0.2727272727272727	True
3584	2013	0.18181818181818182	True
3584	535	0.09090909090909091	False
1465	697	0.9090909090909091	False
1465	3823	0.8181818181818182	True
1465	2066	0.7272727272727273	True
1465	2293	0.6363636363636364	False
1465	2175	0.5454545454545454	False
1465	1572	0.45454545454545453	False
1465	535	0.36363636363636365	False
1465	2013	0.2727272727272727	True
1465	2273	0.18181818181818182	True
1465	718	0.09090909090909091	True
2991	2175	0.9090909090909091	False
2991	535	0.8181818181818182	False
2991	2293	0.7272727272727273	False
2991	1572	0.6363636363636364	False
2991	3930	0.5454545454545454	True
2991	2066	0.45454545454545453	True
2991	718	0.36363636363636365	True
2991	697	0.2727272727272727	False
2991	5	0.18181818181818182	True
2991	2013	0.09090909090909091	True
2857	2293	0.9090909090909091	False
2857	3823	0.8181818181818182	True
2857	535	0.7272727272727273	False
2857	697	0.6363636363636364	False
2857	2013	0.5454545454545454	True
2857	2175	0.45454545454545453	False
2857	2066	0.36363636363636365	True
2857	1572	0.2727272727272727	False
2857	3930	0.18181818181818182	True
2857	718	0.09090909090909091	True
1875	2175	0.9090909090909091	False
1875	2066	0.8181818181818182	True
1875	2013	0.7272727272727273	True
1875	697	0.6363636363636364	False
1875	2293	0.5454545454545454	False
1875	5	0.45454545454545453	True
1875	1572	0.36363636363636365	False
1875	535	0.2727272727272727	False
1875	718	0.18181818181818182	True
1875	3082	0.09090909090909091	True
1487	2066	0.9090909090909091	True
1487	2175	0.8181818181818182	False
1487	697	0.7272727272727273	False
1487	1572	0.6363636363636364	False
1487	2293	0.5454545454545454	False
1487	3823	0.45454545454545453	True
1487	535	0.36363636363636365	False
1487	5	0.2727272727272727	True
1487	3082	0.18181818181818182	True
1487	2013	0.09090909090909091	True
1840	2293	0.9090909090909091	False
1840	2066	0.8181818181818182	True
1840	2175	0.7272727272727273	False
1840	697	0.6363636363636364	False
1840	1572	0.5454545454545454	False
1840	535	0.45454545454545453	False
1840	3823	0.36363636363636365	True
1840	718	0.2727272727272727	True
1840	3930	0.18181818181818182	True
1840	2013	0.09090909090909091	True
5127	2175	0.9090909090909091	False
5127	697	0.8181818181818182	False
5127	1572	0.7272727272727273	False
5127	2066	0.6363636363636364	True
5127	3082	0.5454545454545454	True
5127	535	0.45454545454545453	False
5127	2293	0.36363636363636365	False
5127	718	0.2727272727272727	True
5127	3823	0.18181818181818182	True
5127	2792	0.09090909090909091	True
4964	2175	0.9090909090909091	False
4964	3823	0.8181818181818182	True
4964	697	0.7272727272727273	False
4964	1572	0.6363636363636364	False
4964	2293	0.5454545454545454	False
4964	2013	0.45454545454545453	True
4964	535	0.36363636363636365	False
4964	367	0.2727272727272727	True
4964	3930	0.18181818181818182	True
4964	1953	0.09090909090909091	True
88	535	0.9090909090909091	False
88	2175	0.8181818181818182	False
88	2293	0.7272727272727273	False
88	718	0.6363636363636364	True
88	1572	0.5454545454545454	False
88	3823	0.45454545454545453	True
88	5	0.36363636363636365	True
88	2066	0.2727272727272727	True
88	2013	0.18181818181818182	True
88	697	0.09090909090909091	False
665	3823	0.9090909090909091	True
665	2175	0.8181818181818182	False
665	535	0.7272727272727273	False
665	2066	0.6363636363636364	True
665	2293	0.5454545454545454	False
665	697	0.45454545454545453	False
665	2013	0.36363636363636365	True
665	1572	0.2727272727272727	False
665	718	0.18181818181818182	True
665	5	0.09090909090909091	True
706	2293	0.9090909090909091	False
706	697	0.8181818181818182	False
706	2175	0.7272727272727273	False
706	3823	0.6363636363636364	True
706	2066	0.5454545454545454	True
706	2013	0.45454545454545453	True
706	535	0.36363636363636365	False
706	3514	0.2727272727272727	True
706	2792	0.18181818181818182	True
706	3930	0.09090909090909091	True
3965	2175	0.9090909090909091	False
3965	2293	0.8181818181818182	False
3965	697	0.7272727272727273	False
3965	2066	0.6363636363636364	True
3965	1953	0.5454545454545454	True
3965	2792	0.45454545454545453	True
3965	5	0.36363636363636365	True
3965	1572	0.2727272727272727	False
3965	3930	0.18181818181818182	True
3965	535	0.09090909090909091	False
520	2175	0.9090909090909091	False
520	1572	0.8181818181818182	False
520	2293	0.7272727272727273	False
520	697	0.6363636363636364	False
520	2066	0.5454545454545454	True
520	535	0.45454545454545453	False
520	3823	0.36363636363636365	True
520	2013	0.2727272727272727	True
520	3930	0.18181818181818182	True
520	3082	0.09090909090909091	True
27	718	0.9090909090909091	True
27	2293	0.8181818181818182	False
27	2175	0.7272727272727273	False
27	697	0.6363636363636364	False
27	535	0.5454545454545454	False
27	1572	0.45454545454545453	False
27	2013	0.36363636363636365	True
27	1953	0.2727272727272727	True
27	3823	0.18181818181818182	True
27	5	0.09090909090909091	True
5203	2175	0.9090909090909091	False
5203	2013	0.8181818181818182	True
5203	697	0.7272727272727273	False
5203	1572	0.6363636363636364	False
5203	718	0.5454545454545454	True
5203	2293	0.45454545454545453	False
5203	2066	0.36363636363636365	True
5203	3930	0.2727272727272727	True
5203	535	0.18181818181818182	False
5203	5	0.09090909090909091	True
3193	2013	0.9090909090909091	True
3193	2175	0.8181818181818182	False
3193	697	0.7272727272727273	False
3193	1572	0.6363636363636364	False
3193	535	0.5454545454545454	False
3193	2293	0.45454545454545453	False
3193	2066	0.36363636363636365	True
3193	3823	0.2727272727272727	True
3193	3930	0.18181818181818182	True
3193	718	0.09090909090909091	True
4491	697	0.9090909090909091	False
4491	1572	0.8181818181818182	False
4491	2066	0.7272727272727273	True
4491	2293	0.6363636363636364	False
4491	2175	0.5454545454545454	False
4491	535	0.45454545454545453	False
4491	1953	0.36363636363636365	True
4491	2273	0.2727272727272727	True
4491	3930	0.18181818181818182	True
4491	3823	0.09090909090909091	True
1889	2066	0.9090909090909091	True
1889	2293	0.8181818181818182	False
1889	697	0.7272727272727273	False
1889	2175	0.6363636363636364	False
1889	2013	0.5454545454545454	True
1889	3823	0.45454545454545453	True
1889	5	0.36363636363636365	True
1889	3930	0.2727272727272727	True
1889	535	0.18181818181818182	False
1889	1057	0.09090909090909091	True
264	697	0.9090909090909091	False
264	2293	0.8181818181818182	False
264	2175	0.7272727272727273	False
264	2066	0.6363636363636364	True
264	535	0.5454545454545454	False
264	3823	0.45454545454545453	True
264	1572	0.36363636363636365	False
264	1953	0.2727272727272727	True
264	2013	0.18181818181818182	True
264	718	0.09090909090909091	True
76	2175	0.9090909090909091	False
76	3823	0.8181818181818182	True
76	2013	0.7272727272727273	True
76	535	0.6363636363636364	False
76	718	0.5454545454545454	True
76	2293	0.45454545454545453	False
76	3930	0.36363636363636365	True
76	1572	0.2727272727272727	False
76	697	0.18181818181818182	False
76	5	0.09090909090909091	True
5927	1572	0.9090909090909091	False
5927	3823	0.8181818181818182	True
5927	2066	0.7272727272727273	True
5927	718	0.6363636363636364	True
5927	2293	0.5454545454545454	False
5927	535	0.45454545454545453	False
5927	697	0.36363636363636365	False
5927	2273	0.2727272727272727	True
5927	3082	0.18181818181818182	True
5927	2587	0.09090909090909091	True
349	697	0.9090909090909091	False
349	1572	0.8181818181818182	False
349	3930	0.7272727272727273	True
349	2293	0.6363636363636364	False
349	2175	0.5454545454545454	False
349	718	0.45454545454545453	True
349	535	0.36363636363636365	False
349	2587	0.2727272727272727	True
349	2792	0.18181818181818182	True
349	1518	0.09090909090909091	True
783	2293	0.9090909090909091	False
783	2175	0.8181818181818182	False
783	3823	0.7272727272727273	True
783	535	0.6363636363636364	False
783	697	0.5454545454545454	False
783	718	0.45454545454545453	True
783	2013	0.36363636363636365	True
783	3599	0.2727272727272727	True
783	367	0.18181818181818182	True
783	3514	0.09090909090909091	True
443	697	0.9090909090909091	False
443	2013	0.8181818181818182	True
443	3823	0.7272727272727273	True
443	2293	0.6363636363636364	False
443	2175	0.5454545454545454	False
443	535	0.45454545454545453	False
443	1572	0.36363636363636365	False
443	2066	0.2727272727272727	True
443	1953	0.18181818181818182	True
443	2273	0.09090909090909091	True
3619	2293	0.9090909090909091	False
3619	535	0.8181818181818182	False
3619	2175	0.7272727272727273	False
3619	2066	0.6363636363636364	True
3619	1572	0.5454545454545454	False
3619	718	0.45454545454545453	True
3619	3930	0.36363636363636365	True
3619	5	0.2727272727272727	True
3619	697	0.18181818181818182	False
3619	1953	0.09090909090909091	True
1548	2175	0.9090909090909091	False
1548	2293	0.8181818181818182	False
1548	3823	0.7272727272727273	True
1548	2066	0.6363636363636364	True
1548	5	0.5454545454545454	True
1548	2013	0.45454545454545453	True
1548	718	0.36363636363636365	True
1548	535	0.2727272727272727	False
1548	697	0.18181818181818182	False
1548	1572	0.09090909090909091	False
3244	2293	0.9090909090909091	False
3244	697	0.8181818181818182	False
3244	2066	0.7272727272727273	True
3244	1572	0.6363636363636364	False
3244	535	0.5454545454545454	False
3244	1953	0.45454545454545453	True
3244	2175	0.36363636363636365	False
3244	2273	0.2727272727272727	True
3244	5	0.18181818181818182	True
3244	2792	0.09090909090909091	True
97	2013	0.9090909090909091	True
97	2293	0.8181818181818182	False
97	718	0.7272727272727273	True
97	697	0.6363636363636364	False
97	535	0.5454545454545454	False
97	2175	0.45454545454545453	False
97	1572	0.36363636363636365	False
97	3823	0.2727272727272727	True
97	1953	0.18181818181818182	True
97	5	0.09090909090909091	True
5648	2293	0.9090909090909091	False
5648	2013	0.8181818181818182	True
5648	2175	0.7272727272727273	False
5648	1572	0.6363636363636364	False
5648	697	0.5454545454545454	False
5648	3930	0.45454545454545453	True
5648	3823	0.36363636363636365	True
5648	1953	0.2727272727272727	True
5648	535	0.18181818181818182	False
5648	2066	0.09090909090909091	True
3604	697	0.9090909090909091	False
3604	2293	0.8181818181818182	False
3604	1572	0.7272727272727273	False
3604	2175	0.6363636363636364	False
3604	2013	0.5454545454545454	True
3604	1953	0.45454545454545453	True
3604	2066	0.36363636363636365	True
3604	535	0.2727272727272727	False
3604	3823	0.18181818181818182	True
3604	3930	0.09090909090909091	True
6038	697	0.9090909090909091	False
6038	2175	0.8181818181818182	False
6038	2293	0.7272727272727273	False
6038	1572	0.6363636363636364	False
6038	1953	0.5454545454545454	True
6038	2792	0.45454545454545453	True
6038	2066	0.36363636363636365	True
6038	535	0.2727272727272727	False
6038	2013	0.18181818181818182	True
6038	718	0.09090909090909091	True
3039	3823	0.9090909090909091	True
3039	2175	0.8181818181818182	False
3039	1572	0.7272727272727273	False
3039	697	0.6363636363636364	False
3039	535	0.5454545454545454	False
3039	2013	0.45454545454545453	True
3039	2293	0.36363636363636365	False
3039	1953	0.2727272727272727	True
3039	2066	0.18181818181818182	True
3039	718	0.09090909090909091	True
3375	2293	0.9090909090909091	False
3375	697	0.8181818181818182	False
3375	2066	0.7272727272727273	True
3375	2175	0.6363636363636364	False
3375	3823	0.5454545454545454	True
3375	1572	0.45454545454545453	False
3375	1953	0.36363636363636365	True
3375	535	0.2727272727272727	False
3375	367	0.18181818181818182	True
3375	3930	0.09090909090909091	True
5992	697	0.9090909090909091	False
5992	2175	0.8181818181818182	False
5992	2293	0.7272727272727273	False
5992	1572	0.6363636363636364	False
5992	2013	0.5454545454545454	True
5992	2066	0.45454545454545453	True
5992	3823	0.36363636363636365	True
5992	367	0.2727272727272727	True
5992	2792	0.18181818181818182	True
5992	1953	0.09090909090909091	True
1571	718	0.9090909090909091	True
1571	2293	0.8181818181818182	False
1571	2175	0.7272727272727273	False
1571	2066	0.6363636363636364	True
1571	5	0.5454545454545454	True
1571	1572	0.45454545454545453	False
1571	535	0.36363636363636365	False
1571	2013	0.2727272727272727	True
1571	697	0.18181818181818182	False
1571	3930	0.09090909090909091	True
5974	697	0.9090909090909091	False
5974	1572	0.8181818181818182	False
5974	2293	0.7272727272727273	False
5974	2175	0.6363636363636364	False
5974	1953	0.5454545454545454	True
5974	535	0.45454545454545453	False
5974	2013	0.36363636363636365	True
5974	2066	0.2727272727272727	True
5974	3930	0.18181818181818182	True
5974	2792	0.09090909090909091	True
2249	2175	0.9090909090909091	False
2249	1572	0.8181818181818182	False
2249	697	0.7272727272727273	False
2249	2293	0.6363636363636364	False
2249	535	0.5454545454545454	False
2249	3823	0.45454545454545453	True
2249	2013	0.36363636363636365	True
2249	718	0.2727272727272727	True
2249	3930	0.18181818181818182	True
2249	2066	0.09090909090909091	True
4968	2175	0.9090909090909091	False
4968	1572	0.8181818181818182	False
4968	2293	0.7272727272727273	False
4968	697	0.6363636363636364	False
4968	718	0.5454545454545454	True
4968	535	0.45454545454545453	False
4968	3930	0.36363636363636365	True
4968	2066	0.2727272727272727	True
4968	2792	0.18181818181818182	True
4968	3823	0.09090909090909091	True
1867	2066	0.9090909090909091	True
1867	697	0.8181818181818182	False
1867	2013	0.7272727272727273	True
1867	2175	0.6363636363636364	False
1867	2293	0.5454545454545454	False
1867	718	0.45454545454545453	True
1867	3823	0.36363636363636365	True
1867	535	0.2727272727272727	False
1867	5	0.18181818181818182	True
1867	2792	0.09090909090909091	True
2731	2293	0.9090909090909091	False
2731	697	0.8181818181818182	False
2731	718	0.7272727272727273	True
2731	2175	0.6363636363636364	False
2731	3823	0.5454545454545454	True
2731	367	0.45454545454545453	True
2731	1953	0.36363636363636365	True
2731	535	0.2727272727272727	False
2731	2066	0.18181818181818182	True
2731	5	0.09090909090909091	True
4248	2293	0.9090909090909091	False
4248	1572	0.8181818181818182	False
4248	367	0.7272727272727273	True
4248	1953	0.6363636363636364	True
4248	3930	0.5454545454545454	True
4248	697	0.45454545454545453	False
4248	535	0.36363636363636365	False
4248	3823	0.2727272727272727	True
4248	2175	0.18181818181818182	False
4248	3599	0.09090909090909091	True
1849	2175	0.9090909090909091	False
1849	535	0.8181818181818182	False
1849	1572	0.7272727272727273	False
1849	2013	0.6363636363636364	True
1849	718	0.5454545454545454	True
1849	2066	0.45454545454545453	True
1849	3823	0.36363636363636365	True
1849	697	0.2727272727272727	False
1849	2293	0.18181818181818182	False
1849	5	0.09090909090909091	True
4990	2293	0.9090909090909091	False
4990	3823	0.8181818181818182	True
4990	535	0.7272727272727273	False
4990	2175	0.6363636363636364	False
4990	2066	0.5454545454545454	True
4990	1572	0.45454545454545453	False
4990	697	0.36363636363636365	False
4990	3930	0.2727272727272727	True
4990	5	0.18181818181818182	True
4990	1953	0.09090909090909091	True
2431	2293	0.9090909090909091	False
2431	1572	0.8181818181818182	False
2431	2175	0.7272727272727273	False
2431	718	0.6363636363636364	True
2431	2013	0.5454545454545454	True
2431	697	0.45454545454545453	False
2431	535	0.36363636363636365	False
2431	3930	0.2727272727272727	True
2431	2792	0.18181818181818182	True
2431	2066	0.09090909090909091	True
3918	2293	0.9090909090909091	False
3918	2175	0.8181818181818182	False
3918	3823	0.7272727272727273	True
3918	697	0.6363636363636364	False
3918	535	0.5454545454545454	False
3918	1953	0.45454545454545453	True
3918	2066	0.36363636363636365	True
3918	1572	0.2727272727272727	False
3918	2273	0.18181818181818182	True
3918	718	0.09090909090909091	True
5503	2293	0.9090909090909091	False
5503	2013	0.8181818181818182	True
5503	5	0.7272727272727273	True
5503	697	0.6363636363636364	False
5503	3930	0.5454545454545454	True
5503	2175	0.45454545454545453	False
5503	2792	0.36363636363636365	True
5503	2066	0.2727272727272727	True
5503	1953	0.18181818181818182	True
5503	718	0.09090909090909091	True
2247	718	0.9090909090909091	True
2247	535	0.8181818181818182	False
2247	2175	0.7272727272727273	False
2247	2293	0.6363636363636364	False
2247	2013	0.5454545454545454	True
2247	3823	0.45454545454545453	True
2247	1572	0.36363636363636365	False
2247	697	0.2727272727272727	False
2247	5	0.18181818181818182	True
2247	2066	0.09090909090909091	True
5056	697	0.9090909090909091	False
5056	2293	0.8181818181818182	False
5056	3823	0.7272727272727273	True
5056	2066	0.6363636363636364	True
5056	535	0.5454545454545454	False
5056	2013	0.45454545454545453	True
5056	1953	0.36363636363636365	True
5056	2587	0.2727272727272727	True
5056	2175	0.18181818181818182	False
5056	1518	0.09090909090909091	True
4765	2293	0.9090909090909091	False
4765	2013	0.8181818181818182	True
4765	2175	0.7272727272727273	False
4765	697	0.6363636363636364	False
4765	3823	0.5454545454545454	True
4765	1572	0.45454545454545453	False
4765	2792	0.36363636363636365	True
4765	535	0.2727272727272727	False
4765	367	0.18181818181818182	True
4765	1953	0.09090909090909091	True
1767	1572	0.9090909090909091	False
1767	3930	0.8181818181818182	True
1767	718	0.7272727272727273	True
1767	2175	0.6363636363636364	False
1767	5	0.5454545454545454	True
1767	535	0.45454545454545453	False
1767	3082	0.36363636363636365	True
1767	2293	0.2727272727272727	False
1767	2013	0.18181818181818182	True
1767	2066	0.09090909090909091	True
1154	2175	0.9090909090909091	False
1154	1572	0.8181818181818182	False
1154	2013	0.7272727272727273	True
1154	697	0.6363636363636364	False
1154	535	0.5454545454545454	False
1154	718	0.45454545454545453	True
1154	2293	0.36363636363636365	False
1154	3930	0.2727272727272727	True
1154	3082	0.18181818181818182	True
1154	3823	0.09090909090909091	True
4075	1572	0.9090909090909091	False
4075	535	0.8181818181818182	False
4075	3823	0.7272727272727273	True
4075	718	0.6363636363636364	True
4075	697	0.5454545454545454	False
4075	5	0.45454545454545453	True
4075	3930	0.36363636363636365	True
4075	2175	0.2727272727272727	False
4075	2066	0.18181818181818182	True
4075	2293	0.09090909090909091	False
3817	1572	0.9090909090909091	False
3817	2175	0.8181818181818182	False
3817	535	0.7272727272727273	False
3817	2013	0.6363636363636364	True
3817	2293	0.5454545454545454	False
3817	5	0.45454545454545453	True
3817	3930	0.36363636363636365	True
3817	3823	0.2727272727272727	True
3817	718	0.18181818181818182	True
3817	697	0.09090909090909091	False
2328	697	0.9090909090909091	False
2328	718	0.8181818181818182	True
2328	2175	0.7272727272727273	False
2328	1572	0.6363636363636364	False
2328	535	0.5454545454545454	False
2328	2293	0.45454545454545453	False
2328	3823	0.36363636363636365	True
2328	2013	0.2727272727272727	True
2328	3082	0.18181818181818182	True
2328	1953	0.09090909090909091	True
3887	1572	0.9090909090909091	False
3887	3823	0.8181818181818182	True
3887	718	0.7272727272727273	True
3887	367	0.6363636363636364	True
3887	535	0.5454545454545454	False
3887	2293	0.45454545454545453	False
3887	2066	0.36363636363636365	True
3887	697	0.2727272727272727	False
3887	3930	0.18181818181818182	True
3887	2175	0.09090909090909091	False
4958	5	0.9090909090909091	True
4958	2066	0.8181818181818182	True
4958	2013	0.7272727272727273	True
4958	2293	0.6363636363636364	False
4958	2175	0.5454545454545454	False
4958	3930	0.45454545454545453	True
4958	1572	0.36363636363636365	False
4958	697	0.2727272727272727	False
4958	535	0.18181818181818182	False
4958	718	0.09090909090909091	True
