5680	1755	0.9090909090909091	False
5680	1361	0.8181818181818182	True
5680	2523	0.7272727272727273	False
5680	2210	0.6363636363636364	False
5680	993	0.5454545454545454	False
5680	704	0.45454545454545453	True
5680	1665	0.36363636363636365	True
5680	688	0.2727272727272727	True
5680	1704	0.18181818181818182	True
5680	3387	0.09090909090909091	False
3142	993	0.9090909090909091	False
3142	1755	0.8181818181818182	False
3142	704	0.7272727272727273	True
3142	3028	0.6363636363636364	True
3142	1704	0.5454545454545454	True
3142	2210	0.45454545454545453	False
3142	688	0.36363636363636365	True
3142	3387	0.2727272727272727	False
3142	2523	0.18181818181818182	False
3142	555	0.09090909090909091	True
2734	2523	0.9090909090909091	False
2734	3387	0.8181818181818182	False
2734	1755	0.7272727272727273	False
2734	2210	0.6363636363636364	False
2734	993	0.5454545454545454	False
2734	1704	0.45454545454545453	True
2734	3028	0.36363636363636365	True
2734	517	0.2727272727272727	True
2734	555	0.18181818181818182	True
2734	1665	0.09090909090909091	True
1396	704	0.9090909090909091	True
1396	1665	0.8181818181818182	True
1396	2523	0.7272727272727273	False
1396	3028	0.6363636363636364	True
1396	3387	0.5454545454545454	False
1396	993	0.45454545454545453	False
1396	517	0.36363636363636365	True
1396	444	0.2727272727272727	True
1396	1755	0.18181818181818182	False
1396	555	0.09090909090909091	True
2573	1755	0.9090909090909091	False
2573	1704	0.8181818181818182	True
2573	2523	0.7272727272727273	False
2573	2210	0.6363636363636364	False
2573	993	0.5454545454545454	False
2573	3387	0.45454545454545453	False
2573	688	0.36363636363636365	True
2573	1361	0.2727272727272727	True
2573	704	0.18181818181818182	True
2573	517	0.09090909090909091	True
1778	2210	0.9090909090909091	False
1778	1755	0.8181818181818182	False
1778	3387	0.7272727272727273	False
1778	993	0.6363636363636364	False
1778	2523	0.5454545454545454	False
1778	1361	0.45454545454545453	True
1778	1704	0.36363636363636365	True
1778	3028	0.2727272727272727	True
1778	688	0.18181818181818182	True
1778	704	0.09090909090909091	True
2561	2523	0.9090909090909091	False
2561	3387	0.8181818181818182	False
2561	993	0.7272727272727273	False
2561	1755	0.6363636363636364	False
2561	2210	0.5454545454545454	False
2561	1811	0.45454545454545453	True
2561	1704	0.36363636363636365	True
2561	3307	0.2727272727272727	True
2561	688	0.18181818181818182	True
2561	3028	0.09090909090909091	True
4319	2523	0.9090909090909091	False
4319	993	0.8181818181818182	False
4319	3387	0.7272727272727273	False
4319	1704	0.6363636363636364	True
4319	2210	0.5454545454545454	False
4319	1755	0.45454545454545453	False
4319	1665	0.36363636363636365	True
4319	3028	0.2727272727272727	True
4319	44	0.18181818181818182	True
4319	444	0.09090909090909091	True
129	1755	0.9090909090909091	False
129	2210	0.8181818181818182	False
129	993	0.7272727272727273	False
129	704	0.6363636363636364	True
129	3028	0.5454545454545454	True
129	1361	0.45454545454545453	True
129	2523	0.36363636363636365	False
129	3387	0.2727272727272727	False
129	1665	0.18181818181818182	True
129	1704	0.09090909090909091	True
734	1755	0.9090909090909091	False
734	1704	0.8181818181818182	True
734	704	0.7272727272727273	True
734	2523	0.6363636363636364	False
734	3028	0.5454545454545454	True
734	3387	0.45454545454545453	False
734	2210	0.36363636363636365	False
734	993	0.2727272727272727	False
734	688	0.18181818181818182	True
734	1665	0.09090909090909091	True
3479	2523	0.9090909090909091	False
3479	3387	0.8181818181818182	False
3479	704	0.7272727272727273	True
3479	993	0.6363636363636364	False
3479	1755	0.5454545454545454	False
3479	688	0.45454545454545453	True
3479	1704	0.36363636363636365	True
3479	2210	0.2727272727272727	False
3479	3028	0.18181818181818182	True
3479	1811	0.09090909090909091	True
2023	1361	0.9090909090909091	True
2023	2210	0.8181818181818182	False
2023	993	0.7272727272727273	False
2023	1755	0.6363636363636364	False
2023	1665	0.5454545454545454	True
2023	704	0.45454545454545453	True
2023	3387	0.36363636363636365	False
2023	2523	0.2727272727272727	False
2023	688	0.18181818181818182	True
2023	444	0.09090909090909091	True
5237	1361	0.9090909090909091	True
5237	2210	0.8181818181818182	False
5237	993	0.7272727272727273	False
5237	2523	0.6363636363636364	False
5237	1755	0.5454545454545454	False
5237	1704	0.45454545454545453	True
5237	3387	0.36363636363636365	False
5237	688	0.2727272727272727	True
5237	1665	0.18181818181818182	True
5237	3307	0.09090909090909091	True
1212	3387	0.9090909090909091	False
1212	2523	0.8181818181818182	False
1212	1704	0.7272727272727273	True
1212	1755	0.6363636363636364	False
1212	517	0.5454545454545454	True
1212	993	0.45454545454545453	False
1212	555	0.36363636363636365	True
1212	3028	0.2727272727272727	True
1212	2210	0.18181818181818182	False
1212	1665	0.09090909090909091	True
913	2523	0.9090909090909091	False
913	3387	0.8181818181818182	False
913	1755	0.7272727272727273	False
913	2210	0.6363636363636364	False
913	688	0.5454545454545454	True
913	1704	0.45454545454545453	True
913	3028	0.36363636363636365	True
913	993	0.2727272727272727	False
913	555	0.18181818181818182	True
913	704	0.09090909090909091	True
302	1755	0.9090909090909091	False
302	1704	0.8181818181818182	True
302	704	0.7272727272727273	True
302	3387	0.6363636363636364	False
302	993	0.5454545454545454	False
302	2210	0.45454545454545453	False
302	2523	0.36363636363636365	False
302	1361	0.2727272727272727	True
302	517	0.18181818181818182	True
302	3028	0.09090909090909091	True
2960	2210	0.9090909090909091	False
2960	2523	0.8181818181818182	False
2960	1755	0.7272727272727273	False
2960	3028	0.6363636363636364	True
2960	3387	0.5454545454545454	False
2960	1704	0.45454545454545453	True
2960	1361	0.36363636363636365	True
2960	517	0.2727272727272727	True
2960	704	0.18181818181818182	True
2960	993	0.09090909090909091	False
1763	2523	0.9090909090909091	False
1763	1755	0.8181818181818182	False
1763	3387	0.7272727272727273	False
1763	2210	0.6363636363636364	False
1763	517	0.5454545454545454	True
1763	1704	0.45454545454545453	True
1763	3028	0.36363636363636365	True
1763	993	0.2727272727272727	False
1763	1665	0.18181818181818182	True
1763	555	0.09090909090909091	True
2761	2523	0.9090909090909091	False
2761	3387	0.8181818181818182	False
2761	1755	0.7272727272727273	False
2761	1704	0.6363636363636364	True
2761	2210	0.5454545454545454	False
2761	3028	0.45454545454545453	True
2761	517	0.36363636363636365	True
2761	993	0.2727272727272727	False
2761	1811	0.18181818181818182	True
2761	555	0.09090909090909091	True
5444	2523	0.9090909090909091	False
5444	3387	0.8181818181818182	False
5444	1704	0.7272727272727273	True
5444	517	0.6363636363636364	True
5444	1755	0.5454545454545454	False
5444	704	0.45454545454545453	True
5444	3028	0.36363636363636365	True
5444	993	0.2727272727272727	False
5444	688	0.18181818181818182	True
5444	1150	0.09090909090909091	True
3327	1755	0.9090909090909091	False
3327	2523	0.8181818181818182	False
3327	517	0.7272727272727273	True
3327	3387	0.6363636363636364	False
3327	993	0.5454545454545454	False
3327	1704	0.45454545454545453	True
3327	2210	0.36363636363636365	False
3327	688	0.2727272727272727	True
3327	3028	0.18181818181818182	True
3327	704	0.09090909090909091	True
5303	2523	0.9090909090909091	False
5303	993	0.8181818181818182	False
5303	3387	0.7272727272727273	False
5303	3028	0.6363636363636364	True
5303	2210	0.5454545454545454	False
5303	704	0.45454545454545453	True
5303	688	0.36363636363636365	True
5303	1755	0.2727272727272727	False
5303	1704	0.18181818181818182	True
5303	1811	0.09090909090909091	True
3424	3387	0.9090909090909091	False
3424	2523	0.8181818181818182	False
3424	3028	0.7272727272727273	True
3424	1704	0.6363636363636364	True
3424	993	0.5454545454545454	False
3424	1150	0.45454545454545453	True
3424	688	0.36363636363636365	True
3424	1755	0.2727272727272727	False
3424	1665	0.18181818181818182	True
3424	517	0.09090909090909091	True
5116	1755	0.9090909090909091	False
5116	2523	0.8181818181818182	False
5116	3387	0.7272727272727273	False
5116	1704	0.6363636363636364	True
5116	517	0.5454545454545454	True
5116	704	0.45454545454545453	True
5116	993	0.36363636363636365	False
5116	555	0.2727272727272727	True
5116	3028	0.18181818181818182	True
5116	1665	0.09090909090909091	True
2246	3387	0.9090909090909091	False
2246	2523	0.8181818181818182	False
2246	2210	0.7272727272727273	False
2246	517	0.6363636363636364	True
2246	1755	0.5454545454545454	False
2246	1704	0.45454545454545453	True
2246	3028	0.36363636363636365	True
2246	1665	0.2727272727272727	True
2246	993	0.18181818181818182	False
2246	362	0.09090909090909091	True
5407	993	0.9090909090909091	False
5407	3387	0.8181818181818182	False
5407	2210	0.7272727272727273	False
5407	1755	0.6363636363636364	False
5407	704	0.5454545454545454	True
5407	2523	0.45454545454545453	False
5407	3028	0.36363636363636365	True
5407	1704	0.2727272727272727	True
5407	688	0.18181818181818182	True
5407	1361	0.09090909090909091	True
5808	1755	0.9090909090909091	False
5808	1361	0.8181818181818182	True
5808	2210	0.7272727272727273	False
5808	704	0.6363636363636364	True
5808	1704	0.5454545454545454	True
5808	993	0.45454545454545453	False
5808	3387	0.36363636363636365	False
5808	2856	0.2727272727272727	True
5808	3307	0.18181818181818182	True
5808	517	0.09090909090909091	True
2539	1704	0.9090909090909091	True
2539	704	0.8181818181818182	True
2539	1755	0.7272727272727273	False
2539	517	0.6363636363636364	True
2539	2523	0.5454545454545454	False
2539	3387	0.45454545454545453	False
2539	555	0.36363636363636365	True
2539	1361	0.2727272727272727	True
2539	688	0.18181818181818182	True
2539	2210	0.09090909090909091	False
3453	993	0.9090909090909091	False
3453	1755	0.8181818181818182	False
3453	3387	0.7272727272727273	False
3453	704	0.6363636363636364	True
3453	2523	0.5454545454545454	False
3453	1811	0.45454545454545453	True
3453	688	0.36363636363636365	True
3453	2210	0.2727272727272727	False
3453	3307	0.18181818181818182	True
3453	257	0.09090909090909091	True
1291	3387	0.9090909090909091	False
1291	993	0.8181818181818182	False
1291	2523	0.7272727272727273	False
1291	1704	0.6363636363636364	True
1291	2210	0.5454545454545454	False
1291	1755	0.45454545454545453	False
1291	555	0.36363636363636365	True
1291	444	0.2727272727272727	True
1291	688	0.18181818181818182	True
1291	704	0.09090909090909091	True
1318	2210	0.9090909090909091	False
1318	2523	0.8181818181818182	False
1318	1361	0.7272727272727273	True
1318	1704	0.6363636363636364	True
1318	1755	0.5454545454545454	False
1318	993	0.45454545454545453	False
1318	704	0.36363636363636365	True
1318	1811	0.2727272727272727	True
1318	3028	0.18181818181818182	True
1318	555	0.09090909090909091	True
3552	2210	0.9090909090909091	False
3552	993	0.8181818181818182	False
3552	2523	0.7272727272727273	False
3552	1755	0.6363636363636364	False
3552	1361	0.5454545454545454	True
3552	1704	0.45454545454545453	True
3552	3387	0.36363636363636365	False
3552	3028	0.2727272727272727	True
3552	1665	0.18181818181818182	True
3552	1811	0.09090909090909091	True
2187	1755	0.9090909090909091	False
2187	2523	0.8181818181818182	False
2187	993	0.7272727272727273	False
2187	2210	0.6363636363636364	False
2187	1361	0.5454545454545454	True
2187	704	0.45454545454545453	True
2187	1665	0.36363636363636365	True
2187	1811	0.2727272727272727	True
2187	3387	0.18181818181818182	False
2187	688	0.09090909090909091	True
1151	2210	0.9090909090909091	False
1151	2523	0.8181818181818182	False
1151	1755	0.7272727272727273	False
1151	1361	0.6363636363636364	True
1151	1704	0.5454545454545454	True
1151	993	0.45454545454545453	False
1151	3387	0.36363636363636365	False
1151	517	0.2727272727272727	True
1151	555	0.18181818181818182	True
1151	3028	0.09090909090909091	True
700	1755	0.9090909090909091	False
700	993	0.8181818181818182	False
700	3387	0.7272727272727273	False
700	2523	0.6363636363636364	False
700	688	0.5454545454545454	True
700	2210	0.45454545454545453	False
700	1704	0.36363636363636365	True
700	1811	0.2727272727272727	True
700	3028	0.18181818181818182	True
700	3777	0.09090909090909091	True
1560	1704	0.9090909090909091	True
1560	2523	0.8181818181818182	False
1560	1755	0.7272727272727273	False
1560	993	0.6363636363636364	False
1560	704	0.5454545454545454	True
1560	3387	0.45454545454545453	False
1560	555	0.36363636363636365	True
1560	688	0.2727272727272727	True
1560	2210	0.18181818181818182	False
1560	3028	0.09090909090909091	True
826	1755	0.9090909090909091	False
826	1704	0.8181818181818182	True
826	2523	0.7272727272727273	False
826	993	0.6363636363636364	False
826	3387	0.5454545454545454	False
826	2210	0.45454545454545453	False
826	688	0.36363636363636365	True
826	1361	0.2727272727272727	True
826	257	0.18181818181818182	True
826	517	0.09090909090909091	True
3155	704	0.9090909090909091	True
3155	1755	0.8181818181818182	False
3155	1704	0.7272727272727273	True
3155	2210	0.6363636363636364	False
3155	1361	0.5454545454545454	True
3155	2523	0.45454545454545453	False
3155	993	0.36363636363636365	False
3155	1665	0.2727272727272727	True
3155	688	0.18181818181818182	True
3155	555	0.09090909090909091	True
5766	3387	0.9090909090909091	False
5766	2210	0.8181818181818182	False
5766	1755	0.7272727272727273	False
5766	2523	0.6363636363636364	False
5766	993	0.5454545454545454	False
5766	1361	0.45454545454545453	True
5766	704	0.36363636363636365	True
5766	1704	0.2727272727272727	True
5766	1665	0.18181818181818182	True
5766	3307	0.09090909090909091	True
575	2523	0.9090909090909091	False
575	3387	0.8181818181818182	False
575	2210	0.7272727272727273	False
575	993	0.6363636363636364	False
575	1755	0.5454545454545454	False
575	3028	0.45454545454545453	True
575	1811	0.36363636363636365	True
575	688	0.2727272727272727	True
575	704	0.18181818181818182	True
575	517	0.09090909090909091	True
5834	1704	0.9090909090909091	True
5834	1755	0.8181818181818182	False
5834	2523	0.7272727272727273	False
5834	2210	0.6363636363636364	False
5834	517	0.5454545454545454	True
5834	1361	0.45454545454545453	True
5834	3387	0.36363636363636365	False
5834	704	0.2727272727272727	True
5834	993	0.18181818181818182	False
5834	1665	0.09090909090909091	True
4548	993	0.9090909090909091	False
4548	3387	0.8181818181818182	False
4548	2523	0.7272727272727273	False
4548	704	0.6363636363636364	True
4548	688	0.5454545454545454	True
4548	2210	0.45454545454545453	False
4548	1704	0.36363636363636365	True
4548	3028	0.2727272727272727	True
4548	3777	0.18181818181818182	True
4548	1755	0.09090909090909091	False
3801	2210	0.9090909090909091	False
3801	3387	0.8181818181818182	False
3801	1704	0.7272727272727273	True
3801	1755	0.6363636363636364	False
3801	2523	0.5454545454545454	False
3801	993	0.45454545454545453	False
3801	517	0.36363636363636365	True
3801	1361	0.2727272727272727	True
3801	555	0.18181818181818182	True
3801	1811	0.09090909090909091	True
5567	2210	0.9090909090909091	False
5567	993	0.8181818181818182	False
5567	1755	0.7272727272727273	False
5567	2523	0.6363636363636364	False
5567	3387	0.5454545454545454	False
5567	3028	0.45454545454545453	True
5567	1704	0.36363636363636365	True
5567	1361	0.2727272727272727	True
5567	704	0.18181818181818182	True
5567	3307	0.09090909090909091	True
2753	2210	0.9090909090909091	False
2753	2523	0.8181818181818182	False
2753	993	0.7272727272727273	False
2753	1755	0.6363636363636364	False
2753	1704	0.5454545454545454	True
2753	3387	0.45454545454545453	False
2753	1361	0.36363636363636365	True
2753	3028	0.2727272727272727	True
2753	555	0.18181818181818182	True
2753	688	0.09090909090909091	True
2956	1755	0.9090909090909091	False
2956	3387	0.8181818181818182	False
2956	2523	0.7272727272727273	False
2956	993	0.6363636363636364	False
2956	1704	0.5454545454545454	True
2956	2210	0.45454545454545453	False
2956	3028	0.36363636363636365	True
2956	555	0.2727272727272727	True
2956	704	0.18181818181818182	True
2956	1665	0.09090909090909091	True
2137	1361	0.9090909090909091	True
2137	1755	0.8181818181818182	False
2137	2210	0.7272727272727273	False
2137	1704	0.6363636363636364	True
2137	704	0.5454545454545454	True
2137	2523	0.45454545454545453	False
2137	3387	0.36363636363636365	False
2137	993	0.2727272727272727	False
2137	1665	0.18181818181818182	True
2137	3307	0.09090909090909091	True
2337	2523	0.9090909090909091	False
2337	1755	0.8181818181818182	False
2337	3387	0.7272727272727273	False
2337	1665	0.6363636363636364	True
2337	1704	0.5454545454545454	True
2337	2210	0.45454545454545453	False
2337	3028	0.36363636363636365	True
2337	555	0.2727272727272727	True
2337	517	0.18181818181818182	True
2337	993	0.09090909090909091	False
3824	2523	0.9090909090909091	False
3824	993	0.8181818181818182	False
3824	3387	0.7272727272727273	False
3824	2210	0.6363636363636364	False
3824	1811	0.5454545454545454	True
3824	3028	0.45454545454545453	True
3824	1755	0.36363636363636365	False
3824	688	0.2727272727272727	True
3824	1665	0.18181818181818182	True
3824	704	0.09090909090909091	True
3022	2523	0.9090909090909091	False
3022	3028	0.8181818181818182	True
3022	555	0.7272727272727273	True
3022	688	0.6363636363636364	True
3022	3387	0.5454545454545454	False
3022	993	0.45454545454545453	False
3022	2210	0.36363636363636365	False
3022	517	0.2727272727272727	True
3022	1811	0.18181818181818182	True
3022	704	0.09090909090909091	True
2771	2523	0.9090909090909091	False
2771	3387	0.8181818181818182	False
2771	993	0.7272727272727273	False
2771	1755	0.6363636363636364	False
2771	1704	0.5454545454545454	True
2771	3028	0.45454545454545453	True
2771	517	0.36363636363636365	True
2771	688	0.2727272727272727	True
2771	1811	0.18181818181818182	True
2771	555	0.09090909090909091	True
182	1755	0.9090909090909091	False
182	1704	0.8181818181818182	True
182	3387	0.7272727272727273	False
182	2523	0.6363636363636364	False
182	2210	0.5454545454545454	False
182	993	0.45454545454545453	False
182	555	0.36363636363636365	True
182	704	0.2727272727272727	True
182	517	0.18181818181818182	True
182	3952	0.09090909090909091	True
4639	993	0.9090909090909091	False
4639	1755	0.8181818181818182	False
4639	704	0.7272727272727273	True
4639	3387	0.6363636363636364	False
4639	1704	0.5454545454545454	True
4639	688	0.45454545454545453	True
4639	2210	0.36363636363636365	False
4639	2523	0.2727272727272727	False
4639	3028	0.18181818181818182	True
4639	3307	0.09090909090909091	True
3752	1755	0.9090909090909091	False
3752	1704	0.8181818181818182	True
3752	2523	0.7272727272727273	False
3752	555	0.6363636363636364	True
3752	704	0.5454545454545454	True
3752	3387	0.45454545454545453	False
3752	517	0.36363636363636365	True
3752	993	0.2727272727272727	False
3752	3328	0.18181818181818182	True
3752	688	0.09090909090909091	True
30	3387	0.9090909090909091	False
30	1755	0.8181818181818182	False
30	2523	0.7272727272727273	False
30	993	0.6363636363636364	False
30	1704	0.5454545454545454	True
30	2210	0.45454545454545453	False
30	517	0.36363636363636365	True
30	1665	0.2727272727272727	True
30	3952	0.18181818181818182	True
30	3028	0.09090909090909091	True
4143	2523	0.9090909090909091	False
4143	1755	0.8181818181818182	False
4143	1704	0.7272727272727273	True
4143	704	0.6363636363636364	True
4143	3028	0.5454545454545454	True
4143	3328	0.45454545454545453	True
4143	688	0.36363636363636365	True
4143	3387	0.2727272727272727	False
4143	517	0.18181818181818182	True
4143	2210	0.09090909090909091	False
2721	2523	0.9090909090909091	False
2721	993	0.8181818181818182	False
2721	3387	0.7272727272727273	False
2721	1755	0.6363636363636364	False
2721	1704	0.5454545454545454	True
2721	688	0.45454545454545453	True
2721	1811	0.36363636363636365	True
2721	3028	0.2727272727272727	True
2721	3307	0.18181818181818182	True
2721	257	0.09090909090909091	True
3549	993	0.9090909090909091	False
3549	1755	0.8181818181818182	False
3549	3387	0.7272727272727273	False
3549	2523	0.6363636363636364	False
3549	2210	0.5454545454545454	False
3549	1665	0.45454545454545453	True
3549	555	0.36363636363636365	True
3549	1361	0.2727272727272727	True
3549	1704	0.18181818181818182	True
3549	704	0.09090909090909091	True
602	2523	0.9090909090909091	False
602	993	0.8181818181818182	False
602	3028	0.7272727272727273	True
602	3387	0.6363636363636364	False
602	1755	0.5454545454545454	False
602	2210	0.45454545454545453	False
602	1665	0.36363636363636365	True
602	704	0.2727272727272727	True
602	517	0.18181818181818182	True
602	444	0.09090909090909091	True
5027	993	0.9090909090909091	False
5027	2523	0.8181818181818182	False
5027	1755	0.7272727272727273	False
5027	1704	0.6363636363636364	True
5027	2210	0.5454545454545454	False
5027	3387	0.45454545454545453	False
5027	1665	0.36363636363636365	True
5027	444	0.2727272727272727	True
5027	555	0.18181818181818182	True
5027	1361	0.09090909090909091	True
5607	993	0.9090909090909091	False
5607	1755	0.8181818181818182	False
5607	2210	0.7272727272727273	False
5607	3387	0.6363636363636364	False
5607	704	0.5454545454545454	True
5607	3028	0.45454545454545453	True
5607	2856	0.36363636363636365	True
5607	1361	0.2727272727272727	True
5607	1704	0.18181818181818182	True
5607	688	0.09090909090909091	True
5636	3387	0.9090909090909091	False
5636	2523	0.8181818181818182	False
5636	1755	0.7272727272727273	False
5636	2210	0.6363636363636364	False
5636	1704	0.5454545454545454	True
5636	704	0.45454545454545453	True
5636	3028	0.36363636363636365	True
5636	993	0.2727272727272727	False
5636	1665	0.18181818181818182	True
5636	517	0.09090909090909091	True
3324	1704	0.9090909090909091	True
3324	1755	0.8181818181818182	False
3324	3387	0.7272727272727273	False
3324	2523	0.6363636363636364	False
3324	704	0.5454545454545454	True
3324	2210	0.45454545454545453	False
3324	993	0.36363636363636365	False
3324	1361	0.2727272727272727	True
3324	1665	0.18181818181818182	True
3324	555	0.09090909090909091	True
1404	3387	0.9090909090909091	False
1404	2210	0.8181818181818182	False
1404	993	0.7272727272727273	False
1404	704	0.6363636363636364	True
1404	1755	0.5454545454545454	False
1404	3028	0.45454545454545453	True
1404	1704	0.36363636363636365	True
1404	688	0.2727272727272727	True
1404	2523	0.18181818181818182	False
1404	3637	0.09090909090909091	True
662	1755	0.9090909090909091	False
662	1665	0.8181818181818182	True
662	1704	0.7272727272727273	True
662	993	0.6363636363636364	False
662	2523	0.5454545454545454	False
662	3387	0.45454545454545453	False
662	1361	0.36363636363636365	True
662	704	0.2727272727272727	True
662	2210	0.18181818181818182	False
662	517	0.09090909090909091	True
3747	993	0.9090909090909091	False
3747	704	0.8181818181818182	True
3747	1755	0.7272727272727273	False
3747	3387	0.6363636363636364	False
3747	1704	0.5454545454545454	True
3747	2523	0.45454545454545453	False
3747	688	0.36363636363636365	True
3747	2210	0.2727272727272727	False
3747	3028	0.18181818181818182	True
3747	555	0.09090909090909091	True
4569	1704	0.9090909090909091	True
4569	704	0.8181818181818182	True
4569	1755	0.7272727272727273	False
4569	2210	0.6363636363636364	False
4569	2523	0.5454545454545454	False
4569	3387	0.45454545454545453	False
4569	993	0.36363636363636365	False
4569	555	0.2727272727272727	True
4569	1361	0.18181818181818182	True
4569	1665	0.09090909090909091	True
1393	3387	0.9090909090909091	False
1393	3028	0.8181818181818182	True
1393	2523	0.7272727272727273	False
1393	2210	0.6363636363636364	False
1393	993	0.5454545454545454	False
1393	1704	0.45454545454545453	True
1393	1755	0.36363636363636365	False
1393	688	0.2727272727272727	True
1393	704	0.18181818181818182	True
1393	1150	0.09090909090909091	True
317	1704	0.9090909090909091	True
317	1755	0.8181818181818182	False
317	3028	0.7272727272727273	True
317	2523	0.6363636363636364	False
317	704	0.5454545454545454	True
317	993	0.45454545454545453	False
317	3387	0.36363636363636365	False
317	688	0.2727272727272727	True
317	555	0.18181818181818182	True
317	517	0.09090909090909091	True
5055	1755	0.9090909090909091	False
5055	993	0.8181818181818182	False
5055	2523	0.7272727272727273	False
5055	2210	0.6363636363636364	False
5055	3387	0.5454545454545454	False
5055	517	0.45454545454545453	True
5055	3028	0.36363636363636365	True
5055	44	0.2727272727272727	True
5055	1665	0.18181818181818182	True
5055	3637	0.09090909090909091	True
5219	2210	0.9090909090909091	False
5219	1755	0.8181818181818182	False
5219	993	0.7272727272727273	False
5219	2523	0.6363636363636364	False
5219	3387	0.5454545454545454	False
5219	1361	0.45454545454545453	True
5219	704	0.36363636363636365	True
5219	1704	0.2727272727272727	True
5219	3028	0.18181818181818182	True
5219	1665	0.09090909090909091	True
3630	704	0.9090909090909091	True
3630	1704	0.8181818181818182	True
3630	1755	0.7272727272727273	False
3630	3387	0.6363636363636364	False
3630	688	0.5454545454545454	True
3630	2523	0.45454545454545453	False
3630	993	0.36363636363636365	False
3630	555	0.2727272727272727	True
3630	2210	0.18181818181818182	False
3630	3028	0.09090909090909091	True
3054	3387	0.9090909090909091	False
3054	2523	0.8181818181818182	False
3054	993	0.7272727272727273	False
3054	1755	0.6363636363636364	False
3054	1704	0.5454545454545454	True
3054	3028	0.45454545454545453	True
3054	2210	0.36363636363636365	False
3054	1665	0.2727272727272727	True
3054	688	0.18181818181818182	True
3054	555	0.09090909090909091	True
4204	704	0.9090909090909091	True
4204	1755	0.8181818181818182	False
4204	2523	0.7272727272727273	False
4204	1704	0.6363636363636364	True
4204	517	0.5454545454545454	True
4204	3028	0.45454545454545453	True
4204	555	0.36363636363636365	True
4204	1665	0.2727272727272727	True
4204	1361	0.18181818181818182	True
4204	2210	0.09090909090909091	False
128	704	0.9090909090909091	True
128	3387	0.8181818181818182	False
128	1755	0.7272727272727273	False
128	2523	0.6363636363636364	False
128	993	0.5454545454545454	False
128	2210	0.45454545454545453	False
128	1361	0.36363636363636365	True
128	1704	0.2727272727272727	True
128	3028	0.18181818181818182	True
128	1665	0.09090909090909091	True
359	1755	0.9090909090909091	False
359	2523	0.8181818181818182	False
359	1704	0.7272727272727273	True
359	3387	0.6363636363636364	False
359	993	0.5454545454545454	False
359	1361	0.45454545454545453	True
359	2210	0.36363636363636365	False
359	517	0.2727272727272727	True
359	704	0.18181818181818182	True
359	688	0.09090909090909091	True
2731	1755	0.9090909090909091	False
2731	3387	0.8181818181818182	False
2731	2210	0.7272727272727273	False
2731	704	0.6363636363636364	True
2731	993	0.5454545454545454	False
2731	2523	0.45454545454545453	False
2731	1361	0.36363636363636365	True
2731	1704	0.2727272727272727	True
2731	3028	0.18181818181818182	True
2731	688	0.09090909090909091	True
5500	1755	0.9090909090909091	False
5500	3387	0.8181818181818182	False
5500	2210	0.7272727272727273	False
5500	1361	0.6363636363636364	True
5500	993	0.5454545454545454	False
5500	1704	0.45454545454545453	True
5500	704	0.36363636363636365	True
5500	2523	0.2727272727272727	False
5500	1811	0.18181818181818182	True
5500	3307	0.09090909090909091	True
4449	2523	0.9090909090909091	False
4449	3387	0.8181818181818182	False
4449	1704	0.7272727272727273	True
4449	2210	0.6363636363636364	False
4449	517	0.5454545454545454	True
4449	1755	0.45454545454545453	False
4449	704	0.36363636363636365	True
4449	3028	0.2727272727272727	True
4449	1665	0.18181818181818182	True
4449	1361	0.09090909090909091	True
4625	704	0.9090909090909091	True
4625	1755	0.8181818181818182	False
4625	3387	0.7272727272727273	False
4625	1704	0.6363636363636364	True
4625	993	0.5454545454545454	False
4625	2523	0.45454545454545453	False
4625	1361	0.36363636363636365	True
4625	2210	0.2727272727272727	False
4625	1665	0.18181818181818182	True
4625	555	0.09090909090909091	True
2350	2523	0.9090909090909091	False
2350	517	0.8181818181818182	True
2350	1361	0.7272727272727273	True
2350	1704	0.6363636363636364	True
2350	3387	0.5454545454545454	False
2350	2210	0.45454545454545453	False
2350	1755	0.36363636363636365	False
2350	3028	0.2727272727272727	True
2350	993	0.18181818181818182	False
2350	704	0.09090909090909091	True
1102	1755	0.9090909090909091	False
1102	704	0.8181818181818182	True
1102	3387	0.7272727272727273	False
1102	993	0.6363636363636364	False
1102	2210	0.5454545454545454	False
1102	3307	0.45454545454545453	True
1102	2523	0.36363636363636365	False
1102	1704	0.2727272727272727	True
1102	688	0.18181818181818182	True
1102	1361	0.09090909090909091	True
5168	2523	0.9090909090909091	False
5168	3387	0.8181818181818182	False
5168	1755	0.7272727272727273	False
5168	993	0.6363636363636364	False
5168	1704	0.5454545454545454	True
5168	1665	0.45454545454545453	True
5168	704	0.36363636363636365	True
5168	688	0.2727272727272727	True
5168	1150	0.18181818181818182	True
5168	3028	0.09090909090909091	True
3730	2523	0.9090909090909091	False
3730	1755	0.8181818181818182	False
3730	1704	0.7272727272727273	True
3730	3387	0.6363636363636364	False
3730	704	0.5454545454545454	True
3730	993	0.45454545454545453	False
3730	3028	0.36363636363636365	True
3730	688	0.2727272727272727	True
3730	2210	0.18181818181818182	False
3730	555	0.09090909090909091	True
4520	1755	0.9090909090909091	False
4520	1704	0.8181818181818182	True
4520	704	0.7272727272727273	True
4520	3387	0.6363636363636364	False
4520	993	0.5454545454545454	False
4520	2210	0.45454545454545453	False
4520	1361	0.36363636363636365	True
4520	3028	0.2727272727272727	True
4520	2523	0.18181818181818182	False
4520	517	0.09090909090909091	True
2928	704	0.9090909090909091	True
2928	2523	0.8181818181818182	False
2928	517	0.7272727272727273	True
2928	1704	0.6363636363636364	True
2928	3028	0.5454545454545454	True
2928	688	0.45454545454545453	True
2928	1755	0.36363636363636365	False
2928	3387	0.2727272727272727	False
2928	2210	0.18181818181818182	False
2928	1361	0.09090909090909091	True
3852	2523	0.9090909090909091	False
3852	1755	0.8181818181818182	False
3852	3387	0.7272727272727273	False
3852	993	0.6363636363636364	False
3852	688	0.5454545454545454	True
3852	1704	0.45454545454545453	True
3852	257	0.36363636363636365	True
3852	3328	0.2727272727272727	True
3852	2210	0.18181818181818182	False
3852	1811	0.09090909090909091	True
1989	993	0.9090909090909091	False
1989	1755	0.8181818181818182	False
1989	2523	0.7272727272727273	False
1989	704	0.6363636363636364	True
1989	3387	0.5454545454545454	False
1989	3028	0.45454545454545453	True
1989	2210	0.36363636363636365	False
1989	1704	0.2727272727272727	True
1989	444	0.18181818181818182	True
1989	517	0.09090909090909091	True
4140	3028	0.9090909090909091	True
4140	704	0.8181818181818182	True
4140	3387	0.7272727272727273	False
4140	993	0.6363636363636364	False
4140	2523	0.5454545454545454	False
4140	2210	0.45454545454545453	False
4140	1755	0.36363636363636365	False
4140	1704	0.2727272727272727	True
4140	688	0.18181818181818182	True
4140	1665	0.09090909090909091	True
5203	1704	0.9090909090909091	True
5203	993	0.8181818181818182	False
5203	555	0.7272727272727273	True
5203	3387	0.6363636363636364	False
5203	704	0.5454545454545454	True
5203	2523	0.45454545454545453	False
5203	1755	0.36363636363636365	False
5203	3028	0.2727272727272727	True
5203	517	0.18181818181818182	True
5203	688	0.09090909090909091	True
2714	2210	0.9090909090909091	False
2714	3387	0.8181818181818182	False
2714	2523	0.7272727272727273	False
2714	1755	0.6363636363636364	False
2714	3028	0.5454545454545454	True
2714	704	0.45454545454545453	True
2714	993	0.36363636363636365	False
2714	1665	0.2727272727272727	True
2714	688	0.18181818181818182	True
2714	1150	0.09090909090909091	True
3406	2523	0.9090909090909091	False
3406	1755	0.8181818181818182	False
3406	704	0.7272727272727273	True
3406	2210	0.6363636363636364	False
3406	1704	0.5454545454545454	True
3406	1361	0.45454545454545453	True
3406	688	0.36363636363636365	True
3406	993	0.2727272727272727	False
3406	3028	0.18181818181818182	True
3406	3387	0.09090909090909091	False
4457	2523	0.9090909090909091	False
4457	1755	0.8181818181818182	False
4457	2210	0.7272727272727273	False
4457	3387	0.6363636363636364	False
4457	993	0.5454545454545454	False
4457	704	0.45454545454545453	True
4457	1811	0.36363636363636365	True
4457	3028	0.2727272727272727	True
4457	3307	0.18181818181818182	True
4457	688	0.09090909090909091	True
4821	2523	0.9090909090909091	False
4821	1704	0.8181818181818182	True
4821	2210	0.7272727272727273	False
4821	1665	0.6363636363636364	True
4821	1755	0.5454545454545454	False
4821	3028	0.45454545454545453	True
4821	555	0.36363636363636365	True
4821	704	0.2727272727272727	True
4821	1361	0.18181818181818182	True
4821	993	0.09090909090909091	False
2209	1755	0.9090909090909091	False
2209	704	0.8181818181818182	True
2209	3387	0.7272727272727273	False
2209	993	0.6363636363636364	False
2209	3028	0.5454545454545454	True
2209	1665	0.45454545454545453	True
2209	2523	0.36363636363636365	False
2209	517	0.2727272727272727	True
2209	688	0.18181818181818182	True
2209	44	0.09090909090909091	True
1606	3387	0.9090909090909091	False
1606	1755	0.8181818181818182	False
1606	993	0.7272727272727273	False
1606	688	0.6363636363636364	True
1606	704	0.5454545454545454	True
1606	2210	0.45454545454545453	False
1606	2523	0.36363636363636365	False
1606	1704	0.2727272727272727	True
1606	517	0.18181818181818182	True
1606	3028	0.09090909090909091	True
3018	1755	0.9090909090909091	False
3018	993	0.8181818181818182	False
3018	1704	0.7272727272727273	True
3018	2210	0.6363636363636364	False
3018	3387	0.5454545454545454	False
3018	704	0.45454545454545453	True
3018	3028	0.36363636363636365	True
3018	2523	0.2727272727272727	False
3018	1361	0.18181818181818182	True
3018	688	0.09090909090909091	True
5435	2523	0.9090909090909091	False
5435	1704	0.8181818181818182	True
5435	2210	0.7272727272727273	False
5435	3387	0.6363636363636364	False
5435	1755	0.5454545454545454	False
5435	1361	0.45454545454545453	True
5435	993	0.36363636363636365	False
5435	555	0.2727272727272727	True
5435	704	0.18181818181818182	True
5435	3028	0.09090909090909091	True
3563	2523	0.9090909090909091	False
3563	3387	0.8181818181818182	False
3563	1755	0.7272727272727273	False
3563	993	0.6363636363636364	False
3563	1704	0.5454545454545454	True
3563	555	0.45454545454545453	True
3563	517	0.36363636363636365	True
3563	1811	0.2727272727272727	True
3563	688	0.18181818181818182	True
3563	2856	0.09090909090909091	True
