947	1407	0.9090909090909091	False
947	543	0.8181818181818182	True
947	737	0.7272727272727273	True
947	783	0.6363636363636364	False
947	3658	0.5454545454545454	True
947	474	0.45454545454545453	False
947	1875	0.36363636363636365	True
947	3532	0.2727272727272727	False
947	261	0.18181818181818182	False
947	3557	0.09090909090909091	True
1166	1407	0.9090909090909091	False
1166	863	0.8181818181818182	False
1166	261	0.7272727272727273	False
1166	913	0.6363636363636364	True
1166	3809	0.5454545454545454	False
1166	1375	0.45454545454545453	True
1166	2517	0.36363636363636365	True
1166	256	0.2727272727272727	True
1166	2256	0.18181818181818182	True
1166	1875	0.09090909090909091	True
4174	1407	0.9090909090909091	False
4174	863	0.8181818181818182	False
4174	543	0.7272727272727273	True
4174	3557	0.6363636363636364	True
4174	131	0.5454545454545454	True
4174	78	0.45454545454545453	True
4174	3532	0.36363636363636365	False
4174	3075	0.2727272727272727	True
4174	2615	0.18181818181818182	True
4174	1519	0.09090909090909091	True
2755	1407	0.9090909090909091	False
2755	543	0.8181818181818182	True
2755	863	0.7272727272727273	False
2755	2517	0.6363636363636364	True
2755	2256	0.5454545454545454	True
2755	1375	0.45454545454545453	True
2755	783	0.36363636363636365	False
2755	3809	0.2727272727272727	False
2755	256	0.18181818181818182	True
2755	3013	0.09090909090909091	True
2133	1407	0.9090909090909091	False
2133	863	0.8181818181818182	False
2133	2675	0.7272727272727273	False
2133	783	0.6363636363636364	False
2133	122	0.5454545454545454	True
2133	78	0.45454545454545453	True
2133	202	0.36363636363636365	True
2133	2287	0.2727272727272727	True
2133	2072	0.18181818181818182	True
2133	261	0.09090909090909091	False
430	1407	0.9090909090909091	False
430	783	0.8181818181818182	False
430	2675	0.7272727272727273	False
430	261	0.6363636363636364	False
430	2517	0.5454545454545454	True
430	122	0.45454545454545453	True
430	2287	0.36363636363636365	True
430	543	0.2727272727272727	True
430	3075	0.18181818181818182	True
430	256	0.09090909090909091	True
1993	1407	0.9090909090909091	False
1993	783	0.8181818181818182	False
1993	261	0.7272727272727273	False
1993	2287	0.6363636363636364	True
1993	1480	0.5454545454545454	True
1993	122	0.45454545454545453	True
1993	474	0.36363636363636365	False
1993	1875	0.2727272727272727	True
1993	344	0.18181818181818182	True
1993	2256	0.09090909090909091	True
5186	1407	0.9090909090909091	False
5186	3768	0.8181818181818182	True
5186	484	0.7272727272727273	True
5186	3532	0.6363636363636364	False
5186	131	0.5454545454545454	True
5186	3658	0.45454545454545453	True
5186	2287	0.36363636363636365	True
5186	783	0.2727272727272727	False
5186	2675	0.18181818181818182	False
5186	1480	0.09090909090909091	True
2142	1407	0.9090909090909091	False
2142	3155	0.8181818181818182	True
2142	2675	0.7272727272727273	False
2142	737	0.6363636363636364	True
2142	474	0.5454545454545454	False
2142	2256	0.45454545454545453	True
2142	261	0.36363636363636365	False
2142	1519	0.2727272727272727	True
2142	3809	0.18181818181818182	False
2142	2955	0.09090909090909091	True
418	1407	0.9090909090909091	False
418	2675	0.8181818181818182	False
418	3809	0.7272727272727273	False
418	783	0.6363636363636364	False
418	3155	0.5454545454545454	True
418	261	0.45454545454545453	False
418	543	0.36363636363636365	True
418	256	0.2727272727272727	True
418	2256	0.18181818181818182	True
418	3075	0.09090909090909091	True
4569	783	0.9090909090909091	False
4569	3081	0.8181818181818182	True
4569	2256	0.7272727272727273	True
4569	3809	0.6363636363636364	False
4569	543	0.5454545454545454	True
4569	3557	0.45454545454545453	True
4569	3155	0.36363636363636365	True
4569	2905	0.2727272727272727	True
4569	1519	0.18181818181818182	True
4569	913	0.09090909090909091	True
2592	1407	0.9090909090909091	False
2592	913	0.8181818181818182	True
2592	474	0.7272727272727273	False
2592	3532	0.6363636363636364	False
2592	261	0.5454545454545454	False
2592	783	0.45454545454545453	False
2592	3658	0.36363636363636365	True
2592	1519	0.2727272727272727	True
2592	511	0.18181818181818182	True
2592	3557	0.09090909090909091	True
5081	1407	0.9090909090909091	False
5081	484	0.8181818181818182	True
5081	474	0.7272727272727273	False
5081	261	0.6363636363636364	False
5081	2675	0.5454545454545454	False
5081	2256	0.45454545454545453	True
5081	3532	0.36363636363636365	False
5081	1375	0.2727272727272727	True
5081	2498	0.18181818181818182	True
5081	2905	0.09090909090909091	True
1976	1407	0.9090909090909091	False
1976	474	0.8181818181818182	False
1976	261	0.7272727272727273	False
1976	3658	0.6363636363636364	True
1976	256	0.5454545454545454	True
1976	3768	0.45454545454545453	True
1976	3075	0.36363636363636365	True
1976	863	0.2727272727272727	False
1976	1519	0.18181818181818182	True
1976	2517	0.09090909090909091	True
587	1407	0.9090909090909091	False
587	2675	0.8181818181818182	False
587	256	0.7272727272727273	True
587	783	0.6363636363636364	False
587	3557	0.5454545454545454	True
587	2256	0.45454545454545453	True
587	261	0.36363636363636365	False
587	913	0.2727272727272727	True
587	474	0.18181818181818182	False
587	484	0.09090909090909091	True
2099	1407	0.9090909090909091	False
2099	2675	0.8181818181818182	False
2099	783	0.7272727272727273	False
2099	3809	0.6363636363636364	False
2099	3075	0.5454545454545454	True
2099	474	0.45454545454545453	False
2099	3532	0.36363636363636365	False
2099	2287	0.2727272727272727	True
2099	863	0.18181818181818182	False
2099	3003	0.09090909090909091	True
3636	3532	0.9090909090909091	False
3636	1519	0.8181818181818182	True
3636	256	0.7272727272727273	True
3636	474	0.6363636363636364	False
3636	261	0.5454545454545454	False
3636	783	0.45454545454545453	False
3636	484	0.36363636363636365	True
3636	511	0.2727272727272727	True
3636	913	0.18181818181818182	True
3636	3155	0.09090909090909091	True
3519	1407	0.9090909090909091	False
3519	783	0.8181818181818182	False
3519	474	0.7272727272727273	False
3519	3532	0.6363636363636364	False
3519	3557	0.5454545454545454	True
3519	3075	0.45454545454545453	True
3519	543	0.36363636363636365	True
3519	78	0.2727272727272727	True
3519	1519	0.18181818181818182	True
3519	1974	0.09090909090909091	True
2818	1407	0.9090909090909091	False
2818	256	0.8181818181818182	True
2818	543	0.7272727272727273	True
2818	3532	0.6363636363636364	False
2818	3809	0.5454545454545454	False
2818	78	0.45454545454545453	True
2818	3075	0.36363636363636365	True
2818	2256	0.2727272727272727	True
2818	913	0.18181818181818182	True
2818	1234	0.09090909090909091	True
839	1407	0.9090909090909091	False
839	122	0.8181818181818182	True
839	131	0.7272727272727273	True
839	3013	0.6363636363636364	True
839	2287	0.5454545454545454	True
839	543	0.45454545454545453	True
839	3003	0.36363636363636365	True
839	3809	0.2727272727272727	False
839	1234	0.18181818181818182	True
839	863	0.09090909090909091	False
3159	1407	0.9090909090909091	False
3159	256	0.8181818181818182	True
3159	543	0.7272727272727273	True
3159	261	0.6363636363636364	False
3159	3013	0.5454545454545454	True
3159	122	0.45454545454545453	True
3159	783	0.36363636363636365	False
3159	2675	0.2727272727272727	False
3159	2517	0.18181818181818182	True
3159	2256	0.09090909090909091	True
760	1407	0.9090909090909091	False
760	261	0.8181818181818182	False
760	913	0.7272727272727273	True
760	344	0.6363636363636364	True
760	783	0.5454545454545454	False
760	2498	0.45454545454545453	True
760	256	0.36363636363636365	True
760	1054	0.2727272727272727	True
760	474	0.18181818181818182	False
760	2256	0.09090909090909091	True
3972	1407	0.9090909090909091	False
3972	2256	0.8181818181818182	True
3972	2498	0.7272727272727273	True
3972	2675	0.6363636363636364	False
3972	543	0.5454545454545454	True
3972	2517	0.45454545454545453	True
3972	3003	0.36363636363636365	True
3972	3013	0.2727272727272727	True
3972	261	0.18181818181818182	False
3972	484	0.09090909090909091	True
4319	1407	0.9090909090909091	False
4319	1519	0.8181818181818182	True
4319	2256	0.7272727272727273	True
4319	913	0.6363636363636364	True
4319	1974	0.5454545454545454	True
4319	863	0.45454545454545453	False
4319	2615	0.36363636363636365	True
4319	2675	0.2727272727272727	False
4319	474	0.18181818181818182	False
4319	1375	0.09090909090909091	True
3598	1407	0.9090909090909091	False
3598	3658	0.8181818181818182	True
3598	863	0.7272727272727273	False
3598	913	0.6363636363636364	True
3598	261	0.5454545454545454	False
3598	3379	0.45454545454545453	True
3598	474	0.36363636363636365	False
3598	1519	0.2727272727272727	True
3598	78	0.18181818181818182	True
3598	783	0.09090909090909091	False
4463	1407	0.9090909090909091	False
4463	863	0.8181818181818182	False
4463	2675	0.7272727272727273	False
4463	256	0.6363636363636364	True
4463	1375	0.5454545454545454	True
4463	511	0.45454545454545453	True
4463	543	0.36363636363636365	True
4463	2517	0.2727272727272727	True
4463	783	0.18181818181818182	False
4463	2795	0.09090909090909091	True
4018	1407	0.9090909090909091	False
4018	863	0.8181818181818182	False
4018	1375	0.7272727272727273	True
4018	783	0.6363636363636364	False
4018	511	0.5454545454545454	True
4018	1875	0.45454545454545453	True
4018	3532	0.36363636363636365	False
4018	474	0.2727272727272727	False
4018	913	0.18181818181818182	True
4018	2675	0.09090909090909091	False
4545	1407	0.9090909090909091	False
4545	3532	0.8181818181818182	False
4545	3768	0.7272727272727273	True
4545	474	0.6363636363636364	False
4545	484	0.5454545454545454	True
4545	3658	0.45454545454545453	True
4545	131	0.36363636363636365	True
4545	3155	0.2727272727272727	True
4545	737	0.18181818181818182	True
4545	2905	0.09090909090909091	True
1774	1407	0.9090909090909091	False
1774	543	0.8181818181818182	True
1774	1519	0.7272727272727273	True
1774	783	0.6363636363636364	False
1774	2905	0.5454545454545454	True
1774	737	0.45454545454545453	True
1774	3098	0.36363636363636365	True
1774	863	0.2727272727272727	False
1774	2362	0.18181818181818182	True
1774	3013	0.09090909090909091	True
5380	1407	0.9090909090909091	False
5380	3155	0.8181818181818182	True
5380	3809	0.7272727272727273	False
5380	2517	0.6363636363636364	True
5380	261	0.5454545454545454	False
5380	256	0.45454545454545453	True
5380	2675	0.36363636363636365	False
5380	2955	0.2727272727272727	True
5380	2256	0.18181818181818182	True
5380	484	0.09090909090909091	True
3420	1407	0.9090909090909091	False
3420	783	0.8181818181818182	False
3420	261	0.7272727272727273	False
3420	3557	0.6363636363636364	True
3420	2675	0.5454545454545454	False
3420	3003	0.45454545454545453	True
3420	484	0.36363636363636365	True
3420	1519	0.2727272727272727	True
3420	3379	0.18181818181818182	True
3420	2498	0.09090909090909091	True
3156	1407	0.9090909090909091	False
3156	3532	0.8181818181818182	False
3156	3557	0.7272727272727273	True
3156	131	0.6363636363636364	True
3156	484	0.5454545454545454	True
3156	474	0.45454545454545453	False
3156	3049	0.36363636363636365	True
3156	2905	0.2727272727272727	True
3156	3658	0.18181818181818182	True
3156	3003	0.09090909090909091	True
184	1407	0.9090909090909091	False
184	3155	0.8181818181818182	True
184	3532	0.7272727272727273	False
184	474	0.6363636363636364	False
184	3768	0.5454545454545454	True
184	783	0.45454545454545453	False
184	1519	0.36363636363636365	True
184	78	0.2727272727272727	True
184	511	0.18181818181818182	True
184	2287	0.09090909090909091	True
3730	1407	0.9090909090909091	False
3730	543	0.8181818181818182	True
3730	2905	0.7272727272727273	True
3730	3155	0.6363636363636364	True
3730	737	0.5454545454545454	True
3730	78	0.45454545454545453	True
3730	3532	0.36363636363636365	False
3730	913	0.2727272727272727	True
3730	256	0.18181818181818182	True
3730	3075	0.09090909090909091	True
7	1407	0.9090909090909091	False
7	3532	0.8181818181818182	False
7	863	0.7272727272727273	False
7	474	0.6363636363636364	False
7	78	0.5454545454545454	True
7	783	0.45454545454545453	False
7	913	0.36363636363636365	True
7	3075	0.2727272727272727	True
7	3557	0.18181818181818182	True
7	344	0.09090909090909091	True
333	1407	0.9090909090909091	False
333	3809	0.8181818181818182	False
333	3075	0.7272727272727273	True
333	783	0.6363636363636364	False
333	2287	0.5454545454545454	True
333	2675	0.45454545454545453	False
333	3013	0.36363636363636365	True
333	863	0.2727272727272727	False
333	543	0.18181818181818182	True
333	78	0.09090909090909091	True
1622	1407	0.9090909090909091	False
1622	783	0.8181818181818182	False
1622	3532	0.7272727272727273	False
1622	2287	0.6363636363636364	True
1622	474	0.5454545454545454	False
1622	3557	0.45454545454545453	True
1622	344	0.36363636363636365	True
1622	261	0.2727272727272727	False
1622	3155	0.18181818181818182	True
1622	913	0.09090909090909091	True
4683	1407	0.9090909090909091	False
4683	543	0.8181818181818182	True
4683	783	0.7272727272727273	False
4683	2256	0.6363636363636364	True
4683	1519	0.5454545454545454	True
4683	256	0.45454545454545453	True
4683	511	0.36363636363636365	True
4683	737	0.2727272727272727	True
4683	863	0.18181818181818182	False
4683	122	0.09090909090909091	True
2459	1407	0.9090909090909091	False
2459	543	0.8181818181818182	True
2459	783	0.7272727272727273	False
2459	2675	0.6363636363636364	False
2459	2517	0.5454545454545454	True
2459	256	0.45454545454545453	True
2459	3532	0.36363636363636365	False
2459	344	0.2727272727272727	True
2459	122	0.18181818181818182	True
2459	261	0.09090909090909091	False
2605	1407	0.9090909090909091	False
2605	3075	0.8181818181818182	True
2605	863	0.7272727272727273	False
2605	543	0.6363636363636364	True
2605	261	0.5454545454545454	False
2605	256	0.45454545454545453	True
2605	78	0.36363636363636365	True
2605	1519	0.2727272727272727	True
2605	783	0.18181818181818182	False
2605	474	0.09090909090909091	False
251	1407	0.9090909090909091	False
251	261	0.8181818181818182	False
251	783	0.7272727272727273	False
251	1480	0.6363636363636364	True
251	1054	0.5454545454545454	True
251	344	0.45454545454545453	True
251	474	0.36363636363636365	False
251	2675	0.2727272727272727	False
251	484	0.18181818181818182	True
251	3075	0.09090909090909091	True
4486	1407	0.9090909090909091	False
4486	474	0.8181818181818182	False
4486	261	0.7272727272727273	False
4486	131	0.6363636363636364	True
4486	1519	0.5454545454545454	True
4486	1480	0.45454545454545453	True
4486	3809	0.36363636363636365	False
4486	2256	0.2727272727272727	True
4486	913	0.18181818181818182	True
4486	2287	0.09090909090909091	True
1581	1407	0.9090909090909091	False
1581	913	0.8181818181818182	True
1581	1375	0.7272727272727273	True
1581	2517	0.6363636363636364	True
1581	261	0.5454545454545454	False
1581	2498	0.45454545454545453	True
1581	863	0.36363636363636365	False
1581	1875	0.2727272727272727	True
1581	1519	0.18181818181818182	True
1581	2256	0.09090909090909091	True
5457	1407	0.9090909090909091	False
5457	1519	0.8181818181818182	True
5457	783	0.7272727272727273	False
5457	2905	0.6363636363636364	True
5457	1480	0.5454545454545454	True
5457	543	0.45454545454545453	True
5457	863	0.36363636363636365	False
5457	2287	0.2727272727272727	True
5457	3532	0.18181818181818182	False
5457	2498	0.09090909090909091	True
3300	1407	0.9090909090909091	False
3300	1875	0.8181818181818182	True
3300	2675	0.7272727272727273	False
3300	783	0.6363636363636364	False
3300	2256	0.5454545454545454	True
3300	3809	0.45454545454545453	False
3300	261	0.36363636363636365	False
3300	2287	0.2727272727272727	True
3300	913	0.18181818181818182	True
3300	2172	0.09090909090909091	True
3109	1407	0.9090909090909091	False
3109	261	0.8181818181818182	False
3109	3155	0.7272727272727273	True
3109	3658	0.6363636363636364	True
3109	3013	0.5454545454545454	True
3109	3379	0.45454545454545453	True
3109	913	0.36363636363636365	True
3109	3809	0.2727272727272727	False
3109	1974	0.18181818181818182	True
3109	3532	0.09090909090909091	False
3826	1407	0.9090909090909091	False
3826	863	0.8181818181818182	False
3826	2256	0.7272727272727273	True
3826	261	0.6363636363636364	False
3826	3658	0.5454545454545454	True
3826	913	0.45454545454545453	True
3826	1234	0.36363636363636365	True
3826	2675	0.2727272727272727	False
3826	256	0.18181818181818182	True
3826	122	0.09090909090909091	True
5302	1407	0.9090909090909091	False
5302	3075	0.8181818181818182	True
5302	2498	0.7272727272727273	True
5302	783	0.6363636363636364	False
5302	3013	0.5454545454545454	True
5302	1519	0.45454545454545453	True
5302	543	0.36363636363636365	True
5302	2256	0.2727272727272727	True
5302	3155	0.18181818181818182	True
5302	344	0.09090909090909091	True
3413	1407	0.9090909090909091	False
3413	783	0.8181818181818182	False
3413	2675	0.7272727272727273	False
3413	261	0.6363636363636364	False
3413	2287	0.5454545454545454	True
3413	3379	0.45454545454545453	True
3413	3809	0.36363636363636365	False
3413	3658	0.2727272727272727	True
3413	3013	0.18181818181818182	True
3413	3155	0.09090909090909091	True
5420	1407	0.9090909090909091	False
5420	783	0.8181818181818182	False
5420	474	0.7272727272727273	False
5420	2675	0.6363636363636364	False
5420	122	0.5454545454545454	True
5420	3003	0.45454545454545453	True
5420	2124	0.36363636363636365	True
5420	3075	0.2727272727272727	True
5420	3809	0.18181818181818182	False
5420	3532	0.09090909090909091	False
4314	1407	0.9090909090909091	False
4314	783	0.8181818181818182	False
4314	261	0.7272727272727273	False
4314	3557	0.6363636363636364	True
4314	474	0.5454545454545454	False
4314	2675	0.45454545454545453	False
4314	2517	0.36363636363636365	True
4314	1480	0.2727272727272727	True
4314	543	0.18181818181818182	True
4314	484	0.09090909090909091	True
2263	1407	0.9090909090909091	False
2263	863	0.8181818181818182	False
2263	1519	0.7272727272727273	True
2263	2905	0.6363636363636364	True
2263	2362	0.5454545454545454	True
2263	2255	0.45454545454545453	True
2263	3809	0.36363636363636365	False
2263	1701	0.2727272727272727	True
2263	2517	0.18181818181818182	True
2263	3155	0.09090909090909091	True
1422	1407	0.9090909090909091	False
1422	783	0.8181818181818182	False
1422	2256	0.7272727272727273	True
1422	3809	0.6363636363636364	False
1422	3003	0.5454545454545454	True
1422	122	0.45454545454545453	True
1422	261	0.36363636363636365	False
1422	256	0.2727272727272727	True
1422	1234	0.18181818181818182	True
1422	2675	0.09090909090909091	False
4575	1407	0.9090909090909091	False
4575	783	0.8181818181818182	False
4575	261	0.7272727272727273	False
4575	2256	0.6363636363636364	True
4575	1480	0.5454545454545454	True
4575	3809	0.45454545454545453	False
4575	2287	0.36363636363636365	True
4575	122	0.2727272727272727	True
4575	1519	0.18181818181818182	True
4575	3658	0.09090909090909091	True
4465	1407	0.9090909090909091	False
4465	474	0.8181818181818182	False
4465	2287	0.7272727272727273	True
4465	3532	0.6363636363636364	False
4465	3658	0.5454545454545454	True
4465	261	0.45454545454545453	False
4465	3768	0.36363636363636365	True
4465	2675	0.2727272727272727	False
4465	3379	0.18181818181818182	True
4465	3557	0.09090909090909091	True
3717	1407	0.9090909090909091	False
3717	3013	0.8181818181818182	True
3717	3155	0.7272727272727273	True
3717	3532	0.6363636363636364	False
3717	1375	0.5454545454545454	True
3717	484	0.45454545454545453	True
3717	913	0.36363636363636365	True
3717	2256	0.2727272727272727	True
3717	256	0.18181818181818182	True
3717	261	0.09090909090909091	False
2175	1407	0.9090909090909091	False
2175	3075	0.8181818181818182	True
2175	474	0.7272727272727273	False
2175	3809	0.6363636363636364	False
2175	3557	0.5454545454545454	True
2175	783	0.45454545454545453	False
2175	2905	0.36363636363636365	True
2175	261	0.2727272727272727	False
2175	3658	0.18181818181818182	True
2175	863	0.09090909090909091	False
5610	1407	0.9090909090909091	False
5610	2675	0.8181818181818182	False
5610	3532	0.7272727272727273	False
5610	2795	0.6363636363636364	True
5610	543	0.5454545454545454	True
5610	863	0.45454545454545453	False
5610	783	0.36363636363636365	False
5610	3003	0.2727272727272727	True
5610	484	0.18181818181818182	True
5610	1234	0.09090909090909091	True
4678	1407	0.9090909090909091	False
4678	3532	0.8181818181818182	False
4678	2675	0.7272727272727273	False
4678	3155	0.6363636363636364	True
4678	783	0.5454545454545454	False
4678	474	0.45454545454545453	False
4678	3809	0.36363636363636365	False
4678	3075	0.2727272727272727	True
4678	78	0.18181818181818182	True
4678	2256	0.09090909090909091	True
2424	1407	0.9090909090909091	False
2424	261	0.8181818181818182	False
2424	3658	0.7272727272727273	True
2424	3075	0.6363636363636364	True
2424	78	0.5454545454545454	True
2424	863	0.45454545454545453	False
2424	3013	0.36363636363636365	True
2424	3155	0.2727272727272727	True
2424	3003	0.18181818181818182	True
2424	3532	0.09090909090909091	False
2697	1407	0.9090909090909091	False
2697	261	0.8181818181818182	False
2697	2905	0.7272727272727273	True
2697	3768	0.6363636363636364	True
2697	3049	0.5454545454545454	True
2697	131	0.45454545454545453	True
2697	3809	0.36363636363636365	False
2697	2256	0.2727272727272727	True
2697	474	0.18181818181818182	False
2697	2675	0.09090909090909091	False
3860	1407	0.9090909090909091	False
3860	256	0.8181818181818182	True
3860	261	0.7272727272727273	False
3860	783	0.6363636363636364	False
3860	1519	0.5454545454545454	True
3860	122	0.45454545454545453	True
3860	1974	0.36363636363636365	True
3860	2256	0.2727272727272727	True
3860	913	0.18181818181818182	True
3860	2498	0.09090909090909091	True
5864	1407	0.9090909090909091	False
5864	783	0.8181818181818182	False
5864	2256	0.7272727272727273	True
5864	261	0.6363636363636364	False
5864	2675	0.5454545454545454	False
5864	863	0.45454545454545453	False
5864	3809	0.36363636363636365	False
5864	543	0.2727272727272727	True
5864	1875	0.18181818181818182	True
5864	78	0.09090909090909091	True
4783	1407	0.9090909090909091	False
4783	3075	0.8181818181818182	True
4783	783	0.7272727272727273	False
4783	3809	0.6363636363636364	False
4783	2256	0.5454545454545454	True
4783	261	0.45454545454545453	False
4783	122	0.36363636363636365	True
4783	256	0.2727272727272727	True
4783	543	0.18181818181818182	True
4783	344	0.09090909090909091	True
4104	1407	0.9090909090909091	False
4104	2675	0.8181818181818182	False
4104	3809	0.7272727272727273	False
4104	261	0.6363636363636364	False
4104	2256	0.5454545454545454	True
4104	122	0.45454545454545453	True
4104	3155	0.36363636363636365	True
4104	783	0.2727272727272727	False
4104	3013	0.18181818181818182	True
4104	3003	0.09090909090909091	True
5180	1407	0.9090909090909091	False
5180	2905	0.8181818181818182	True
5180	2498	0.7272727272727273	True
5180	3532	0.6363636363636364	False
5180	3003	0.5454545454545454	True
5180	1519	0.45454545454545453	True
5180	3013	0.36363636363636365	True
5180	131	0.2727272727272727	True
5180	3379	0.18181818181818182	True
5180	484	0.09090909090909091	True
3027	1407	0.9090909090909091	False
3027	3532	0.8181818181818182	False
3027	3809	0.7272727272727273	False
3027	3155	0.6363636363636364	True
3027	737	0.5454545454545454	True
3027	3075	0.45454545454545453	True
3027	2256	0.36363636363636365	True
3027	543	0.2727272727272727	True
3027	2675	0.18181818181818182	False
3027	2905	0.09090909090909091	True
5873	1407	0.9090909090909091	False
5873	261	0.8181818181818182	False
5873	256	0.7272727272727273	True
5873	122	0.6363636363636364	True
5873	474	0.5454545454545454	False
5873	3557	0.45454545454545453	True
5873	1519	0.36363636363636365	True
5873	783	0.2727272727272727	False
5873	594	0.18181818181818182	True
5873	913	0.09090909090909091	True
1384	1407	0.9090909090909091	False
1384	783	0.8181818181818182	False
1384	543	0.7272727272727273	True
1384	1519	0.6363636363636364	True
1384	863	0.5454545454545454	False
1384	3532	0.45454545454545453	False
1384	2675	0.36363636363636365	False
1384	78	0.2727272727272727	True
1384	3075	0.18181818181818182	True
1384	3013	0.09090909090909091	True
2015	1407	0.9090909090909091	False
2015	2905	0.8181818181818182	True
2015	2287	0.7272727272727273	True
2015	3809	0.6363636363636364	False
2015	3155	0.5454545454545454	True
2015	543	0.45454545454545453	True
2015	737	0.36363636363636365	True
2015	1234	0.2727272727272727	True
2015	1875	0.18181818181818182	True
2015	3532	0.09090909090909091	False
4725	1407	0.9090909090909091	False
4725	543	0.8181818181818182	True
4725	783	0.7272727272727273	False
4725	3809	0.6363636363636364	False
4725	2256	0.5454545454545454	True
4725	3075	0.45454545454545453	True
4725	78	0.36363636363636365	True
4725	863	0.2727272727272727	False
4725	1480	0.18181818181818182	True
4725	2172	0.09090909090909091	True
3775	1407	0.9090909090909091	False
3775	783	0.8181818181818182	False
3775	2675	0.7272727272727273	False
3775	3532	0.6363636363636364	False
3775	2256	0.5454545454545454	True
3775	3809	0.45454545454545453	False
3775	3075	0.36363636363636365	True
3775	543	0.2727272727272727	True
3775	2124	0.18181818181818182	True
3775	474	0.09090909090909091	False
683	1407	0.9090909090909091	False
683	3658	0.8181818181818182	True
683	131	0.7272727272727273	True
683	261	0.6363636363636364	False
683	3013	0.5454545454545454	True
683	484	0.45454545454545453	True
683	3075	0.36363636363636365	True
683	1974	0.2727272727272727	True
683	3379	0.18181818181818182	True
683	3557	0.09090909090909091	True
1797	1407	0.9090909090909091	False
1797	474	0.8181818181818182	False
1797	2675	0.7272727272727273	False
1797	3532	0.6363636363636364	False
1797	3557	0.5454545454545454	True
1797	261	0.45454545454545453	False
1797	2287	0.36363636363636365	True
1797	863	0.2727272727272727	False
1797	783	0.18181818181818182	False
1797	484	0.09090909090909091	True
2246	1407	0.9090909090909091	False
2246	543	0.8181818181818182	True
2246	2256	0.7272727272727273	True
2246	863	0.6363636363636364	False
2246	783	0.5454545454545454	False
2246	202	0.45454545454545453	True
2246	2675	0.36363636363636365	False
2246	131	0.2727272727272727	True
2246	3809	0.18181818181818182	False
2246	1519	0.09090909090909091	True
660	1407	0.9090909090909091	False
660	783	0.8181818181818182	False
660	3557	0.7272727272727273	True
660	2287	0.6363636363636364	True
660	344	0.5454545454545454	True
660	543	0.45454545454545453	True
660	2905	0.36363636363636365	True
660	1519	0.2727272727272727	True
660	2675	0.18181818181818182	False
660	261	0.09090909090909091	False
2203	1407	0.9090909090909091	False
2203	863	0.8181818181818182	False
2203	3809	0.7272727272727273	False
2203	3049	0.6363636363636364	True
2203	1375	0.5454545454545454	True
2203	256	0.45454545454545453	True
2203	3532	0.36363636363636365	False
2203	3013	0.2727272727272727	True
2203	2256	0.18181818181818182	True
2203	3155	0.09090909090909091	True
3941	1407	0.9090909090909091	False
3941	3557	0.8181818181818182	True
3941	2675	0.7272727272727273	False
3941	783	0.6363636363636364	False
3941	1519	0.5454545454545454	True
3941	3532	0.45454545454545453	False
3941	543	0.36363636363636365	True
3941	256	0.2727272727272727	True
3941	484	0.18181818181818182	True
3941	474	0.09090909090909091	False
4297	1407	0.9090909090909091	False
4297	2675	0.8181818181818182	False
4297	863	0.7272727272727273	False
4297	3013	0.6363636363636364	True
4297	2905	0.5454545454545454	True
4297	2498	0.45454545454545453	True
4297	1519	0.36363636363636365	True
4297	2256	0.2727272727272727	True
4297	3532	0.18181818181818182	False
4297	3155	0.09090909090909091	True
5335	1407	0.9090909090909091	False
5335	2287	0.8181818181818182	True
5335	3809	0.7272727272727273	False
5335	2675	0.6363636363636364	False
5335	2256	0.5454545454545454	True
5335	2681	0.45454545454545453	True
5335	3003	0.36363636363636365	True
5335	261	0.2727272727272727	False
5335	3198	0.18181818181818182	True
5335	122	0.09090909090909091	True
3833	1407	0.9090909090909091	False
3833	3532	0.8181818181818182	False
3833	3155	0.7272727272727273	True
3833	3013	0.6363636363636364	True
3833	3049	0.5454545454545454	True
3833	2905	0.45454545454545453	True
3833	2287	0.36363636363636365	True
3833	3809	0.2727272727272727	False
3833	3003	0.18181818181818182	True
3833	474	0.09090909090909091	False
2951	1407	0.9090909090909091	False
2951	131	0.8181818181818182	True
2951	2287	0.7272727272727273	True
2951	2256	0.6363636363636364	True
2951	3557	0.5454545454545454	True
2951	783	0.45454545454545453	False
2951	543	0.36363636363636365	True
2951	2675	0.2727272727272727	False
2951	484	0.18181818181818182	True
2951	3198	0.09090909090909091	True
2174	1407	0.9090909090909091	False
2174	3809	0.8181818181818182	False
2174	2256	0.7272727272727273	True
2174	913	0.6363636363636364	True
2174	2905	0.5454545454545454	True
2174	863	0.45454545454545453	False
2174	3081	0.36363636363636365	True
2174	3379	0.2727272727272727	True
2174	3013	0.18181818181818182	True
2174	2615	0.09090909090909091	True
551	1407	0.9090909090909091	False
551	913	0.8181818181818182	True
551	863	0.7272727272727273	False
551	3379	0.6363636363636364	True
551	474	0.5454545454545454	False
551	78	0.45454545454545453	True
551	261	0.36363636363636365	False
551	2797	0.2727272727272727	True
551	3155	0.18181818181818182	True
551	3557	0.09090909090909091	True
272	1407	0.9090909090909091	False
272	78	0.8181818181818182	True
272	3075	0.7272727272727273	True
272	474	0.6363636363636364	False
272	256	0.5454545454545454	True
272	863	0.45454545454545453	False
272	2256	0.36363636363636365	True
272	913	0.2727272727272727	True
272	2072	0.18181818181818182	True
272	737	0.09090909090909091	True
1306	1407	0.9090909090909091	False
1306	261	0.8181818181818182	False
1306	474	0.7272727272727273	False
1306	3809	0.6363636363636364	False
1306	3003	0.5454545454545454	True
1306	131	0.45454545454545453	True
1306	3658	0.36363636363636365	True
1306	122	0.2727272727272727	True
1306	3532	0.18181818181818182	False
1306	1974	0.09090909090909091	True
5785	1407	0.9090909090909091	False
5785	261	0.8181818181818182	False
5785	3658	0.7272727272727273	True
5785	3532	0.6363636363636364	False
5785	1974	0.5454545454545454	True
5785	484	0.45454545454545453	True
5785	256	0.36363636363636365	True
5785	122	0.2727272727272727	True
5785	913	0.18181818181818182	True
5785	3557	0.09090909090909091	True
3508	1407	0.9090909090909091	False
3508	3557	0.8181818181818182	True
3508	484	0.7272727272727273	True
3508	3532	0.6363636363636364	False
3508	783	0.5454545454545454	False
3508	3013	0.45454545454545453	True
3508	261	0.36363636363636365	False
3508	1974	0.2727272727272727	True
3508	256	0.18181818181818182	True
3508	3379	0.09090909090909091	True
5719	1407	0.9090909090909091	False
5719	2287	0.8181818181818182	True
5719	3532	0.7272727272727273	False
5719	474	0.6363636363636364	False
5719	783	0.5454545454545454	False
5719	261	0.45454545454545453	False
5719	2256	0.36363636363636365	True
5719	1234	0.2727272727272727	True
5719	1519	0.18181818181818182	True
5719	3809	0.09090909090909091	False
3544	1407	0.9090909090909091	False
3544	3532	0.8181818181818182	False
3544	3658	0.7272727272727273	True
3544	783	0.6363636363636364	False
3544	474	0.5454545454545454	False
3544	261	0.45454545454545453	False
3544	3557	0.36363636363636365	True
3544	2905	0.2727272727272727	True
3544	2287	0.18181818181818182	True
3544	3768	0.09090909090909091	True
1866	1407	0.9090909090909091	False
1866	3809	0.8181818181818182	False
1866	2287	0.7272727272727273	True
1866	3155	0.6363636363636364	True
1866	783	0.5454545454545454	False
1866	2675	0.45454545454545453	False
1866	2905	0.36363636363636365	True
1866	3532	0.2727272727272727	False
1866	261	0.18181818181818182	False
1866	3003	0.09090909090909091	True
5383	1407	0.9090909090909091	False
5383	2287	0.8181818181818182	True
5383	261	0.7272727272727273	False
5383	131	0.6363636363636364	True
5383	1875	0.5454545454545454	True
5383	2256	0.45454545454545453	True
5383	122	0.36363636363636365	True
5383	3809	0.2727272727272727	False
5383	2498	0.18181818181818182	True
5383	913	0.09090909090909091	True
98	1407	0.9090909090909091	False
98	783	0.8181818181818182	False
98	474	0.7272727272727273	False
98	2287	0.6363636363636364	True
98	2905	0.5454545454545454	True
98	3532	0.45454545454545453	False
98	261	0.36363636363636365	False
98	3809	0.2727272727272727	False
98	1234	0.18181818181818182	True
98	2675	0.09090909090909091	False
1043	1407	0.9090909090909091	False
1043	783	0.8181818181818182	False
1043	1519	0.7272727272727273	True
1043	261	0.6363636363636364	False
1043	913	0.5454545454545454	True
1043	1480	0.45454545454545453	True
1043	511	0.36363636363636365	True
1043	2256	0.2727272727272727	True
1043	543	0.18181818181818182	True
1043	3809	0.09090909090909091	False
5411	1407	0.9090909090909091	False
5411	3155	0.8181818181818182	True
5411	3809	0.7272727272727273	False
5411	543	0.6363636363636364	True
5411	783	0.5454545454545454	False
5411	2675	0.45454545454545453	False
5411	863	0.36363636363636365	False
5411	2287	0.2727272727272727	True
5411	737	0.18181818181818182	True
5411	3013	0.09090909090909091	True
2072	1407	0.9090909090909091	False
2072	261	0.8181818181818182	False
2072	474	0.7272727272727273	False
2072	1974	0.6363636363636364	True
2072	1519	0.5454545454545454	True
2072	256	0.45454545454545453	True
2072	3658	0.36363636363636365	True
2072	484	0.2727272727272727	True
2072	783	0.18181818181818182	False
2072	3532	0.09090909090909091	False
304	1407	0.9090909090909091	False
304	2287	0.8181818181818182	True
304	863	0.7272727272727273	False
304	3809	0.6363636363636364	False
304	261	0.5454545454545454	False
304	2905	0.45454545454545453	True
304	1234	0.36363636363636365	True
304	3379	0.2727272727272727	True
304	3557	0.18181818181818182	True
304	1519	0.09090909090909091	True
125	1407	0.9090909090909091	False
125	2256	0.8181818181818182	True
125	3809	0.7272727272727273	False
125	131	0.6363636363636364	True
125	2905	0.5454545454545454	True
125	3532	0.45454545454545453	False
125	484	0.36363636363636365	True
125	3075	0.2727272727272727	True
125	2675	0.18181818181818182	False
125	474	0.09090909090909091	False
3846	1407	0.9090909090909091	False
3846	2675	0.8181818181818182	False
3846	1519	0.7272727272727273	True
3846	783	0.6363636363636364	False
3846	913	0.5454545454545454	True
3846	2287	0.45454545454545453	True
3846	2256	0.36363636363636365	True
3846	3013	0.2727272727272727	True
3846	3003	0.18181818181818182	True
3846	484	0.09090909090909091	True
1461	1407	0.9090909090909091	False
1461	1519	0.8181818181818182	True
1461	863	0.7272727272727273	False
1461	913	0.6363636363636364	True
1461	1375	0.5454545454545454	True
1461	3155	0.45454545454545453	True
1461	3379	0.36363636363636365	True
1461	474	0.2727272727272727	False
1461	2517	0.18181818181818182	True
1461	2675	0.09090909090909091	False
