5782	869	0.9090909090909091	False
5782	2407	0.8181818181818182	False
5782	2778	0.7272727272727273	False
5782	2711	0.6363636363636364	False
5782	2090	0.5454545454545454	True
5782	860	0.45454545454545453	True
5782	2412	0.36363636363636365	True
5782	186	0.2727272727272727	True
5782	2836	0.18181818181818182	True
5782	439	0.09090909090909091	True
2319	869	0.9090909090909091	False
2319	2407	0.8181818181818182	False
2319	2778	0.7272727272727273	False
2319	2711	0.6363636363636364	False
2319	3420	0.5454545454545454	True
2319	2028	0.45454545454545453	True
2319	2638	0.36363636363636365	True
2319	2043	0.2727272727272727	True
2319	860	0.18181818181818182	True
2319	2312	0.09090909090909091	True
529	869	0.9090909090909091	False
529	2778	0.8181818181818182	False
529	2407	0.7272727272727273	False
529	2711	0.6363636363636364	False
529	2558	0.5454545454545454	True
529	2090	0.45454545454545453	True
529	2638	0.36363636363636365	True
529	2741	0.2727272727272727	True
529	2100	0.18181818181818182	True
529	2041	0.09090909090909091	True
4485	869	0.9090909090909091	False
4485	2407	0.8181818181818182	False
4485	2778	0.7272727272727273	False
4485	2711	0.6363636363636364	False
4485	2100	0.5454545454545454	True
4485	1496	0.45454545454545453	True
4485	2638	0.36363636363636365	True
4485	3420	0.2727272727272727	True
4485	3198	0.18181818181818182	True
4485	2028	0.09090909090909091	True
1861	869	0.9090909090909091	False
1861	2407	0.8181818181818182	False
1861	2778	0.7272727272727273	False
1861	2711	0.6363636363636364	False
1861	2312	0.5454545454545454	True
1861	2412	0.45454545454545453	True
1861	2371	0.36363636363636365	True
1861	860	0.2727272727272727	True
1861	2885	0.18181818181818182	True
1861	186	0.09090909090909091	True
2172	869	0.9090909090909091	False
2172	2407	0.8181818181818182	False
2172	2778	0.7272727272727273	False
2172	2711	0.6363636363636364	False
2172	2090	0.5454545454545454	True
2172	2136	0.45454545454545453	True
2172	860	0.36363636363636365	True
2172	3759	0.2727272727272727	True
2172	1746	0.18181818181818182	True
2172	3397	0.09090909090909091	True
5329	869	0.9090909090909091	False
5329	2407	0.8181818181818182	False
5329	2778	0.7272727272727273	False
5329	2711	0.6363636363636364	False
5329	186	0.5454545454545454	True
5329	2833	0.45454545454545453	True
5329	3759	0.36363636363636365	True
5329	2638	0.2727272727272727	True
5329	867	0.18181818181818182	True
5329	860	0.09090909090909091	True
3298	869	0.9090909090909091	False
3298	2407	0.8181818181818182	False
3298	2711	0.7272727272727273	False
3298	2100	0.6363636363636364	True
3298	867	0.5454545454545454	True
3298	186	0.45454545454545453	True
3298	2638	0.36363636363636365	True
3298	2833	0.2727272727272727	True
3298	3948	0.18181818181818182	True
3298	2358	0.09090909090909091	True
3424	869	0.9090909090909091	False
3424	2778	0.8181818181818182	False
3424	2407	0.7272727272727273	False
3424	2711	0.6363636363636364	False
3424	2638	0.5454545454545454	True
3424	3150	0.45454545454545453	False
3424	2269	0.36363636363636365	True
3424	186	0.2727272727272727	True
3424	725	0.18181818181818182	True
3424	2312	0.09090909090909091	True
109	869	0.9090909090909091	False
109	2407	0.8181818181818182	False
109	2778	0.7272727272727273	False
109	2711	0.6363636363636364	False
109	186	0.5454545454545454	True
109	2041	0.45454545454545453	True
109	2833	0.36363636363636365	True
109	2638	0.2727272727272727	True
109	2269	0.18181818181818182	True
109	3198	0.09090909090909091	True
296	869	0.9090909090909091	False
296	2407	0.8181818181818182	False
296	2778	0.7272727272727273	False
296	2711	0.6363636363636364	False
296	2741	0.5454545454545454	True
296	3150	0.45454545454545453	False
296	860	0.36363636363636365	True
296	2090	0.2727272727272727	True
296	1600	0.18181818181818182	True
296	2885	0.09090909090909091	True
1739	869	0.9090909090909091	False
1739	2778	0.8181818181818182	False
1739	2407	0.7272727272727273	False
1739	2711	0.6363636363636364	False
1739	2885	0.5454545454545454	True
1739	3397	0.45454545454545453	True
1739	2269	0.36363636363636365	True
1739	2371	0.2727272727272727	True
1739	2741	0.18181818181818182	True
1739	186	0.09090909090909091	True
659	869	0.9090909090909091	False
659	2407	0.8181818181818182	False
659	2778	0.7272727272727273	False
659	2711	0.6363636363636364	False
659	2090	0.5454545454545454	True
659	186	0.45454545454545453	True
659	2558	0.36363636363636365	True
659	2269	0.2727272727272727	True
659	3198	0.18181818181818182	True
659	2885	0.09090909090909091	True
4958	869	0.9090909090909091	False
4958	2407	0.8181818181818182	False
4958	2778	0.7272727272727273	False
4958	2711	0.6363636363636364	False
4958	3150	0.5454545454545454	False
4958	2412	0.45454545454545453	True
4958	3420	0.36363636363636365	True
4958	2043	0.2727272727272727	True
4958	2269	0.18181818181818182	True
4958	2885	0.09090909090909091	True
3672	869	0.9090909090909091	False
3672	2407	0.8181818181818182	False
3672	2778	0.7272727272727273	False
3672	2711	0.6363636363636364	False
3672	2090	0.5454545454545454	True
3672	3150	0.45454545454545453	False
3672	860	0.36363636363636365	True
3672	2136	0.2727272727272727	True
3672	186	0.18181818181818182	True
3672	2043	0.09090909090909091	True
1282	869	0.9090909090909091	False
1282	2407	0.8181818181818182	False
1282	2778	0.7272727272727273	False
1282	2711	0.6363636363636364	False
1282	186	0.5454545454545454	True
1282	2885	0.45454545454545453	True
1282	2041	0.36363636363636365	True
1282	3719	0.2727272727272727	True
1282	244	0.18181818181818182	True
1282	2269	0.09090909090909091	True
1776	869	0.9090909090909091	False
1776	2407	0.8181818181818182	False
1776	2778	0.7272727272727273	False
1776	2711	0.6363636363636364	False
1776	2090	0.5454545454545454	True
1776	2558	0.45454545454545453	True
1776	534	0.36363636363636365	True
1776	2885	0.2727272727272727	True
1776	3420	0.18181818181818182	True
1776	2741	0.09090909090909091	True
2858	869	0.9090909090909091	False
2858	2407	0.8181818181818182	False
2858	2778	0.7272727272727273	False
2858	2711	0.6363636363636364	False
2858	2638	0.5454545454545454	True
2858	186	0.45454545454545453	True
2858	860	0.36363636363636365	True
2858	2833	0.2727272727272727	True
2858	3198	0.18181818181818182	True
2858	3420	0.09090909090909091	True
4755	869	0.9090909090909091	False
4755	2407	0.8181818181818182	False
4755	2778	0.7272727272727273	False
4755	2711	0.6363636363636364	False
4755	2412	0.5454545454545454	True
4755	2312	0.45454545454545453	True
4755	2090	0.36363636363636365	True
4755	2581	0.2727272727272727	True
4755	2043	0.18181818181818182	True
4755	3150	0.09090909090909091	False
4694	869	0.9090909090909091	False
4694	2407	0.8181818181818182	False
4694	2778	0.7272727272727273	False
4694	2711	0.6363636363636364	False
4694	2090	0.5454545454545454	True
4694	3948	0.45454545454545453	True
4694	2741	0.36363636363636365	True
4694	2581	0.2727272727272727	True
4694	186	0.18181818181818182	True
4694	2833	0.09090909090909091	True
755	869	0.9090909090909091	False
755	2407	0.8181818181818182	False
755	2778	0.7272727272727273	False
755	2711	0.6363636363636364	False
755	3150	0.5454545454545454	False
755	860	0.45454545454545453	True
755	3420	0.36363636363636365	True
755	2136	0.2727272727272727	True
755	2885	0.18181818181818182	True
755	2090	0.09090909090909091	True
1138	869	0.9090909090909091	False
1138	2407	0.8181818181818182	False
1138	2778	0.7272727272727273	False
1138	2711	0.6363636363636364	False
1138	2269	0.5454545454545454	True
1138	1600	0.45454545454545453	True
1138	3150	0.36363636363636365	False
1138	2136	0.2727272727272727	True
1138	2090	0.18181818181818182	True
1138	2073	0.09090909090909091	True
3409	869	0.9090909090909091	False
3409	2407	0.8181818181818182	False
3409	2778	0.7272727272727273	False
3409	2711	0.6363636363636364	False
3409	3198	0.5454545454545454	True
3409	2358	0.45454545454545453	True
3409	2043	0.36363636363636365	True
3409	2090	0.2727272727272727	True
3409	3150	0.18181818181818182	False
3409	860	0.09090909090909091	True
5865	869	0.9090909090909091	False
5865	2407	0.8181818181818182	False
5865	2778	0.7272727272727273	False
5865	2711	0.6363636363636364	False
5865	860	0.5454545454545454	True
5865	867	0.45454545454545453	True
5865	2638	0.36363636363636365	True
5865	2090	0.2727272727272727	True
5865	2100	0.18181818181818182	True
5865	2885	0.09090909090909091	True
5171	869	0.9090909090909091	False
5171	2407	0.8181818181818182	False
5171	2778	0.7272727272727273	False
5171	2711	0.6363636363636364	False
5171	299	0.5454545454545454	True
5171	2581	0.45454545454545453	True
5171	2833	0.36363636363636365	True
5171	3420	0.2727272727272727	True
5171	439	0.18181818181818182	True
5171	2269	0.09090909090909091	True
3954	869	0.9090909090909091	False
3954	2407	0.8181818181818182	False
3954	2778	0.7272727272727273	False
3954	2041	0.6363636363636364	True
3954	860	0.5454545454545454	True
3954	3397	0.45454545454545453	True
3954	2312	0.36363636363636365	True
3954	2885	0.2727272727272727	True
3954	1857	0.18181818181818182	True
3954	2638	0.09090909090909091	True
2247	869	0.9090909090909091	False
2247	2407	0.8181818181818182	False
2247	2778	0.7272727272727273	False
2247	2711	0.6363636363636364	False
2247	860	0.5454545454545454	True
2247	3397	0.45454545454545453	True
2247	2371	0.36363636363636365	True
2247	3150	0.2727272727272727	False
2247	3196	0.18181818181818182	True
2247	2885	0.09090909090909091	True
176	869	0.9090909090909091	False
176	2778	0.8181818181818182	False
176	2407	0.7272727272727273	False
176	2711	0.6363636363636364	False
176	860	0.5454545454545454	True
176	2581	0.45454545454545453	True
176	2041	0.36363636363636365	True
176	2358	0.2727272727272727	True
176	3420	0.18181818181818182	True
176	2412	0.09090909090909091	True
209	869	0.9090909090909091	False
209	2407	0.8181818181818182	False
209	2711	0.7272727272727273	False
209	2778	0.6363636363636364	False
209	2885	0.5454545454545454	True
209	2371	0.45454545454545453	True
209	3397	0.36363636363636365	True
209	2090	0.2727272727272727	True
209	2269	0.18181818181818182	True
209	2073	0.09090909090909091	True
4721	869	0.9090909090909091	False
4721	2778	0.8181818181818182	False
4721	2407	0.7272727272727273	False
4721	2711	0.6363636363636364	False
4721	2041	0.5454545454545454	True
4721	2100	0.45454545454545453	True
4721	2358	0.36363636363636365	True
4721	2885	0.2727272727272727	True
4721	3150	0.18181818181818182	False
4721	186	0.09090909090909091	True
1059	869	0.9090909090909091	False
1059	2778	0.8181818181818182	False
1059	2407	0.7272727272727273	False
1059	2711	0.6363636363636364	False
1059	186	0.5454545454545454	True
1059	867	0.45454545454545453	True
1059	3198	0.36363636363636365	True
1059	2833	0.2727272727272727	True
1059	2269	0.18181818181818182	True
1059	3420	0.09090909090909091	True
2420	869	0.9090909090909091	False
2420	2407	0.8181818181818182	False
2420	2778	0.7272727272727273	False
2420	2711	0.6363636363636364	False
2420	2041	0.5454545454545454	True
2420	2269	0.45454545454545453	True
2420	534	0.36363636363636365	True
2420	3150	0.2727272727272727	False
2420	2638	0.18181818181818182	True
2420	2090	0.09090909090909091	True
4113	869	0.9090909090909091	False
4113	2407	0.8181818181818182	False
4113	2778	0.7272727272727273	False
4113	2711	0.6363636363636364	False
4113	3150	0.5454545454545454	False
4113	186	0.45454545454545453	True
4113	2043	0.36363636363636365	True
4113	2558	0.2727272727272727	True
4113	2717	0.18181818181818182	True
4113	2090	0.09090909090909091	True
4633	869	0.9090909090909091	False
4633	2407	0.8181818181818182	False
4633	2778	0.7272727272727273	False
4633	2711	0.6363636363636364	False
4633	3150	0.5454545454545454	False
4633	2885	0.45454545454545453	True
4633	2090	0.36363636363636365	True
4633	2558	0.2727272727272727	True
4633	2371	0.18181818181818182	True
4633	2041	0.09090909090909091	True
1205	869	0.9090909090909091	False
1205	2407	0.8181818181818182	False
1205	2778	0.7272727272727273	False
1205	2711	0.6363636363636364	False
1205	2269	0.5454545454545454	True
1205	860	0.45454545454545453	True
1205	2412	0.36363636363636365	True
1205	2073	0.2727272727272727	True
1205	725	0.18181818181818182	True
1205	2510	0.09090909090909091	True
1434	869	0.9090909090909091	False
1434	2407	0.8181818181818182	False
1434	2711	0.7272727272727273	False
1434	2778	0.6363636363636364	False
1434	2041	0.5454545454545454	True
1434	3150	0.45454545454545453	False
1434	2090	0.36363636363636365	True
1434	244	0.2727272727272727	True
1434	534	0.18181818181818182	True
1434	2100	0.09090909090909091	True
2477	869	0.9090909090909091	False
2477	2407	0.8181818181818182	False
2477	2778	0.7272727272727273	False
2477	2711	0.6363636363636364	False
2477	3150	0.5454545454545454	False
2477	2269	0.45454545454545453	True
2477	860	0.36363636363636365	True
2477	2358	0.2727272727272727	True
2477	2100	0.18181818181818182	True
2477	186	0.09090909090909091	True
5461	869	0.9090909090909091	False
5461	2407	0.8181818181818182	False
5461	2778	0.7272727272727273	False
5461	2711	0.6363636363636364	False
5461	2581	0.5454545454545454	True
5461	2412	0.45454545454545453	True
5461	725	0.36363636363636365	True
5461	3556	0.2727272727272727	True
5461	3150	0.18181818181818182	False
5461	2269	0.09090909090909091	True
5703	869	0.9090909090909091	False
5703	2407	0.8181818181818182	False
5703	2778	0.7272727272727273	False
5703	2711	0.6363636363636364	False
5703	2041	0.5454545454545454	True
5703	2358	0.45454545454545453	True
5703	2558	0.36363636363636365	True
5703	3420	0.2727272727272727	True
5703	860	0.18181818181818182	True
5703	2638	0.09090909090909091	True
401	869	0.9090909090909091	False
401	2778	0.8181818181818182	False
401	2407	0.7272727272727273	False
401	2711	0.6363636363636364	False
401	3150	0.5454545454545454	False
401	2090	0.45454545454545453	True
401	3948	0.36363636363636365	True
401	2885	0.2727272727272727	True
401	3556	0.18181818181818182	True
401	2558	0.09090909090909091	True
2773	869	0.9090909090909091	False
2773	2407	0.8181818181818182	False
2773	2778	0.7272727272727273	False
2773	2711	0.6363636363636364	False
2773	3150	0.5454545454545454	False
2773	2717	0.45454545454545453	True
2773	186	0.36363636363636365	True
2773	2090	0.2727272727272727	True
2773	3556	0.18181818181818182	True
2773	867	0.09090909090909091	True
4074	869	0.9090909090909091	False
4074	2778	0.8181818181818182	False
4074	2407	0.7272727272727273	False
4074	2711	0.6363636363636364	False
4074	860	0.5454545454545454	True
4074	2581	0.45454545454545453	True
4074	2358	0.36363636363636365	True
4074	3397	0.2727272727272727	True
4074	3948	0.18181818181818182	True
4074	2269	0.09090909090909091	True
4477	869	0.9090909090909091	False
4477	2407	0.8181818181818182	False
4477	2778	0.7272727272727273	False
4477	2711	0.6363636363636364	False
4477	3150	0.5454545454545454	False
4477	2100	0.45454545454545453	True
4477	2028	0.36363636363636365	True
4477	860	0.2727272727272727	True
4477	2269	0.18181818181818182	True
4477	2090	0.09090909090909091	True
1066	869	0.9090909090909091	False
1066	2407	0.8181818181818182	False
1066	2778	0.7272727272727273	False
1066	2711	0.6363636363636364	False
1066	2312	0.5454545454545454	True
1066	2028	0.45454545454545453	True
1066	860	0.36363636363636365	True
1066	725	0.2727272727272727	True
1066	2885	0.18181818181818182	True
1066	3420	0.09090909090909091	True
4805	869	0.9090909090909091	False
4805	2407	0.8181818181818182	False
4805	2711	0.7272727272727273	False
4805	2778	0.6363636363636364	False
4805	2041	0.5454545454545454	True
4805	3150	0.45454545454545453	False
4805	3420	0.36363636363636365	True
4805	2581	0.2727272727272727	True
4805	2558	0.18181818181818182	True
4805	2833	0.09090909090909091	True
5655	869	0.9090909090909091	False
5655	2407	0.8181818181818182	False
5655	2778	0.7272727272727273	False
5655	2711	0.6363636363636364	False
5655	2312	0.5454545454545454	True
5655	860	0.45454545454545453	True
5655	2090	0.36363636363636365	True
5655	3150	0.2727272727272727	False
5655	3397	0.18181818181818182	True
5655	2136	0.09090909090909091	True
5951	869	0.9090909090909091	False
5951	2778	0.8181818181818182	False
5951	2407	0.7272727272727273	False
5951	2711	0.6363636363636364	False
5951	1130	0.5454545454545454	True
5951	2100	0.45454545454545453	True
5951	2885	0.36363636363636365	True
5951	2041	0.2727272727272727	True
5951	3150	0.18181818181818182	False
5951	2558	0.09090909090909091	True
2054	869	0.9090909090909091	False
2054	2407	0.8181818181818182	False
2054	2778	0.7272727272727273	False
2054	2711	0.6363636363636364	False
2054	3150	0.5454545454545454	False
2054	2358	0.45454545454545453	True
2054	186	0.36363636363636365	True
2054	2090	0.2727272727272727	True
2054	860	0.18181818181818182	True
2054	3556	0.09090909090909091	True
4345	869	0.9090909090909091	False
4345	2778	0.8181818181818182	False
4345	2407	0.7272727272727273	False
4345	2711	0.6363636363636364	False
4345	2581	0.5454545454545454	True
4345	2885	0.45454545454545453	True
4345	2412	0.36363636363636365	True
4345	2312	0.2727272727272727	True
4345	2041	0.18181818181818182	True
4345	725	0.09090909090909091	True
3111	869	0.9090909090909091	False
3111	2407	0.8181818181818182	False
3111	2778	0.7272727272727273	False
3111	2711	0.6363636363636364	False
3111	2090	0.5454545454545454	True
3111	3150	0.45454545454545453	False
3111	3196	0.36363636363636365	True
3111	2100	0.2727272727272727	True
3111	2028	0.18181818181818182	True
3111	2041	0.09090909090909091	True
1525	869	0.9090909090909091	False
1525	2407	0.8181818181818182	False
1525	2778	0.7272727272727273	False
1525	2711	0.6363636363636364	False
1525	860	0.5454545454545454	True
1525	2269	0.45454545454545453	True
1525	3198	0.36363636363636365	True
1525	186	0.2727272727272727	True
1525	867	0.18181818181818182	True
1525	3020	0.09090909090909091	True
1337	869	0.9090909090909091	False
1337	2778	0.8181818181818182	False
1337	2407	0.7272727272727273	False
1337	2711	0.6363636363636364	False
1337	867	0.5454545454545454	True
1337	534	0.45454545454545453	True
1337	186	0.36363636363636365	True
1337	2041	0.2727272727272727	True
1337	860	0.18181818181818182	True
1337	2638	0.09090909090909091	True
441	869	0.9090909090909091	False
441	2778	0.8181818181818182	False
441	2407	0.7272727272727273	False
441	2711	0.6363636363636364	False
441	2638	0.5454545454545454	True
441	3948	0.45454545454545453	True
441	1857	0.36363636363636365	True
441	186	0.2727272727272727	True
441	867	0.18181818181818182	True
441	3420	0.09090909090909091	True
4476	869	0.9090909090909091	False
4476	2407	0.8181818181818182	False
4476	2778	0.7272727272727273	False
4476	2711	0.6363636363636364	False
4476	2269	0.5454545454545454	True
4476	3397	0.45454545454545453	True
4476	860	0.36363636363636365	True
4476	3150	0.2727272727272727	False
4476	725	0.18181818181818182	True
4476	2638	0.09090909090909091	True
2538	869	0.9090909090909091	False
2538	2407	0.8181818181818182	False
2538	2778	0.7272727272727273	False
2538	2711	0.6363636363636364	False
2538	534	0.5454545454545454	True
2538	2269	0.45454545454545453	True
2538	725	0.36363636363636365	True
2538	2638	0.2727272727272727	True
2538	186	0.18181818181818182	True
2538	3020	0.09090909090909091	True
386	869	0.9090909090909091	False
386	2407	0.8181818181818182	False
386	2778	0.7272727272727273	False
386	2711	0.6363636363636364	False
386	2269	0.5454545454545454	True
386	534	0.45454545454545453	True
386	2833	0.36363636363636365	True
386	2090	0.2727272727272727	True
386	725	0.18181818181818182	True
386	3150	0.09090909090909091	False
30	869	0.9090909090909091	False
30	2407	0.8181818181818182	False
30	2778	0.7272727272727273	False
30	2711	0.6363636363636364	False
30	867	0.5454545454545454	True
30	2638	0.45454545454545453	True
30	860	0.36363636363636365	True
30	244	0.2727272727272727	True
30	2833	0.18181818181818182	True
30	2100	0.09090909090909091	True
1051	869	0.9090909090909091	False
1051	2407	0.8181818181818182	False
1051	2778	0.7272727272727273	False
1051	2711	0.6363636363636364	False
1051	860	0.5454545454545454	True
1051	2638	0.45454545454545453	True
1051	725	0.36363636363636365	True
1051	3397	0.2727272727272727	True
1051	3420	0.18181818181818182	True
1051	2581	0.09090909090909091	True
4245	869	0.9090909090909091	False
4245	2778	0.8181818181818182	False
4245	2407	0.7272727272727273	False
4245	2711	0.6363636363636364	False
4245	867	0.5454545454545454	True
4245	186	0.45454545454545453	True
4245	860	0.36363636363636365	True
4245	2581	0.2727272727272727	True
4245	2100	0.18181818181818182	True
4245	2885	0.09090909090909091	True
3201	869	0.9090909090909091	False
3201	2407	0.8181818181818182	False
3201	2778	0.7272727272727273	False
3201	2711	0.6363636363636364	False
3201	860	0.5454545454545454	True
3201	2638	0.45454545454545453	True
3201	2269	0.36363636363636365	True
3201	534	0.2727272727272727	True
3201	2041	0.18181818181818182	True
3201	2833	0.09090909090909091	True
2787	869	0.9090909090909091	False
2787	2407	0.8181818181818182	False
2787	2711	0.7272727272727273	False
2787	2778	0.6363636363636364	False
2787	860	0.5454545454545454	True
2787	1689	0.45454545454545453	True
2787	2090	0.36363636363636365	True
2787	3397	0.2727272727272727	True
2787	442	0.18181818181818182	True
2787	2028	0.09090909090909091	True
5795	869	0.9090909090909091	False
5795	2407	0.8181818181818182	False
5795	2778	0.7272727272727273	False
5795	2711	0.6363636363636364	False
5795	2028	0.5454545454545454	True
5795	3150	0.45454545454545453	False
5795	725	0.36363636363636365	True
5795	2581	0.2727272727272727	True
5795	2090	0.18181818181818182	True
5795	2312	0.09090909090909091	True
736	869	0.9090909090909091	False
736	2407	0.8181818181818182	False
736	2711	0.7272727272727273	False
736	2269	0.6363636363636364	True
736	3948	0.5454545454545454	True
736	2358	0.45454545454545453	True
736	867	0.36363636363636365	True
736	534	0.2727272727272727	True
736	860	0.18181818181818182	True
736	2100	0.09090909090909091	True
1046	869	0.9090909090909091	False
1046	2407	0.8181818181818182	False
1046	2778	0.7272727272727273	False
1046	2711	0.6363636363636364	False
1046	2581	0.5454545454545454	True
1046	2885	0.45454545454545453	True
1046	2358	0.36363636363636365	True
1046	2136	0.2727272727272727	True
1046	2090	0.18181818181818182	True
1046	3948	0.09090909090909091	True
2035	869	0.9090909090909091	False
2035	2778	0.8181818181818182	False
2035	2407	0.7272727272727273	False
2035	2711	0.6363636363636364	False
2035	2885	0.5454545454545454	True
2035	3420	0.45454545454545453	True
2035	2312	0.36363636363636365	True
2035	725	0.2727272727272727	True
2035	2090	0.18181818181818182	True
2035	186	0.09090909090909091	True
3870	869	0.9090909090909091	False
3870	2407	0.8181818181818182	False
3870	2778	0.7272727272727273	False
3870	2711	0.6363636363636364	False
3870	2885	0.5454545454545454	True
3870	2100	0.45454545454545453	True
3870	3150	0.36363636363636365	False
3870	2558	0.2727272727272727	True
3870	186	0.18181818181818182	True
3870	2717	0.09090909090909091	True
3588	869	0.9090909090909091	False
3588	2407	0.8181818181818182	False
3588	2778	0.7272727272727273	False
3588	2711	0.6363636363636364	False
3588	3150	0.5454545454545454	False
3588	3420	0.45454545454545453	True
3588	3198	0.36363636363636365	True
3588	2269	0.2727272727272727	True
3588	2100	0.18181818181818182	True
3588	2028	0.09090909090909091	True
2713	869	0.9090909090909091	False
2713	2407	0.8181818181818182	False
2713	2778	0.7272727272727273	False
2713	2711	0.6363636363636364	False
2713	2136	0.5454545454545454	True
2713	3420	0.45454545454545453	True
2713	2412	0.36363636363636365	True
2713	2581	0.2727272727272727	True
2713	3150	0.18181818181818182	False
2713	186	0.09090909090909091	True
2166	869	0.9090909090909091	False
2166	2407	0.8181818181818182	False
2166	2778	0.7272727272727273	False
2166	2711	0.6363636363636364	False
2166	860	0.5454545454545454	True
2166	3150	0.45454545454545453	False
2166	2041	0.36363636363636365	True
2166	2310	0.2727272727272727	True
2166	2638	0.18181818181818182	True
2166	2371	0.09090909090909091	True
1561	869	0.9090909090909091	False
1561	2407	0.8181818181818182	False
1561	2778	0.7272727272727273	False
1561	2711	0.6363636363636364	False
1561	186	0.5454545454545454	True
1561	3420	0.45454545454545453	True
1561	860	0.36363636363636365	True
1561	2090	0.2727272727272727	True
1561	2028	0.18181818181818182	True
1561	2041	0.09090909090909091	True
1521	869	0.9090909090909091	False
1521	2778	0.8181818181818182	False
1521	2407	0.7272727272727273	False
1521	2711	0.6363636363636364	False
1521	3150	0.5454545454545454	False
1521	2885	0.45454545454545453	True
1521	2741	0.36363636363636365	True
1521	3420	0.2727272727272727	True
1521	2581	0.18181818181818182	True
1521	2269	0.09090909090909091	True
861	869	0.9090909090909091	False
861	2407	0.8181818181818182	False
861	2778	0.7272727272727273	False
861	2711	0.6363636363636364	False
861	3150	0.5454545454545454	False
861	3196	0.45454545454545453	True
861	2558	0.36363636363636365	True
861	2269	0.2727272727272727	True
861	2717	0.18181818181818182	True
861	2041	0.09090909090909091	True
3181	869	0.9090909090909091	False
3181	2407	0.8181818181818182	False
3181	2778	0.7272727272727273	False
3181	2711	0.6363636363636364	False
3181	2090	0.5454545454545454	True
3181	2581	0.45454545454545453	True
3181	534	0.36363636363636365	True
3181	2412	0.2727272727272727	True
3181	3150	0.18181818181818182	False
3181	2041	0.09090909090909091	True
5862	869	0.9090909090909091	False
5862	2407	0.8181818181818182	False
5862	2778	0.7272727272727273	False
5862	2711	0.6363636363636364	False
5862	2885	0.5454545454545454	True
5862	2581	0.45454545454545453	True
5862	186	0.36363636363636365	True
5862	2090	0.2727272727272727	True
5862	2371	0.18181818181818182	True
5862	2312	0.09090909090909091	True
5256	869	0.9090909090909091	False
5256	2778	0.8181818181818182	False
5256	2407	0.7272727272727273	False
5256	2711	0.6363636363636364	False
5256	2885	0.5454545454545454	True
5256	3948	0.45454545454545453	True
5256	2741	0.36363636363636365	True
5256	3397	0.2727272727272727	True
5256	2581	0.18181818181818182	True
5256	2090	0.09090909090909091	True
4807	869	0.9090909090909091	False
4807	2407	0.8181818181818182	False
4807	2778	0.7272727272727273	False
4807	2711	0.6363636363636364	False
4807	534	0.5454545454545454	True
4807	725	0.45454545454545453	True
4807	186	0.36363636363636365	True
4807	2638	0.2727272727272727	True
4807	439	0.18181818181818182	True
4807	2833	0.09090909090909091	True
3109	869	0.9090909090909091	False
3109	2778	0.8181818181818182	False
3109	2407	0.7272727272727273	False
3109	2711	0.6363636363636364	False
3109	2885	0.5454545454545454	True
3109	2100	0.45454545454545453	True
3109	3150	0.36363636363636365	False
3109	2412	0.2727272727272727	True
3109	2041	0.18181818181818182	True
3109	2638	0.09090909090909091	True
4046	869	0.9090909090909091	False
4046	2407	0.8181818181818182	False
4046	2711	0.7272727272727273	False
4046	2778	0.6363636363636364	False
4046	2136	0.5454545454545454	True
4046	860	0.45454545454545453	True
4046	2885	0.36363636363636365	True
4046	2090	0.2727272727272727	True
4046	3150	0.18181818181818182	False
4046	3397	0.09090909090909091	True
2347	869	0.9090909090909091	False
2347	2778	0.8181818181818182	False
2347	2407	0.7272727272727273	False
2347	2711	0.6363636363636364	False
2347	2581	0.5454545454545454	True
2347	3948	0.45454545454545453	True
2347	2412	0.36363636363636365	True
2347	2136	0.2727272727272727	True
2347	3556	0.18181818181818182	True
2347	2100	0.09090909090909091	True
696	869	0.9090909090909091	False
696	2407	0.8181818181818182	False
696	2778	0.7272727272727273	False
696	2711	0.6363636363636364	False
696	3948	0.5454545454545454	True
696	2358	0.45454545454545453	True
696	2090	0.36363636363636365	True
696	3420	0.2727272727272727	True
696	3198	0.18181818181818182	True
696	2043	0.09090909090909091	True
194	869	0.9090909090909091	False
194	2407	0.8181818181818182	False
194	2778	0.7272727272727273	False
194	2711	0.6363636363636364	False
194	186	0.5454545454545454	True
194	2638	0.45454545454545453	True
194	534	0.36363636363636365	True
194	725	0.2727272727272727	True
194	867	0.18181818181818182	True
194	2412	0.09090909090909091	True
4315	869	0.9090909090909091	False
4315	2407	0.8181818181818182	False
4315	2778	0.7272727272727273	False
4315	2711	0.6363636363636364	False
4315	3150	0.5454545454545454	False
4315	2100	0.45454545454545453	True
4315	2558	0.36363636363636365	True
4315	2885	0.2727272727272727	True
4315	2041	0.18181818181818182	True
4315	2090	0.09090909090909091	True
575	869	0.9090909090909091	False
575	2407	0.8181818181818182	False
575	2778	0.7272727272727273	False
575	2711	0.6363636363636364	False
575	3420	0.5454545454545454	True
575	860	0.45454545454545453	True
575	2041	0.36363636363636365	True
575	2581	0.2727272727272727	True
575	2136	0.18181818181818182	True
575	2638	0.09090909090909091	True
205	869	0.9090909090909091	False
205	2407	0.8181818181818182	False
205	2778	0.7272727272727273	False
205	2711	0.6363636363636364	False
205	2041	0.5454545454545454	True
205	160	0.45454545454545453	True
205	860	0.36363636363636365	True
205	2638	0.2727272727272727	True
205	2412	0.18181818181818182	True
205	2100	0.09090909090909091	True
5381	869	0.9090909090909091	False
5381	2407	0.8181818181818182	False
5381	2778	0.7272727272727273	False
5381	2711	0.6363636363636364	False
5381	2638	0.5454545454545454	True
5381	860	0.45454545454545453	True
5381	2041	0.36363636363636365	True
5381	2412	0.2727272727272727	True
5381	3150	0.18181818181818182	False
5381	3420	0.09090909090909091	True
411	869	0.9090909090909091	False
411	2407	0.8181818181818182	False
411	2778	0.7272727272727273	False
411	2711	0.6363636363636364	False
411	860	0.5454545454545454	True
411	3150	0.45454545454545453	False
411	2358	0.36363636363636365	True
411	3196	0.2727272727272727	True
411	2043	0.18181818181818182	True
411	2558	0.09090909090909091	True
362	869	0.9090909090909091	False
362	2407	0.8181818181818182	False
362	2778	0.7272727272727273	False
362	2711	0.6363636363636364	False
362	3420	0.5454545454545454	True
362	2412	0.45454545454545453	True
362	860	0.36363636363636365	True
362	2136	0.2727272727272727	True
362	186	0.18181818181818182	True
362	534	0.09090909090909091	True
8	869	0.9090909090909091	False
8	2778	0.8181818181818182	False
8	2407	0.7272727272727273	False
8	2711	0.6363636363636364	False
8	1496	0.5454545454545454	True
8	2269	0.45454545454545453	True
8	860	0.36363636363636365	True
8	2100	0.2727272727272727	True
8	3198	0.18181818181818182	True
8	2028	0.09090909090909091	True
4510	869	0.9090909090909091	False
4510	2778	0.8181818181818182	False
4510	2711	0.7272727272727273	False
4510	2407	0.6363636363636364	False
4510	2741	0.5454545454545454	True
4510	2090	0.45454545454545453	True
4510	3150	0.36363636363636365	False
4510	2312	0.2727272727272727	True
4510	2885	0.18181818181818182	True
4510	3210	0.09090909090909091	True
5363	869	0.9090909090909091	False
5363	2407	0.8181818181818182	False
5363	2778	0.7272727272727273	False
5363	2711	0.6363636363636364	False
5363	725	0.5454545454545454	True
5363	860	0.45454545454545453	True
5363	2090	0.36363636363636365	True
5363	439	0.2727272727272727	True
5363	2028	0.18181818181818182	True
5363	2136	0.09090909090909091	True
5766	869	0.9090909090909091	False
5766	2407	0.8181818181818182	False
5766	2778	0.7272727272727273	False
5766	2711	0.6363636363636364	False
5766	860	0.5454545454545454	True
5766	2412	0.45454545454545453	True
5766	2638	0.36363636363636365	True
5766	534	0.2727272727272727	True
5766	2090	0.18181818181818182	True
5766	3150	0.09090909090909091	False
3339	869	0.9090909090909091	False
3339	2778	0.8181818181818182	False
3339	2407	0.7272727272727273	False
3339	2711	0.6363636363636364	False
3339	2269	0.5454545454545454	True
3339	860	0.45454545454545453	True
3339	3198	0.36363636363636365	True
3339	2136	0.2727272727272727	True
3339	3420	0.18181818181818182	True
3339	2581	0.09090909090909091	True
1907	869	0.9090909090909091	False
1907	2407	0.8181818181818182	False
1907	2778	0.7272727272727273	False
1907	2711	0.6363636363636364	False
1907	860	0.5454545454545454	True
1907	2028	0.45454545454545453	True
1907	3420	0.36363636363636365	True
1907	2638	0.2727272727272727	True
1907	186	0.18181818181818182	True
1907	3198	0.09090909090909091	True
1854	869	0.9090909090909091	False
1854	2778	0.8181818181818182	False
1854	2407	0.7272727272727273	False
1854	2711	0.6363636363636364	False
1854	2090	0.5454545454545454	True
1854	2100	0.45454545454545453	True
1854	3420	0.36363636363636365	True
1854	3150	0.2727272727272727	False
1854	3198	0.18181818181818182	True
1854	186	0.09090909090909091	True
3396	869	0.9090909090909091	False
3396	2407	0.8181818181818182	False
3396	2778	0.7272727272727273	False
3396	2711	0.6363636363636364	False
3396	860	0.5454545454545454	True
3396	3420	0.45454545454545453	True
3396	2638	0.36363636363636365	True
3396	2028	0.2727272727272727	True
3396	3198	0.18181818181818182	True
3396	2581	0.09090909090909091	True
931	869	0.9090909090909091	False
931	2407	0.8181818181818182	False
931	2778	0.7272727272727273	False
931	2711	0.6363636363636364	False
931	2090	0.5454545454545454	True
931	2885	0.45454545454545453	True
931	2371	0.36363636363636365	True
931	186	0.2727272727272727	True
931	2558	0.18181818181818182	True
931	3150	0.09090909090909091	False
2103	869	0.9090909090909091	False
2103	2407	0.8181818181818182	False
2103	2778	0.7272727272727273	False
2103	2711	0.6363636363636364	False
2103	2412	0.5454545454545454	True
2103	2090	0.45454545454545453	True
2103	3150	0.36363636363636365	False
2103	2581	0.2727272727272727	True
2103	725	0.18181818181818182	True
2103	2558	0.09090909090909091	True
615	869	0.9090909090909091	False
615	2407	0.8181818181818182	False
615	2778	0.7272727272727273	False
615	2711	0.6363636363636364	False
615	2558	0.5454545454545454	True
615	2028	0.45454545454545453	True
615	2090	0.36363636363636365	True
615	3150	0.2727272727272727	False
615	2100	0.18181818181818182	True
615	2041	0.09090909090909091	True
1731	869	0.9090909090909091	False
1731	2407	0.8181818181818182	False
1731	2778	0.7272727272727273	False
1731	2711	0.6363636363636364	False
1731	2041	0.5454545454545454	True
1731	2090	0.45454545454545453	True
1731	2100	0.36363636363636365	True
1731	244	0.2727272727272727	True
1731	2558	0.18181818181818182	True
1731	2885	0.09090909090909091	True
