3839	70.27272727272728	89
2737	62.27272727272727	95
1549	41.54545454545455	79
2468	41.36363636363636	78
3773	34.18181818181818	66
2559	31.727272727272727	56
3097	26.545454545454547	48
3118	25.545454545454547	52
2897	20.636363636363637	39
1263	14.545454545454545	37
1520	14.454545454545453	34
1551	14.09090909090909	40
9	13.181818181818182	32
1696	10.363636363636363	31
2201	8.818181818181817	23
442	7.545454545454545	19
271	6.727272727272727	18
3528	6.454545454545454	15
3265	6.363636363636363	13
829	6.090909090909091	17
2973	5.2727272727272725	18
1844	4.818181818181818	14
874	4.727272727272727	15
2683	2.727272727272727	11
2561	2.5454545454545454	9
551	2.1818181818181817	6
3256	1.6363636363636362	6
503	1.3636363636363638	2
3039	1.1818181818181817	3
3230	1.1818181818181817	4
2735	1.0909090909090908	3
2792	1.0909090909090908	6
83	0.9999999999999999	5
2087	0.6363636363636362	2
333	0.4545454545454545	2
538	0.2727272727272727	2
209	0.0909090909090909	1
