827	3600	0.9090909090909091	False
827	1033	0.8181818181818182	False
827	982	0.7272727272727273	False
827	589	0.6363636363636364	False
827	282	0.5454545454545454	False
827	2686	0.45454545454545453	True
827	3471	0.36363636363636365	True
827	1342	0.2727272727272727	True
827	3925	0.18181818181818182	True
827	1080	0.09090909090909091	True
5949	1033	0.9090909090909091	False
5949	282	0.8181818181818182	False
5949	589	0.7272727272727273	False
5949	2686	0.6363636363636364	True
5949	3600	0.5454545454545454	False
5949	3925	0.45454545454545453	True
5949	982	0.36363636363636365	False
5949	1342	0.2727272727272727	True
5949	3215	0.18181818181818182	True
5949	3471	0.09090909090909091	True
3427	589	0.9090909090909091	False
3427	3600	0.8181818181818182	False
3427	282	0.7272727272727273	False
3427	982	0.6363636363636364	False
3427	1033	0.5454545454545454	False
3427	3074	0.45454545454545453	True
3427	2686	0.36363636363636365	True
3427	1192	0.2727272727272727	True
3427	3925	0.18181818181818182	True
3427	1342	0.09090909090909091	True
5439	3600	0.9090909090909091	False
5439	589	0.8181818181818182	False
5439	282	0.7272727272727273	False
5439	982	0.6363636363636364	False
5439	2686	0.5454545454545454	True
5439	1033	0.45454545454545453	False
5439	1342	0.36363636363636365	True
5439	3471	0.2727272727272727	True
5439	3845	0.18181818181818182	True
5439	3215	0.09090909090909091	True
474	3600	0.9090909090909091	False
474	589	0.8181818181818182	False
474	982	0.7272727272727273	False
474	1033	0.6363636363636364	False
474	2686	0.5454545454545454	True
474	282	0.45454545454545453	False
474	1342	0.36363636363636365	True
474	3845	0.2727272727272727	True
474	1080	0.18181818181818182	True
474	3925	0.09090909090909091	True
3554	3600	0.9090909090909091	False
3554	589	0.8181818181818182	False
3554	1033	0.7272727272727273	False
3554	282	0.6363636363636364	False
3554	982	0.5454545454545454	False
3554	2686	0.45454545454545453	True
3554	1342	0.36363636363636365	True
3554	1192	0.2727272727272727	True
3554	3925	0.18181818181818182	True
3554	1080	0.09090909090909091	True
3597	982	0.9090909090909091	False
3597	3600	0.8181818181818182	False
3597	589	0.7272727272727273	False
3597	282	0.6363636363636364	False
3597	1033	0.5454545454545454	False
3597	1342	0.45454545454545453	True
3597	3471	0.36363636363636365	True
3597	2686	0.2727272727272727	True
3597	3925	0.18181818181818182	True
3597	1080	0.09090909090909091	True
2835	589	0.9090909090909091	False
2835	3600	0.8181818181818182	False
2835	282	0.7272727272727273	False
2835	1033	0.6363636363636364	False
2835	3925	0.5454545454545454	True
2835	1495	0.45454545454545453	True
2835	3215	0.36363636363636365	True
2835	3471	0.2727272727272727	True
2835	829	0.18181818181818182	True
2835	2686	0.09090909090909091	True
4505	589	0.9090909090909091	False
4505	3600	0.8181818181818182	False
4505	282	0.7272727272727273	False
4505	982	0.6363636363636364	False
4505	1033	0.5454545454545454	False
4505	2686	0.45454545454545453	True
4505	3471	0.36363636363636365	True
4505	1342	0.2727272727272727	True
4505	3925	0.18181818181818182	True
4505	1080	0.09090909090909091	True
5251	3600	0.9090909090909091	False
5251	282	0.8181818181818182	False
5251	589	0.7272727272727273	False
5251	1033	0.6363636363636364	False
5251	1342	0.5454545454545454	True
5251	3471	0.45454545454545453	True
5251	982	0.36363636363636365	False
5251	2686	0.2727272727272727	True
5251	1080	0.18181818181818182	True
5251	1192	0.09090909090909091	True
1452	3600	0.9090909090909091	False
1452	589	0.8181818181818182	False
1452	282	0.7272727272727273	False
1452	1033	0.6363636363636364	False
1452	2686	0.5454545454545454	True
1452	982	0.45454545454545453	False
1452	3215	0.36363636363636365	True
1452	3925	0.2727272727272727	True
1452	3471	0.18181818181818182	True
1452	1342	0.09090909090909091	True
2019	3600	0.9090909090909091	False
2019	1033	0.8181818181818182	False
2019	589	0.7272727272727273	False
2019	282	0.6363636363636364	False
2019	1495	0.5454545454545454	True
2019	3471	0.45454545454545453	True
2019	3925	0.36363636363636365	True
2019	2686	0.2727272727272727	True
2019	3215	0.18181818181818182	True
2019	1342	0.09090909090909091	True
4164	589	0.9090909090909091	False
4164	1033	0.8181818181818182	False
4164	3600	0.7272727272727273	False
4164	982	0.6363636363636364	False
4164	282	0.5454545454545454	False
4164	2686	0.45454545454545453	True
4164	3925	0.36363636363636365	True
4164	3471	0.2727272727272727	True
4164	1495	0.18181818181818182	True
4164	1080	0.09090909090909091	True
5174	589	0.9090909090909091	False
5174	3600	0.8181818181818182	False
5174	282	0.7272727272727273	False
5174	3925	0.6363636363636364	True
5174	2686	0.5454545454545454	True
5174	1033	0.45454545454545453	False
5174	982	0.36363636363636365	False
5174	1342	0.2727272727272727	True
5174	1495	0.18181818181818182	True
5174	1080	0.09090909090909091	True
2460	589	0.9090909090909091	False
2460	3600	0.8181818181818182	False
2460	282	0.7272727272727273	False
2460	2686	0.6363636363636364	True
2460	3925	0.5454545454545454	True
2460	1033	0.45454545454545453	False
2460	1342	0.36363636363636365	True
2460	508	0.2727272727272727	True
2460	982	0.18181818181818182	False
2460	1495	0.09090909090909091	True
2900	3600	0.9090909090909091	False
2900	1033	0.8181818181818182	False
2900	589	0.7272727272727273	False
2900	282	0.6363636363636364	False
2900	2686	0.5454545454545454	True
2900	982	0.45454545454545453	False
2900	1080	0.36363636363636365	True
2900	1192	0.2727272727272727	True
2900	1495	0.18181818181818182	True
2900	3845	0.09090909090909091	True
2975	589	0.9090909090909091	False
2975	3600	0.8181818181818182	False
2975	1033	0.7272727272727273	False
2975	982	0.6363636363636364	False
2975	282	0.5454545454545454	False
2975	3471	0.45454545454545453	True
2975	2686	0.36363636363636365	True
2975	1342	0.2727272727272727	True
2975	3845	0.18181818181818182	True
2975	3925	0.09090909090909091	True
189	3600	0.9090909090909091	False
189	589	0.8181818181818182	False
189	282	0.7272727272727273	False
189	1033	0.6363636363636364	False
189	982	0.5454545454545454	False
189	1342	0.45454545454545453	True
189	3471	0.36363636363636365	True
189	2686	0.2727272727272727	True
189	1080	0.18181818181818182	True
189	1192	0.09090909090909091	True
5353	282	0.9090909090909091	False
5353	1033	0.8181818181818182	False
5353	589	0.7272727272727273	False
5353	982	0.6363636363636364	False
5353	3600	0.5454545454545454	False
5353	3925	0.45454545454545453	True
5353	1342	0.36363636363636365	True
5353	1080	0.2727272727272727	True
5353	3471	0.18181818181818182	True
5353	1495	0.09090909090909091	True
4406	589	0.9090909090909091	False
4406	282	0.8181818181818182	False
4406	3600	0.7272727272727273	False
4406	1033	0.6363636363636364	False
4406	3925	0.5454545454545454	True
4406	982	0.45454545454545453	False
4406	3215	0.36363636363636365	True
4406	3074	0.2727272727272727	True
4406	3471	0.18181818181818182	True
4406	1192	0.09090909090909091	True
522	589	0.9090909090909091	False
522	3600	0.8181818181818182	False
522	282	0.7272727272727273	False
522	1033	0.6363636363636364	False
522	982	0.5454545454545454	False
522	2686	0.45454545454545453	True
522	3925	0.36363636363636365	True
522	3215	0.2727272727272727	True
522	1080	0.18181818181818182	True
522	1342	0.09090909090909091	True
3765	282	0.9090909090909091	False
3765	3600	0.8181818181818182	False
3765	589	0.7272727272727273	False
3765	982	0.6363636363636364	False
3765	2686	0.5454545454545454	True
3765	1033	0.45454545454545453	False
3765	1342	0.36363636363636365	True
3765	3925	0.2727272727272727	True
3765	3471	0.18181818181818182	True
3765	1080	0.09090909090909091	True
4086	282	0.9090909090909091	False
4086	589	0.8181818181818182	False
4086	1033	0.7272727272727273	False
4086	3600	0.6363636363636364	False
4086	982	0.5454545454545454	False
4086	3925	0.45454545454545453	True
4086	2686	0.36363636363636365	True
4086	1495	0.2727272727272727	True
4086	3471	0.18181818181818182	True
4086	1342	0.09090909090909091	True
904	282	0.9090909090909091	False
904	3600	0.8181818181818182	False
904	982	0.7272727272727273	False
904	1033	0.6363636363636364	False
904	589	0.5454545454545454	False
904	1342	0.45454545454545453	True
904	3471	0.36363636363636365	True
904	2686	0.2727272727272727	True
904	3925	0.18181818181818182	True
904	1192	0.09090909090909091	True
830	3600	0.9090909090909091	False
830	589	0.8181818181818182	False
830	1033	0.7272727272727273	False
830	982	0.6363636363636364	False
830	282	0.5454545454545454	False
830	3845	0.45454545454545453	True
830	2686	0.36363636363636365	True
830	3925	0.2727272727272727	True
830	1342	0.18181818181818182	True
830	3471	0.09090909090909091	True
1189	589	0.9090909090909091	False
1189	3600	0.8181818181818182	False
1189	1342	0.7272727272727273	True
1189	282	0.6363636363636364	False
1189	982	0.5454545454545454	False
1189	2686	0.45454545454545453	True
1189	1080	0.36363636363636365	True
1189	1033	0.2727272727272727	False
1189	1495	0.18181818181818182	True
1189	3845	0.09090909090909091	True
4419	589	0.9090909090909091	False
4419	1033	0.8181818181818182	False
4419	3600	0.7272727272727273	False
4419	282	0.6363636363636364	False
4419	982	0.5454545454545454	False
4419	2686	0.45454545454545453	True
4419	1342	0.36363636363636365	True
4419	3471	0.2727272727272727	True
4419	3925	0.18181818181818182	True
4419	3845	0.09090909090909091	True
4119	2686	0.9090909090909091	True
4119	282	0.8181818181818182	False
4119	3600	0.7272727272727273	False
4119	589	0.6363636363636364	False
4119	1033	0.5454545454545454	False
4119	3925	0.45454545454545453	True
4119	982	0.36363636363636365	False
4119	1342	0.2727272727272727	True
4119	3471	0.18181818181818182	True
4119	3215	0.09090909090909091	True
2913	1033	0.9090909090909091	False
2913	589	0.8181818181818182	False
2913	282	0.7272727272727273	False
2913	3600	0.6363636363636364	False
2913	2686	0.5454545454545454	True
2913	982	0.45454545454545453	False
2913	3925	0.36363636363636365	True
2913	1495	0.2727272727272727	True
2913	3215	0.18181818181818182	True
2913	3845	0.09090909090909091	True
2917	3600	0.9090909090909091	False
2917	589	0.8181818181818182	False
2917	282	0.7272727272727273	False
2917	3471	0.6363636363636364	True
2917	1033	0.5454545454545454	False
2917	3215	0.45454545454545453	True
2917	2686	0.36363636363636365	True
2917	982	0.2727272727272727	False
2917	1192	0.18181818181818182	True
2917	1342	0.09090909090909091	True
3781	2686	0.9090909090909091	True
3781	1033	0.8181818181818182	False
3781	282	0.7272727272727273	False
3781	589	0.6363636363636364	False
3781	3925	0.5454545454545454	True
3781	3600	0.45454545454545453	False
3781	982	0.36363636363636365	False
3781	1495	0.2727272727272727	True
3781	1342	0.18181818181818182	True
3781	508	0.09090909090909091	True
3258	3600	0.9090909090909091	False
3258	282	0.8181818181818182	False
3258	589	0.7272727272727273	False
3258	1033	0.6363636363636364	False
3258	982	0.5454545454545454	False
3258	3925	0.45454545454545453	True
3258	1342	0.36363636363636365	True
3258	3845	0.2727272727272727	True
3258	1495	0.18181818181818182	True
3258	1080	0.09090909090909091	True
4594	589	0.9090909090909091	False
4594	3600	0.8181818181818182	False
4594	282	0.7272727272727273	False
4594	1033	0.6363636363636364	False
4594	982	0.5454545454545454	False
4594	2686	0.45454545454545453	True
4594	1080	0.36363636363636365	True
4594	1342	0.2727272727272727	True
4594	3215	0.18181818181818182	True
4594	3925	0.09090909090909091	True
1720	982	0.9090909090909091	False
1720	282	0.8181818181818182	False
1720	1033	0.7272727272727273	False
1720	589	0.6363636363636364	False
1720	3600	0.5454545454545454	False
1720	2686	0.45454545454545453	True
1720	1342	0.36363636363636365	True
1720	3471	0.2727272727272727	True
1720	1080	0.18181818181818182	True
1720	3925	0.09090909090909091	True
1138	3600	0.9090909090909091	False
1138	1033	0.8181818181818182	False
1138	282	0.7272727272727273	False
1138	982	0.6363636363636364	False
1138	589	0.5454545454545454	False
1138	1495	0.45454545454545453	True
1138	1080	0.36363636363636365	True
1138	2686	0.2727272727272727	True
1138	3471	0.18181818181818182	True
1138	3925	0.09090909090909091	True
5207	3600	0.9090909090909091	False
5207	589	0.8181818181818182	False
5207	282	0.7272727272727273	False
5207	1033	0.6363636363636364	False
5207	982	0.5454545454545454	False
5207	3471	0.45454545454545453	True
5207	2686	0.36363636363636365	True
5207	3925	0.2727272727272727	True
5207	1342	0.18181818181818182	True
5207	1080	0.09090909090909091	True
5681	589	0.9090909090909091	False
5681	3600	0.8181818181818182	False
5681	1033	0.7272727272727273	False
5681	282	0.6363636363636364	False
5681	982	0.5454545454545454	False
5681	1080	0.45454545454545453	True
5681	2686	0.36363636363636365	True
5681	1342	0.2727272727272727	True
5681	3925	0.18181818181818182	True
5681	3845	0.09090909090909091	True
5208	3600	0.9090909090909091	False
5208	589	0.8181818181818182	False
5208	282	0.7272727272727273	False
5208	2686	0.6363636363636364	True
5208	3925	0.5454545454545454	True
5208	1342	0.45454545454545453	True
5208	982	0.36363636363636365	False
5208	1033	0.2727272727272727	False
5208	3471	0.18181818181818182	True
5208	508	0.09090909090909091	True
5712	589	0.9090909090909091	False
5712	1033	0.8181818181818182	False
5712	3600	0.7272727272727273	False
5712	282	0.6363636363636364	False
5712	2686	0.5454545454545454	True
5712	982	0.45454545454545453	False
5712	3925	0.36363636363636365	True
5712	1080	0.2727272727272727	True
5712	1342	0.18181818181818182	True
5712	3471	0.09090909090909091	True
4345	1033	0.9090909090909091	False
4345	589	0.8181818181818182	False
4345	3600	0.7272727272727273	False
4345	2686	0.6363636363636364	True
4345	982	0.5454545454545454	False
4345	282	0.45454545454545453	False
4345	3925	0.36363636363636365	True
4345	1080	0.2727272727272727	True
4345	3471	0.18181818181818182	True
4345	1342	0.09090909090909091	True
4993	3600	0.9090909090909091	False
4993	589	0.8181818181818182	False
4993	282	0.7272727272727273	False
4993	1033	0.6363636363636364	False
4993	2686	0.5454545454545454	True
4993	982	0.45454545454545453	False
4993	1080	0.36363636363636365	True
4993	3925	0.2727272727272727	True
4993	3471	0.18181818181818182	True
4993	3215	0.09090909090909091	True
4906	3600	0.9090909090909091	False
4906	589	0.8181818181818182	False
4906	1033	0.7272727272727273	False
4906	282	0.6363636363636364	False
4906	2686	0.5454545454545454	True
4906	982	0.45454545454545453	False
4906	1342	0.36363636363636365	True
4906	3471	0.2727272727272727	True
4906	3925	0.18181818181818182	True
4906	3215	0.09090909090909091	True
2689	3600	0.9090909090909091	False
2689	282	0.8181818181818182	False
2689	1033	0.7272727272727273	False
2689	982	0.6363636363636364	False
2689	589	0.5454545454545454	False
2689	2686	0.45454545454545453	True
2689	3471	0.36363636363636365	True
2689	1342	0.2727272727272727	True
2689	3925	0.18181818181818182	True
2689	1733	0.09090909090909091	True
2934	3600	0.9090909090909091	False
2934	589	0.8181818181818182	False
2934	282	0.7272727272727273	False
2934	982	0.6363636363636364	False
2934	1033	0.5454545454545454	False
2934	1342	0.45454545454545453	True
2934	2686	0.36363636363636365	True
2934	3845	0.2727272727272727	True
2934	1080	0.18181818181818182	True
2934	3471	0.09090909090909091	True
3847	3600	0.9090909090909091	False
3847	1033	0.8181818181818182	False
3847	589	0.7272727272727273	False
3847	982	0.6363636363636364	False
3847	2686	0.5454545454545454	True
3847	282	0.45454545454545453	False
3847	3925	0.36363636363636365	True
3847	1342	0.2727272727272727	True
3847	3845	0.18181818181818182	True
3847	1495	0.09090909090909091	True
1985	3600	0.9090909090909091	False
1985	589	0.8181818181818182	False
1985	282	0.7272727272727273	False
1985	982	0.6363636363636364	False
1985	1342	0.5454545454545454	True
1985	1033	0.45454545454545453	False
1985	1080	0.36363636363636365	True
1985	2686	0.2727272727272727	True
1985	3074	0.18181818181818182	True
1985	3845	0.09090909090909091	True
1905	589	0.9090909090909091	False
1905	3600	0.8181818181818182	False
1905	282	0.7272727272727273	False
1905	1033	0.6363636363636364	False
1905	2686	0.5454545454545454	True
1905	3925	0.45454545454545453	True
1905	1495	0.36363636363636365	True
1905	982	0.2727272727272727	False
1905	3215	0.18181818181818182	True
1905	1342	0.09090909090909091	True
1408	3600	0.9090909090909091	False
1408	589	0.8181818181818182	False
1408	1033	0.7272727272727273	False
1408	282	0.6363636363636364	False
1408	2686	0.5454545454545454	True
1408	3845	0.45454545454545453	True
1408	3215	0.36363636363636365	True
1408	3074	0.2727272727272727	True
1408	982	0.18181818181818182	False
1408	829	0.09090909090909091	True
4097	589	0.9090909090909091	False
4097	3600	0.8181818181818182	False
4097	282	0.7272727272727273	False
4097	1033	0.6363636363636364	False
4097	982	0.5454545454545454	False
4097	2686	0.45454545454545453	True
4097	1342	0.36363636363636365	True
4097	3925	0.2727272727272727	True
4097	3215	0.18181818181818182	True
4097	3471	0.09090909090909091	True
4397	3600	0.9090909090909091	False
4397	589	0.8181818181818182	False
4397	282	0.7272727272727273	False
4397	3471	0.6363636363636364	True
4397	1342	0.5454545454545454	True
4397	982	0.45454545454545453	False
4397	1033	0.36363636363636365	False
4397	2686	0.2727272727272727	True
4397	3215	0.18181818181818182	True
4397	1495	0.09090909090909091	True
4342	3600	0.9090909090909091	False
4342	589	0.8181818181818182	False
4342	282	0.7272727272727273	False
4342	1033	0.6363636363636364	False
4342	3471	0.5454545454545454	True
4342	2686	0.45454545454545453	True
4342	1080	0.36363636363636365	True
4342	3215	0.2727272727272727	True
4342	982	0.18181818181818182	False
4342	1495	0.09090909090909091	True
30	589	0.9090909090909091	False
30	3600	0.8181818181818182	False
30	282	0.7272727272727273	False
30	1033	0.6363636363636364	False
30	982	0.5454545454545454	False
30	3471	0.45454545454545453	True
30	1342	0.36363636363636365	True
30	3845	0.2727272727272727	True
30	2686	0.18181818181818182	True
30	3925	0.09090909090909091	True
5081	282	0.9090909090909091	False
5081	589	0.8181818181818182	False
5081	3600	0.7272727272727273	False
5081	1033	0.6363636363636364	False
5081	2686	0.5454545454545454	True
5081	982	0.45454545454545453	False
5081	3925	0.36363636363636365	True
5081	1495	0.2727272727272727	True
5081	3215	0.18181818181818182	True
5081	1342	0.09090909090909091	True
5706	589	0.9090909090909091	False
5706	3600	0.8181818181818182	False
5706	282	0.7272727272727273	False
5706	1033	0.6363636363636364	False
5706	2686	0.5454545454545454	True
5706	3925	0.45454545454545453	True
5706	1495	0.36363636363636365	True
5706	982	0.2727272727272727	False
5706	1342	0.18181818181818182	True
5706	829	0.09090909090909091	True
901	3600	0.9090909090909091	False
901	589	0.8181818181818182	False
901	1033	0.7272727272727273	False
901	282	0.6363636363636364	False
901	2686	0.5454545454545454	True
901	3925	0.45454545454545453	True
901	3471	0.36363636363636365	True
901	982	0.2727272727272727	False
901	3215	0.18181818181818182	True
901	1495	0.09090909090909091	True
2434	282	0.9090909090909091	False
2434	589	0.8181818181818182	False
2434	982	0.7272727272727273	False
2434	3600	0.6363636363636364	False
2434	1033	0.5454545454545454	False
2434	1342	0.45454545454545453	True
2434	3925	0.36363636363636365	True
2434	2686	0.2727272727272727	True
2434	1495	0.18181818181818182	True
2434	3845	0.09090909090909091	True
3907	3600	0.9090909090909091	False
3907	589	0.8181818181818182	False
3907	1033	0.7272727272727273	False
3907	282	0.6363636363636364	False
3907	982	0.5454545454545454	False
3907	2686	0.45454545454545453	True
3907	3215	0.36363636363636365	True
3907	3925	0.2727272727272727	True
3907	1342	0.18181818181818182	True
3907	3471	0.09090909090909091	True
34	3600	0.9090909090909091	False
34	589	0.8181818181818182	False
34	1033	0.7272727272727273	False
34	282	0.6363636363636364	False
34	982	0.5454545454545454	False
34	2686	0.45454545454545453	True
34	3925	0.36363636363636365	True
34	3845	0.2727272727272727	True
34	1495	0.18181818181818182	True
34	3471	0.09090909090909091	True
2138	589	0.9090909090909091	False
2138	3600	0.8181818181818182	False
2138	1033	0.7272727272727273	False
2138	282	0.6363636363636364	False
2138	982	0.5454545454545454	False
2138	3925	0.45454545454545453	True
2138	1495	0.36363636363636365	True
2138	2686	0.2727272727272727	True
2138	3215	0.18181818181818182	True
2138	3845	0.09090909090909091	True
1307	3600	0.9090909090909091	False
1307	589	0.8181818181818182	False
1307	1033	0.7272727272727273	False
1307	282	0.6363636363636364	False
1307	2686	0.5454545454545454	True
1307	3925	0.45454545454545453	True
1307	982	0.36363636363636365	False
1307	3215	0.2727272727272727	True
1307	1080	0.18181818181818182	True
1307	1495	0.09090909090909091	True
955	3600	0.9090909090909091	False
955	589	0.8181818181818182	False
955	282	0.7272727272727273	False
955	1033	0.6363636363636364	False
955	2686	0.5454545454545454	True
955	1495	0.45454545454545453	True
955	982	0.36363636363636365	False
955	3215	0.2727272727272727	True
955	3845	0.18181818181818182	True
955	3925	0.09090909090909091	True
2967	3600	0.9090909090909091	False
2967	282	0.8181818181818182	False
2967	589	0.7272727272727273	False
2967	2686	0.6363636363636364	True
2967	1033	0.5454545454545454	False
2967	982	0.45454545454545453	False
2967	1342	0.36363636363636365	True
2967	3215	0.2727272727272727	True
2967	1495	0.18181818181818182	True
2967	3938	0.09090909090909091	True
4762	3600	0.9090909090909091	False
4762	282	0.8181818181818182	False
4762	589	0.7272727272727273	False
4762	1033	0.6363636363636364	False
4762	982	0.5454545454545454	False
4762	2686	0.45454545454545453	True
4762	3925	0.36363636363636365	True
4762	3471	0.2727272727272727	True
4762	1342	0.18181818181818182	True
4762	1192	0.09090909090909091	True
3297	1033	0.9090909090909091	False
3297	3600	0.8181818181818182	False
3297	589	0.7272727272727273	False
3297	282	0.6363636363636364	False
3297	982	0.5454545454545454	False
3297	2686	0.45454545454545453	True
3297	1192	0.36363636363636365	True
3297	3215	0.2727272727272727	True
3297	1495	0.18181818181818182	True
3297	3845	0.09090909090909091	True
2785	589	0.9090909090909091	False
2785	3600	0.8181818181818182	False
2785	282	0.7272727272727273	False
2785	2686	0.6363636363636364	True
2785	1033	0.5454545454545454	False
2785	982	0.45454545454545453	False
2785	3925	0.36363636363636365	True
2785	1192	0.2727272727272727	True
2785	1342	0.18181818181818182	True
2785	3215	0.09090909090909091	True
800	589	0.9090909090909091	False
800	1033	0.8181818181818182	False
800	982	0.7272727272727273	False
800	3600	0.6363636363636364	False
800	282	0.5454545454545454	False
800	3471	0.45454545454545453	True
800	2686	0.36363636363636365	True
800	3845	0.2727272727272727	True
800	1080	0.18181818181818182	True
800	1342	0.09090909090909091	True
4882	3600	0.9090909090909091	False
4882	589	0.8181818181818182	False
4882	282	0.7272727272727273	False
4882	3925	0.6363636363636364	True
4882	1033	0.5454545454545454	False
4882	2686	0.45454545454545453	True
4882	982	0.36363636363636365	False
4882	3471	0.2727272727272727	True
4882	1495	0.18181818181818182	True
4882	829	0.09090909090909091	True
601	3600	0.9090909090909091	False
601	589	0.8181818181818182	False
601	282	0.7272727272727273	False
601	2686	0.6363636363636364	True
601	1033	0.5454545454545454	False
601	3925	0.45454545454545453	True
601	982	0.36363636363636365	False
601	1080	0.2727272727272727	True
601	1342	0.18181818181818182	True
601	3471	0.09090909090909091	True
1253	3600	0.9090909090909091	False
1253	589	0.8181818181818182	False
1253	282	0.7272727272727273	False
1253	1342	0.6363636363636364	True
1253	1033	0.5454545454545454	False
1253	3925	0.45454545454545453	True
1253	982	0.36363636363636365	False
1253	1495	0.2727272727272727	True
1253	2686	0.18181818181818182	True
1253	1080	0.09090909090909091	True
1266	3600	0.9090909090909091	False
1266	589	0.8181818181818182	False
1266	1033	0.7272727272727273	False
1266	3845	0.6363636363636364	True
1266	1342	0.5454545454545454	True
1266	3471	0.45454545454545453	True
1266	2686	0.36363636363636365	True
1266	3925	0.2727272727272727	True
1266	1495	0.18181818181818182	True
1266	1192	0.09090909090909091	True
2822	3600	0.9090909090909091	False
2822	3925	0.8181818181818182	True
2822	282	0.7272727272727273	False
2822	589	0.6363636363636364	False
2822	1033	0.5454545454545454	False
2822	2686	0.45454545454545453	True
2822	1342	0.36363636363636365	True
2822	982	0.2727272727272727	False
2822	3471	0.18181818181818182	True
2822	1495	0.09090909090909091	True
4617	3600	0.9090909090909091	False
4617	282	0.8181818181818182	False
4617	1033	0.7272727272727273	False
4617	589	0.6363636363636364	False
4617	982	0.5454545454545454	False
4617	2686	0.45454545454545453	True
4617	3925	0.36363636363636365	True
4617	3471	0.2727272727272727	True
4617	1342	0.18181818181818182	True
4617	1495	0.09090909090909091	True
5776	589	0.9090909090909091	False
5776	1033	0.8181818181818182	False
5776	3600	0.7272727272727273	False
5776	282	0.6363636363636364	False
5776	3925	0.5454545454545454	True
5776	982	0.45454545454545453	False
5776	2686	0.36363636363636365	True
5776	1342	0.2727272727272727	True
5776	1080	0.18181818181818182	True
5776	1495	0.09090909090909091	True
3696	282	0.9090909090909091	False
3696	3600	0.8181818181818182	False
3696	589	0.7272727272727273	False
3696	2686	0.6363636363636364	True
3696	982	0.5454545454545454	False
3696	1033	0.45454545454545453	False
3696	1342	0.36363636363636365	True
3696	3925	0.2727272727272727	True
3696	1192	0.18181818181818182	True
3696	3471	0.09090909090909091	True
5493	3600	0.9090909090909091	False
5493	282	0.8181818181818182	False
5493	982	0.7272727272727273	False
5493	589	0.6363636363636364	False
5493	1033	0.5454545454545454	False
5493	2686	0.45454545454545453	True
5493	1342	0.36363636363636365	True
5493	3471	0.2727272727272727	True
5493	1192	0.18181818181818182	True
5493	3925	0.09090909090909091	True
2948	3600	0.9090909090909091	False
2948	282	0.8181818181818182	False
2948	589	0.7272727272727273	False
2948	1033	0.6363636363636364	False
2948	982	0.5454545454545454	False
2948	3471	0.45454545454545453	True
2948	2686	0.36363636363636365	True
2948	3925	0.2727272727272727	True
2948	1342	0.18181818181818182	True
2948	1080	0.09090909090909091	True
821	3600	0.9090909090909091	False
821	589	0.8181818181818182	False
821	1033	0.7272727272727273	False
821	282	0.6363636363636364	False
821	2686	0.5454545454545454	True
821	982	0.45454545454545453	False
821	1342	0.36363636363636365	True
821	3845	0.2727272727272727	True
821	3074	0.18181818181818182	True
821	3215	0.09090909090909091	True
1561	3600	0.9090909090909091	False
1561	589	0.8181818181818182	False
1561	282	0.7272727272727273	False
1561	1033	0.6363636363636364	False
1561	982	0.5454545454545454	False
1561	2686	0.45454545454545453	True
1561	3471	0.36363636363636365	True
1561	1495	0.2727272727272727	True
1561	1342	0.18181818181818182	True
1561	3215	0.09090909090909091	True
5025	589	0.9090909090909091	False
5025	3600	0.8181818181818182	False
5025	282	0.7272727272727273	False
5025	1033	0.6363636363636364	False
5025	2686	0.5454545454545454	True
5025	982	0.45454545454545453	False
5025	1342	0.36363636363636365	True
5025	3845	0.2727272727272727	True
5025	3215	0.18181818181818182	True
5025	1080	0.09090909090909091	True
3183	3600	0.9090909090909091	False
3183	589	0.8181818181818182	False
3183	2686	0.7272727272727273	True
3183	1033	0.6363636363636364	False
3183	3925	0.5454545454545454	True
3183	1342	0.45454545454545453	True
3183	1192	0.36363636363636365	True
3183	3845	0.2727272727272727	True
3183	982	0.18181818181818182	False
3183	508	0.09090909090909091	True
3185	3600	0.9090909090909091	False
3185	2686	0.8181818181818182	True
3185	589	0.7272727272727273	False
3185	1033	0.6363636363636364	False
3185	3471	0.5454545454545454	True
3185	282	0.45454545454545453	False
3185	3925	0.36363636363636365	True
3185	1342	0.2727272727272727	True
3185	982	0.18181818181818182	False
3185	1495	0.09090909090909091	True
961	589	0.9090909090909091	False
961	3600	0.8181818181818182	False
961	282	0.7272727272727273	False
961	982	0.6363636363636364	False
961	1033	0.5454545454545454	False
961	2686	0.45454545454545453	True
961	1342	0.36363636363636365	True
961	1495	0.2727272727272727	True
961	1080	0.18181818181818182	True
961	3215	0.09090909090909091	True
1493	589	0.9090909090909091	False
1493	982	0.8181818181818182	False
1493	1033	0.7272727272727273	False
1493	3600	0.6363636363636364	False
1493	282	0.5454545454545454	False
1493	1342	0.45454545454545453	True
1493	3845	0.36363636363636365	True
1493	1080	0.2727272727272727	True
1493	3471	0.18181818181818182	True
1493	3215	0.09090909090909091	True
4318	282	0.9090909090909091	False
4318	3600	0.8181818181818182	False
4318	589	0.7272727272727273	False
4318	1033	0.6363636363636364	False
4318	982	0.5454545454545454	False
4318	2686	0.45454545454545453	True
4318	1342	0.36363636363636365	True
4318	1080	0.2727272727272727	True
4318	3925	0.18181818181818182	True
4318	1495	0.09090909090909091	True
4504	1033	0.9090909090909091	False
4504	589	0.8181818181818182	False
4504	3600	0.7272727272727273	False
4504	282	0.6363636363636364	False
4504	982	0.5454545454545454	False
4504	2686	0.45454545454545453	True
4504	1495	0.36363636363636365	True
4504	3215	0.2727272727272727	True
4504	1342	0.18181818181818182	True
4504	1080	0.09090909090909091	True
1095	589	0.9090909090909091	False
1095	282	0.8181818181818182	False
1095	3600	0.7272727272727273	False
1095	1033	0.6363636363636364	False
1095	982	0.5454545454545454	False
1095	2686	0.45454545454545453	True
1095	3925	0.36363636363636365	True
1095	1080	0.2727272727272727	True
1095	3215	0.18181818181818182	True
1095	1495	0.09090909090909091	True
4251	589	0.9090909090909091	False
4251	3600	0.8181818181818182	False
4251	282	0.7272727272727273	False
4251	1033	0.6363636363636364	False
4251	982	0.5454545454545454	False
4251	1080	0.45454545454545453	True
4251	1342	0.36363636363636365	True
4251	3845	0.2727272727272727	True
4251	3471	0.18181818181818182	True
4251	2686	0.09090909090909091	True
2985	3600	0.9090909090909091	False
2985	1033	0.8181818181818182	False
2985	589	0.7272727272727273	False
2985	282	0.6363636363636364	False
2985	982	0.5454545454545454	False
2985	2686	0.45454545454545453	True
2985	1495	0.36363636363636365	True
2985	3471	0.2727272727272727	True
2985	1342	0.18181818181818182	True
2985	1080	0.09090909090909091	True
1536	589	0.9090909090909091	False
1536	3600	0.8181818181818182	False
1536	282	0.7272727272727273	False
1536	1033	0.6363636363636364	False
1536	2686	0.5454545454545454	True
1536	982	0.45454545454545453	False
1536	1342	0.36363636363636365	True
1536	3471	0.2727272727272727	True
1536	3845	0.18181818181818182	True
1536	1080	0.09090909090909091	True
3687	1033	0.9090909090909091	False
3687	3600	0.8181818181818182	False
3687	589	0.7272727272727273	False
3687	982	0.6363636363636364	False
3687	2686	0.5454545454545454	True
3687	3925	0.45454545454545453	True
3687	3471	0.36363636363636365	True
3687	282	0.2727272727272727	False
3687	1495	0.18181818181818182	True
3687	3845	0.09090909090909091	True
5488	282	0.9090909090909091	False
5488	982	0.8181818181818182	False
5488	589	0.7272727272727273	False
5488	3600	0.6363636363636364	False
5488	1033	0.5454545454545454	False
5488	3925	0.45454545454545453	True
5488	3471	0.36363636363636365	True
5488	1342	0.2727272727272727	True
5488	1495	0.18181818181818182	True
5488	1192	0.09090909090909091	True
4647	589	0.9090909090909091	False
4647	282	0.8181818181818182	False
4647	1033	0.7272727272727273	False
4647	3600	0.6363636363636364	False
4647	2686	0.5454545454545454	True
4647	982	0.45454545454545453	False
4647	3925	0.36363636363636365	True
4647	1342	0.2727272727272727	True
4647	3845	0.18181818181818182	True
4647	508	0.09090909090909091	True
3665	3600	0.9090909090909091	False
3665	589	0.8181818181818182	False
3665	282	0.7272727272727273	False
3665	2686	0.6363636363636364	True
3665	1342	0.5454545454545454	True
3665	982	0.45454545454545453	False
3665	3925	0.36363636363636365	True
3665	1033	0.2727272727272727	False
3665	3471	0.18181818181818182	True
3665	1080	0.09090909090909091	True
2438	282	0.9090909090909091	False
2438	1033	0.8181818181818182	False
2438	589	0.7272727272727273	False
2438	3600	0.6363636363636364	False
2438	982	0.5454545454545454	False
2438	3925	0.45454545454545453	True
2438	2686	0.36363636363636365	True
2438	1342	0.2727272727272727	True
2438	3471	0.18181818181818182	True
2438	1495	0.09090909090909091	True
979	3600	0.9090909090909091	False
979	589	0.8181818181818182	False
979	282	0.7272727272727273	False
979	1033	0.6363636363636364	False
979	1495	0.5454545454545454	True
979	2686	0.45454545454545453	True
979	3925	0.36363636363636365	True
979	3215	0.2727272727272727	True
979	982	0.18181818181818182	False
979	3471	0.09090909090909091	True
2921	3600	0.9090909090909091	False
2921	589	0.8181818181818182	False
2921	1033	0.7272727272727273	False
2921	982	0.6363636363636364	False
2921	3845	0.5454545454545454	True
2921	282	0.45454545454545453	False
2921	1080	0.36363636363636365	True
2921	1342	0.2727272727272727	True
2921	3471	0.18181818181818182	True
2921	1495	0.09090909090909091	True
1990	3600	0.9090909090909091	False
1990	589	0.8181818181818182	False
1990	3925	0.7272727272727273	True
1990	2686	0.6363636363636364	True
1990	1033	0.5454545454545454	False
1990	282	0.45454545454545453	False
1990	1080	0.36363636363636365	True
1990	508	0.2727272727272727	True
1990	3845	0.18181818181818182	True
1990	3471	0.09090909090909091	True
1010	1033	0.9090909090909091	False
1010	589	0.8181818181818182	False
1010	3600	0.7272727272727273	False
1010	282	0.6363636363636364	False
1010	982	0.5454545454545454	False
1010	3215	0.45454545454545453	True
1010	2686	0.36363636363636365	True
1010	1342	0.2727272727272727	True
1010	1080	0.18181818181818182	True
1010	3925	0.09090909090909091	True
273	589	0.9090909090909091	False
273	1033	0.8181818181818182	False
273	3600	0.7272727272727273	False
273	982	0.6363636363636364	False
273	282	0.5454545454545454	False
273	2686	0.45454545454545453	True
273	1080	0.36363636363636365	True
273	3925	0.2727272727272727	True
273	3845	0.18181818181818182	True
273	1495	0.09090909090909091	True
4681	282	0.9090909090909091	False
4681	589	0.8181818181818182	False
4681	3600	0.7272727272727273	False
4681	1033	0.6363636363636364	False
4681	982	0.5454545454545454	False
4681	2686	0.45454545454545453	True
4681	3925	0.36363636363636365	True
4681	3471	0.2727272727272727	True
4681	3215	0.18181818181818182	True
4681	1495	0.09090909090909091	True
