5906	1580	0.9090909090909091	False
5906	2288	0.8181818181818182	False
5906	3012	0.7272727272727273	False
5906	3669	0.6363636363636364	False
5906	533	0.5454545454545454	False
5906	1665	0.45454545454545453	True
5906	3618	0.36363636363636365	True
5906	3428	0.2727272727272727	True
5906	2522	0.18181818181818182	True
5906	3768	0.09090909090909091	True
4555	1580	0.9090909090909091	False
4555	2288	0.8181818181818182	False
4555	533	0.7272727272727273	False
4555	3669	0.6363636363636364	False
4555	3012	0.5454545454545454	False
4555	2617	0.45454545454545453	True
4555	2448	0.36363636363636365	True
4555	3610	0.2727272727272727	True
4555	3428	0.18181818181818182	True
4555	888	0.09090909090909091	True
5632	1580	0.9090909090909091	False
5632	2288	0.8181818181818182	False
5632	533	0.7272727272727273	False
5632	3669	0.6363636363636364	False
5632	3428	0.5454545454545454	True
5632	445	0.45454545454545453	True
5632	2548	0.36363636363636365	True
5632	3610	0.2727272727272727	True
5632	2617	0.18181818181818182	True
5632	2448	0.09090909090909091	True
291	1580	0.9090909090909091	False
291	2288	0.8181818181818182	False
291	3669	0.7272727272727273	False
291	533	0.6363636363636364	False
291	3012	0.5454545454545454	False
291	340	0.45454545454545453	True
291	3428	0.36363636363636365	True
291	2522	0.2727272727272727	True
291	2617	0.18181818181818182	True
291	2156	0.09090909090909091	True
730	1580	0.9090909090909091	False
730	3669	0.8181818181818182	False
730	2288	0.7272727272727273	False
730	3012	0.6363636363636364	False
730	3610	0.5454545454545454	True
730	3768	0.45454545454545453	True
730	2522	0.36363636363636365	True
730	3428	0.2727272727272727	True
730	340	0.18181818181818182	True
730	2106	0.09090909090909091	True
4565	1580	0.9090909090909091	False
4565	2288	0.8181818181818182	False
4565	3669	0.7272727272727273	False
4565	533	0.6363636363636364	False
4565	2548	0.5454545454545454	True
4565	2826	0.45454545454545453	True
4565	3610	0.36363636363636365	True
4565	3012	0.2727272727272727	False
4565	2231	0.18181818181818182	True
4565	3428	0.09090909090909091	True
328	1580	0.9090909090909091	False
328	2288	0.8181818181818182	False
328	533	0.7272727272727273	False
328	3669	0.6363636363636364	False
328	3428	0.5454545454545454	True
328	2617	0.45454545454545453	True
328	3012	0.36363636363636365	False
328	3448	0.2727272727272727	True
328	2548	0.18181818181818182	True
328	1436	0.09090909090909091	True
3147	1580	0.9090909090909091	False
3147	2288	0.8181818181818182	False
3147	3669	0.7272727272727273	False
3147	3012	0.6363636363636364	False
3147	533	0.5454545454545454	False
3147	3428	0.45454545454545453	True
3147	340	0.36363636363636365	True
3147	2548	0.2727272727272727	True
3147	3610	0.18181818181818182	True
3147	2762	0.09090909090909091	True
5039	1580	0.9090909090909091	False
5039	2288	0.8181818181818182	False
5039	3669	0.7272727272727273	False
5039	3012	0.6363636363636364	False
5039	533	0.5454545454545454	False
5039	2106	0.45454545454545453	True
5039	3428	0.36363636363636365	True
5039	2548	0.2727272727272727	True
5039	340	0.18181818181818182	True
5039	3610	0.09090909090909091	True
2106	1580	0.9090909090909091	False
2106	2288	0.8181818181818182	False
2106	3669	0.7272727272727273	False
2106	3012	0.6363636363636364	False
2106	533	0.5454545454545454	False
2106	2672	0.45454545454545453	True
2106	340	0.36363636363636365	True
2106	3428	0.2727272727272727	True
2106	1665	0.18181818181818182	True
2106	2448	0.09090909090909091	True
116	1580	0.9090909090909091	False
116	2288	0.8181818181818182	False
116	3669	0.7272727272727273	False
116	3012	0.6363636363636364	False
116	340	0.5454545454545454	True
116	533	0.45454545454545453	False
116	2672	0.36363636363636365	True
116	3428	0.2727272727272727	True
116	3610	0.18181818181818182	True
116	2448	0.09090909090909091	True
3425	1580	0.9090909090909091	False
3425	2288	0.8181818181818182	False
3425	3669	0.7272727272727273	False
3425	3428	0.6363636363636364	True
3425	533	0.5454545454545454	False
3425	340	0.45454545454545453	True
3425	3012	0.36363636363636365	False
3425	2548	0.2727272727272727	True
3425	3610	0.18181818181818182	True
3425	3618	0.09090909090909091	True
674	1580	0.9090909090909091	False
674	2288	0.8181818181818182	False
674	533	0.7272727272727273	False
674	2448	0.6363636363636364	True
674	2617	0.5454545454545454	True
674	3448	0.45454545454545453	True
674	3669	0.36363636363636365	False
674	3012	0.2727272727272727	False
674	3428	0.18181818181818182	True
674	2548	0.09090909090909091	True
5413	1580	0.9090909090909091	False
5413	2288	0.8181818181818182	False
5413	3669	0.7272727272727273	False
5413	533	0.6363636363636364	False
5413	3012	0.5454545454545454	False
5413	340	0.45454545454545453	True
5413	3428	0.36363636363636365	True
5413	2522	0.2727272727272727	True
5413	2448	0.18181818181818182	True
5413	3610	0.09090909090909091	True
5530	1580	0.9090909090909091	False
5530	2288	0.8181818181818182	False
5530	3669	0.7272727272727273	False
5530	2106	0.6363636363636364	True
5530	3428	0.5454545454545454	True
5530	3012	0.45454545454545453	False
5530	2448	0.36363636363636365	True
5530	340	0.2727272727272727	True
5530	533	0.18181818181818182	False
5530	3618	0.09090909090909091	True
432	1580	0.9090909090909091	False
432	2288	0.8181818181818182	False
432	3669	0.7272727272727273	False
432	3012	0.6363636363636364	False
432	2106	0.5454545454545454	True
432	1977	0.45454545454545453	True
432	340	0.36363636363636365	True
432	3428	0.2727272727272727	True
432	3618	0.18181818181818182	True
432	2826	0.09090909090909091	True
3548	1580	0.9090909090909091	False
3548	2288	0.8181818181818182	False
3548	3669	0.7272727272727273	False
3548	3428	0.6363636363636364	True
3548	533	0.5454545454545454	False
3548	3012	0.45454545454545453	False
3548	3610	0.36363636363636365	True
3548	2617	0.2727272727272727	True
3548	340	0.18181818181818182	True
3548	2106	0.09090909090909091	True
2872	1580	0.9090909090909091	False
2872	2288	0.8181818181818182	False
2872	3669	0.7272727272727273	False
2872	3428	0.6363636363636364	True
2872	533	0.5454545454545454	False
2872	3012	0.45454545454545453	False
2872	164	0.36363636363636365	True
2872	2826	0.2727272727272727	True
2872	3610	0.18181818181818182	True
2872	2448	0.09090909090909091	True
390	1580	0.9090909090909091	False
390	2288	0.8181818181818182	False
390	3669	0.7272727272727273	False
390	533	0.6363636363636364	False
390	3610	0.5454545454545454	True
390	2617	0.45454545454545453	True
390	3012	0.36363636363636365	False
390	3428	0.2727272727272727	True
390	2231	0.18181818181818182	True
390	2762	0.09090909090909091	True
4259	1580	0.9090909090909091	False
4259	2288	0.8181818181818182	False
4259	3669	0.7272727272727273	False
4259	3012	0.6363636363636364	False
4259	2548	0.5454545454545454	True
4259	533	0.45454545454545453	False
4259	1665	0.36363636363636365	True
4259	340	0.2727272727272727	True
4259	3428	0.18181818181818182	True
4259	3618	0.09090909090909091	True
4414	1580	0.9090909090909091	False
4414	2288	0.8181818181818182	False
4414	3669	0.7272727272727273	False
4414	3012	0.6363636363636364	False
4414	2231	0.5454545454545454	True
4414	2826	0.45454545454545453	True
4414	1977	0.36363636363636365	True
4414	3428	0.2727272727272727	True
4414	3768	0.18181818181818182	True
4414	2522	0.09090909090909091	True
3633	1580	0.9090909090909091	False
3633	2288	0.8181818181818182	False
3633	3669	0.7272727272727273	False
3633	533	0.6363636363636364	False
3633	2548	0.5454545454545454	True
3633	3012	0.45454545454545453	False
3633	3610	0.36363636363636365	True
3633	3428	0.2727272727272727	True
3633	340	0.18181818181818182	True
3633	2826	0.09090909090909091	True
5955	1580	0.9090909090909091	False
5955	2288	0.8181818181818182	False
5955	3669	0.7272727272727273	False
5955	3428	0.6363636363636364	True
5955	3012	0.5454545454545454	False
5955	340	0.45454545454545453	True
5955	533	0.36363636363636365	False
5955	3618	0.2727272727272727	True
5955	2548	0.18181818181818182	True
5955	2106	0.09090909090909091	True
4777	1580	0.9090909090909091	False
4777	2288	0.8181818181818182	False
4777	3012	0.7272727272727273	False
4777	3669	0.6363636363636364	False
4777	2448	0.5454545454545454	True
4777	533	0.45454545454545453	False
4777	3428	0.36363636363636365	True
4777	340	0.2727272727272727	True
4777	2762	0.18181818181818182	True
4777	2672	0.09090909090909091	True
1704	1580	0.9090909090909091	False
1704	2288	0.8181818181818182	False
1704	3669	0.7272727272727273	False
1704	3012	0.6363636363636364	False
1704	533	0.5454545454545454	False
1704	3428	0.45454545454545453	True
1704	2448	0.36363636363636365	True
1704	340	0.2727272727272727	True
1704	3610	0.18181818181818182	True
1704	2522	0.09090909090909091	True
4908	1580	0.9090909090909091	False
4908	2288	0.8181818181818182	False
4908	3669	0.7272727272727273	False
4908	3012	0.6363636363636364	False
4908	533	0.5454545454545454	False
4908	3610	0.45454545454545453	True
4908	2617	0.36363636363636365	True
4908	2672	0.2727272727272727	True
4908	340	0.18181818181818182	True
4908	3428	0.09090909090909091	True
1893	1580	0.9090909090909091	False
1893	2288	0.8181818181818182	False
1893	533	0.7272727272727273	False
1893	3669	0.6363636363636364	False
1893	1665	0.5454545454545454	True
1893	3012	0.45454545454545453	False
1893	3428	0.36363636363636365	True
1893	2548	0.2727272727272727	True
1893	2448	0.18181818181818182	True
1893	340	0.09090909090909091	True
5102	1580	0.9090909090909091	False
5102	2288	0.8181818181818182	False
5102	3669	0.7272727272727273	False
5102	2548	0.6363636363636364	True
5102	1665	0.5454545454545454	True
5102	533	0.45454545454545453	False
5102	3428	0.36363636363636365	True
5102	3012	0.2727272727272727	False
5102	3618	0.18181818181818182	True
5102	2617	0.09090909090909091	True
5786	1580	0.9090909090909091	False
5786	2288	0.8181818181818182	False
5786	533	0.7272727272727273	False
5786	3669	0.6363636363636364	False
5786	2617	0.5454545454545454	True
5786	3012	0.45454545454545453	False
5786	445	0.36363636363636365	True
5786	3428	0.2727272727272727	True
5786	2826	0.18181818181818182	True
5786	3610	0.09090909090909091	True
915	1580	0.9090909090909091	False
915	2288	0.8181818181818182	False
915	3669	0.7272727272727273	False
915	533	0.6363636363636364	False
915	3012	0.5454545454545454	False
915	1665	0.45454545454545453	True
915	2548	0.36363636363636365	True
915	3618	0.2727272727272727	True
915	3610	0.18181818181818182	True
915	3428	0.09090909090909091	True
4906	1580	0.9090909090909091	False
4906	2288	0.8181818181818182	False
4906	3669	0.7272727272727273	False
4906	3012	0.6363636363636364	False
4906	533	0.5454545454545454	False
4906	2617	0.45454545454545453	True
4906	1665	0.36363636363636365	True
4906	2672	0.2727272727272727	True
4906	340	0.18181818181818182	True
4906	2522	0.09090909090909091	True
287	1580	0.9090909090909091	False
287	2288	0.8181818181818182	False
287	3669	0.7272727272727273	False
287	2548	0.6363636363636364	True
287	3012	0.5454545454545454	False
287	3618	0.45454545454545453	True
287	3428	0.36363636363636365	True
287	1665	0.2727272727272727	True
287	533	0.18181818181818182	False
287	2106	0.09090909090909091	True
1982	1580	0.9090909090909091	False
1982	2288	0.8181818181818182	False
1982	3669	0.7272727272727273	False
1982	533	0.6363636363636364	False
1982	3012	0.5454545454545454	False
1982	2617	0.45454545454545453	True
1982	2762	0.36363636363636365	True
1982	3428	0.2727272727272727	True
1982	2672	0.18181818181818182	True
1982	2448	0.09090909090909091	True
4058	1580	0.9090909090909091	False
4058	2288	0.8181818181818182	False
4058	3012	0.7272727272727273	False
4058	3669	0.6363636363636364	False
4058	1665	0.5454545454545454	True
4058	533	0.45454545454545453	False
4058	2548	0.36363636363636365	True
4058	2448	0.2727272727272727	True
4058	2231	0.18181818181818182	True
4058	3768	0.09090909090909091	True
2943	1580	0.9090909090909091	False
2943	2288	0.8181818181818182	False
2943	3669	0.7272727272727273	False
2943	3012	0.6363636363636364	False
2943	3428	0.5454545454545454	True
2943	2448	0.45454545454545453	True
2943	2762	0.36363636363636365	True
2943	533	0.2727272727272727	False
2943	340	0.18181818181818182	True
2943	3618	0.09090909090909091	True
4634	1580	0.9090909090909091	False
4634	2288	0.8181818181818182	False
4634	3669	0.7272727272727273	False
4634	533	0.6363636363636364	False
4634	3012	0.5454545454545454	False
4634	3610	0.45454545454545453	True
4634	2522	0.36363636363636365	True
4634	1665	0.2727272727272727	True
4634	3428	0.18181818181818182	True
4634	2617	0.09090909090909091	True
5914	1580	0.9090909090909091	False
5914	2288	0.8181818181818182	False
5914	3669	0.7272727272727273	False
5914	3012	0.6363636363636364	False
5914	533	0.5454545454545454	False
5914	340	0.45454545454545453	True
5914	3448	0.36363636363636365	True
5914	3428	0.2727272727272727	True
5914	2672	0.18181818181818182	True
5914	2617	0.09090909090909091	True
1708	1580	0.9090909090909091	False
1708	2288	0.8181818181818182	False
1708	3669	0.7272727272727273	False
1708	3012	0.6363636363636364	False
1708	340	0.5454545454545454	True
1708	3428	0.45454545454545453	True
1708	2231	0.36363636363636365	True
1708	2548	0.2727272727272727	True
1708	3610	0.18181818181818182	True
1708	1665	0.09090909090909091	True
1080	1580	0.9090909090909091	False
1080	2288	0.8181818181818182	False
1080	3669	0.7272727272727273	False
1080	3428	0.6363636363636364	True
1080	2448	0.5454545454545454	True
1080	3618	0.45454545454545453	True
1080	2548	0.36363636363636365	True
1080	533	0.2727272727272727	False
1080	3610	0.18181818181818182	True
1080	2522	0.09090909090909091	True
1024	1580	0.9090909090909091	False
1024	2288	0.8181818181818182	False
1024	3669	0.7272727272727273	False
1024	533	0.6363636363636364	False
1024	2448	0.5454545454545454	True
1024	2106	0.45454545454545453	True
1024	3448	0.36363636363636365	True
1024	3012	0.2727272727272727	False
1024	2548	0.18181818181818182	True
1024	2617	0.09090909090909091	True
5790	1580	0.9090909090909091	False
5790	2288	0.8181818181818182	False
5790	3669	0.7272727272727273	False
5790	533	0.6363636363636364	False
5790	3428	0.5454545454545454	True
5790	3012	0.45454545454545453	False
5790	2617	0.36363636363636365	True
5790	2522	0.2727272727272727	True
5790	2448	0.18181818181818182	True
5790	3610	0.09090909090909091	True
5525	1580	0.9090909090909091	False
5525	2288	0.8181818181818182	False
5525	3669	0.7272727272727273	False
5525	2762	0.6363636363636364	True
5525	3428	0.5454545454545454	True
5525	533	0.45454545454545453	False
5525	2826	0.36363636363636365	True
5525	2617	0.2727272727272727	True
5525	3012	0.18181818181818182	False
5525	3610	0.09090909090909091	True
987	1580	0.9090909090909091	False
987	2288	0.8181818181818182	False
987	3669	0.7272727272727273	False
987	533	0.6363636363636364	False
987	3012	0.5454545454545454	False
987	3428	0.45454545454545453	True
987	2522	0.36363636363636365	True
987	2672	0.2727272727272727	True
987	340	0.18181818181818182	True
987	2617	0.09090909090909091	True
1999	1580	0.9090909090909091	False
1999	3669	0.8181818181818182	False
1999	2288	0.7272727272727273	False
1999	340	0.6363636363636364	True
1999	533	0.5454545454545454	False
1999	2106	0.45454545454545453	True
1999	3768	0.36363636363636365	True
1999	1665	0.2727272727272727	True
1999	3012	0.18181818181818182	False
1999	3610	0.09090909090909091	True
3024	1580	0.9090909090909091	False
3024	2288	0.8181818181818182	False
3024	3669	0.7272727272727273	False
3024	3428	0.6363636363636364	True
3024	2617	0.5454545454545454	True
3024	3012	0.45454545454545453	False
3024	2762	0.36363636363636365	True
3024	2273	0.2727272727272727	True
3024	2826	0.18181818181818182	True
3024	2522	0.09090909090909091	True
4223	1580	0.9090909090909091	False
4223	2288	0.8181818181818182	False
4223	3669	0.7272727272727273	False
4223	3012	0.6363636363636364	False
4223	533	0.5454545454545454	False
4223	3428	0.45454545454545453	True
4223	2617	0.36363636363636365	True
4223	1665	0.2727272727272727	True
4223	2448	0.18181818181818182	True
4223	2548	0.09090909090909091	True
2979	1580	0.9090909090909091	False
2979	2288	0.8181818181818182	False
2979	533	0.7272727272727273	False
2979	3669	0.6363636363636364	False
2979	2617	0.5454545454545454	True
2979	2448	0.45454545454545453	True
2979	3428	0.36363636363636365	True
2979	3012	0.2727272727272727	False
2979	888	0.18181818181818182	True
2979	2522	0.09090909090909091	True
4047	1580	0.9090909090909091	False
4047	2288	0.8181818181818182	False
4047	3669	0.7272727272727273	False
4047	3012	0.6363636363636364	False
4047	533	0.5454545454545454	False
4047	340	0.45454545454545453	True
4047	2826	0.36363636363636365	True
4047	2522	0.2727272727272727	True
4047	3610	0.18181818181818182	True
4047	3428	0.09090909090909091	True
2280	1580	0.9090909090909091	False
2280	2288	0.8181818181818182	False
2280	3669	0.7272727272727273	False
2280	3012	0.6363636363636364	False
2280	3428	0.5454545454545454	True
2280	533	0.45454545454545453	False
2280	1665	0.36363636363636365	True
2280	340	0.2727272727272727	True
2280	3618	0.18181818181818182	True
2280	2231	0.09090909090909091	True
4490	1580	0.9090909090909091	False
4490	2288	0.8181818181818182	False
4490	3012	0.7272727272727273	False
4490	3669	0.6363636363636364	False
4490	533	0.5454545454545454	False
4490	2448	0.45454545454545453	True
4490	3428	0.36363636363636365	True
4490	1665	0.2727272727272727	True
4490	2522	0.18181818181818182	True
4490	340	0.09090909090909091	True
3062	1580	0.9090909090909091	False
3062	3669	0.8181818181818182	False
3062	2288	0.7272727272727273	False
3062	3428	0.6363636363636364	True
3062	3610	0.5454545454545454	True
3062	2106	0.45454545454545453	True
3062	2762	0.36363636363636365	True
3062	340	0.2727272727272727	True
3062	2617	0.18181818181818182	True
3062	2548	0.09090909090909091	True
4892	1580	0.9090909090909091	False
4892	2288	0.8181818181818182	False
4892	3012	0.7272727272727273	False
4892	3669	0.6363636363636364	False
4892	533	0.5454545454545454	False
4892	2231	0.45454545454545453	True
4892	2548	0.36363636363636365	True
4892	2762	0.2727272727272727	True
4892	3610	0.18181818181818182	True
4892	3768	0.09090909090909091	True
4067	1580	0.9090909090909091	False
4067	2288	0.8181818181818182	False
4067	3669	0.7272727272727273	False
4067	533	0.6363636363636364	False
4067	3428	0.5454545454545454	True
4067	3012	0.45454545454545453	False
4067	3610	0.36363636363636365	True
4067	2448	0.2727272727272727	True
4067	2617	0.18181818181818182	True
4067	2826	0.09090909090909091	True
4188	1580	0.9090909090909091	False
4188	2288	0.8181818181818182	False
4188	3669	0.7272727272727273	False
4188	3012	0.6363636363636364	False
4188	3428	0.5454545454545454	True
4188	533	0.45454545454545453	False
4188	2106	0.36363636363636365	True
4188	2231	0.2727272727272727	True
4188	3909	0.18181818181818182	True
4188	3768	0.09090909090909091	True
5184	1580	0.9090909090909091	False
5184	2288	0.8181818181818182	False
5184	3669	0.7272727272727273	False
5184	3012	0.6363636363636364	False
5184	3610	0.5454545454545454	True
5184	340	0.45454545454545453	True
5184	2548	0.36363636363636365	True
5184	533	0.2727272727272727	False
5184	2231	0.18181818181818182	True
5184	2762	0.09090909090909091	True
509	1580	0.9090909090909091	False
509	2288	0.8181818181818182	False
509	3012	0.7272727272727273	False
509	533	0.6363636363636364	False
509	888	0.5454545454545454	True
509	2826	0.45454545454545453	True
509	3428	0.36363636363636365	True
509	2522	0.2727272727272727	True
509	3669	0.18181818181818182	False
509	2617	0.09090909090909091	True
1987	1580	0.9090909090909091	False
1987	2288	0.8181818181818182	False
1987	3669	0.7272727272727273	False
1987	3012	0.6363636363636364	False
1987	533	0.5454545454545454	False
1987	2548	0.45454545454545453	True
1987	3428	0.36363636363636365	True
1987	2448	0.2727272727272727	True
1987	2762	0.18181818181818182	True
1987	3618	0.09090909090909091	True
544	1580	0.9090909090909091	False
544	2288	0.8181818181818182	False
544	3669	0.7272727272727273	False
544	533	0.6363636363636364	False
544	3428	0.5454545454545454	True
544	2617	0.45454545454545453	True
544	2762	0.36363636363636365	True
544	3012	0.2727272727272727	False
544	3610	0.18181818181818182	True
544	2448	0.09090909090909091	True
772	1580	0.9090909090909091	False
772	2288	0.8181818181818182	False
772	3669	0.7272727272727273	False
772	3012	0.6363636363636364	False
772	533	0.5454545454545454	False
772	1665	0.45454545454545453	True
772	2826	0.36363636363636365	True
772	3428	0.2727272727272727	True
772	340	0.18181818181818182	True
772	3610	0.09090909090909091	True
4704	1580	0.9090909090909091	False
4704	2288	0.8181818181818182	False
4704	533	0.7272727272727273	False
4704	3669	0.6363636363636364	False
4704	2448	0.5454545454545454	True
4704	2617	0.45454545454545453	True
4704	3428	0.36363636363636365	True
4704	3012	0.2727272727272727	False
4704	3610	0.18181818181818182	True
4704	2548	0.09090909090909091	True
4053	1580	0.9090909090909091	False
4053	2288	0.8181818181818182	False
4053	3669	0.7272727272727273	False
4053	340	0.6363636363636364	True
4053	3012	0.5454545454545454	False
4053	533	0.45454545454545453	False
4053	2106	0.36363636363636365	True
4053	3428	0.2727272727272727	True
4053	3610	0.18181818181818182	True
4053	1665	0.09090909090909091	True
4469	1580	0.9090909090909091	False
4469	2288	0.8181818181818182	False
4469	533	0.7272727272727273	False
4469	3012	0.6363636363636364	False
4469	2522	0.5454545454545454	True
4469	3669	0.45454545454545453	False
4469	2448	0.36363636363636365	True
4469	1665	0.2727272727272727	True
4469	2231	0.18181818181818182	True
4469	340	0.09090909090909091	True
2055	1580	0.9090909090909091	False
2055	3669	0.8181818181818182	False
2055	2288	0.7272727272727273	False
2055	340	0.6363636363636364	True
2055	3012	0.5454545454545454	False
2055	3610	0.45454545454545453	True
2055	3428	0.36363636363636365	True
2055	2522	0.2727272727272727	True
2055	533	0.18181818181818182	False
2055	2548	0.09090909090909091	True
712	1580	0.9090909090909091	False
712	2288	0.8181818181818182	False
712	3669	0.7272727272727273	False
712	3610	0.6363636363636364	True
712	3428	0.5454545454545454	True
712	2548	0.45454545454545453	True
712	3012	0.36363636363636365	False
712	2231	0.2727272727272727	True
712	533	0.18181818181818182	False
712	888	0.09090909090909091	True
1014	1580	0.9090909090909091	False
1014	2288	0.8181818181818182	False
1014	3669	0.7272727272727273	False
1014	533	0.6363636363636364	False
1014	3610	0.5454545454545454	True
1014	340	0.45454545454545453	True
1014	2548	0.36363636363636365	True
1014	3012	0.2727272727272727	False
1014	2448	0.18181818181818182	True
1014	3428	0.09090909090909091	True
2420	1580	0.9090909090909091	False
2420	2288	0.8181818181818182	False
2420	3669	0.7272727272727273	False
2420	533	0.6363636363636364	False
2420	2448	0.5454545454545454	True
2420	3610	0.45454545454545453	True
2420	2617	0.36363636363636365	True
2420	3428	0.2727272727272727	True
2420	2548	0.18181818181818182	True
2420	2826	0.09090909090909091	True
5124	1580	0.9090909090909091	False
5124	3669	0.8181818181818182	False
5124	2288	0.7272727272727273	False
5124	2548	0.6363636363636364	True
5124	3610	0.5454545454545454	True
5124	3428	0.45454545454545453	True
5124	2231	0.36363636363636365	True
5124	3012	0.2727272727272727	False
5124	533	0.18181818181818182	False
5124	2762	0.09090909090909091	True
3106	1580	0.9090909090909091	False
3106	2288	0.8181818181818182	False
3106	3669	0.7272727272727273	False
3106	340	0.6363636363636364	True
3106	3428	0.5454545454545454	True
3106	3012	0.45454545454545453	False
3106	533	0.36363636363636365	False
3106	2762	0.2727272727272727	True
3106	2672	0.18181818181818182	True
3106	2106	0.09090909090909091	True
5333	1580	0.9090909090909091	False
5333	2288	0.8181818181818182	False
5333	3669	0.7272727272727273	False
5333	3012	0.6363636363636364	False
5333	533	0.5454545454545454	False
5333	3428	0.45454545454545453	True
5333	2762	0.36363636363636365	True
5333	2826	0.2727272727272727	True
5333	2617	0.18181818181818182	True
5333	2231	0.09090909090909091	True
1390	1580	0.9090909090909091	False
1390	2288	0.8181818181818182	False
1390	3669	0.7272727272727273	False
1390	533	0.6363636363636364	False
1390	3428	0.5454545454545454	True
1390	3012	0.45454545454545453	False
1390	3610	0.36363636363636365	True
1390	2448	0.2727272727272727	True
1390	3909	0.18181818181818182	True
1390	2106	0.09090909090909091	True
4974	1580	0.9090909090909091	False
4974	2288	0.8181818181818182	False
4974	3669	0.7272727272727273	False
4974	3012	0.6363636363636364	False
4974	340	0.5454545454545454	True
4974	3428	0.45454545454545453	True
4974	2826	0.36363636363636365	True
4974	164	0.2727272727272727	True
4974	888	0.18181818181818182	True
4974	2585	0.09090909090909091	True
3729	1580	0.9090909090909091	False
3729	2288	0.8181818181818182	False
3729	3669	0.7272727272727273	False
3729	3012	0.6363636363636364	False
3729	2826	0.5454545454545454	True
3729	3428	0.45454545454545453	True
3729	2762	0.36363636363636365	True
3729	2106	0.2727272727272727	True
3729	533	0.18181818181818182	False
3729	888	0.09090909090909091	True
2807	1580	0.9090909090909091	False
2807	2288	0.8181818181818182	False
2807	3012	0.7272727272727273	False
2807	3669	0.6363636363636364	False
2807	533	0.5454545454545454	False
2807	1665	0.45454545454545453	True
2807	2826	0.36363636363636365	True
2807	3428	0.2727272727272727	True
2807	2448	0.18181818181818182	True
2807	1620	0.09090909090909091	True
3205	1580	0.9090909090909091	False
3205	2288	0.8181818181818182	False
3205	3012	0.7272727272727273	False
3205	533	0.6363636363636364	False
3205	3669	0.5454545454545454	False
3205	340	0.45454545454545453	True
3205	3768	0.36363636363636365	True
3205	2522	0.2727272727272727	True
3205	1665	0.18181818181818182	True
3205	2617	0.09090909090909091	True
3016	1580	0.9090909090909091	False
3016	533	0.8181818181818182	False
3016	2288	0.7272727272727273	False
3016	3428	0.6363636363636364	True
3016	3669	0.5454545454545454	False
3016	3610	0.45454545454545453	True
3016	2548	0.36363636363636365	True
3016	2617	0.2727272727272727	True
3016	2522	0.18181818181818182	True
3016	558	0.09090909090909091	True
1786	1580	0.9090909090909091	False
1786	2288	0.8181818181818182	False
1786	3669	0.7272727272727273	False
1786	2522	0.6363636363636364	True
1786	3428	0.5454545454545454	True
1786	3012	0.45454545454545453	False
1786	340	0.36363636363636365	True
1786	533	0.2727272727272727	False
1786	2448	0.18181818181818182	True
1786	2672	0.09090909090909091	True
2470	1580	0.9090909090909091	False
2470	2288	0.8181818181818182	False
2470	533	0.7272727272727273	False
2470	3610	0.6363636363636364	True
2470	3669	0.5454545454545454	False
2470	3012	0.45454545454545453	False
2470	2548	0.36363636363636365	True
2470	1665	0.2727272727272727	True
2470	3428	0.18181818181818182	True
2470	2617	0.09090909090909091	True
3684	1580	0.9090909090909091	False
3684	2288	0.8181818181818182	False
3684	3669	0.7272727272727273	False
3684	3610	0.6363636363636364	True
3684	2548	0.5454545454545454	True
3684	3012	0.45454545454545453	False
3684	533	0.36363636363636365	False
3684	3428	0.2727272727272727	True
3684	2231	0.18181818181818182	True
3684	2448	0.09090909090909091	True
1245	1580	0.9090909090909091	False
1245	2288	0.8181818181818182	False
1245	3669	0.7272727272727273	False
1245	3428	0.6363636363636364	True
1245	533	0.5454545454545454	False
1245	3618	0.45454545454545453	True
1245	2548	0.36363636363636365	True
1245	3012	0.2727272727272727	False
1245	340	0.18181818181818182	True
1245	3610	0.09090909090909091	True
158	1580	0.9090909090909091	False
158	2288	0.8181818181818182	False
158	3669	0.7272727272727273	False
158	3428	0.6363636363636364	True
158	2448	0.5454545454545454	True
158	2762	0.45454545454545453	True
158	3909	0.36363636363636365	True
158	2826	0.2727272727272727	True
158	533	0.18181818181818182	False
158	2106	0.09090909090909091	True
2963	1580	0.9090909090909091	False
2963	2288	0.8181818181818182	False
2963	3669	0.7272727272727273	False
2963	533	0.6363636363636364	False
2963	2617	0.5454545454545454	True
2963	340	0.45454545454545453	True
2963	3610	0.36363636363636365	True
2963	2273	0.2727272727272727	True
2963	3428	0.18181818181818182	True
2963	2522	0.09090909090909091	True
4072	1580	0.9090909090909091	False
4072	2288	0.8181818181818182	False
4072	3669	0.7272727272727273	False
4072	533	0.6363636363636364	False
4072	3012	0.5454545454545454	False
4072	2448	0.45454545454545453	True
4072	3428	0.36363636363636365	True
4072	2617	0.2727272727272727	True
4072	3618	0.18181818181818182	True
4072	1665	0.09090909090909091	True
5897	1580	0.9090909090909091	False
5897	2288	0.8181818181818182	False
5897	3669	0.7272727272727273	False
5897	533	0.6363636363636364	False
5897	3012	0.5454545454545454	False
5897	2672	0.45454545454545453	True
5897	2617	0.36363636363636365	True
5897	2448	0.2727272727272727	True
5897	1665	0.18181818181818182	True
5897	340	0.09090909090909091	True
1680	1580	0.9090909090909091	False
1680	3669	0.8181818181818182	False
1680	533	0.7272727272727273	False
1680	3610	0.6363636363636364	True
1680	2288	0.5454545454545454	False
1680	2231	0.45454545454545453	True
1680	2548	0.36363636363636365	True
1680	3768	0.2727272727272727	True
1680	2522	0.18181818181818182	True
1680	340	0.09090909090909091	True
163	1580	0.9090909090909091	False
163	2288	0.8181818181818182	False
163	3669	0.7272727272727273	False
163	3428	0.6363636363636364	True
163	340	0.5454545454545454	True
163	533	0.45454545454545453	False
163	3012	0.36363636363636365	False
163	2448	0.2727272727272727	True
163	3618	0.18181818181818182	True
163	2762	0.09090909090909091	True
1424	1580	0.9090909090909091	False
1424	2288	0.8181818181818182	False
1424	3669	0.7272727272727273	False
1424	533	0.6363636363636364	False
1424	3012	0.5454545454545454	False
1424	3610	0.45454545454545453	True
1424	2826	0.36363636363636365	True
1424	2231	0.2727272727272727	True
1424	340	0.18181818181818182	True
1424	2617	0.09090909090909091	True
4211	1580	0.9090909090909091	False
4211	2288	0.8181818181818182	False
4211	533	0.7272727272727273	False
4211	3669	0.6363636363636364	False
4211	3012	0.5454545454545454	False
4211	2522	0.45454545454545453	True
4211	2617	0.36363636363636365	True
4211	3618	0.2727272727272727	True
4211	2448	0.18181818181818182	True
4211	2548	0.09090909090909091	True
5908	1580	0.9090909090909091	False
5908	2288	0.8181818181818182	False
5908	3669	0.7272727272727273	False
5908	3012	0.6363636363636364	False
5908	533	0.5454545454545454	False
5908	2448	0.45454545454545453	True
5908	3428	0.36363636363636365	True
5908	340	0.2727272727272727	True
5908	3618	0.18181818181818182	True
5908	1665	0.09090909090909091	True
919	1580	0.9090909090909091	False
919	2288	0.8181818181818182	False
919	3669	0.7272727272727273	False
919	533	0.6363636363636364	False
919	1665	0.5454545454545454	True
919	3012	0.45454545454545453	False
919	2617	0.36363636363636365	True
919	3610	0.2727272727272727	True
919	340	0.18181818181818182	True
919	2672	0.09090909090909091	True
5311	1580	0.9090909090909091	False
5311	3669	0.8181818181818182	False
5311	2288	0.7272727272727273	False
5311	3428	0.6363636363636364	True
5311	3610	0.5454545454545454	True
5311	533	0.45454545454545453	False
5311	3012	0.36363636363636365	False
5311	2548	0.2727272727272727	True
5311	1977	0.18181818181818182	True
5311	2617	0.09090909090909091	True
5239	1580	0.9090909090909091	False
5239	2288	0.8181818181818182	False
5239	3669	0.7272727272727273	False
5239	533	0.6363636363636364	False
5239	3428	0.5454545454545454	True
5239	3610	0.45454545454545453	True
5239	3012	0.36363636363636365	False
5239	2617	0.2727272727272727	True
5239	2548	0.18181818181818182	True
5239	2522	0.09090909090909091	True
4968	1580	0.9090909090909091	False
4968	2288	0.8181818181818182	False
4968	3669	0.7272727272727273	False
4968	2548	0.6363636363636364	True
4968	533	0.5454545454545454	False
4968	3428	0.45454545454545453	True
4968	3610	0.36363636363636365	True
4968	3012	0.2727272727272727	False
4968	340	0.18181818181818182	True
4968	1665	0.09090909090909091	True
4795	1580	0.9090909090909091	False
4795	2288	0.8181818181818182	False
4795	3669	0.7272727272727273	False
4795	340	0.6363636363636364	True
4795	3428	0.5454545454545454	True
4795	3012	0.45454545454545453	False
4795	533	0.36363636363636365	False
4795	2548	0.2727272727272727	True
4795	2762	0.18181818181818182	True
4795	3618	0.09090909090909091	True
1484	1580	0.9090909090909091	False
1484	2288	0.8181818181818182	False
1484	3669	0.7272727272727273	False
1484	3012	0.6363636363636364	False
1484	533	0.5454545454545454	False
1484	3610	0.45454545454545453	True
1484	3428	0.36363636363636365	True
1484	2231	0.2727272727272727	True
1484	2617	0.18181818181818182	True
1484	2826	0.09090909090909091	True
1320	1580	0.9090909090909091	False
1320	2288	0.8181818181818182	False
1320	3669	0.7272727272727273	False
1320	3012	0.6363636363636364	False
1320	2231	0.5454545454545454	True
1320	340	0.45454545454545453	True
1320	2672	0.36363636363636365	True
1320	2826	0.2727272727272727	True
1320	2522	0.18181818181818182	True
1320	533	0.09090909090909091	False
4361	1580	0.9090909090909091	False
4361	2288	0.8181818181818182	False
4361	533	0.7272727272727273	False
4361	888	0.6363636363636364	True
4361	3669	0.5454545454545454	False
4361	3012	0.45454545454545453	False
4361	2548	0.36363636363636365	True
4361	3428	0.2727272727272727	True
4361	2826	0.18181818181818182	True
4361	2617	0.09090909090909091	True
5714	1580	0.9090909090909091	False
5714	2288	0.8181818181818182	False
5714	3669	0.7272727272727273	False
5714	2448	0.6363636363636364	True
5714	3012	0.5454545454545454	False
5714	2672	0.45454545454545453	True
5714	533	0.36363636363636365	False
5714	3428	0.2727272727272727	True
5714	2762	0.18181818181818182	True
5714	2522	0.09090909090909091	True
2914	1580	0.9090909090909091	False
2914	2288	0.8181818181818182	False
2914	3669	0.7272727272727273	False
2914	533	0.6363636363636364	False
2914	2548	0.5454545454545454	True
2914	3610	0.45454545454545453	True
2914	3428	0.36363636363636365	True
2914	3012	0.2727272727272727	False
2914	1665	0.18181818181818182	True
2914	340	0.09090909090909091	True
5723	1580	0.9090909090909091	False
5723	3669	0.8181818181818182	False
5723	2288	0.7272727272727273	False
5723	340	0.6363636363636364	True
5723	2826	0.5454545454545454	True
5723	3610	0.45454545454545453	True
5723	2548	0.36363636363636365	True
5723	2231	0.2727272727272727	True
5723	533	0.18181818181818182	False
5723	2106	0.09090909090909091	True
