5668	2729	0.9090909090909091	True
5668	85	0.8181818181818182	True
5668	2116	0.7272727272727273	False
5668	1912	0.6363636363636364	False
5668	540	0.5454545454545454	True
5668	1484	0.45454545454545453	True
5668	1396	0.36363636363636365	False
5668	352	0.2727272727272727	True
5668	3848	0.18181818181818182	True
5668	1669	0.09090909090909091	True
3254	1194	0.9090909090909091	True
3254	426	0.8181818181818182	True
3254	1669	0.7272727272727273	True
3254	1484	0.6363636363636364	True
3254	85	0.5454545454545454	True
3254	2116	0.45454545454545453	False
3254	2777	0.36363636363636365	False
3254	1003	0.2727272727272727	False
3254	2729	0.18181818181818182	True
3254	1977	0.09090909090909091	True
1339	2354	0.9090909090909091	False
1339	3629	0.8181818181818182	False
1339	1175	0.7272727272727273	True
1339	3118	0.6363636363636364	True
1339	352	0.5454545454545454	True
1339	1977	0.45454545454545453	True
1339	1180	0.36363636363636365	True
1339	1396	0.2727272727272727	False
1339	540	0.18181818181818182	True
1339	1068	0.09090909090909091	True
4508	1396	0.9090909090909091	False
4508	2598	0.8181818181818182	False
4508	1180	0.7272727272727273	True
4508	1198	0.6363636363636364	False
4508	352	0.5454545454545454	True
4508	2116	0.45454545454545453	False
4508	1341	0.36363636363636365	True
4508	2746	0.2727272727272727	True
4508	1957	0.18181818181818182	True
4508	1364	0.09090909090909091	True
4839	352	0.9090909090909091	True
4839	2729	0.8181818181818182	True
4839	2304	0.7272727272727273	True
4839	1912	0.6363636363636364	False
4839	1003	0.5454545454545454	False
4839	2777	0.45454545454545453	False
4839	2354	0.36363636363636365	False
4839	2598	0.2727272727272727	False
4839	85	0.18181818181818182	True
4839	1396	0.09090909090909091	False
1653	2116	0.9090909090909091	False
1653	1194	0.8181818181818182	True
1653	1396	0.7272727272727273	False
1653	2304	0.6363636363636364	True
1653	85	0.5454545454545454	True
1653	1339	0.45454545454545453	True
1653	1325	0.36363636363636365	True
1653	697	0.2727272727272727	True
1653	2746	0.18181818181818182	True
1653	1669	0.09090909090909091	True
3517	1396	0.9090909090909091	False
3517	2116	0.8181818181818182	False
3517	1180	0.7272727272727273	True
3517	832	0.6363636363636364	True
3517	1302	0.5454545454545454	True
3517	3516	0.45454545454545453	True
3517	935	0.36363636363636365	True
3517	1341	0.2727272727272727	True
3517	136	0.18181818181818182	True
3517	1068	0.09090909090909091	True
5400	1396	0.9090909090909091	False
5400	2777	0.8181818181818182	False
5400	2069	0.7272727272727273	True
5400	2304	0.6363636363636364	True
5400	1180	0.5454545454545454	True
5400	1194	0.45454545454545453	True
5400	1484	0.36363636363636365	True
5400	1302	0.2727272727272727	True
5400	2598	0.18181818181818182	False
5400	1198	0.09090909090909091	False
394	2777	0.9090909090909091	False
394	2598	0.8181818181818182	False
394	2304	0.7272727272727273	True
394	1175	0.6363636363636364	True
394	1198	0.5454545454545454	False
394	2116	0.45454545454545453	False
394	2683	0.36363636363636365	True
394	1180	0.2727272727272727	True
394	3629	0.18181818181818182	False
394	2069	0.09090909090909091	True
3396	1396	0.9090909090909091	False
3396	2116	0.8181818181818182	False
3396	2777	0.7272727272727273	False
3396	136	0.6363636363636364	True
3396	1339	0.5454545454545454	True
3396	2069	0.45454545454545453	True
3396	1669	0.36363636363636365	True
3396	813	0.2727272727272727	True
3396	1198	0.18181818181818182	False
3396	2598	0.09090909090909091	False
2514	2304	0.9090909090909091	True
2514	1484	0.8181818181818182	True
2514	2777	0.7272727272727273	False
2514	352	0.6363636363636364	True
2514	1003	0.5454545454545454	False
2514	1912	0.45454545454545453	False
2514	136	0.36363636363636365	True
2514	2729	0.2727272727272727	True
2514	3825	0.18181818181818182	True
2514	2116	0.09090909090909091	False
3196	1198	0.9090909090909091	False
3196	1180	0.8181818181818182	True
3196	1339	0.7272727272727273	True
3196	352	0.6363636363636364	True
3196	2598	0.5454545454545454	False
3196	1484	0.45454545454545453	True
3196	123	0.36363636363636365	True
3196	3431	0.2727272727272727	True
3196	1867	0.18181818181818182	True
3196	1341	0.09090909090909091	True
1866	2598	0.9090909090909091	False
1866	2354	0.8181818181818182	False
1866	1194	0.7272727272727273	True
1866	426	0.6363636363636364	True
1866	3848	0.5454545454545454	True
1866	2729	0.45454545454545453	True
1866	2777	0.36363636363636365	False
1866	540	0.2727272727272727	True
1866	1396	0.18181818181818182	False
1866	3629	0.09090909090909091	False
2431	2598	0.9090909090909091	False
2431	1396	0.8181818181818182	False
2431	2777	0.7272727272727273	False
2431	1957	0.6363636363636364	True
2431	2354	0.5454545454545454	False
2431	1198	0.45454545454545453	False
2431	935	0.36363636363636365	True
2431	81	0.2727272727272727	True
2431	2116	0.18181818181818182	False
2431	2715	0.09090909090909091	True
3953	1912	0.9090909090909091	False
3953	123	0.8181818181818182	True
3953	1194	0.7272727272727273	True
3953	3848	0.6363636363636364	True
3953	3431	0.5454545454545454	True
3953	85	0.45454545454545453	True
3953	1484	0.36363636363636365	True
3953	1003	0.2727272727272727	False
3953	3555	0.18181818181818182	True
3953	2101	0.09090909090909091	True
4440	3629	0.9090909090909091	False
4440	1180	0.8181818181818182	True
4440	2777	0.7272727272727273	False
4440	2715	0.6363636363636364	True
4440	935	0.5454545454545454	True
4440	2598	0.45454545454545453	False
4440	2354	0.36363636363636365	False
4440	2729	0.2727272727272727	True
4440	1198	0.18181818181818182	False
4440	3555	0.09090909090909091	True
280	2598	0.9090909090909091	False
280	1396	0.8181818181818182	False
280	2116	0.7272727272727273	False
280	1364	0.6363636363636364	True
280	2777	0.5454545454545454	False
280	3629	0.45454545454545453	False
280	2069	0.36363636363636365	True
280	1198	0.2727272727272727	False
280	1484	0.18181818181818182	True
280	1669	0.09090909090909091	True
331	2116	0.9090909090909091	False
331	1396	0.8181818181818182	False
331	352	0.7272727272727273	True
331	2777	0.6363636363636364	False
331	1339	0.5454545454545454	True
331	1198	0.45454545454545453	False
331	2069	0.36363636363636365	True
331	1003	0.2727272727272727	False
331	1180	0.18181818181818182	True
331	2598	0.09090909090909091	False
2770	1339	0.9090909090909091	True
2770	2715	0.8181818181818182	True
2770	1484	0.7272727272727273	True
2770	352	0.6363636363636364	True
2770	2598	0.5454545454545454	False
2770	2069	0.45454545454545453	True
2770	1396	0.36363636363636365	False
2770	1180	0.2727272727272727	True
2770	1198	0.18181818181818182	False
2770	1341	0.09090909090909091	True
929	2715	0.9090909090909091	True
929	1396	0.8181818181818182	False
929	2598	0.7272727272727273	False
929	1339	0.6363636363636364	True
929	2116	0.5454545454545454	False
929	920	0.45454545454545453	True
929	2777	0.36363636363636365	False
929	874	0.2727272727272727	True
929	2631	0.18181818181818182	True
929	540	0.09090909090909091	True
4954	1396	0.9090909090909091	False
4954	1198	0.8181818181818182	False
4954	1957	0.7272727272727273	True
4954	1339	0.6363636363636364	True
4954	136	0.5454545454545454	True
4954	2069	0.45454545454545453	True
4954	2777	0.36363636363636365	False
4954	2598	0.2727272727272727	False
4954	2354	0.18181818181818182	False
4954	2715	0.09090909090909091	True
4744	1194	0.9090909090909091	True
4744	1396	0.8181818181818182	False
4744	1484	0.7272727272727273	True
4744	2116	0.6363636363636364	False
4744	1669	0.5454545454545454	True
4744	540	0.45454545454545453	True
4744	3848	0.36363636363636365	True
4744	85	0.2727272727272727	True
4744	1325	0.18181818181818182	True
4744	426	0.09090909090909091	True
4059	1977	0.9090909090909091	True
4059	2116	0.8181818181818182	False
4059	1194	0.7272727272727273	True
4059	540	0.6363636363636364	True
4059	3629	0.5454545454545454	False
4059	2354	0.45454545454545453	False
4059	85	0.36363636363636365	True
4059	1669	0.2727272727272727	True
4059	426	0.18181818181818182	True
4059	3251	0.09090909090909091	True
318	2598	0.9090909090909091	False
318	3629	0.8181818181818182	False
318	3848	0.7272727272727273	True
318	1198	0.6363636363636364	False
318	2777	0.5454545454545454	False
318	2116	0.45454545454545453	False
318	2304	0.36363636363636365	True
318	2729	0.2727272727272727	True
318	352	0.18181818181818182	True
318	2683	0.09090909090909091	True
4717	136	0.9090909090909091	True
4717	1198	0.8181818181818182	False
4717	1396	0.7272727272727273	False
4717	1180	0.6363636363636364	True
4717	2777	0.5454545454545454	False
4717	935	0.45454545454545453	True
4717	2069	0.36363636363636365	True
4717	2354	0.2727272727272727	False
4717	1339	0.18181818181818182	True
4717	81	0.09090909090909091	True
204	2116	0.9090909090909091	False
204	426	0.8181818181818182	True
204	1396	0.7272727272727273	False
204	1957	0.6363636363636364	True
204	1669	0.5454545454545454	True
204	935	0.45454545454545453	True
204	2777	0.36363636363636365	False
204	540	0.2727272727272727	True
204	3516	0.18181818181818182	True
204	487	0.09090909090909091	True
1790	1180	0.9090909090909091	True
1790	352	0.8181818181818182	True
1790	1977	0.7272727272727273	True
1790	3629	0.6363636363636364	False
1790	2777	0.5454545454545454	False
1790	1198	0.45454545454545453	False
1790	2304	0.36363636363636365	True
1790	1912	0.2727272727272727	False
1790	2069	0.18181818181818182	True
1790	2116	0.09090909090909091	False
4811	2598	0.9090909090909091	False
4811	2069	0.8181818181818182	True
4811	1302	0.7272727272727273	True
4811	3431	0.6363636363636364	True
4811	1198	0.5454545454545454	False
4811	3629	0.45454545454545453	False
4811	1396	0.36363636363636365	False
4811	1957	0.2727272727272727	True
4811	1364	0.18181818181818182	True
4811	2715	0.09090909090909091	True
2687	136	0.9090909090909091	True
2687	1198	0.8181818181818182	False
2687	1396	0.7272727272727273	False
2687	1669	0.6363636363636364	True
2687	1180	0.5454545454545454	True
2687	1484	0.45454545454545453	True
2687	2069	0.36363636363636365	True
2687	1302	0.2727272727272727	True
2687	3848	0.18181818181818182	True
2687	2116	0.09090909090909091	False
5922	1198	0.9090909090909091	False
5922	1339	0.8181818181818182	True
5922	2116	0.7272727272727273	False
5922	1341	0.6363636363636364	True
5922	2598	0.5454545454545454	False
5922	1396	0.45454545454545453	False
5922	2354	0.36363636363636365	False
5922	2777	0.2727272727272727	False
5922	352	0.18181818181818182	True
5922	540	0.09090909090909091	True
4197	1396	0.9090909090909091	False
4197	2598	0.8181818181818182	False
4197	2715	0.7272727272727273	True
4197	2101	0.6363636363636364	True
4197	540	0.5454545454545454	True
4197	3516	0.45454545454545453	True
4197	2116	0.36363636363636365	False
4197	1339	0.2727272727272727	True
4197	1669	0.18181818181818182	True
4197	1364	0.09090909090909091	True
611	2069	0.9090909090909091	True
611	1396	0.8181818181818182	False
611	1003	0.7272727272727273	False
611	1912	0.6363636363636364	False
611	540	0.5454545454545454	True
611	1175	0.45454545454545453	True
611	2598	0.36363636363636365	False
611	1669	0.2727272727272727	True
611	3848	0.18181818181818182	True
611	136	0.09090909090909091	True
1237	1396	0.9090909090909091	False
1237	2116	0.8181818181818182	False
1237	1003	0.7272727272727273	False
1237	1339	0.6363636363636364	True
1237	81	0.5454545454545454	True
1237	1977	0.45454545454545453	True
1237	2304	0.36363636363636365	True
1237	1364	0.2727272727272727	True
1237	1325	0.18181818181818182	True
1237	2777	0.09090909090909091	False
4217	1396	0.9090909090909091	False
4217	2116	0.8181818181818182	False
4217	2598	0.7272727272727273	False
4217	1341	0.6363636363636364	True
4217	2777	0.5454545454545454	False
4217	1339	0.45454545454545453	True
4217	3629	0.36363636363636365	False
4217	2069	0.2727272727272727	True
4217	1180	0.18181818181818182	True
4217	1302	0.09090909090909091	True
2394	1198	0.9090909090909091	False
2394	2598	0.8181818181818182	False
2394	1339	0.7272727272727273	True
2394	81	0.6363636363636364	True
2394	3431	0.5454545454545454	True
2394	1396	0.45454545454545453	False
2394	2069	0.36363636363636365	True
2394	2777	0.2727272727272727	False
2394	1302	0.18181818181818182	True
2394	1003	0.09090909090909091	False
5108	2598	0.9090909090909091	False
5108	2116	0.8181818181818182	False
5108	1396	0.7272727272727273	False
5108	935	0.6363636363636364	True
5108	1957	0.5454545454545454	True
5108	2777	0.45454545454545453	False
5108	81	0.36363636363636365	True
5108	3629	0.2727272727272727	False
5108	1302	0.18181818181818182	True
5108	1912	0.09090909090909091	False
5888	1396	0.9090909090909091	False
5888	1003	0.8181818181818182	False
5888	136	0.7272727272727273	True
5888	1364	0.6363636363636364	True
5888	1912	0.5454545454545454	False
5888	2354	0.45454545454545453	False
5888	3431	0.36363636363636365	True
5888	920	0.2727272727272727	True
5888	3629	0.18181818181818182	False
5888	874	0.09090909090909091	True
4630	1396	0.9090909090909091	False
4630	2598	0.8181818181818182	False
4630	2354	0.7272727272727273	False
4630	1912	0.6363636363636364	False
4630	3848	0.5454545454545454	True
4630	540	0.45454545454545453	True
4630	1339	0.36363636363636365	True
4630	2683	0.2727272727272727	True
4630	1364	0.18181818181818182	True
4630	426	0.09090909090909091	True
2252	2354	0.9090909090909091	False
2252	1198	0.8181818181818182	False
2252	1003	0.7272727272727273	False
2252	2683	0.6363636363636364	True
2252	1396	0.5454545454545454	False
2252	136	0.45454545454545453	True
2252	3848	0.36363636363636365	True
2252	3629	0.2727272727272727	False
2252	2598	0.18181818181818182	False
2252	1175	0.09090909090909091	True
950	3629	0.9090909090909091	False
950	2354	0.8181818181818182	False
950	2598	0.7272727272727273	False
950	1175	0.6363636363636364	True
950	1198	0.5454545454545454	False
950	1912	0.45454545454545453	False
950	2715	0.36363636363636365	True
950	1068	0.2727272727272727	True
950	874	0.18181818181818182	True
950	1484	0.09090909090909091	True
2537	123	0.9090909090909091	True
2537	1484	0.8181818181818182	True
2537	540	0.7272727272727273	True
2537	136	0.6363636363636364	True
2537	2598	0.5454545454545454	False
2537	3848	0.45454545454545453	True
2537	1912	0.36363636363636365	False
2537	3431	0.2727272727272727	True
2537	2069	0.18181818181818182	True
2537	1339	0.09090909090909091	True
4639	1396	0.9090909090909091	False
4639	1198	0.8181818181818182	False
4639	2598	0.7272727272727273	False
4639	136	0.6363636363636364	True
4639	1339	0.5454545454545454	True
4639	2777	0.45454545454545453	False
4639	2715	0.36363636363636365	True
4639	1180	0.2727272727272727	True
4639	1302	0.18181818181818182	True
4639	2069	0.09090909090909091	True
1453	2116	0.9090909090909091	False
1453	1339	0.8181818181818182	True
1453	1396	0.7272727272727273	False
1453	2777	0.6363636363636364	False
1453	1669	0.5454545454545454	True
1453	1180	0.45454545454545453	True
1453	2354	0.36363636363636365	False
1453	2598	0.2727272727272727	False
1453	1341	0.18181818181818182	True
1453	426	0.09090909090909091	True
4659	1302	0.9090909090909091	True
4659	2116	0.8181818181818182	False
4659	1396	0.7272727272727273	False
4659	1194	0.6363636363636364	True
4659	1364	0.5454545454545454	True
4659	3251	0.45454545454545453	True
4659	3629	0.36363636363636365	False
4659	2777	0.2727272727272727	False
4659	832	0.18181818181818182	True
4659	1341	0.09090909090909091	True
20	1912	0.9090909090909091	False
20	2729	0.8181818181818182	True
20	2598	0.7272727272727273	False
20	1175	0.6363636363636364	True
20	2777	0.5454545454545454	False
20	2069	0.45454545454545453	True
20	3848	0.36363636363636365	True
20	2683	0.2727272727272727	True
20	1180	0.18181818181818182	True
20	3629	0.09090909090909091	False
5576	1194	0.9090909090909091	True
5576	426	0.8181818181818182	True
5576	3629	0.7272727272727273	False
5576	2777	0.6363636363636364	False
5576	935	0.5454545454545454	True
5576	81	0.45454545454545453	True
5576	2116	0.36363636363636365	False
5576	1180	0.2727272727272727	True
5576	1198	0.18181818181818182	False
5576	1421	0.09090909090909091	True
1721	2598	0.9090909090909091	False
1721	1198	0.8181818181818182	False
1721	1396	0.7272727272727273	False
1721	2116	0.6363636363636364	False
1721	3629	0.5454545454545454	False
1721	81	0.45454545454545453	True
1721	935	0.36363636363636365	True
1721	136	0.2727272727272727	True
1721	1339	0.18181818181818182	True
1721	352	0.09090909090909091	True
4070	2598	0.9090909090909091	False
4070	1198	0.8181818181818182	False
4070	2116	0.7272727272727273	False
4070	1396	0.6363636363636364	False
4070	85	0.5454545454545454	True
4070	2777	0.45454545454545453	False
4070	352	0.36363636363636365	True
4070	1180	0.2727272727272727	True
4070	2683	0.18181818181818182	True
4070	81	0.09090909090909091	True
2275	1302	0.9090909090909091	True
2275	2116	0.8181818181818182	False
2275	1957	0.7272727272727273	True
2275	3516	0.6363636363636364	True
2275	2715	0.5454545454545454	True
2275	426	0.45454545454545453	True
2275	1396	0.36363636363636365	False
2275	1194	0.2727272727272727	True
2275	540	0.18181818181818182	True
2275	2729	0.09090909090909091	True
543	2598	0.9090909090909091	False
543	920	0.8181818181818182	True
543	1396	0.7272727272727273	False
543	352	0.6363636363636364	True
543	874	0.5454545454545454	True
543	1484	0.45454545454545453	True
543	1339	0.36363636363636365	True
543	1003	0.2727272727272727	False
543	3431	0.18181818181818182	True
543	540	0.09090909090909091	True
1974	1396	0.9090909090909091	False
1974	2069	0.8181818181818182	True
1974	1339	0.7272727272727273	True
1974	1198	0.6363636363636364	False
1974	1180	0.5454545454545454	True
1974	2598	0.45454545454545453	False
1974	540	0.36363636363636365	True
1974	2777	0.2727272727272727	False
1974	1341	0.18181818181818182	True
1974	2116	0.09090909090909091	False
2386	1003	0.9090909090909091	False
2386	123	0.8181818181818182	True
2386	2116	0.7272727272727273	False
2386	1396	0.6363636363636364	False
2386	3431	0.5454545454545454	True
2386	1912	0.45454545454545453	False
2386	1339	0.36363636363636365	True
2386	2101	0.2727272727272727	True
2386	1198	0.18181818181818182	False
2386	1484	0.09090909090909091	True
4120	1396	0.9090909090909091	False
4120	2777	0.8181818181818182	False
4120	2116	0.7272727272727273	False
4120	1003	0.6363636363636364	False
4120	2304	0.5454545454545454	True
4120	136	0.45454545454545453	True
4120	3848	0.36363636363636365	True
4120	2598	0.2727272727272727	False
4120	2729	0.18181818181818182	True
4120	1302	0.09090909090909091	True
5544	1396	0.9090909090909091	False
5544	2116	0.8181818181818182	False
5544	1003	0.7272727272727273	False
5544	85	0.6363636363636364	True
5544	2354	0.5454545454545454	False
5544	1977	0.45454545454545453	True
5544	2304	0.36363636363636365	True
5544	1669	0.2727272727272727	True
5544	2777	0.18181818181818182	False
5544	1339	0.09090909090909091	True
645	2598	0.9090909090909091	False
645	1396	0.8181818181818182	False
645	1912	0.7272727272727273	False
645	3431	0.6363636363636364	True
645	1302	0.5454545454545454	True
645	1180	0.45454545454545453	True
645	81	0.36363636363636365	True
645	1364	0.2727272727272727	True
645	1957	0.18181818181818182	True
645	935	0.09090909090909091	True
5503	2354	0.9090909090909091	False
5503	2777	0.8181818181818182	False
5503	2598	0.7272727272727273	False
5503	1396	0.6363636363636364	False
5503	2116	0.5454545454545454	False
5503	2069	0.45454545454545453	True
5503	1341	0.36363636363636365	True
5503	1003	0.2727272727272727	False
5503	1364	0.18181818181818182	True
5503	1339	0.09090909090909091	True
1111	1912	0.9090909090909091	False
1111	3848	0.8181818181818182	True
1111	1003	0.7272727272727273	False
1111	2069	0.6363636363636364	True
1111	1194	0.5454545454545454	True
1111	1669	0.45454545454545453	True
1111	2101	0.36363636363636365	True
1111	540	0.2727272727272727	True
1111	2304	0.18181818181818182	True
1111	1396	0.09090909090909091	False
5956	1003	0.9090909090909091	False
5956	2116	0.8181818181818182	False
5956	3848	0.7272727272727273	True
5956	1669	0.6363636363636364	True
5956	487	0.5454545454545454	True
5956	1912	0.45454545454545453	False
5956	2729	0.36363636363636365	True
5956	136	0.2727272727272727	True
5956	1396	0.18181818181818182	False
5956	2304	0.09090909090909091	True
40	2598	0.9090909090909091	False
40	1396	0.8181818181818182	False
40	2116	0.7272727272727273	False
40	2715	0.6363636363636364	True
40	3629	0.5454545454545454	False
40	1484	0.45454545454545453	True
40	540	0.36363636363636365	True
40	2354	0.2727272727272727	False
40	426	0.18181818181818182	True
40	1339	0.09090909090909091	True
5056	1396	0.9090909090909091	False
5056	1194	0.8181818181818182	True
5056	2598	0.7272727272727273	False
5056	1341	0.6363636363636364	True
5056	2116	0.5454545454545454	False
5056	2683	0.45454545454545453	True
5056	3848	0.36363636363636365	True
5056	1198	0.2727272727272727	False
5056	1669	0.18181818181818182	True
5056	85	0.09090909090909091	True
1695	2777	0.9090909090909091	False
1695	3629	0.8181818181818182	False
1695	2116	0.7272727272727273	False
1695	1198	0.6363636363636364	False
1695	2715	0.5454545454545454	True
1695	1180	0.45454545454545453	True
1695	1396	0.36363636363636365	False
1695	2069	0.2727272727272727	True
1695	1068	0.18181818181818182	True
1695	1339	0.09090909090909091	True
3985	1396	0.9090909090909091	False
3985	2116	0.8181818181818182	False
3985	832	0.7272727272727273	True
3985	1302	0.6363636363636364	True
3985	1957	0.5454545454545454	True
3985	1669	0.45454545454545453	True
3985	1198	0.36363636363636365	False
3985	1484	0.2727272727272727	True
3985	136	0.18181818181818182	True
3985	1341	0.09090909090909091	True
2895	2116	0.9090909090909091	False
2895	1396	0.8181818181818182	False
2895	2598	0.7272727272727273	False
2895	2746	0.6363636363636364	True
2895	1364	0.5454545454545454	True
2895	832	0.45454545454545453	True
2895	1669	0.36363636363636365	True
2895	426	0.2727272727272727	True
2895	2777	0.18181818181818182	False
2895	2304	0.09090909090909091	True
3657	1302	0.9090909090909091	True
3657	832	0.8181818181818182	True
3657	1003	0.7272727272727273	False
3657	3431	0.6363636363636364	True
3657	3629	0.5454545454545454	False
3657	2631	0.45454545454545453	True
3657	2069	0.36363636363636365	True
3657	2674	0.2727272727272727	True
3657	2116	0.18181818181818182	False
3657	1396	0.09090909090909091	False
5367	1396	0.9090909090909091	False
5367	2354	0.8181818181818182	False
5367	2598	0.7272727272727273	False
5367	1364	0.6363636363636364	True
5367	2715	0.5454545454545454	True
5367	2777	0.45454545454545453	False
5367	1912	0.36363636363636365	False
5367	920	0.2727272727272727	True
5367	136	0.18181818181818182	True
5367	1341	0.09090909090909091	True
252	1396	0.9090909090909091	False
252	1194	0.8181818181818182	True
252	2304	0.7272727272727273	True
252	2683	0.6363636363636364	True
252	81	0.5454545454545454	True
252	2069	0.45454545454545453	True
252	1003	0.36363636363636365	False
252	3251	0.2727272727272727	True
252	1912	0.18181818181818182	False
252	3629	0.09090909090909091	False
351	2116	0.9090909090909091	False
351	2598	0.8181818181818182	False
351	1396	0.7272727272727273	False
351	1364	0.6363636363636364	True
351	2777	0.5454545454545454	False
351	352	0.45454545454545453	True
351	1912	0.36363636363636365	False
351	2304	0.2727272727272727	True
351	3629	0.18181818181818182	False
351	1180	0.09090909090909091	True
705	1396	0.9090909090909091	False
705	1912	0.8181818181818182	False
705	2116	0.7272727272727273	False
705	2101	0.6363636363636364	True
705	2598	0.5454545454545454	False
705	3516	0.45454545454545453	True
705	2715	0.36363636363636365	True
705	2777	0.2727272727272727	False
705	1180	0.18181818181818182	True
705	2069	0.09090909090909091	True
997	2777	0.9090909090909091	False
997	1180	0.8181818181818182	True
997	1396	0.7272727272727273	False
997	2069	0.6363636363636364	True
997	2598	0.5454545454545454	False
997	426	0.45454545454545453	True
997	1198	0.36363636363636365	False
997	2729	0.2727272727272727	True
997	1194	0.18181818181818182	True
997	2683	0.09090909090909091	True
5838	2116	0.9090909090909091	False
5838	2304	0.8181818181818182	True
5838	3629	0.7272727272727273	False
5838	2777	0.6363636363636364	False
5838	1396	0.5454545454545454	False
5838	3555	0.45454545454545453	True
5838	136	0.36363636363636365	True
5838	352	0.2727272727272727	True
5838	2069	0.18181818181818182	True
5838	1364	0.09090909090909091	True
3297	136	0.9090909090909091	True
3297	426	0.8181818181818182	True
3297	1302	0.7272727272727273	True
3297	1669	0.6363636363636364	True
3297	1396	0.5454545454545454	False
3297	1364	0.45454545454545453	True
3297	832	0.36363636363636365	True
3297	1198	0.2727272727272727	False
3297	81	0.18181818181818182	True
3297	2354	0.09090909090909091	False
3956	3629	0.9090909090909091	False
3956	1003	0.8181818181818182	False
3956	1484	0.7272727272727273	True
3956	2777	0.6363636363636364	False
3956	1198	0.5454545454545454	False
3956	2354	0.45454545454545453	False
3956	1977	0.36363636363636365	True
3956	1341	0.2727272727272727	True
3956	2598	0.18181818181818182	False
3956	1175	0.09090909090909091	True
2671	1396	0.9090909090909091	False
2671	1194	0.8181818181818182	True
2671	1339	0.7272727272727273	True
2671	1341	0.6363636363636364	True
2671	1180	0.5454545454545454	True
2671	2598	0.45454545454545453	False
2671	1977	0.36363636363636365	True
2671	540	0.2727272727272727	True
2671	1484	0.18181818181818182	True
2671	352	0.09090909090909091	True
4191	1396	0.9090909090909091	False
4191	2116	0.8181818181818182	False
4191	3629	0.7272727272727273	False
4191	2777	0.6363636363636364	False
4191	1364	0.5454545454545454	True
4191	2598	0.45454545454545453	False
4191	1912	0.36363636363636365	False
4191	352	0.2727272727272727	True
4191	1180	0.18181818181818182	True
4191	2354	0.09090909090909091	False
3036	1669	0.9090909090909091	True
3036	1396	0.8181818181818182	False
3036	1198	0.7272727272727273	False
3036	2116	0.6363636363636364	False
3036	1339	0.5454545454545454	True
3036	426	0.45454545454545453	True
3036	1003	0.36363636363636365	False
3036	3848	0.2727272727272727	True
3036	2777	0.18181818181818182	False
3036	85	0.09090909090909091	True
2311	1396	0.9090909090909091	False
2311	2116	0.8181818181818182	False
2311	2354	0.7272727272727273	False
2311	1912	0.6363636363636364	False
2311	2304	0.5454545454545454	True
2311	1669	0.45454545454545453	True
2311	426	0.36363636363636365	True
2311	540	0.2727272727272727	True
2311	2777	0.18181818181818182	False
2311	352	0.09090909090909091	True
854	1339	0.9090909090909091	True
854	1396	0.8181818181818182	False
854	2598	0.7272727272727273	False
854	1198	0.6363636363636364	False
854	540	0.5454545454545454	True
854	1180	0.45454545454545453	True
854	352	0.36363636363636365	True
854	3431	0.2727272727272727	True
854	1957	0.18181818181818182	True
854	2746	0.09090909090909091	True
3872	2598	0.9090909090909091	False
3872	1194	0.8181818181818182	True
3872	1396	0.7272727272727273	False
3872	1302	0.6363636363636364	True
3872	2116	0.5454545454545454	False
3872	1484	0.45454545454545453	True
3872	1341	0.36363636363636365	True
3872	3431	0.2727272727272727	True
3872	85	0.18181818181818182	True
3872	426	0.09090909090909091	True
532	1912	0.9090909090909091	False
532	2304	0.8181818181818182	True
532	2354	0.7272727272727273	False
532	3629	0.6363636363636364	False
532	1396	0.5454545454545454	False
532	2116	0.45454545454545453	False
532	2777	0.36363636363636365	False
532	1194	0.2727272727272727	True
532	1364	0.18181818181818182	True
532	3848	0.09090909090909091	True
1132	1194	0.9090909090909091	True
1132	1396	0.8181818181818182	False
1132	2598	0.7272727272727273	False
1132	1175	0.6363636363636364	True
1132	1180	0.5454545454545454	True
1132	1341	0.45454545454545453	True
1132	1302	0.36363636363636365	True
1132	1198	0.2727272727272727	False
1132	1957	0.18181818181818182	True
1132	1912	0.09090909090909091	False
5520	1977	0.9090909090909091	True
5520	1396	0.8181818181818182	False
5520	1339	0.7272727272727273	True
5520	2777	0.6363636363636364	False
5520	1421	0.5454545454545454	True
5520	2715	0.45454545454545453	True
5520	540	0.36363636363636365	True
5520	1325	0.2727272727272727	True
5520	1912	0.18181818181818182	False
5520	352	0.09090909090909091	True
1988	1180	0.9090909090909091	True
1988	1198	0.8181818181818182	False
1988	352	0.7272727272727273	True
1988	2354	0.6363636363636364	False
1988	2777	0.5454545454545454	False
1988	2598	0.45454545454545453	False
1988	3555	0.36363636363636365	True
1988	1341	0.2727272727272727	True
1988	2729	0.18181818181818182	True
1988	3118	0.09090909090909091	True
2349	2116	0.9090909090909091	False
2349	1003	0.8181818181818182	False
2349	2729	0.7272727272727273	True
2349	1912	0.6363636363636364	False
2349	1669	0.5454545454545454	True
2349	2354	0.45454545454545453	False
2349	487	0.36363636363636365	True
2349	1396	0.2727272727272727	False
2349	2777	0.18181818181818182	False
2349	540	0.09090909090909091	True
3161	1484	0.9090909090909091	True
3161	2354	0.8181818181818182	False
3161	1198	0.7272727272727273	False
3161	3848	0.6363636363636364	True
3161	2598	0.5454545454545454	False
3161	1396	0.45454545454545453	False
3161	136	0.36363636363636365	True
3161	540	0.2727272727272727	True
3161	1341	0.18181818181818182	True
3161	3431	0.09090909090909091	True
4031	3629	0.9090909090909091	False
4031	2598	0.8181818181818182	False
4031	2354	0.7272727272727273	False
4031	1175	0.6363636363636364	True
4031	2777	0.5454545454545454	False
4031	2683	0.45454545454545453	True
4031	874	0.36363636363636365	True
4031	1198	0.2727272727272727	False
4031	426	0.18181818181818182	True
4031	1180	0.09090909090909091	True
2097	2354	0.9090909090909091	False
2097	2116	0.8181818181818182	False
2097	426	0.7272727272727273	True
2097	136	0.6363636363636364	True
2097	1396	0.5454545454545454	False
2097	3848	0.45454545454545453	True
2097	1364	0.36363636363636365	True
2097	540	0.2727272727272727	True
2097	1068	0.18181818181818182	True
2097	2777	0.09090909090909091	False
5606	1339	0.9090909090909091	True
5606	1396	0.8181818181818182	False
5606	2598	0.7272727272727273	False
5606	1003	0.6363636363636364	False
5606	2777	0.5454545454545454	False
5606	85	0.45454545454545453	True
5606	123	0.36363636363636365	True
5606	1198	0.2727272727272727	False
5606	352	0.18181818181818182	True
5606	132	0.09090909090909091	True
6002	2116	0.9090909090909091	False
6002	2777	0.8181818181818182	False
6002	3629	0.7272727272727273	False
6002	1977	0.6363636363636364	True
6002	1396	0.5454545454545454	False
6002	1003	0.45454545454545453	False
6002	1957	0.36363636363636365	True
6002	1198	0.2727272727272727	False
6002	1175	0.18181818181818182	True
6002	3555	0.09090909090909091	True
2885	1396	0.9090909090909091	False
2885	2598	0.8181818181818182	False
2885	81	0.7272727272727273	True
2885	2746	0.6363636363636364	True
2885	1003	0.5454545454545454	False
2885	2777	0.45454545454545453	False
2885	2304	0.36363636363636365	True
2885	2116	0.2727272727272727	False
2885	3848	0.18181818181818182	True
2885	1341	0.09090909090909091	True
3829	2116	0.9090909090909091	False
3829	2715	0.8181818181818182	True
3829	1396	0.7272727272727273	False
3829	2069	0.6363636363636364	True
3829	2777	0.5454545454545454	False
3829	136	0.45454545454545453	True
3829	3251	0.36363636363636365	True
3829	1364	0.2727272727272727	True
3829	2683	0.18181818181818182	True
3829	352	0.09090909090909091	True
454	2598	0.9090909090909091	False
454	1396	0.8181818181818182	False
454	1364	0.7272727272727273	True
454	1341	0.6363636363636364	True
454	2069	0.5454545454545454	True
454	2777	0.45454545454545453	False
454	920	0.36363636363636365	True
454	1180	0.2727272727272727	True
454	3629	0.18181818181818182	False
454	1175	0.09090909090909091	True
4068	1396	0.9090909090909091	False
4068	1003	0.8181818181818182	False
4068	2304	0.7272727272727273	True
4068	2116	0.6363636363636364	False
4068	1912	0.5454545454545454	False
4068	352	0.45454545454545453	True
4068	1325	0.36363636363636365	True
4068	2777	0.2727272727272727	False
4068	1549	0.18181818181818182	True
4068	3251	0.09090909090909091	True
7	1396	0.9090909090909091	False
7	2683	0.8181818181818182	True
7	1003	0.7272727272727273	False
7	1194	0.6363636363636364	True
7	2598	0.5454545454545454	False
7	2777	0.45454545454545453	False
7	1364	0.36363636363636365	True
7	3629	0.2727272727272727	False
7	81	0.18181818181818182	True
7	1484	0.09090909090909091	True
1959	136	0.9090909090909091	True
1959	1396	0.8181818181818182	False
1959	1912	0.7272727272727273	False
1959	2069	0.6363636363636364	True
1959	1003	0.5454545454545454	False
1959	3431	0.45454545454545453	True
1959	2116	0.36363636363636365	False
1959	2777	0.2727272727272727	False
1959	1302	0.18181818181818182	True
1959	832	0.09090909090909091	True
773	2304	0.9090909090909091	True
773	1396	0.8181818181818182	False
773	1484	0.7272727272727273	True
773	3848	0.6363636363636364	True
773	1194	0.5454545454545454	True
773	1003	0.45454545454545453	False
773	1912	0.36363636363636365	False
773	2116	0.2727272727272727	False
773	2598	0.18181818181818182	False
773	136	0.09090909090909091	True
3171	1339	0.9090909090909091	True
3171	2598	0.8181818181818182	False
3171	1396	0.7272727272727273	False
3171	85	0.6363636363636364	True
3171	2116	0.5454545454545454	False
3171	1194	0.45454545454545453	True
3171	2777	0.36363636363636365	False
3171	1341	0.2727272727272727	True
3171	1977	0.18181818181818182	True
3171	2304	0.09090909090909091	True
219	1396	0.9090909090909091	False
219	136	0.8181818181818182	True
219	1180	0.7272727272727273	True
219	935	0.6363636363636364	True
219	1266	0.5454545454545454	True
219	2116	0.45454545454545453	False
219	2777	0.36363636363636365	False
219	2069	0.2727272727272727	True
219	1364	0.18181818181818182	True
219	3629	0.09090909090909091	False
4738	3629	0.9090909090909091	False
4738	2116	0.8181818181818182	False
4738	1396	0.7272727272727273	False
4738	3251	0.6363636363636364	True
4738	1194	0.5454545454545454	True
4738	1364	0.45454545454545453	True
4738	874	0.36363636363636365	True
4738	1912	0.2727272727272727	False
4738	2598	0.18181818181818182	False
4738	2683	0.09090909090909091	True
2967	1396	0.9090909090909091	False
2967	1912	0.8181818181818182	False
2967	1003	0.7272727272727273	False
2967	1957	0.6363636363636364	True
2967	1339	0.5454545454545454	True
2967	81	0.45454545454545453	True
2967	2116	0.36363636363636365	False
2967	2715	0.2727272727272727	True
2967	2101	0.18181818181818182	True
2967	3431	0.09090909090909091	True
5000	2354	0.9090909090909091	False
5000	1396	0.8181818181818182	False
5000	2598	0.7272727272727273	False
5000	1364	0.6363636363636364	True
5000	1341	0.5454545454545454	True
5000	1302	0.45454545454545453	True
5000	136	0.36363636363636365	True
5000	2116	0.2727272727272727	False
5000	426	0.18181818181818182	True
5000	3516	0.09090909090909091	True
