1001	2568	0.9090909090909091	False
1001	3055	0.8181818181818182	False
1001	1806	0.7272727272727273	True
1001	1479	0.6363636363636364	True
1001	3074	0.5454545454545454	True
1001	2408	0.45454545454545453	True
1001	692	0.36363636363636365	False
1001	2796	0.2727272727272727	False
1001	118	0.18181818181818182	True
1001	2777	0.09090909090909091	False
5202	2568	0.9090909090909091	False
5202	692	0.8181818181818182	False
5202	3055	0.7272727272727273	False
5202	1479	0.6363636363636364	True
5202	118	0.5454545454545454	True
5202	1324	0.45454545454545453	True
5202	2796	0.36363636363636365	False
5202	2408	0.2727272727272727	True
5202	2846	0.18181818181818182	True
5202	1806	0.09090909090909091	True
3314	2568	0.9090909090909091	False
3314	692	0.8181818181818182	False
3314	3055	0.7272727272727273	False
3314	2777	0.6363636363636364	False
3314	2796	0.5454545454545454	False
3314	2846	0.45454545454545453	True
3314	1479	0.36363636363636365	True
3314	1324	0.2727272727272727	True
3314	118	0.18181818181818182	True
3314	1806	0.09090909090909091	True
2754	2568	0.9090909090909091	False
2754	2408	0.8181818181818182	True
2754	692	0.7272727272727273	False
2754	1479	0.6363636363636364	True
2754	2796	0.5454545454545454	False
2754	118	0.45454545454545453	True
2754	2777	0.36363636363636365	False
2754	3074	0.2727272727272727	True
2754	1806	0.18181818181818182	True
2754	2608	0.09090909090909091	True
4890	2568	0.9090909090909091	False
4890	692	0.8181818181818182	False
4890	3055	0.7272727272727273	False
4890	2846	0.6363636363636364	True
4890	3074	0.5454545454545454	True
4890	2777	0.45454545454545453	False
4890	1806	0.36363636363636365	True
4890	1479	0.2727272727272727	True
4890	2796	0.18181818181818182	False
4890	2408	0.09090909090909091	True
4170	2568	0.9090909090909091	False
4170	2796	0.8181818181818182	False
4170	3055	0.7272727272727273	False
4170	2846	0.6363636363636364	True
4170	2777	0.5454545454545454	False
4170	1806	0.45454545454545453	True
4170	692	0.36363636363636365	False
4170	1479	0.2727272727272727	True
4170	2408	0.18181818181818182	True
4170	3074	0.09090909090909091	True
5802	2568	0.9090909090909091	False
5802	692	0.8181818181818182	False
5802	2777	0.7272727272727273	False
5802	2846	0.6363636363636364	True
5802	2796	0.5454545454545454	False
5802	3055	0.45454545454545453	False
5802	2408	0.36363636363636365	True
5802	3074	0.2727272727272727	True
5802	1806	0.18181818181818182	True
5802	118	0.09090909090909091	True
5425	2568	0.9090909090909091	False
5425	692	0.8181818181818182	False
5425	2796	0.7272727272727273	False
5425	2846	0.6363636363636364	True
5425	1479	0.5454545454545454	True
5425	3055	0.45454545454545453	False
5425	2777	0.36363636363636365	False
5425	2408	0.2727272727272727	True
5425	2510	0.18181818181818182	True
5425	1324	0.09090909090909091	True
1296	2568	0.9090909090909091	False
1296	2796	0.8181818181818182	False
1296	692	0.7272727272727273	False
1296	3055	0.6363636363636364	False
1296	2846	0.5454545454545454	True
1296	1080	0.45454545454545453	True
1296	2777	0.36363636363636365	False
1296	3074	0.2727272727272727	True
1296	1479	0.18181818181818182	True
1296	2408	0.09090909090909091	True
1321	692	0.9090909090909091	False
1321	2846	0.8181818181818182	True
1321	2796	0.7272727272727273	False
1321	2568	0.6363636363636364	False
1321	3074	0.5454545454545454	True
1321	3055	0.45454545454545453	False
1321	2777	0.36363636363636365	False
1321	1324	0.2727272727272727	True
1321	118	0.18181818181818182	True
1321	2408	0.09090909090909091	True
1859	692	0.9090909090909091	False
1859	3055	0.8181818181818182	False
1859	2846	0.7272727272727273	True
1859	2568	0.6363636363636364	False
1859	2796	0.5454545454545454	False
1859	1806	0.45454545454545453	True
1859	2777	0.36363636363636365	False
1859	3074	0.2727272727272727	True
1859	1479	0.18181818181818182	True
1859	2510	0.09090909090909091	True
5884	2568	0.9090909090909091	False
5884	3055	0.8181818181818182	False
5884	692	0.7272727272727273	False
5884	1479	0.6363636363636364	True
5884	2796	0.5454545454545454	False
5884	2777	0.45454545454545453	False
5884	2408	0.36363636363636365	True
5884	3074	0.2727272727272727	True
5884	3816	0.18181818181818182	True
5884	2846	0.09090909090909091	True
3502	2568	0.9090909090909091	False
3502	2796	0.8181818181818182	False
3502	692	0.7272727272727273	False
3502	2408	0.6363636363636364	True
3502	118	0.5454545454545454	True
3502	2777	0.45454545454545453	False
3502	1479	0.36363636363636365	True
3502	1324	0.2727272727272727	True
3502	3816	0.18181818181818182	True
3502	2608	0.09090909090909091	True
4422	3055	0.9090909090909091	False
4422	2796	0.8181818181818182	False
4422	2846	0.7272727272727273	True
4422	692	0.6363636363636364	False
4422	3074	0.5454545454545454	True
4422	2568	0.45454545454545453	False
4422	2777	0.36363636363636365	False
4422	1479	0.2727272727272727	True
4422	2408	0.18181818181818182	True
4422	1324	0.09090909090909091	True
1573	2568	0.9090909090909091	False
1573	2777	0.8181818181818182	False
1573	692	0.7272727272727273	False
1573	2796	0.6363636363636364	False
1573	3055	0.5454545454545454	False
1573	3074	0.45454545454545453	True
1573	2846	0.36363636363636365	True
1573	118	0.2727272727272727	True
1573	2510	0.18181818181818182	True
1573	2408	0.09090909090909091	True
635	2568	0.9090909090909091	False
635	692	0.8181818181818182	False
635	1479	0.7272727272727273	True
635	3055	0.6363636363636364	False
635	3074	0.5454545454545454	True
635	2796	0.45454545454545453	False
635	2777	0.36363636363636365	False
635	2846	0.2727272727272727	True
635	2408	0.18181818181818182	True
635	118	0.09090909090909091	True
1807	692	0.9090909090909091	False
1807	2568	0.8181818181818182	False
1807	2777	0.7272727272727273	False
1807	2846	0.6363636363636364	True
1807	2796	0.5454545454545454	False
1807	2408	0.45454545454545453	True
1807	3074	0.36363636363636365	True
1807	2510	0.2727272727272727	True
1807	118	0.18181818181818182	True
1807	3055	0.09090909090909091	False
1198	2568	0.9090909090909091	False
1198	2777	0.8181818181818182	False
1198	692	0.7272727272727273	False
1198	2796	0.6363636363636364	False
1198	118	0.5454545454545454	True
1198	1479	0.45454545454545453	True
1198	2408	0.36363636363636365	True
1198	2846	0.2727272727272727	True
1198	3055	0.18181818181818182	False
1198	1080	0.09090909090909091	True
1574	2568	0.9090909090909091	False
1574	692	0.8181818181818182	False
1574	2408	0.7272727272727273	True
1574	2510	0.6363636363636364	True
1574	2796	0.5454545454545454	False
1574	3055	0.45454545454545453	False
1574	2777	0.36363636363636365	False
1574	2846	0.2727272727272727	True
1574	2608	0.18181818181818182	True
1574	1479	0.09090909090909091	True
5361	3055	0.9090909090909091	False
5361	2568	0.8181818181818182	False
5361	2796	0.7272727272727273	False
5361	3816	0.6363636363636364	True
5361	692	0.5454545454545454	False
5361	2777	0.45454545454545453	False
5361	2408	0.36363636363636365	True
5361	1479	0.2727272727272727	True
5361	1080	0.18181818181818182	True
5361	2846	0.09090909090909091	True
3917	692	0.9090909090909091	False
3917	1479	0.8181818181818182	True
3917	2568	0.7272727272727273	False
3917	2796	0.6363636363636364	False
3917	3074	0.5454545454545454	True
3917	3055	0.45454545454545453	False
3917	2777	0.36363636363636365	False
3917	2846	0.2727272727272727	True
3917	2608	0.18181818181818182	True
3917	2408	0.09090909090909091	True
3834	2568	0.9090909090909091	False
3834	2408	0.8181818181818182	True
3834	2796	0.7272727272727273	False
3834	692	0.6363636363636364	False
3834	3055	0.5454545454545454	False
3834	1479	0.45454545454545453	True
3834	2777	0.36363636363636365	False
3834	3816	0.2727272727272727	True
3834	2510	0.18181818181818182	True
3834	118	0.09090909090909091	True
2690	3055	0.9090909090909091	False
2690	2568	0.8181818181818182	False
2690	2846	0.7272727272727273	True
2690	692	0.6363636363636364	False
2690	1479	0.5454545454545454	True
2690	2510	0.45454545454545453	True
2690	2796	0.36363636363636365	False
2690	2777	0.2727272727272727	False
2690	2408	0.18181818181818182	True
2690	3074	0.09090909090909091	True
4799	3055	0.9090909090909091	False
4799	2796	0.8181818181818182	False
4799	2568	0.7272727272727273	False
4799	2846	0.6363636363636364	True
4799	692	0.5454545454545454	False
4799	2408	0.45454545454545453	True
4799	3816	0.36363636363636365	True
4799	3074	0.2727272727272727	True
4799	1479	0.18181818181818182	True
4799	2510	0.09090909090909091	True
4523	2568	0.9090909090909091	False
4523	692	0.8181818181818182	False
4523	2777	0.7272727272727273	False
4523	3055	0.6363636363636364	False
4523	2796	0.5454545454545454	False
4523	3074	0.45454545454545453	True
4523	1479	0.36363636363636365	True
4523	2408	0.2727272727272727	True
4523	1080	0.18181818181818182	True
4523	118	0.09090909090909091	True
5083	2568	0.9090909090909091	False
5083	2408	0.8181818181818182	True
5083	692	0.7272727272727273	False
5083	2796	0.6363636363636364	False
5083	2777	0.5454545454545454	False
5083	1479	0.45454545454545453	True
5083	118	0.36363636363636365	True
5083	3816	0.2727272727272727	True
5083	3055	0.18181818181818182	False
5083	1080	0.09090909090909091	True
3116	2568	0.9090909090909091	False
3116	692	0.8181818181818182	False
3116	1479	0.7272727272727273	True
3116	3055	0.6363636363636364	False
3116	2408	0.5454545454545454	True
3116	3074	0.45454545454545453	True
3116	1806	0.36363636363636365	True
3116	2796	0.2727272727272727	False
3116	1323	0.18181818181818182	True
3116	2777	0.09090909090909091	False
3339	2568	0.9090909090909091	False
3339	692	0.8181818181818182	False
3339	2796	0.7272727272727273	False
3339	2846	0.6363636363636364	True
3339	2777	0.5454545454545454	False
3339	2408	0.45454545454545453	True
3339	3055	0.36363636363636365	False
3339	1806	0.2727272727272727	True
3339	3074	0.18181818181818182	True
3339	118	0.09090909090909091	True
5259	2568	0.9090909090909091	False
5259	3055	0.8181818181818182	False
5259	692	0.7272727272727273	False
5259	2796	0.6363636363636364	False
5259	2408	0.5454545454545454	True
5259	1479	0.45454545454545453	True
5259	3074	0.36363636363636365	True
5259	2846	0.2727272727272727	True
5259	1080	0.18181818181818182	True
5259	2777	0.09090909090909091	False
247	2568	0.9090909090909091	False
247	2777	0.8181818181818182	False
247	692	0.7272727272727273	False
247	2846	0.6363636363636364	True
247	3055	0.5454545454545454	False
247	1479	0.45454545454545453	True
247	2796	0.36363636363636365	False
247	2510	0.2727272727272727	True
247	3074	0.18181818181818182	True
247	2408	0.09090909090909091	True
865	692	0.9090909090909091	False
865	2568	0.8181818181818182	False
865	2408	0.7272727272727273	True
865	3055	0.6363636363636364	False
865	118	0.5454545454545454	True
865	2796	0.45454545454545453	False
865	2846	0.36363636363636365	True
865	2777	0.2727272727272727	False
865	1479	0.18181818181818182	True
865	2608	0.09090909090909091	True
4044	2568	0.9090909090909091	False
4044	2846	0.8181818181818182	True
4044	2796	0.7272727272727273	False
4044	3055	0.6363636363636364	False
4044	692	0.5454545454545454	False
4044	2777	0.45454545454545453	False
4044	1479	0.36363636363636365	True
4044	2408	0.2727272727272727	True
4044	1080	0.18181818181818182	True
4044	118	0.09090909090909091	True
333	2568	0.9090909090909091	False
333	3055	0.8181818181818182	False
333	2796	0.7272727272727273	False
333	3074	0.6363636363636364	True
333	2408	0.5454545454545454	True
333	692	0.45454545454545453	False
333	1806	0.36363636363636365	True
333	1479	0.2727272727272727	True
333	3816	0.18181818181818182	True
333	2777	0.09090909090909091	False
4292	2568	0.9090909090909091	False
4292	692	0.8181818181818182	False
4292	2777	0.7272727272727273	False
4292	118	0.6363636363636364	True
4292	2846	0.5454545454545454	True
4292	1479	0.45454545454545453	True
4292	3055	0.36363636363636365	False
4292	3074	0.2727272727272727	True
4292	2796	0.18181818181818182	False
4292	1806	0.09090909090909091	True
5947	692	0.9090909090909091	False
5947	2568	0.8181818181818182	False
5947	2777	0.7272727272727273	False
5947	2408	0.6363636363636364	True
5947	3074	0.5454545454545454	True
5947	118	0.45454545454545453	True
5947	3055	0.36363636363636365	False
5947	1479	0.2727272727272727	True
5947	2846	0.18181818181818182	True
5947	2510	0.09090909090909091	True
2078	2796	0.9090909090909091	False
2078	2568	0.8181818181818182	False
2078	3055	0.7272727272727273	False
2078	692	0.6363636363636364	False
2078	1479	0.5454545454545454	True
2078	2846	0.45454545454545453	True
2078	1806	0.36363636363636365	True
2078	3816	0.2727272727272727	True
2078	2777	0.18181818181818182	False
2078	1324	0.09090909090909091	True
2546	3055	0.9090909090909091	False
2546	2568	0.8181818181818182	False
2546	692	0.7272727272727273	False
2546	2796	0.6363636363636364	False
2546	2846	0.5454545454545454	True
2546	1479	0.45454545454545453	True
2546	3074	0.36363636363636365	True
2546	2777	0.2727272727272727	False
2546	2408	0.18181818181818182	True
2546	2510	0.09090909090909091	True
2697	2568	0.9090909090909091	False
2697	3074	0.8181818181818182	True
2697	692	0.7272727272727273	False
2697	2796	0.6363636363636364	False
2697	3055	0.5454545454545454	False
2697	2846	0.45454545454545453	True
2697	1806	0.36363636363636365	True
2697	2777	0.2727272727272727	False
2697	2408	0.18181818181818182	True
2697	1479	0.09090909090909091	True
4435	2568	0.9090909090909091	False
4435	1479	0.8181818181818182	True
4435	3055	0.7272727272727273	False
4435	692	0.6363636363636364	False
4435	2777	0.5454545454545454	False
4435	1806	0.45454545454545453	True
4435	2408	0.36363636363636365	True
4435	118	0.2727272727272727	True
4435	2796	0.18181818181818182	False
4435	1323	0.09090909090909091	True
1121	2568	0.9090909090909091	False
1121	3055	0.8181818181818182	False
1121	2796	0.7272727272727273	False
1121	1479	0.6363636363636364	True
1121	2408	0.5454545454545454	True
1121	1806	0.45454545454545453	True
1121	692	0.36363636363636365	False
1121	2846	0.2727272727272727	True
1121	118	0.18181818181818182	True
1121	2777	0.09090909090909091	False
727	692	0.9090909090909091	False
727	3055	0.8181818181818182	False
727	2568	0.7272727272727273	False
727	2846	0.6363636363636364	True
727	3816	0.5454545454545454	True
727	3074	0.45454545454545453	True
727	2777	0.36363636363636365	False
727	1479	0.2727272727272727	True
727	2408	0.18181818181818182	True
727	2796	0.09090909090909091	False
5203	2568	0.9090909090909091	False
5203	692	0.8181818181818182	False
5203	3055	0.7272727272727273	False
5203	2796	0.6363636363636364	False
5203	2846	0.5454545454545454	True
5203	3074	0.45454545454545453	True
5203	2408	0.36363636363636365	True
5203	2777	0.2727272727272727	False
5203	1479	0.18181818181818182	True
5203	118	0.09090909090909091	True
2758	692	0.9090909090909091	False
2758	2568	0.8181818181818182	False
2758	2846	0.7272727272727273	True
2758	3055	0.6363636363636364	False
2758	2777	0.5454545454545454	False
2758	3074	0.45454545454545453	True
2758	1479	0.36363636363636365	True
2758	2408	0.2727272727272727	True
2758	2796	0.18181818181818182	False
2758	2510	0.09090909090909091	True
3463	2568	0.9090909090909091	False
3463	692	0.8181818181818182	False
3463	3055	0.7272727272727273	False
3463	2408	0.6363636363636364	True
3463	1479	0.5454545454545454	True
3463	2796	0.45454545454545453	False
3463	2846	0.36363636363636365	True
3463	3074	0.2727272727272727	True
3463	1806	0.18181818181818182	True
3463	2777	0.09090909090909091	False
3417	2568	0.9090909090909091	False
3417	2796	0.8181818181818182	False
3417	692	0.7272727272727273	False
3417	3074	0.6363636363636364	True
3417	3055	0.5454545454545454	False
3417	2408	0.45454545454545453	True
3417	2777	0.36363636363636365	False
3417	1479	0.2727272727272727	True
3417	2846	0.18181818181818182	True
3417	1806	0.09090909090909091	True
2442	2568	0.9090909090909091	False
2442	3055	0.8181818181818182	False
2442	692	0.7272727272727273	False
2442	1806	0.6363636363636364	True
2442	2408	0.5454545454545454	True
2442	2846	0.45454545454545453	True
2442	3074	0.36363636363636365	True
2442	2777	0.2727272727272727	False
2442	2796	0.18181818181818182	False
2442	2510	0.09090909090909091	True
4689	2796	0.9090909090909091	False
4689	2568	0.8181818181818182	False
4689	692	0.7272727272727273	False
4689	2408	0.6363636363636364	True
4689	3055	0.5454545454545454	False
4689	3074	0.45454545454545453	True
4689	1324	0.36363636363636365	True
4689	2608	0.2727272727272727	True
4689	2846	0.18181818181818182	True
4689	118	0.09090909090909091	True
366	3055	0.9090909090909091	False
366	2568	0.8181818181818182	False
366	1479	0.7272727272727273	True
366	2796	0.6363636363636364	False
366	692	0.5454545454545454	False
366	2408	0.45454545454545453	True
366	2777	0.36363636363636365	False
366	3074	0.2727272727272727	True
366	2846	0.18181818181818182	True
366	1806	0.09090909090909091	True
1968	2796	0.9090909090909091	False
1968	2568	0.8181818181818182	False
1968	1479	0.7272727272727273	True
1968	2777	0.6363636363636364	False
1968	3055	0.5454545454545454	False
1968	692	0.45454545454545453	False
1968	2608	0.36363636363636365	True
1968	2408	0.2727272727272727	True
1968	2846	0.18181818181818182	True
1968	3816	0.09090909090909091	True
2479	2846	0.9090909090909091	True
2479	692	0.8181818181818182	False
2479	2568	0.7272727272727273	False
2479	3055	0.6363636363636364	False
2479	2796	0.5454545454545454	False
2479	2408	0.45454545454545453	True
2479	3074	0.36363636363636365	True
2479	1479	0.2727272727272727	True
2479	2510	0.18181818181818182	True
2479	2777	0.09090909090909091	False
4929	2568	0.9090909090909091	False
4929	2796	0.8181818181818182	False
4929	3055	0.7272727272727273	False
4929	692	0.6363636363636364	False
4929	2846	0.5454545454545454	True
4929	2408	0.45454545454545453	True
4929	2777	0.36363636363636365	False
4929	1479	0.2727272727272727	True
4929	3816	0.18181818181818182	True
4929	2510	0.09090909090909091	True
4364	3055	0.9090909090909091	False
4364	2796	0.8181818181818182	False
4364	2568	0.7272727272727273	False
4364	2777	0.6363636363636364	False
4364	1479	0.5454545454545454	True
4364	2846	0.45454545454545453	True
4364	3074	0.36363636363636365	True
4364	692	0.2727272727272727	False
4364	3816	0.18181818181818182	True
4364	2408	0.09090909090909091	True
3071	2568	0.9090909090909091	False
3071	692	0.8181818181818182	False
3071	2796	0.7272727272727273	False
3071	3055	0.6363636363636364	False
3071	2777	0.5454545454545454	False
3071	1479	0.45454545454545453	True
3071	2846	0.36363636363636365	True
3071	2408	0.2727272727272727	True
3071	3074	0.18181818181818182	True
3071	2510	0.09090909090909091	True
1364	2568	0.9090909090909091	False
1364	3055	0.8181818181818182	False
1364	1479	0.7272727272727273	True
1364	2777	0.6363636363636364	False
1364	692	0.5454545454545454	False
1364	2408	0.45454545454545453	True
1364	3074	0.36363636363636365	True
1364	118	0.2727272727272727	True
1364	2510	0.18181818181818182	True
1364	2846	0.09090909090909091	True
1666	2568	0.9090909090909091	False
1666	2777	0.8181818181818182	False
1666	2408	0.7272727272727273	True
1666	692	0.6363636363636364	False
1666	1479	0.5454545454545454	True
1666	3074	0.45454545454545453	True
1666	2796	0.36363636363636365	False
1666	118	0.2727272727272727	True
1666	3055	0.18181818181818182	False
1666	1323	0.09090909090909091	True
1083	2568	0.9090909090909091	False
1083	692	0.8181818181818182	False
1083	2777	0.7272727272727273	False
1083	3055	0.6363636363636364	False
1083	1479	0.5454545454545454	True
1083	2846	0.45454545454545453	True
1083	2796	0.36363636363636365	False
1083	2510	0.2727272727272727	True
1083	2408	0.18181818181818182	True
1083	2694	0.09090909090909091	True
4354	2568	0.9090909090909091	False
4354	1479	0.8181818181818182	True
4354	3055	0.7272727272727273	False
4354	692	0.6363636363636364	False
4354	2408	0.5454545454545454	True
4354	2777	0.45454545454545453	False
4354	2796	0.36363636363636365	False
4354	3074	0.2727272727272727	True
4354	2846	0.18181818181818182	True
4354	2608	0.09090909090909091	True
2234	2568	0.9090909090909091	False
2234	3055	0.8181818181818182	False
2234	2796	0.7272727272727273	False
2234	692	0.6363636363636364	False
2234	1479	0.5454545454545454	True
2234	2408	0.45454545454545453	True
2234	2777	0.36363636363636365	False
2234	2846	0.2727272727272727	True
2234	3816	0.18181818181818182	True
2234	2510	0.09090909090909091	True
2314	2568	0.9090909090909091	False
2314	2408	0.8181818181818182	True
2314	3055	0.7272727272727273	False
2314	692	0.6363636363636364	False
2314	2796	0.5454545454545454	False
2314	2777	0.45454545454545453	False
2314	1080	0.36363636363636365	True
2314	2510	0.2727272727272727	True
2314	1479	0.18181818181818182	True
2314	118	0.09090909090909091	True
5612	2568	0.9090909090909091	False
5612	2796	0.8181818181818182	False
5612	3055	0.7272727272727273	False
5612	692	0.6363636363636364	False
5612	1479	0.5454545454545454	True
5612	2777	0.45454545454545453	False
5612	2846	0.36363636363636365	True
5612	2408	0.2727272727272727	True
5612	2510	0.18181818181818182	True
5612	3074	0.09090909090909091	True
1548	2568	0.9090909090909091	False
1548	2796	0.8181818181818182	False
1548	3055	0.7272727272727273	False
1548	2777	0.6363636363636364	False
1548	3816	0.5454545454545454	True
1548	1479	0.45454545454545453	True
1548	2846	0.36363636363636365	True
1548	1080	0.2727272727272727	True
1548	692	0.18181818181818182	False
1548	3074	0.09090909090909091	True
653	2568	0.9090909090909091	False
653	2796	0.8181818181818182	False
653	3055	0.7272727272727273	False
653	692	0.6363636363636364	False
653	2408	0.5454545454545454	True
653	2846	0.45454545454545453	True
653	1806	0.36363636363636365	True
653	1479	0.2727272727272727	True
653	3074	0.18181818181818182	True
653	2777	0.09090909090909091	False
5190	2568	0.9090909090909091	False
5190	1479	0.8181818181818182	True
5190	2777	0.7272727272727273	False
5190	3055	0.6363636363636364	False
5190	692	0.5454545454545454	False
5190	2408	0.45454545454545453	True
5190	2796	0.36363636363636365	False
5190	118	0.2727272727272727	True
5190	3074	0.18181818181818182	True
5190	3816	0.09090909090909091	True
5174	2568	0.9090909090909091	False
5174	3055	0.8181818181818182	False
5174	2796	0.7272727272727273	False
5174	2846	0.6363636363636364	True
5174	1479	0.5454545454545454	True
5174	692	0.45454545454545453	False
5174	3816	0.36363636363636365	True
5174	1324	0.2727272727272727	True
5174	2777	0.18181818181818182	False
5174	2510	0.09090909090909091	True
5509	2568	0.9090909090909091	False
5509	2796	0.8181818181818182	False
5509	3055	0.7272727272727273	False
5509	2408	0.6363636363636364	True
5509	2777	0.5454545454545454	False
5509	692	0.45454545454545453	False
5509	2846	0.36363636363636365	True
5509	1479	0.2727272727272727	True
5509	3074	0.18181818181818182	True
5509	2510	0.09090909090909091	True
3772	2568	0.9090909090909091	False
3772	3055	0.8181818181818182	False
3772	2408	0.7272727272727273	True
3772	2796	0.6363636363636364	False
3772	2846	0.5454545454545454	True
3772	2510	0.45454545454545453	True
3772	692	0.36363636363636365	False
3772	1080	0.2727272727272727	True
3772	1479	0.18181818181818182	True
3772	2777	0.09090909090909091	False
4685	2846	0.9090909090909091	True
4685	2568	0.8181818181818182	False
4685	3055	0.7272727272727273	False
4685	2796	0.6363636363636364	False
4685	692	0.5454545454545454	False
4685	2777	0.45454545454545453	False
4685	3074	0.36363636363636365	True
4685	1806	0.2727272727272727	True
4685	1479	0.18181818181818182	True
4685	2510	0.09090909090909091	True
3256	2568	0.9090909090909091	False
3256	692	0.8181818181818182	False
3256	3055	0.7272727272727273	False
3256	1324	0.6363636363636364	True
3256	2846	0.5454545454545454	True
3256	1806	0.45454545454545453	True
3256	1479	0.36363636363636365	True
3256	2510	0.2727272727272727	True
3256	2796	0.18181818181818182	False
3256	2408	0.09090909090909091	True
5926	2568	0.9090909090909091	False
5926	692	0.8181818181818182	False
5926	1479	0.7272727272727273	True
5926	2777	0.6363636363636364	False
5926	2796	0.5454545454545454	False
5926	2408	0.45454545454545453	True
5926	3055	0.36363636363636365	False
5926	2510	0.2727272727272727	True
5926	2846	0.18181818181818182	True
5926	2694	0.09090909090909091	True
5458	2796	0.9090909090909091	False
5458	2568	0.8181818181818182	False
5458	692	0.7272727272727273	False
5458	3055	0.6363636363636364	False
5458	2408	0.5454545454545454	True
5458	1479	0.45454545454545453	True
5458	2777	0.36363636363636365	False
5458	2846	0.2727272727272727	True
5458	118	0.18181818181818182	True
5458	1080	0.09090909090909091	True
1469	2568	0.9090909090909091	False
1469	692	0.8181818181818182	False
1469	2846	0.7272727272727273	True
1469	2796	0.6363636363636364	False
1469	3055	0.5454545454545454	False
1469	2777	0.45454545454545453	False
1469	3074	0.36363636363636365	True
1469	1479	0.2727272727272727	True
1469	1806	0.18181818181818182	True
1469	1323	0.09090909090909091	True
3019	2568	0.9090909090909091	False
3019	2796	0.8181818181818182	False
3019	2846	0.7272727272727273	True
3019	3055	0.6363636363636364	False
3019	692	0.5454545454545454	False
3019	1479	0.45454545454545453	True
3019	3074	0.36363636363636365	True
3019	3816	0.2727272727272727	True
3019	2408	0.18181818181818182	True
3019	1324	0.09090909090909091	True
508	2568	0.9090909090909091	False
508	692	0.8181818181818182	False
508	2796	0.7272727272727273	False
508	2846	0.6363636363636364	True
508	2777	0.5454545454545454	False
508	1479	0.45454545454545453	True
508	1806	0.36363636363636365	True
508	3055	0.2727272727272727	False
508	3074	0.18181818181818182	True
508	3816	0.09090909090909091	True
5219	2568	0.9090909090909091	False
5219	692	0.8181818181818182	False
5219	1479	0.7272727272727273	True
5219	3055	0.6363636363636364	False
5219	2408	0.5454545454545454	True
5219	2777	0.45454545454545453	False
5219	2846	0.36363636363636365	True
5219	3074	0.2727272727272727	True
5219	118	0.18181818181818182	True
5219	2796	0.09090909090909091	False
2825	2568	0.9090909090909091	False
2825	692	0.8181818181818182	False
2825	3055	0.7272727272727273	False
2825	1479	0.6363636363636364	True
2825	2846	0.5454545454545454	True
2825	3074	0.45454545454545453	True
2825	2777	0.36363636363636365	False
2825	2408	0.2727272727272727	True
2825	2796	0.18181818181818182	False
2825	2510	0.09090909090909091	True
5204	2568	0.9090909090909091	False
5204	2846	0.8181818181818182	True
5204	692	0.7272727272727273	False
5204	2777	0.6363636363636364	False
5204	2796	0.5454545454545454	False
5204	2510	0.45454545454545453	True
5204	3055	0.36363636363636365	False
5204	3074	0.2727272727272727	True
5204	2408	0.18181818181818182	True
5204	1479	0.09090909090909091	True
219	2568	0.9090909090909091	False
219	2796	0.8181818181818182	False
219	2846	0.7272727272727273	True
219	692	0.6363636363636364	False
219	3055	0.5454545454545454	False
219	2408	0.45454545454545453	True
219	1479	0.36363636363636365	True
219	1324	0.2727272727272727	True
219	3074	0.18181818181818182	True
219	118	0.09090909090909091	True
1444	2568	0.9090909090909091	False
1444	2796	0.8181818181818182	False
1444	692	0.7272727272727273	False
1444	3055	0.6363636363636364	False
1444	2777	0.5454545454545454	False
1444	2408	0.45454545454545453	True
1444	3816	0.36363636363636365	True
1444	118	0.2727272727272727	True
1444	1324	0.18181818181818182	True
1444	2846	0.09090909090909091	True
3015	2568	0.9090909090909091	False
3015	692	0.8181818181818182	False
3015	2846	0.7272727272727273	True
3015	2796	0.6363636363636364	False
3015	3074	0.5454545454545454	True
3015	2777	0.45454545454545453	False
3015	3055	0.36363636363636365	False
3015	1479	0.2727272727272727	True
3015	2510	0.18181818181818182	True
3015	2408	0.09090909090909091	True
5617	2568	0.9090909090909091	False
5617	2796	0.8181818181818182	False
5617	2777	0.7272727272727273	False
5617	3055	0.6363636363636364	False
5617	3074	0.5454545454545454	True
5617	692	0.45454545454545453	False
5617	2408	0.36363636363636365	True
5617	2846	0.2727272727272727	True
5617	118	0.18181818181818182	True
5617	2510	0.09090909090909091	True
3546	2568	0.9090909090909091	False
3546	692	0.8181818181818182	False
3546	3055	0.7272727272727273	False
3546	2846	0.6363636363636364	True
3546	2777	0.5454545454545454	False
3546	3074	0.45454545454545453	True
3546	1479	0.36363636363636365	True
3546	2408	0.2727272727272727	True
3546	1806	0.18181818181818182	True
3546	2510	0.09090909090909091	True
3653	2568	0.9090909090909091	False
3653	692	0.8181818181818182	False
3653	3055	0.7272727272727273	False
3653	2408	0.6363636363636364	True
3653	2796	0.5454545454545454	False
3653	3074	0.45454545454545453	True
3653	1479	0.36363636363636365	True
3653	2777	0.2727272727272727	False
3653	2846	0.18181818181818182	True
3653	2510	0.09090909090909091	True
4134	2568	0.9090909090909091	False
4134	3055	0.8181818181818182	False
4134	692	0.7272727272727273	False
4134	2846	0.6363636363636364	True
4134	3074	0.5454545454545454	True
4134	2796	0.45454545454545453	False
4134	2777	0.36363636363636365	False
4134	1479	0.2727272727272727	True
4134	1806	0.18181818181818182	True
4134	2408	0.09090909090909091	True
1299	2846	0.9090909090909091	True
1299	1479	0.8181818181818182	True
1299	2568	0.7272727272727273	False
1299	692	0.6363636363636364	False
1299	2796	0.5454545454545454	False
1299	2777	0.45454545454545453	False
1299	3055	0.36363636363636365	False
1299	3074	0.2727272727272727	True
1299	2510	0.18181818181818182	True
1299	2408	0.09090909090909091	True
124	2568	0.9090909090909091	False
124	2796	0.8181818181818182	False
124	3055	0.7272727272727273	False
124	2846	0.6363636363636364	True
124	2408	0.5454545454545454	True
124	1479	0.45454545454545453	True
124	692	0.36363636363636365	False
124	2510	0.2727272727272727	True
124	1080	0.18181818181818182	True
124	3816	0.09090909090909091	True
3849	2568	0.9090909090909091	False
3849	1479	0.8181818181818182	True
3849	692	0.7272727272727273	False
3849	2777	0.6363636363636364	False
3849	2846	0.5454545454545454	True
3849	3055	0.45454545454545453	False
3849	2796	0.36363636363636365	False
3849	3816	0.2727272727272727	True
3849	3074	0.18181818181818182	True
3849	1806	0.09090909090909091	True
2257	2568	0.9090909090909091	False
2257	692	0.8181818181818182	False
2257	3074	0.7272727272727273	True
2257	2777	0.6363636363636364	False
2257	2846	0.5454545454545454	True
2257	118	0.45454545454545453	True
2257	2408	0.36363636363636365	True
2257	2796	0.2727272727272727	False
2257	1806	0.18181818181818182	True
2257	3055	0.09090909090909091	False
2535	3074	0.9090909090909091	True
2535	3055	0.8181818181818182	False
2535	2568	0.7272727272727273	False
2535	2796	0.6363636363636364	False
2535	692	0.5454545454545454	False
2535	2846	0.45454545454545453	True
2535	1806	0.36363636363636365	True
2535	2408	0.2727272727272727	True
2535	1479	0.18181818181818182	True
2535	2777	0.09090909090909091	False
3587	2568	0.9090909090909091	False
3587	1479	0.8181818181818182	True
3587	2796	0.7272727272727273	False
3587	692	0.6363636363636364	False
3587	3055	0.5454545454545454	False
3587	2846	0.45454545454545453	True
3587	2777	0.36363636363636365	False
3587	1324	0.2727272727272727	True
3587	118	0.18181818181818182	True
3587	1806	0.09090909090909091	True
2382	2568	0.9090909090909091	False
2382	692	0.8181818181818182	False
2382	2796	0.7272727272727273	False
2382	2846	0.6363636363636364	True
2382	2408	0.5454545454545454	True
2382	2777	0.45454545454545453	False
2382	3074	0.36363636363636365	True
2382	118	0.2727272727272727	True
2382	3055	0.18181818181818182	False
2382	1806	0.09090909090909091	True
3921	692	0.9090909090909091	False
3921	2568	0.8181818181818182	False
3921	3055	0.7272727272727273	False
3921	2846	0.6363636363636364	True
3921	2408	0.5454545454545454	True
3921	2796	0.45454545454545453	False
3921	3074	0.36363636363636365	True
3921	1479	0.2727272727272727	True
3921	2777	0.18181818181818182	False
3921	2510	0.09090909090909091	True
5519	2568	0.9090909090909091	False
5519	692	0.8181818181818182	False
5519	1479	0.7272727272727273	True
5519	2796	0.6363636363636364	False
5519	3055	0.5454545454545454	False
5519	2846	0.45454545454545453	True
5519	3074	0.36363636363636365	True
5519	1324	0.2727272727272727	True
5519	2777	0.18181818181818182	False
5519	2408	0.09090909090909091	True
1410	2568	0.9090909090909091	False
1410	3055	0.8181818181818182	False
1410	2408	0.7272727272727273	True
1410	2796	0.6363636363636364	False
1410	692	0.5454545454545454	False
1410	2510	0.45454545454545453	True
1410	1806	0.36363636363636365	True
1410	2846	0.2727272727272727	True
1410	118	0.18181818181818182	True
1410	2777	0.09090909090909091	False
1488	2568	0.9090909090909091	False
1488	692	0.8181818181818182	False
1488	3055	0.7272727272727273	False
1488	2796	0.6363636363636364	False
1488	2777	0.5454545454545454	False
1488	2846	0.45454545454545453	True
1488	1479	0.36363636363636365	True
1488	3074	0.2727272727272727	True
1488	2408	0.18181818181818182	True
1488	2510	0.09090909090909091	True
4638	2568	0.9090909090909091	False
4638	2796	0.8181818181818182	False
4638	3055	0.7272727272727273	False
4638	2408	0.6363636363636364	True
4638	2777	0.5454545454545454	False
4638	692	0.45454545454545453	False
4638	3074	0.36363636363636365	True
4638	1479	0.2727272727272727	True
4638	2846	0.18181818181818182	True
4638	3816	0.09090909090909091	True
1184	2568	0.9090909090909091	False
1184	2777	0.8181818181818182	False
1184	2846	0.7272727272727273	True
1184	3055	0.6363636363636364	False
1184	1479	0.5454545454545454	True
1184	2796	0.45454545454545453	False
1184	692	0.36363636363636365	False
1184	3074	0.2727272727272727	True
1184	2510	0.18181818181818182	True
1184	2408	0.09090909090909091	True
1878	2568	0.9090909090909091	False
1878	692	0.8181818181818182	False
1878	2777	0.7272727272727273	False
1878	1479	0.6363636363636364	True
1878	2408	0.5454545454545454	True
1878	2846	0.45454545454545453	True
1878	3074	0.36363636363636365	True
1878	2796	0.2727272727272727	False
1878	3055	0.18181818181818182	False
1878	118	0.09090909090909091	True
3454	3055	0.9090909090909091	False
3454	2568	0.8181818181818182	False
3454	2796	0.7272727272727273	False
3454	3074	0.6363636363636364	True
3454	3816	0.5454545454545454	True
3454	2846	0.45454545454545453	True
3454	2777	0.36363636363636365	False
3454	1479	0.2727272727272727	True
3454	692	0.18181818181818182	False
3454	1080	0.09090909090909091	True
2801	2568	0.9090909090909091	False
2801	692	0.8181818181818182	False
2801	2846	0.7272727272727273	True
2801	2796	0.6363636363636364	False
2801	3055	0.5454545454545454	False
2801	2777	0.45454545454545453	False
2801	3074	0.36363636363636365	True
2801	1806	0.2727272727272727	True
2801	2408	0.18181818181818182	True
2801	1479	0.09090909090909091	True
