2820	2458	0.9090909090909091	False
2820	2660	0.8181818181818182	False
2820	3082	0.7272727272727273	True
2820	1356	0.6363636363636364	False
2820	704	0.5454545454545454	True
2820	3276	0.45454545454545453	False
2820	22	0.36363636363636365	False
2820	1649	0.2727272727272727	True
2820	1753	0.18181818181818182	True
2820	779	0.09090909090909091	True
5555	2458	0.9090909090909091	False
5555	3082	0.8181818181818182	True
5555	1753	0.7272727272727273	True
5555	327	0.6363636363636364	True
5555	1356	0.5454545454545454	False
5555	2660	0.45454545454545453	False
5555	3004	0.36363636363636365	True
5555	3585	0.2727272727272727	True
5555	3276	0.18181818181818182	False
5555	22	0.09090909090909091	False
1743	3107	0.9090909090909091	True
1743	3276	0.8181818181818182	False
1743	1356	0.7272727272727273	False
1743	22	0.6363636363636364	False
1743	2458	0.5454545454545454	False
1743	3004	0.45454545454545453	True
1743	1649	0.36363636363636365	True
1743	3813	0.2727272727272727	True
1743	592	0.18181818181818182	True
1743	3082	0.09090909090909091	True
4960	327	0.9090909090909091	True
4960	2660	0.8181818181818182	False
4960	3276	0.7272727272727273	False
4960	779	0.6363636363636364	True
4960	2458	0.5454545454545454	False
4960	1356	0.45454545454545453	False
4960	1649	0.36363636363636365	True
4960	22	0.2727272727272727	False
4960	2291	0.18181818181818182	True
4960	3585	0.09090909090909091	True
676	327	0.9090909090909091	True
676	2660	0.8181818181818182	False
676	2458	0.7272727272727273	False
676	22	0.6363636363636364	False
676	3004	0.5454545454545454	True
676	3585	0.45454545454545453	True
676	1356	0.36363636363636365	False
676	3276	0.2727272727272727	False
676	779	0.18181818181818182	True
676	592	0.09090909090909091	True
4928	2660	0.9090909090909091	False
4928	3276	0.8181818181818182	False
4928	3107	0.7272727272727273	True
4928	22	0.6363636363636364	False
4928	487	0.5454545454545454	True
4928	1356	0.45454545454545453	False
4928	3082	0.36363636363636365	True
4928	779	0.2727272727272727	True
4928	2291	0.18181818181818182	True
4928	1649	0.09090909090909091	True
2880	22	0.9090909090909091	False
2880	2458	0.8181818181818182	False
2880	2660	0.7272727272727273	False
2880	327	0.6363636363636364	True
2880	3276	0.5454545454545454	False
2880	1356	0.45454545454545453	False
2880	3082	0.36363636363636365	True
2880	1649	0.2727272727272727	True
2880	2291	0.18181818181818182	True
2880	779	0.09090909090909091	True
5100	2660	0.9090909090909091	False
5100	327	0.8181818181818182	True
5100	22	0.7272727272727273	False
5100	3276	0.6363636363636364	False
5100	2458	0.5454545454545454	False
5100	3004	0.45454545454545453	True
5100	586	0.36363636363636365	True
5100	1356	0.2727272727272727	False
5100	3441	0.18181818181818182	True
5100	3516	0.09090909090909091	True
2962	3276	0.9090909090909091	False
2962	22	0.8181818181818182	False
2962	1356	0.7272727272727273	False
2962	2458	0.6363636363636364	False
2962	3082	0.5454545454545454	True
2962	3107	0.45454545454545453	True
2962	3585	0.36363636363636365	True
2962	327	0.2727272727272727	True
2962	1649	0.18181818181818182	True
2962	3813	0.09090909090909091	True
1682	1356	0.9090909090909091	False
1682	3082	0.8181818181818182	True
1682	779	0.7272727272727273	True
1682	3276	0.6363636363636364	False
1682	22	0.5454545454545454	False
1682	2291	0.45454545454545453	True
1682	1649	0.36363636363636365	True
1682	2458	0.2727272727272727	False
1682	1753	0.18181818181818182	True
1682	2660	0.09090909090909091	False
5907	3276	0.9090909090909091	False
5907	22	0.8181818181818182	False
5907	1356	0.7272727272727273	False
5907	2458	0.6363636363636364	False
5907	3082	0.5454545454545454	True
5907	2660	0.45454545454545453	False
5907	1649	0.36363636363636365	True
5907	2291	0.2727272727272727	True
5907	1753	0.18181818181818182	True
5907	327	0.09090909090909091	True
4059	2458	0.9090909090909091	False
4059	2660	0.8181818181818182	False
4059	3107	0.7272727272727273	True
4059	22	0.6363636363636364	False
4059	3004	0.5454545454545454	True
4059	2939	0.45454545454545453	True
4059	327	0.36363636363636365	True
4059	1753	0.2727272727272727	True
4059	592	0.18181818181818182	True
4059	704	0.09090909090909091	True
4723	2660	0.9090909090909091	False
4723	22	0.8181818181818182	False
4723	3082	0.7272727272727273	True
4723	1356	0.6363636363636364	False
4723	2291	0.5454545454545454	True
4723	2458	0.45454545454545453	False
4723	779	0.36363636363636365	True
4723	3276	0.2727272727272727	False
4723	1649	0.18181818181818182	True
4723	704	0.09090909090909091	True
5888	3276	0.9090909090909091	False
5888	22	0.8181818181818182	False
5888	1356	0.7272727272727273	False
5888	3004	0.6363636363636364	True
5888	2660	0.5454545454545454	False
5888	779	0.45454545454545453	True
5888	3585	0.36363636363636365	True
5888	2458	0.2727272727272727	False
5888	327	0.18181818181818182	True
5888	2497	0.09090909090909091	True
1436	3082	0.9090909090909091	True
1436	1356	0.8181818181818182	False
1436	22	0.7272727272727273	False
1436	1753	0.6363636363636364	True
1436	3276	0.5454545454545454	False
1436	1649	0.45454545454545453	True
1436	2458	0.36363636363636365	False
1436	3107	0.2727272727272727	True
1436	2291	0.18181818181818182	True
1436	3585	0.09090909090909091	True
5176	3004	0.9090909090909091	True
5176	3276	0.8181818181818182	False
5176	327	0.7272727272727273	True
5176	2458	0.6363636363636364	False
5176	779	0.5454545454545454	True
5176	22	0.45454545454545453	False
5176	3585	0.36363636363636365	True
5176	2660	0.2727272727272727	False
5176	3082	0.18181818181818182	True
5176	1356	0.09090909090909091	False
603	2458	0.9090909090909091	False
603	327	0.8181818181818182	True
603	3107	0.7272727272727273	True
603	3004	0.6363636363636364	True
603	2660	0.5454545454545454	False
603	3276	0.45454545454545453	False
603	1753	0.36363636363636365	True
603	1356	0.2727272727272727	False
603	3082	0.18181818181818182	True
603	1649	0.09090909090909091	True
3158	3082	0.9090909090909091	True
3158	22	0.8181818181818182	False
3158	1649	0.7272727272727273	True
3158	2458	0.6363636363636364	False
3158	2660	0.5454545454545454	False
3158	3276	0.45454545454545453	False
3158	1356	0.36363636363636365	False
3158	327	0.2727272727272727	True
3158	1753	0.18181818181818182	True
3158	779	0.09090909090909091	True
72	2458	0.9090909090909091	False
72	2660	0.8181818181818182	False
72	327	0.7272727272727273	True
72	3276	0.6363636363636364	False
72	1649	0.5454545454545454	True
72	22	0.45454545454545453	False
72	1356	0.36363636363636365	False
72	3585	0.2727272727272727	True
72	3082	0.18181818181818182	True
72	779	0.09090909090909091	True
1435	2458	0.9090909090909091	False
1435	22	0.8181818181818182	False
1435	327	0.7272727272727273	True
1435	3082	0.6363636363636364	True
1435	3276	0.5454545454545454	False
1435	2660	0.45454545454545453	False
1435	1649	0.36363636363636365	True
1435	3585	0.2727272727272727	True
1435	1753	0.18181818181818182	True
1435	3004	0.09090909090909091	True
2378	22	0.9090909090909091	False
2378	1356	0.8181818181818182	False
2378	1649	0.7272727272727273	True
2378	3276	0.6363636363636364	False
2378	3082	0.5454545454545454	True
2378	327	0.45454545454545453	True
2378	3585	0.36363636363636365	True
2378	2458	0.2727272727272727	False
2378	779	0.18181818181818182	True
2378	3107	0.09090909090909091	True
843	3276	0.9090909090909091	False
843	22	0.8181818181818182	False
843	1356	0.7272727272727273	False
843	3004	0.6363636363636364	True
843	2458	0.5454545454545454	False
843	779	0.45454545454545453	True
843	2291	0.36363636363636365	True
843	2660	0.2727272727272727	False
843	3082	0.18181818181818182	True
843	1753	0.09090909090909091	True
3574	2660	0.9090909090909091	False
3574	2458	0.8181818181818182	False
3574	22	0.7272727272727273	False
3574	1649	0.6363636363636364	True
3574	1356	0.5454545454545454	False
3574	327	0.45454545454545453	True
3574	3082	0.36363636363636365	True
3574	3107	0.2727272727272727	True
3574	3276	0.18181818181818182	False
3574	779	0.09090909090909091	True
5040	2458	0.9090909090909091	False
5040	3276	0.8181818181818182	False
5040	2660	0.7272727272727273	False
5040	327	0.6363636363636364	True
5040	22	0.5454545454545454	False
5040	2291	0.45454545454545453	True
5040	1649	0.36363636363636365	True
5040	1356	0.2727272727272727	False
5040	779	0.18181818181818182	True
5040	3585	0.09090909090909091	True
3212	779	0.9090909090909091	True
3212	1356	0.8181818181818182	False
3212	22	0.7272727272727273	False
3212	2660	0.6363636363636364	False
3212	2291	0.5454545454545454	True
3212	1649	0.45454545454545453	True
3212	2458	0.36363636363636365	False
3212	3276	0.2727272727272727	False
3212	3082	0.18181818181818182	True
3212	327	0.09090909090909091	True
1322	3276	0.9090909090909091	False
1322	1356	0.8181818181818182	False
1322	2660	0.7272727272727273	False
1322	22	0.6363636363636364	False
1322	2458	0.5454545454545454	False
1322	1649	0.45454545454545453	True
1322	779	0.36363636363636365	True
1322	487	0.2727272727272727	True
1322	2899	0.18181818181818182	True
1322	3082	0.09090909090909091	True
5003	22	0.9090909090909091	False
5003	2458	0.8181818181818182	False
5003	327	0.7272727272727273	True
5003	2660	0.6363636363636364	False
5003	779	0.5454545454545454	True
5003	3276	0.45454545454545453	False
5003	3585	0.36363636363636365	True
5003	592	0.2727272727272727	True
5003	1356	0.18181818181818182	False
5003	1649	0.09090909090909091	True
3232	2458	0.9090909090909091	False
3232	3276	0.8181818181818182	False
3232	22	0.7272727272727273	False
3232	327	0.6363636363636364	True
3232	1356	0.5454545454545454	False
3232	2660	0.45454545454545453	False
3232	779	0.36363636363636365	True
3232	3585	0.2727272727272727	True
3232	3004	0.18181818181818182	True
3232	1649	0.09090909090909091	True
3493	2660	0.9090909090909091	False
3493	2458	0.8181818181818182	False
3493	3107	0.7272727272727273	True
3493	3276	0.6363636363636364	False
3493	327	0.5454545454545454	True
3493	3585	0.45454545454545453	True
3493	22	0.36363636363636365	False
3493	3004	0.2727272727272727	True
3493	1649	0.18181818181818182	True
3493	592	0.09090909090909091	True
4256	3276	0.9090909090909091	False
4256	327	0.8181818181818182	True
4256	2458	0.7272727272727273	False
4256	2660	0.6363636363636364	False
4256	3004	0.5454545454545454	True
4256	3107	0.45454545454545453	True
4256	22	0.36363636363636365	False
4256	3585	0.2727272727272727	True
4256	1356	0.18181818181818182	False
4256	592	0.09090909090909091	True
3377	22	0.9090909090909091	False
3377	327	0.8181818181818182	True
3377	2660	0.7272727272727273	False
3377	3585	0.6363636363636364	True
3377	1356	0.5454545454545454	False
3377	1649	0.45454545454545453	True
3377	779	0.36363636363636365	True
3377	2458	0.2727272727272727	False
3377	2291	0.18181818181818182	True
3377	3276	0.09090909090909091	False
1206	3107	0.9090909090909091	True
1206	2660	0.8181818181818182	False
1206	2458	0.7272727272727273	False
1206	3276	0.6363636363636364	False
1206	3004	0.5454545454545454	True
1206	1649	0.45454545454545453	True
1206	1817	0.36363636363636365	True
1206	22	0.2727272727272727	False
1206	487	0.18181818181818182	True
1206	1356	0.09090909090909091	False
2404	3276	0.9090909090909091	False
2404	3082	0.8181818181818182	True
2404	22	0.7272727272727273	False
2404	327	0.6363636363636364	True
2404	1356	0.5454545454545454	False
2404	2458	0.45454545454545453	False
2404	2291	0.36363636363636365	True
2404	1649	0.2727272727272727	True
2404	779	0.18181818181818182	True
2404	1753	0.09090909090909091	True
5357	2458	0.9090909090909091	False
5357	1356	0.8181818181818182	False
5357	3107	0.7272727272727273	True
5357	3276	0.6363636363636364	False
5357	3082	0.5454545454545454	True
5357	327	0.45454545454545453	True
5357	1753	0.36363636363636365	True
5357	22	0.2727272727272727	False
5357	2273	0.18181818181818182	True
5357	3004	0.09090909090909091	True
41	3276	0.9090909090909091	False
41	779	0.8181818181818182	True
41	327	0.7272727272727273	True
41	2660	0.6363636363636364	False
41	2273	0.5454545454545454	True
41	2458	0.45454545454545453	False
41	3004	0.36363636363636365	True
41	3082	0.2727272727272727	True
41	22	0.18181818181818182	False
41	1356	0.09090909090909091	False
2645	2660	0.9090909090909091	False
2645	3276	0.8181818181818182	False
2645	327	0.7272727272727273	True
2645	2458	0.6363636363636364	False
2645	1346	0.5454545454545454	True
2645	779	0.45454545454545453	True
2645	2291	0.36363636363636365	True
2645	3082	0.2727272727272727	True
2645	1649	0.18181818181818182	True
2645	1753	0.09090909090909091	True
4343	2458	0.9090909090909091	False
4343	3276	0.8181818181818182	False
4343	1356	0.7272727272727273	False
4343	3004	0.6363636363636364	True
4343	3082	0.5454545454545454	True
4343	22	0.45454545454545453	False
4343	3107	0.36363636363636365	True
4343	1753	0.2727272727272727	True
4343	2291	0.18181818181818182	True
4343	3585	0.09090909090909091	True
948	2660	0.9090909090909091	False
948	2458	0.8181818181818182	False
948	22	0.7272727272727273	False
948	3082	0.6363636363636364	True
948	3585	0.5454545454545454	True
948	3107	0.45454545454545453	True
948	3276	0.36363636363636365	False
948	1753	0.2727272727272727	True
948	327	0.18181818181818182	True
948	3441	0.09090909090909091	True
4918	1649	0.9090909090909091	True
4918	1356	0.8181818181818182	False
4918	22	0.7272727272727273	False
4918	3082	0.6363636363636364	True
4918	327	0.5454545454545454	True
4918	2458	0.45454545454545453	False
4918	3276	0.36363636363636365	False
4918	1753	0.2727272727272727	True
4918	2660	0.18181818181818182	False
4918	779	0.09090909090909091	True
2438	3276	0.9090909090909091	False
2438	1356	0.8181818181818182	False
2438	3082	0.7272727272727273	True
2438	2458	0.6363636363636364	False
2438	22	0.5454545454545454	False
2438	1753	0.45454545454545453	True
2438	2291	0.36363636363636365	True
2438	779	0.2727272727272727	True
2438	2660	0.18181818181818182	False
2438	1649	0.09090909090909091	True
4499	2660	0.9090909090909091	False
4499	2458	0.8181818181818182	False
4499	22	0.7272727272727273	False
4499	3082	0.6363636363636364	True
4499	3107	0.5454545454545454	True
4499	3276	0.45454545454545453	False
4499	1753	0.36363636363636365	True
4499	487	0.2727272727272727	True
4499	327	0.18181818181818182	True
4499	704	0.09090909090909091	True
2224	2660	0.9090909090909091	False
2224	3276	0.8181818181818182	False
2224	3082	0.7272727272727273	True
2224	2458	0.6363636363636364	False
2224	22	0.5454545454545454	False
2224	1649	0.45454545454545453	True
2224	327	0.36363636363636365	True
2224	779	0.2727272727272727	True
2224	2273	0.18181818181818182	True
2224	1356	0.09090909090909091	False
4562	2660	0.9090909090909091	False
4562	2458	0.8181818181818182	False
4562	3276	0.7272727272727273	False
4562	1356	0.6363636363636364	False
4562	704	0.5454545454545454	True
4562	3082	0.45454545454545453	True
4562	3107	0.36363636363636365	True
4562	1753	0.2727272727272727	True
4562	327	0.18181818181818182	True
4562	22	0.09090909090909091	False
4374	3082	0.9090909090909091	True
4374	1649	0.8181818181818182	True
4374	1356	0.7272727272727273	False
4374	2458	0.6363636363636364	False
4374	22	0.5454545454545454	False
4374	327	0.45454545454545453	True
4374	1753	0.36363636363636365	True
4374	779	0.2727272727272727	True
4374	2660	0.18181818181818182	False
4374	3585	0.09090909090909091	True
1608	1356	0.9090909090909091	False
1608	327	0.8181818181818182	True
1608	2458	0.7272727272727273	False
1608	2660	0.6363636363636364	False
1608	3276	0.5454545454545454	False
1608	1649	0.45454545454545453	True
1608	22	0.36363636363636365	False
1608	779	0.2727272727272727	True
1608	2291	0.18181818181818182	True
1608	3004	0.09090909090909091	True
3170	327	0.9090909090909091	True
3170	2458	0.8181818181818182	False
3170	2660	0.7272727272727273	False
3170	1356	0.6363636363636364	False
3170	22	0.5454545454545454	False
3170	3082	0.45454545454545453	True
3170	3276	0.36363636363636365	False
3170	779	0.2727272727272727	True
3170	3004	0.18181818181818182	True
3170	1753	0.09090909090909091	True
664	2660	0.9090909090909091	False
664	3082	0.8181818181818182	True
664	1649	0.7272727272727273	True
664	327	0.6363636363636364	True
664	2458	0.5454545454545454	False
664	779	0.45454545454545453	True
664	1356	0.36363636363636365	False
664	22	0.2727272727272727	False
664	3276	0.18181818181818182	False
664	3107	0.09090909090909091	True
5929	3276	0.9090909090909091	False
5929	2660	0.8181818181818182	False
5929	327	0.7272727272727273	True
5929	22	0.6363636363636364	False
5929	3004	0.5454545454545454	True
5929	2458	0.45454545454545453	False
5929	779	0.36363636363636365	True
5929	1356	0.2727272727272727	False
5929	586	0.18181818181818182	True
5929	2273	0.09090909090909091	True
3761	3082	0.9090909090909091	True
3761	2458	0.8181818181818182	False
3761	2660	0.7272727272727273	False
3761	1753	0.6363636363636364	True
3761	1356	0.5454545454545454	False
3761	3276	0.45454545454545453	False
3761	2273	0.36363636363636365	True
3761	779	0.2727272727272727	True
3761	1346	0.18181818181818182	True
3761	3585	0.09090909090909091	True
3474	2660	0.9090909090909091	False
3474	22	0.8181818181818182	False
3474	2291	0.7272727272727273	True
3474	2458	0.6363636363636364	False
3474	779	0.5454545454545454	True
3474	3276	0.45454545454545453	False
3474	327	0.36363636363636365	True
3474	3004	0.2727272727272727	True
3474	3585	0.18181818181818182	True
3474	1649	0.09090909090909091	True
3824	2660	0.9090909090909091	False
3824	2458	0.8181818181818182	False
3824	22	0.7272727272727273	False
3824	586	0.6363636363636364	True
3824	1356	0.5454545454545454	False
3824	1649	0.45454545454545453	True
3824	3107	0.36363636363636365	True
3824	327	0.2727272727272727	True
3824	779	0.18181818181818182	True
3824	1753	0.09090909090909091	True
1144	1753	0.9090909090909091	True
1144	1356	0.8181818181818182	False
1144	3107	0.7272727272727273	True
1144	2458	0.6363636363636364	False
1144	3276	0.5454545454545454	False
1144	2660	0.45454545454545453	False
1144	1649	0.36363636363636365	True
1144	3082	0.2727272727272727	True
1144	3813	0.18181818181818182	True
1144	487	0.09090909090909091	True
499	1356	0.9090909090909091	False
499	2458	0.8181818181818182	False
499	1753	0.7272727272727273	True
499	3082	0.6363636363636364	True
499	3276	0.5454545454545454	False
499	2660	0.45454545454545453	False
499	3813	0.36363636363636365	True
499	3441	0.2727272727272727	True
499	22	0.18181818181818182	False
499	3004	0.09090909090909091	True
5575	2660	0.9090909090909091	False
5575	2458	0.8181818181818182	False
5575	3004	0.7272727272727273	True
5575	22	0.6363636363636364	False
5575	3107	0.5454545454545454	True
5575	327	0.45454545454545453	True
5575	3585	0.36363636363636365	True
5575	704	0.2727272727272727	True
5575	1753	0.18181818181818182	True
5575	1649	0.09090909090909091	True
2680	2458	0.9090909090909091	False
2680	3082	0.8181818181818182	True
2680	1649	0.7272727272727273	True
2680	3276	0.6363636363636364	False
2680	1356	0.5454545454545454	False
2680	22	0.45454545454545453	False
2680	2660	0.36363636363636365	False
2680	779	0.2727272727272727	True
2680	327	0.18181818181818182	True
2680	3585	0.09090909090909091	True
5591	3276	0.9090909090909091	False
5591	2660	0.8181818181818182	False
5591	2458	0.7272727272727273	False
5591	22	0.6363636363636364	False
5591	327	0.5454545454545454	True
5591	3585	0.45454545454545453	True
5591	3004	0.36363636363636365	True
5591	704	0.2727272727272727	True
5591	3107	0.18181818181818182	True
5591	1356	0.09090909090909091	False
3156	2660	0.9090909090909091	False
3156	2458	0.8181818181818182	False
3156	1649	0.7272727272727273	True
3156	3082	0.6363636363636364	True
3156	779	0.5454545454545454	True
3156	3276	0.45454545454545453	False
3156	22	0.36363636363636365	False
3156	1356	0.2727272727272727	False
3156	3107	0.18181818181818182	True
3156	2291	0.09090909090909091	True
4122	2291	0.9090909090909091	True
4122	3276	0.8181818181818182	False
4122	2660	0.7272727272727273	False
4122	327	0.6363636363636364	True
4122	22	0.5454545454545454	False
4122	2458	0.45454545454545453	False
4122	3585	0.36363636363636365	True
4122	3004	0.2727272727272727	True
4122	779	0.18181818181818182	True
4122	1356	0.09090909090909091	False
752	2660	0.9090909090909091	False
752	2458	0.8181818181818182	False
752	327	0.7272727272727273	True
752	3082	0.6363636363636364	True
752	1753	0.5454545454545454	True
752	22	0.45454545454545453	False
752	704	0.36363636363636365	True
752	779	0.2727272727272727	True
752	3276	0.18181818181818182	False
752	1356	0.09090909090909091	False
2293	2458	0.9090909090909091	False
2293	2660	0.8181818181818182	False
2293	3276	0.7272727272727273	False
2293	22	0.6363636363636364	False
2293	327	0.5454545454545454	True
2293	2291	0.45454545454545453	True
2293	779	0.36363636363636365	True
2293	3082	0.2727272727272727	True
2293	3004	0.18181818181818182	True
2293	1356	0.09090909090909091	False
3219	3276	0.9090909090909091	False
3219	327	0.8181818181818182	True
3219	1356	0.7272727272727273	False
3219	22	0.6363636363636364	False
3219	2660	0.5454545454545454	False
3219	2458	0.45454545454545453	False
3219	704	0.36363636363636365	True
3219	3107	0.2727272727272727	True
3219	3004	0.18181818181818182	True
3219	3082	0.09090909090909091	True
3757	2458	0.9090909090909091	False
3757	22	0.8181818181818182	False
3757	1649	0.7272727272727273	True
3757	327	0.6363636363636364	True
3757	2660	0.5454545454545454	False
3757	592	0.45454545454545453	True
3757	1356	0.36363636363636365	False
3757	3082	0.2727272727272727	True
3757	3276	0.18181818181818182	False
3757	3585	0.09090909090909091	True
536	2458	0.9090909090909091	False
536	2660	0.8181818181818182	False
536	3276	0.7272727272727273	False
536	2291	0.6363636363636364	True
536	1649	0.5454545454545454	True
536	779	0.45454545454545453	True
536	3585	0.36363636363636365	True
536	1356	0.2727272727272727	False
536	22	0.18181818181818182	False
536	327	0.09090909090909091	True
2620	3276	0.9090909090909091	False
2620	2458	0.8181818181818182	False
2620	2660	0.7272727272727273	False
2620	3004	0.6363636363636364	True
2620	22	0.5454545454545454	False
2620	327	0.45454545454545453	True
2620	2497	0.36363636363636365	True
2620	1753	0.2727272727272727	True
2620	1356	0.18181818181818182	False
2620	3082	0.09090909090909091	True
1684	2660	0.9090909090909091	False
1684	2458	0.8181818181818182	False
1684	3276	0.7272727272727273	False
1684	2291	0.6363636363636364	True
1684	3004	0.5454545454545454	True
1684	1356	0.45454545454545453	False
1684	327	0.36363636363636365	True
1684	22	0.2727272727272727	False
1684	3107	0.18181818181818182	True
1684	3585	0.09090909090909091	True
2517	3082	0.9090909090909091	True
2517	22	0.8181818181818182	False
2517	1356	0.7272727272727273	False
2517	3585	0.6363636363636364	True
2517	2458	0.5454545454545454	False
2517	1649	0.45454545454545453	True
2517	3276	0.36363636363636365	False
2517	3107	0.2727272727272727	True
2517	1753	0.18181818181818182	True
2517	2660	0.09090909090909091	False
3800	2458	0.9090909090909091	False
3800	1356	0.8181818181818182	False
3800	22	0.7272727272727273	False
3800	2660	0.6363636363636364	False
3800	327	0.5454545454545454	True
3800	3082	0.45454545454545453	True
3800	586	0.36363636363636365	True
3800	3276	0.2727272727272727	False
3800	779	0.18181818181818182	True
3800	1649	0.09090909090909091	True
1752	1356	0.9090909090909091	False
1752	3276	0.8181818181818182	False
1752	2458	0.7272727272727273	False
1752	1649	0.6363636363636364	True
1752	22	0.5454545454545454	False
1752	2660	0.45454545454545453	False
1752	1753	0.36363636363636365	True
1752	3813	0.2727272727272727	True
1752	3004	0.18181818181818182	True
1752	327	0.09090909090909091	True
4376	2660	0.9090909090909091	False
4376	327	0.8181818181818182	True
4376	22	0.7272727272727273	False
4376	2458	0.6363636363636364	False
4376	3082	0.5454545454545454	True
4376	3276	0.45454545454545453	False
4376	1649	0.36363636363636365	True
4376	1356	0.2727272727272727	False
4376	3004	0.18181818181818182	True
4376	779	0.09090909090909091	True
4160	2660	0.9090909090909091	False
4160	1649	0.8181818181818182	True
4160	327	0.7272727272727273	True
4160	22	0.6363636363636364	False
4160	1356	0.5454545454545454	False
4160	3276	0.45454545454545453	False
4160	2458	0.36363636363636365	False
4160	779	0.2727272727272727	True
4160	3585	0.18181818181818182	True
4160	3107	0.09090909090909091	True
5120	2660	0.9090909090909091	False
5120	22	0.8181818181818182	False
5120	1356	0.7272727272727273	False
5120	3082	0.6363636363636364	True
5120	1753	0.5454545454545454	True
5120	327	0.45454545454545453	True
5120	3441	0.36363636363636365	True
5120	487	0.2727272727272727	True
5120	2273	0.18181818181818182	True
5120	2458	0.09090909090909091	False
3849	3276	0.9090909090909091	False
3849	22	0.8181818181818182	False
3849	3004	0.7272727272727273	True
3849	1356	0.6363636363636364	False
3849	2458	0.5454545454545454	False
3849	3107	0.45454545454545453	True
3849	327	0.36363636363636365	True
3849	3585	0.2727272727272727	True
3849	1753	0.18181818181818182	True
3849	2660	0.09090909090909091	False
345	2660	0.9090909090909091	False
345	22	0.8181818181818182	False
345	3276	0.7272727272727273	False
345	3082	0.6363636363636364	True
345	704	0.5454545454545454	True
345	1356	0.45454545454545453	False
345	3585	0.36363636363636365	True
345	1753	0.2727272727272727	True
345	3004	0.18181818181818182	True
345	3107	0.09090909090909091	True
5405	2458	0.9090909090909091	False
5405	327	0.8181818181818182	True
5405	1356	0.7272727272727273	False
5405	3107	0.6363636363636364	True
5405	704	0.5454545454545454	True
5405	2660	0.45454545454545453	False
5405	3082	0.36363636363636365	True
5405	3813	0.2727272727272727	True
5405	1753	0.18181818181818182	True
5405	3276	0.09090909090909091	False
3035	1356	0.9090909090909091	False
3035	3276	0.8181818181818182	False
3035	3107	0.7272727272727273	True
3035	2458	0.6363636363636364	False
3035	22	0.5454545454545454	False
3035	2660	0.45454545454545453	False
3035	1753	0.36363636363636365	True
3035	3082	0.2727272727272727	True
3035	1649	0.18181818181818182	True
3035	3813	0.09090909090909091	True
4497	3276	0.9090909090909091	False
4497	2458	0.8181818181818182	False
4497	3107	0.7272727272727273	True
4497	3004	0.6363636363636364	True
4497	2660	0.5454545454545454	False
4497	3082	0.45454545454545453	True
4497	1649	0.36363636363636365	True
4497	1817	0.2727272727272727	True
4497	1356	0.18181818181818182	False
4497	2273	0.09090909090909091	True
441	2660	0.9090909090909091	False
441	3276	0.8181818181818182	False
441	2458	0.7272727272727273	False
441	327	0.6363636363636364	True
441	1649	0.5454545454545454	True
441	22	0.45454545454545453	False
441	487	0.36363636363636365	True
441	586	0.2727272727272727	True
441	2291	0.18181818181818182	True
441	779	0.09090909090909091	True
2073	2291	0.9090909090909091	True
2073	2458	0.8181818181818182	False
2073	3276	0.7272727272727273	False
2073	779	0.6363636363636364	True
2073	3082	0.5454545454545454	True
2073	2660	0.45454545454545453	False
2073	3004	0.36363636363636365	True
2073	3585	0.2727272727272727	True
2073	22	0.18181818181818182	False
2073	327	0.09090909090909091	True
1946	327	0.9090909090909091	True
1946	3276	0.8181818181818182	False
1946	2660	0.7272727272727273	False
1946	779	0.6363636363636364	True
1946	2291	0.5454545454545454	True
1946	22	0.45454545454545453	False
1946	2458	0.36363636363636365	False
1946	1356	0.2727272727272727	False
1946	2273	0.18181818181818182	True
1946	3082	0.09090909090909091	True
587	22	0.9090909090909091	False
587	3107	0.8181818181818182	True
587	2458	0.7272727272727273	False
587	1356	0.6363636363636364	False
587	3276	0.5454545454545454	False
587	2660	0.45454545454545453	False
587	3082	0.36363636363636365	True
587	3004	0.2727272727272727	True
587	1649	0.18181818181818182	True
587	3585	0.09090909090909091	True
5579	2458	0.9090909090909091	False
5579	3082	0.8181818181818182	True
5579	3276	0.7272727272727273	False
5579	327	0.6363636363636364	True
5579	1356	0.5454545454545454	False
5579	2660	0.45454545454545453	False
5579	1649	0.36363636363636365	True
5579	3813	0.2727272727272727	True
5579	779	0.18181818181818182	True
5579	1753	0.09090909090909091	True
5206	2458	0.9090909090909091	False
5206	2660	0.8181818181818182	False
5206	3107	0.7272727272727273	True
5206	22	0.6363636363636364	False
5206	1356	0.5454545454545454	False
5206	3276	0.45454545454545453	False
5206	327	0.36363636363636365	True
5206	3004	0.2727272727272727	True
5206	592	0.18181818181818182	True
5206	1753	0.09090909090909091	True
1035	3276	0.9090909090909091	False
1035	3082	0.8181818181818182	True
1035	2458	0.7272727272727273	False
1035	1356	0.6363636363636364	False
1035	779	0.5454545454545454	True
1035	1649	0.45454545454545453	True
1035	22	0.36363636363636365	False
1035	3107	0.2727272727272727	True
1035	2273	0.18181818181818182	True
1035	2660	0.09090909090909091	False
3394	2660	0.9090909090909091	False
3394	1356	0.8181818181818182	False
3394	1649	0.7272727272727273	True
3394	22	0.6363636363636364	False
3394	3276	0.5454545454545454	False
3394	2458	0.45454545454545453	False
3394	779	0.36363636363636365	True
3394	327	0.2727272727272727	True
3394	487	0.18181818181818182	True
3394	3082	0.09090909090909091	True
2426	2660	0.9090909090909091	False
2426	22	0.8181818181818182	False
2426	2458	0.7272727272727273	False
2426	3276	0.6363636363636364	False
2426	327	0.5454545454545454	True
2426	1649	0.45454545454545453	True
2426	1356	0.36363636363636365	False
2426	3107	0.2727272727272727	True
2426	3082	0.18181818181818182	True
2426	704	0.09090909090909091	True
341	3082	0.9090909090909091	True
341	22	0.8181818181818182	False
341	2660	0.7272727272727273	False
341	1356	0.6363636363636364	False
341	779	0.5454545454545454	True
341	3276	0.45454545454545453	False
341	2458	0.36363636363636365	False
341	1649	0.2727272727272727	True
341	327	0.18181818181818182	True
341	1753	0.09090909090909091	True
4488	2660	0.9090909090909091	False
4488	3082	0.8181818181818182	True
4488	22	0.7272727272727273	False
4488	327	0.6363636363636364	True
4488	2458	0.5454545454545454	False
4488	1356	0.45454545454545453	False
4488	1649	0.36363636363636365	True
4488	1753	0.2727272727272727	True
4488	779	0.18181818181818182	True
4488	1346	0.09090909090909091	True
3053	1356	0.9090909090909091	False
3053	22	0.8181818181818182	False
3053	3082	0.7272727272727273	True
3053	3276	0.6363636363636364	False
3053	779	0.5454545454545454	True
3053	1649	0.45454545454545453	True
3053	3813	0.36363636363636365	True
3053	2660	0.2727272727272727	False
3053	327	0.18181818181818182	True
3053	2458	0.09090909090909091	False
3846	2660	0.9090909090909091	False
3846	3276	0.8181818181818182	False
3846	2458	0.7272727272727273	False
3846	22	0.6363636363636364	False
3846	1753	0.5454545454545454	True
3846	3004	0.45454545454545453	True
3846	327	0.36363636363636365	True
3846	3107	0.2727272727272727	True
3846	1356	0.18181818181818182	False
3846	487	0.09090909090909091	True
3150	2458	0.9090909090909091	False
3150	3585	0.8181818181818182	True
3150	3004	0.7272727272727273	True
3150	2660	0.6363636363636364	False
3150	3082	0.5454545454545454	True
3150	779	0.45454545454545453	True
3150	2291	0.36363636363636365	True
3150	3276	0.2727272727272727	False
3150	22	0.18181818181818182	False
3150	3107	0.09090909090909091	True
5065	1356	0.9090909090909091	False
5065	2660	0.8181818181818182	False
5065	22	0.7272727272727273	False
5065	2458	0.6363636363636364	False
5065	1649	0.5454545454545454	True
5065	327	0.45454545454545453	True
5065	3276	0.36363636363636365	False
5065	3107	0.2727272727272727	True
5065	779	0.18181818181818182	True
5065	3082	0.09090909090909091	True
5626	22	0.9090909090909091	False
5626	2660	0.8181818181818182	False
5626	2458	0.7272727272727273	False
5626	3004	0.6363636363636364	True
5626	327	0.5454545454545454	True
5626	779	0.45454545454545453	True
5626	1356	0.36363636363636365	False
5626	3276	0.2727272727272727	False
5626	3082	0.18181818181818182	True
5626	1753	0.09090909090909091	True
2243	2458	0.9090909090909091	False
2243	22	0.8181818181818182	False
2243	2660	0.7272727272727273	False
2243	3276	0.6363636363636364	False
2243	1356	0.5454545454545454	False
2243	327	0.45454545454545453	True
2243	586	0.36363636363636365	True
2243	1649	0.2727272727272727	True
2243	3107	0.18181818181818182	True
2243	1753	0.09090909090909091	True
3373	2660	0.9090909090909091	False
3373	3276	0.8181818181818182	False
3373	327	0.7272727272727273	True
3373	2458	0.6363636363636364	False
3373	22	0.5454545454545454	False
3373	1356	0.45454545454545453	False
3373	779	0.36363636363636365	True
3373	1649	0.2727272727272727	True
3373	592	0.18181818181818182	True
3373	2291	0.09090909090909091	True
4885	3276	0.9090909090909091	False
4885	3004	0.8181818181818182	True
4885	2458	0.7272727272727273	False
4885	1356	0.6363636363636364	False
4885	327	0.5454545454545454	True
4885	22	0.45454545454545453	False
4885	2660	0.36363636363636365	False
4885	1649	0.2727272727272727	True
4885	3813	0.18181818181818182	True
4885	1753	0.09090909090909091	True
3925	3276	0.9090909090909091	False
3925	327	0.8181818181818182	True
3925	2660	0.7272727272727273	False
3925	1356	0.6363636363636364	False
3925	2458	0.5454545454545454	False
3925	22	0.45454545454545453	False
3925	3004	0.36363636363636365	True
3925	779	0.2727272727272727	True
3925	2291	0.18181818181818182	True
3925	1753	0.09090909090909091	True
4129	327	0.9090909090909091	True
4129	2660	0.8181818181818182	False
4129	3276	0.7272727272727273	False
4129	2458	0.6363636363636364	False
4129	1356	0.5454545454545454	False
4129	22	0.45454545454545453	False
4129	586	0.36363636363636365	True
4129	779	0.2727272727272727	True
4129	3004	0.18181818181818182	True
4129	1649	0.09090909090909091	True
3727	2458	0.9090909090909091	False
3727	1356	0.8181818181818182	False
3727	327	0.7272727272727273	True
3727	3276	0.6363636363636364	False
3727	1649	0.5454545454545454	True
3727	22	0.45454545454545453	False
3727	3082	0.36363636363636365	True
3727	1753	0.2727272727272727	True
3727	3585	0.18181818181818182	True
3727	3813	0.09090909090909091	True
3716	327	0.9090909090909091	True
3716	2660	0.8181818181818182	False
3716	3276	0.7272727272727273	False
3716	3004	0.6363636363636364	True
3716	2458	0.5454545454545454	False
3716	22	0.45454545454545453	False
3716	779	0.36363636363636365	True
3716	2291	0.2727272727272727	True
3716	3082	0.18181818181818182	True
3716	1356	0.09090909090909091	False
1729	3276	0.9090909090909091	False
1729	2458	0.8181818181818182	False
1729	2660	0.7272727272727273	False
1729	779	0.6363636363636364	True
1729	22	0.5454545454545454	False
1729	3004	0.45454545454545453	True
1729	327	0.36363636363636365	True
1729	3082	0.2727272727272727	True
1729	3585	0.18181818181818182	True
1729	1356	0.09090909090909091	False
