3802	3184	0.9090909090909091	False
3802	2124	0.8181818181818182	False
3802	2518	0.7272727272727273	False
3802	634	0.6363636363636364	False
3802	66	0.5454545454545454	True
3802	1160	0.45454545454545453	False
3802	38	0.36363636363636365	True
3802	3636	0.2727272727272727	True
3802	3375	0.18181818181818182	True
3802	2352	0.09090909090909091	True
3327	3184	0.9090909090909091	False
3327	2124	0.8181818181818182	False
3327	2518	0.7272727272727273	False
3327	634	0.6363636363636364	False
3327	1160	0.5454545454545454	False
3327	66	0.45454545454545453	True
3327	3643	0.36363636363636365	True
3327	3143	0.2727272727272727	True
3327	2911	0.18181818181818182	True
3327	803	0.09090909090909091	True
3675	3184	0.9090909090909091	False
3675	2124	0.8181818181818182	False
3675	634	0.7272727272727273	False
3675	2518	0.6363636363636364	False
3675	2915	0.5454545454545454	True
3675	1160	0.45454545454545453	False
3675	803	0.36363636363636365	True
3675	2911	0.2727272727272727	True
3675	2352	0.18181818181818182	True
3675	2156	0.09090909090909091	True
2370	3184	0.9090909090909091	False
2370	2124	0.8181818181818182	False
2370	2518	0.7272727272727273	False
2370	634	0.6363636363636364	False
2370	3643	0.5454545454545454	True
2370	3143	0.45454545454545453	True
2370	2464	0.36363636363636365	True
2370	910	0.2727272727272727	True
2370	2911	0.18181818181818182	True
2370	3069	0.09090909090909091	True
229	3184	0.9090909090909091	False
229	2124	0.8181818181818182	False
229	2518	0.7272727272727273	False
229	634	0.6363636363636364	False
229	2156	0.5454545454545454	True
229	3276	0.45454545454545453	True
229	2911	0.36363636363636365	True
229	2915	0.2727272727272727	True
229	910	0.18181818181818182	True
229	1160	0.09090909090909091	False
3824	3184	0.9090909090909091	False
3824	2124	0.8181818181818182	False
3824	2518	0.7272727272727273	False
3824	634	0.6363636363636364	False
3824	2454	0.5454545454545454	True
3824	3143	0.45454545454545453	True
3824	368	0.36363636363636365	True
3824	66	0.2727272727272727	True
3824	2156	0.18181818181818182	True
3824	3375	0.09090909090909091	True
5246	3184	0.9090909090909091	False
5246	2124	0.8181818181818182	False
5246	2518	0.7272727272727273	False
5246	634	0.6363636363636364	False
5246	1160	0.5454545454545454	False
5246	66	0.45454545454545453	True
5246	3091	0.36363636363636365	True
5246	2911	0.2727272727272727	True
5246	1609	0.18181818181818182	True
5246	479	0.09090909090909091	True
452	3184	0.9090909090909091	False
452	2124	0.8181818181818182	False
452	2518	0.7272727272727273	False
452	634	0.6363636363636364	False
452	66	0.5454545454545454	True
452	1160	0.45454545454545453	False
452	174	0.36363636363636365	True
452	3143	0.2727272727272727	True
452	2911	0.18181818181818182	True
452	652	0.09090909090909091	True
380	3184	0.9090909090909091	False
380	2124	0.8181818181818182	False
380	2518	0.7272727272727273	False
380	634	0.6363636363636364	False
380	174	0.5454545454545454	True
380	66	0.45454545454545453	True
380	1694	0.36363636363636365	True
380	1160	0.2727272727272727	False
380	3636	0.18181818181818182	True
380	3143	0.09090909090909091	True
791	3184	0.9090909090909091	False
791	2124	0.8181818181818182	False
791	2518	0.7272727272727273	False
791	3643	0.6363636363636364	True
791	66	0.5454545454545454	True
791	634	0.45454545454545453	False
791	2278	0.36363636363636365	True
791	1160	0.2727272727272727	False
791	3143	0.18181818181818182	True
791	38	0.09090909090909091	True
3807	3184	0.9090909090909091	False
3807	2124	0.8181818181818182	False
3807	2518	0.7272727272727273	False
3807	634	0.6363636363636364	False
3807	3636	0.5454545454545454	True
3807	174	0.45454545454545453	True
3807	1160	0.36363636363636365	False
3807	3375	0.2727272727272727	True
3807	3143	0.18181818181818182	True
3807	66	0.09090909090909091	True
1519	3184	0.9090909090909091	False
1519	2124	0.8181818181818182	False
1519	2518	0.7272727272727273	False
1519	634	0.6363636363636364	False
1519	751	0.5454545454545454	True
1519	2911	0.45454545454545453	True
1519	1160	0.36363636363636365	False
1519	66	0.2727272727272727	True
1519	1542	0.18181818181818182	True
1519	253	0.09090909090909091	True
4419	3184	0.9090909090909091	False
4419	2124	0.8181818181818182	False
4419	634	0.7272727272727273	False
4419	2518	0.6363636363636364	False
4419	2911	0.5454545454545454	True
4419	751	0.45454545454545453	True
4419	1028	0.36363636363636365	True
4419	1160	0.2727272727272727	False
4419	3636	0.18181818181818182	True
4419	66	0.09090909090909091	True
5616	3184	0.9090909090909091	False
5616	2124	0.8181818181818182	False
5616	2518	0.7272727272727273	False
5616	634	0.6363636363636364	False
5616	3143	0.5454545454545454	True
5616	3091	0.45454545454545453	True
5616	3643	0.36363636363636365	True
5616	2278	0.2727272727272727	True
5616	1160	0.18181818181818182	False
5616	2915	0.09090909090909091	True
4160	3184	0.9090909090909091	False
4160	2124	0.8181818181818182	False
4160	2518	0.7272727272727273	False
4160	634	0.6363636363636364	False
4160	3143	0.5454545454545454	True
4160	174	0.45454545454545453	True
4160	66	0.36363636363636365	True
4160	1160	0.2727272727272727	False
4160	803	0.18181818181818182	True
4160	3636	0.09090909090909091	True
5509	3184	0.9090909090909091	False
5509	2124	0.8181818181818182	False
5509	2518	0.7272727272727273	False
5509	634	0.6363636363636364	False
5509	3643	0.5454545454545454	True
5509	2278	0.45454545454545453	True
5509	3143	0.36363636363636365	True
5509	66	0.2727272727272727	True
5509	3636	0.18181818181818182	True
5509	1028	0.09090909090909091	True
28	3184	0.9090909090909091	False
28	2124	0.8181818181818182	False
28	634	0.7272727272727273	False
28	1160	0.6363636363636364	False
28	2518	0.5454545454545454	False
28	38	0.45454545454545453	True
28	803	0.36363636363636365	True
28	751	0.2727272727272727	True
28	66	0.18181818181818182	True
28	3636	0.09090909090909091	True
5390	3184	0.9090909090909091	False
5390	2124	0.8181818181818182	False
5390	2518	0.7272727272727273	False
5390	634	0.6363636363636364	False
5390	66	0.5454545454545454	True
5390	38	0.45454545454545453	True
5390	1028	0.36363636363636365	True
5390	2454	0.2727272727272727	True
5390	3636	0.18181818181818182	True
5390	3375	0.09090909090909091	True
2772	3184	0.9090909090909091	False
2772	2124	0.8181818181818182	False
2772	634	0.7272727272727273	False
2772	1160	0.6363636363636364	False
2772	2518	0.5454545454545454	False
2772	3636	0.45454545454545453	True
2772	66	0.36363636363636365	True
2772	1834	0.2727272727272727	True
2772	2278	0.18181818181818182	True
2772	2156	0.09090909090909091	True
4301	3184	0.9090909090909091	False
4301	2124	0.8181818181818182	False
4301	2518	0.7272727272727273	False
4301	634	0.6363636363636364	False
4301	253	0.5454545454545454	True
4301	1028	0.45454545454545453	True
4301	751	0.36363636363636365	True
4301	1694	0.2727272727272727	True
4301	2464	0.18181818181818182	True
4301	1160	0.09090909090909091	False
5965	3184	0.9090909090909091	False
5965	2124	0.8181818181818182	False
5965	2518	0.7272727272727273	False
5965	634	0.6363636363636364	False
5965	3636	0.5454545454545454	True
5965	1609	0.45454545454545453	True
5965	66	0.36363636363636365	True
5965	174	0.2727272727272727	True
5965	1160	0.18181818181818182	False
5965	3143	0.09090909090909091	True
4846	3184	0.9090909090909091	False
4846	2124	0.8181818181818182	False
4846	634	0.7272727272727273	False
4846	2518	0.6363636363636364	False
4846	2464	0.5454545454545454	True
4846	803	0.45454545454545453	True
4846	38	0.36363636363636365	True
4846	3091	0.2727272727272727	True
4846	2911	0.18181818181818182	True
4846	1834	0.09090909090909091	True
2760	3184	0.9090909090909091	False
2760	2124	0.8181818181818182	False
2760	2518	0.7272727272727273	False
2760	66	0.6363636363636364	True
2760	38	0.5454545454545454	True
2760	634	0.45454545454545453	False
2760	3636	0.36363636363636365	True
2760	1028	0.2727272727272727	True
2760	3143	0.18181818181818182	True
2760	2454	0.09090909090909091	True
1801	3184	0.9090909090909091	False
1801	2124	0.8181818181818182	False
1801	2518	0.7272727272727273	False
1801	634	0.6363636363636364	False
1801	66	0.5454545454545454	True
1801	1160	0.45454545454545453	False
1801	174	0.36363636363636365	True
1801	1694	0.2727272727272727	True
1801	3143	0.18181818181818182	True
1801	1834	0.09090909090909091	True
2870	3184	0.9090909090909091	False
2870	2124	0.8181818181818182	False
2870	2518	0.7272727272727273	False
2870	634	0.6363636363636364	False
2870	1160	0.5454545454545454	False
2870	66	0.45454545454545453	True
2870	3143	0.36363636363636365	True
2870	751	0.2727272727272727	True
2870	2156	0.18181818181818182	True
2870	2911	0.09090909090909091	True
2639	3184	0.9090909090909091	False
2639	2124	0.8181818181818182	False
2639	3636	0.7272727272727273	True
2639	38	0.6363636363636364	True
2639	1160	0.5454545454545454	False
2639	634	0.45454545454545453	False
2639	2518	0.36363636363636365	False
2639	3091	0.2727272727272727	True
2639	2156	0.18181818181818182	True
2639	66	0.09090909090909091	True
5525	3184	0.9090909090909091	False
5525	2124	0.8181818181818182	False
5525	2518	0.7272727272727273	False
5525	634	0.6363636363636364	False
5525	66	0.5454545454545454	True
5525	1028	0.45454545454545453	True
5525	2278	0.36363636363636365	True
5525	3091	0.2727272727272727	True
5525	1160	0.18181818181818182	False
5525	38	0.09090909090909091	True
794	3184	0.9090909090909091	False
794	2124	0.8181818181818182	False
794	634	0.7272727272727273	False
794	2518	0.6363636363636364	False
794	1160	0.5454545454545454	False
794	3643	0.45454545454545453	True
794	910	0.36363636363636365	True
794	3143	0.2727272727272727	True
794	253	0.18181818181818182	True
794	3895	0.09090909090909091	True
885	3184	0.9090909090909091	False
885	2124	0.8181818181818182	False
885	634	0.7272727272727273	False
885	2518	0.6363636363636364	False
885	1160	0.5454545454545454	False
885	1834	0.45454545454545453	True
885	66	0.36363636363636365	True
885	2278	0.2727272727272727	True
885	2911	0.18181818181818182	True
885	3636	0.09090909090909091	True
3903	3184	0.9090909090909091	False
3903	2124	0.8181818181818182	False
3903	2518	0.7272727272727273	False
3903	634	0.6363636363636364	False
3903	3091	0.5454545454545454	True
3903	3143	0.45454545454545453	True
3903	1160	0.36363636363636365	False
3903	2915	0.2727272727272727	True
3903	3812	0.18181818181818182	True
3903	2156	0.09090909090909091	True
2353	3184	0.9090909090909091	False
2353	2124	0.8181818181818182	False
2353	2518	0.7272727272727273	False
2353	634	0.6363636363636364	False
2353	2278	0.5454545454545454	True
2353	1834	0.45454545454545453	True
2353	2464	0.36363636363636365	True
2353	38	0.2727272727272727	True
2353	3643	0.18181818181818182	True
2353	3812	0.09090909090909091	True
2489	3184	0.9090909090909091	False
2489	2124	0.8181818181818182	False
2489	2518	0.7272727272727273	False
2489	66	0.6363636363636364	True
2489	2454	0.5454545454545454	True
2489	1028	0.45454545454545453	True
2489	2278	0.36363636363636365	True
2489	3643	0.2727272727272727	True
2489	3143	0.18181818181818182	True
2489	634	0.09090909090909091	False
2752	3184	0.9090909090909091	False
2752	2124	0.8181818181818182	False
2752	2518	0.7272727272727273	False
2752	634	0.6363636363636364	False
2752	38	0.5454545454545454	True
2752	3636	0.45454545454545453	True
2752	1834	0.36363636363636365	True
2752	2278	0.2727272727272727	True
2752	1160	0.18181818181818182	False
2752	1028	0.09090909090909091	True
1053	3184	0.9090909090909091	False
1053	2124	0.8181818181818182	False
1053	2518	0.7272727272727273	False
1053	634	0.6363636363636364	False
1053	1160	0.5454545454545454	False
1053	751	0.45454545454545453	True
1053	2278	0.36363636363636365	True
1053	1542	0.2727272727272727	True
1053	3812	0.18181818181818182	True
1053	3636	0.09090909090909091	True
456	3184	0.9090909090909091	False
456	2124	0.8181818181818182	False
456	2518	0.7272727272727273	False
456	634	0.6363636363636364	False
456	2464	0.5454545454545454	True
456	3143	0.45454545454545453	True
456	1160	0.36363636363636365	False
456	2911	0.2727272727272727	True
456	3895	0.18181818181818182	True
456	2278	0.09090909090909091	True
3503	3184	0.9090909090909091	False
3503	2124	0.8181818181818182	False
3503	2518	0.7272727272727273	False
3503	634	0.6363636363636364	False
3503	3091	0.5454545454545454	True
3503	38	0.45454545454545453	True
3503	1160	0.36363636363636365	False
3503	3755	0.2727272727272727	True
3503	751	0.18181818181818182	True
3503	1028	0.09090909090909091	True
1609	3184	0.9090909090909091	False
1609	2124	0.8181818181818182	False
1609	2518	0.7272727272727273	False
1609	634	0.6363636363636364	False
1609	1160	0.5454545454545454	False
1609	38	0.45454545454545453	True
1609	2911	0.36363636363636365	True
1609	803	0.2727272727272727	True
1609	3091	0.18181818181818182	True
1609	3636	0.09090909090909091	True
4100	3184	0.9090909090909091	False
4100	2124	0.8181818181818182	False
4100	2518	0.7272727272727273	False
4100	634	0.6363636363636364	False
4100	38	0.5454545454545454	True
4100	66	0.45454545454545453	True
4100	3643	0.36363636363636365	True
4100	1160	0.2727272727272727	False
4100	2352	0.18181818181818182	True
4100	1617	0.09090909090909091	True
4	3184	0.9090909090909091	False
4	2124	0.8181818181818182	False
4	2518	0.7272727272727273	False
4	634	0.6363636363636364	False
4	66	0.5454545454545454	True
4	3643	0.45454545454545453	True
4	1160	0.36363636363636365	False
4	2278	0.2727272727272727	True
4	2454	0.18181818181818182	True
4	3143	0.09090909090909091	True
1671	3184	0.9090909090909091	False
1671	2124	0.8181818181818182	False
1671	2518	0.7272727272727273	False
1671	634	0.6363636363636364	False
1671	3143	0.5454545454545454	True
1671	3643	0.45454545454545453	True
1671	2278	0.36363636363636365	True
1671	2911	0.2727272727272727	True
1671	368	0.18181818181818182	True
1671	2464	0.09090909090909091	True
1848	3184	0.9090909090909091	False
1848	2124	0.8181818181818182	False
1848	2518	0.7272727272727273	False
1848	634	0.6363636363636364	False
1848	3636	0.5454545454545454	True
1848	66	0.45454545454545453	True
1848	1160	0.36363636363636365	False
1848	2729	0.2727272727272727	True
1848	3143	0.18181818181818182	True
1848	1028	0.09090909090909091	True
5223	3184	0.9090909090909091	False
5223	2124	0.8181818181818182	False
5223	2518	0.7272727272727273	False
5223	634	0.6363636363636364	False
5223	66	0.5454545454545454	True
5223	3643	0.45454545454545453	True
5223	1160	0.36363636363636365	False
5223	3069	0.2727272727272727	True
5223	803	0.18181818181818182	True
5223	3375	0.09090909090909091	True
3885	3184	0.9090909090909091	False
3885	2124	0.8181818181818182	False
3885	2518	0.7272727272727273	False
3885	3636	0.6363636363636364	True
3885	634	0.5454545454545454	False
3885	66	0.45454545454545453	True
3885	3143	0.36363636363636365	True
3885	1609	0.2727272727272727	True
3885	2278	0.18181818181818182	True
3885	174	0.09090909090909091	True
5507	3184	0.9090909090909091	False
5507	2124	0.8181818181818182	False
5507	2518	0.7272727272727273	False
5507	634	0.6363636363636364	False
5507	3143	0.5454545454545454	True
5507	38	0.45454545454545453	True
5507	2278	0.36363636363636365	True
5507	368	0.2727272727272727	True
5507	3812	0.18181818181818182	True
5507	2464	0.09090909090909091	True
4468	3184	0.9090909090909091	False
4468	2124	0.8181818181818182	False
4468	2518	0.7272727272727273	False
4468	634	0.6363636363636364	False
4468	66	0.5454545454545454	True
4468	3643	0.45454545454545453	True
4468	2278	0.36363636363636365	True
4468	3636	0.2727272727272727	True
4468	38	0.18181818181818182	True
4468	1160	0.09090909090909091	False
1442	3184	0.9090909090909091	False
1442	2124	0.8181818181818182	False
1442	634	0.7272727272727273	False
1442	2518	0.6363636363636364	False
1442	1160	0.5454545454545454	False
1442	751	0.45454545454545453	True
1442	3636	0.36363636363636365	True
1442	38	0.2727272727272727	True
1442	2911	0.18181818181818182	True
1442	3643	0.09090909090909091	True
4273	3184	0.9090909090909091	False
4273	2124	0.8181818181818182	False
4273	2518	0.7272727272727273	False
4273	66	0.6363636363636364	True
4273	1028	0.5454545454545454	True
4273	3069	0.45454545454545453	True
4273	2454	0.36363636363636365	True
4273	253	0.2727272727272727	True
4273	1160	0.18181818181818182	False
4273	634	0.09090909090909091	False
4136	3184	0.9090909090909091	False
4136	2124	0.8181818181818182	False
4136	2518	0.7272727272727273	False
4136	634	0.6363636363636364	False
4136	1160	0.5454545454545454	False
4136	3636	0.45454545454545453	True
4136	66	0.36363636363636365	True
4136	174	0.2727272727272727	True
4136	2454	0.18181818181818182	True
4136	2911	0.09090909090909091	True
1893	3184	0.9090909090909091	False
1893	2124	0.8181818181818182	False
1893	2518	0.7272727272727273	False
1893	634	0.6363636363636364	False
1893	3643	0.5454545454545454	True
1893	2915	0.45454545454545453	True
1893	3636	0.36363636363636365	True
1893	1609	0.2727272727272727	True
1893	471	0.18181818181818182	True
1893	2911	0.09090909090909091	True
2735	3184	0.9090909090909091	False
2735	2124	0.8181818181818182	False
2735	634	0.7272727272727273	False
2735	1160	0.6363636363636364	False
2735	751	0.5454545454545454	True
2735	253	0.45454545454545453	True
2735	66	0.36363636363636365	True
2735	1028	0.2727272727272727	True
2735	2518	0.18181818181818182	False
2735	2352	0.09090909090909091	True
947	3184	0.9090909090909091	False
947	2124	0.8181818181818182	False
947	2518	0.7272727272727273	False
947	634	0.6363636363636364	False
947	1160	0.5454545454545454	False
947	2352	0.45454545454545453	True
947	2278	0.36363636363636365	True
947	3143	0.2727272727272727	True
947	66	0.18181818181818182	True
947	2915	0.09090909090909091	True
5806	3184	0.9090909090909091	False
5806	2124	0.8181818181818182	False
5806	2518	0.7272727272727273	False
5806	634	0.6363636363636364	False
5806	1160	0.5454545454545454	False
5806	3636	0.45454545454545453	True
5806	2278	0.36363636363636365	True
5806	2156	0.2727272727272727	True
5806	2911	0.18181818181818182	True
5806	2352	0.09090909090909091	True
963	3184	0.9090909090909091	False
963	2124	0.8181818181818182	False
963	2518	0.7272727272727273	False
963	634	0.6363636363636364	False
963	38	0.5454545454545454	True
963	1160	0.45454545454545453	False
963	2156	0.36363636363636365	True
963	66	0.2727272727272727	True
963	2915	0.18181818181818182	True
963	2352	0.09090909090909091	True
1408	3184	0.9090909090909091	False
1408	2124	0.8181818181818182	False
1408	634	0.7272727272727273	False
1408	2518	0.6363636363636364	False
1408	1160	0.5454545454545454	False
1408	3636	0.45454545454545453	True
1408	2911	0.36363636363636365	True
1408	803	0.2727272727272727	True
1408	253	0.18181818181818182	True
1408	2464	0.09090909090909091	True
5422	3184	0.9090909090909091	False
5422	2124	0.8181818181818182	False
5422	2518	0.7272727272727273	False
5422	634	0.6363636363636364	False
5422	2156	0.5454545454545454	True
5422	38	0.45454545454545453	True
5422	2915	0.36363636363636365	True
5422	3091	0.2727272727272727	True
5422	1834	0.18181818181818182	True
5422	1609	0.09090909090909091	True
5791	3184	0.9090909090909091	False
5791	2124	0.8181818181818182	False
5791	2518	0.7272727272727273	False
5791	634	0.6363636363636364	False
5791	3143	0.5454545454545454	True
5791	3643	0.45454545454545453	True
5791	2464	0.36363636363636365	True
5791	1160	0.2727272727272727	False
5791	2911	0.18181818181818182	True
5791	2278	0.09090909090909091	True
1159	3184	0.9090909090909091	False
1159	2124	0.8181818181818182	False
1159	2518	0.7272727272727273	False
1159	634	0.6363636363636364	False
1159	3143	0.5454545454545454	True
1159	3643	0.45454545454545453	True
1159	38	0.36363636363636365	True
1159	174	0.2727272727272727	True
1159	3636	0.18181818181818182	True
1159	2911	0.09090909090909091	True
605	3184	0.9090909090909091	False
605	2124	0.8181818181818182	False
605	2518	0.7272727272727273	False
605	66	0.6363636363636364	True
605	1160	0.5454545454545454	False
605	634	0.45454545454545453	False
605	38	0.36363636363636365	True
605	3636	0.2727272727272727	True
605	3643	0.18181818181818182	True
605	1609	0.09090909090909091	True
4322	3184	0.9090909090909091	False
4322	2124	0.8181818181818182	False
4322	2518	0.7272727272727273	False
4322	634	0.6363636363636364	False
4322	3143	0.5454545454545454	True
4322	174	0.45454545454545453	True
4322	1834	0.36363636363636365	True
4322	38	0.2727272727272727	True
4322	574	0.18181818181818182	True
4322	2352	0.09090909090909091	True
3946	3184	0.9090909090909091	False
3946	2124	0.8181818181818182	False
3946	2518	0.7272727272727273	False
3946	1028	0.6363636363636364	True
3946	634	0.5454545454545454	False
3946	3636	0.45454545454545453	True
3946	174	0.36363636363636365	True
3946	3143	0.2727272727272727	True
3946	368	0.18181818181818182	True
3946	38	0.09090909090909091	True
3255	3184	0.9090909090909091	False
3255	2124	0.8181818181818182	False
3255	2518	0.7272727272727273	False
3255	2911	0.6363636363636364	True
3255	634	0.5454545454545454	False
3255	3143	0.45454545454545453	True
3255	66	0.36363636363636365	True
3255	2464	0.2727272727272727	True
3255	1160	0.18181818181818182	False
3255	1694	0.09090909090909091	True
5841	3184	0.9090909090909091	False
5841	2124	0.8181818181818182	False
5841	2518	0.7272727272727273	False
5841	634	0.6363636363636364	False
5841	1160	0.5454545454545454	False
5841	2729	0.45454545454545453	True
5841	2911	0.36363636363636365	True
5841	66	0.2727272727272727	True
5841	2156	0.18181818181818182	True
5841	652	0.09090909090909091	True
4219	3184	0.9090909090909091	False
4219	2124	0.8181818181818182	False
4219	2518	0.7272727272727273	False
4219	634	0.6363636363636364	False
4219	3143	0.5454545454545454	True
4219	253	0.45454545454545453	True
4219	2915	0.36363636363636365	True
4219	368	0.2727272727272727	True
4219	910	0.18181818181818182	True
4219	1694	0.09090909090909091	True
2865	3184	0.9090909090909091	False
2865	2124	0.8181818181818182	False
2865	2518	0.7272727272727273	False
2865	634	0.6363636363636364	False
2865	3636	0.5454545454545454	True
2865	368	0.45454545454545453	True
2865	1160	0.36363636363636365	False
2865	2454	0.2727272727272727	True
2865	3143	0.18181818181818182	True
2865	1609	0.09090909090909091	True
1246	3184	0.9090909090909091	False
1246	2124	0.8181818181818182	False
1246	634	0.7272727272727273	False
1246	2518	0.6363636363636364	False
1246	66	0.5454545454545454	True
1246	1160	0.45454545454545453	False
1246	803	0.36363636363636365	True
1246	2911	0.2727272727272727	True
1246	751	0.18181818181818182	True
1246	2278	0.09090909090909091	True
3344	3184	0.9090909090909091	False
3344	2124	0.8181818181818182	False
3344	2518	0.7272727272727273	False
3344	634	0.6363636363636364	False
3344	2454	0.5454545454545454	True
3344	174	0.45454545454545453	True
3344	3375	0.36363636363636365	True
3344	1542	0.2727272727272727	True
3344	368	0.18181818181818182	True
3344	1834	0.09090909090909091	True
5062	3184	0.9090909090909091	False
5062	2124	0.8181818181818182	False
5062	634	0.7272727272727273	False
5062	2518	0.6363636363636364	False
5062	3636	0.5454545454545454	True
5062	803	0.45454545454545453	True
5062	3069	0.36363636363636365	True
5062	1160	0.2727272727272727	False
5062	3643	0.18181818181818182	True
5062	174	0.09090909090909091	True
3189	3184	0.9090909090909091	False
3189	2124	0.8181818181818182	False
3189	2518	0.7272727272727273	False
3189	634	0.6363636363636364	False
3189	368	0.5454545454545454	True
3189	2911	0.45454545454545453	True
3189	2464	0.36363636363636365	True
3189	253	0.2727272727272727	True
3189	3143	0.18181818181818182	True
3189	1160	0.09090909090909091	False
1941	3184	0.9090909090909091	False
1941	2124	0.8181818181818182	False
1941	634	0.7272727272727273	False
1941	2518	0.6363636363636364	False
1941	2464	0.5454545454545454	True
1941	910	0.45454545454545453	True
1941	3143	0.36363636363636365	True
1941	3643	0.2727272727272727	True
1941	1160	0.18181818181818182	False
1941	2323	0.09090909090909091	True
4528	3184	0.9090909090909091	False
4528	2124	0.8181818181818182	False
4528	634	0.7272727272727273	False
4528	2518	0.6363636363636364	False
4528	1160	0.5454545454545454	False
4528	2911	0.45454545454545453	True
4528	803	0.36363636363636365	True
4528	2454	0.2727272727272727	True
4528	3091	0.18181818181818182	True
4528	751	0.09090909090909091	True
1884	3184	0.9090909090909091	False
1884	2124	0.8181818181818182	False
1884	2518	0.7272727272727273	False
1884	634	0.6363636363636364	False
1884	66	0.5454545454545454	True
1884	3069	0.45454545454545453	True
1884	2454	0.36363636363636365	True
1884	3636	0.2727272727272727	True
1884	3643	0.18181818181818182	True
1884	3143	0.09090909090909091	True
5456	3184	0.9090909090909091	False
5456	2124	0.8181818181818182	False
5456	2518	0.7272727272727273	False
5456	634	0.6363636363636364	False
5456	1028	0.5454545454545454	True
5456	2454	0.45454545454545453	True
5456	3755	0.36363636363636365	True
5456	253	0.2727272727272727	True
5456	3749	0.18181818181818182	True
5456	368	0.09090909090909091	True
2006	3184	0.9090909090909091	False
2006	2124	0.8181818181818182	False
2006	2518	0.7272727272727273	False
2006	634	0.6363636363636364	False
2006	66	0.5454545454545454	True
2006	2164	0.45454545454545453	True
2006	3636	0.36363636363636365	True
2006	2911	0.2727272727272727	True
2006	803	0.18181818181818182	True
2006	3643	0.09090909090909091	True
1936	3184	0.9090909090909091	False
1936	2124	0.8181818181818182	False
1936	2518	0.7272727272727273	False
1936	634	0.6363636363636364	False
1936	1542	0.5454545454545454	True
1936	253	0.45454545454545453	True
1936	368	0.36363636363636365	True
1936	2915	0.2727272727272727	True
1936	3143	0.18181818181818182	True
1936	1609	0.09090909090909091	True
5777	3184	0.9090909090909091	False
5777	2124	0.8181818181818182	False
5777	2518	0.7272727272727273	False
5777	634	0.6363636363636364	False
5777	38	0.5454545454545454	True
5777	3643	0.45454545454545453	True
5777	1834	0.36363636363636365	True
5777	1609	0.2727272727272727	True
5777	3069	0.18181818181818182	True
5777	2278	0.09090909090909091	True
811	3184	0.9090909090909091	False
811	2124	0.8181818181818182	False
811	2518	0.7272727272727273	False
811	634	0.6363636363636364	False
811	3636	0.5454545454545454	True
811	3188	0.45454545454545453	True
811	2278	0.36363636363636365	True
811	3091	0.2727272727272727	True
811	1160	0.18181818181818182	False
811	1834	0.09090909090909091	True
4112	3184	0.9090909090909091	False
4112	2124	0.8181818181818182	False
4112	2518	0.7272727272727273	False
4112	634	0.6363636363636364	False
4112	1028	0.5454545454545454	True
4112	3375	0.45454545454545453	True
4112	2156	0.36363636363636365	True
4112	253	0.2727272727272727	True
4112	368	0.18181818181818182	True
4112	1160	0.09090909090909091	False
1239	3184	0.9090909090909091	False
1239	2124	0.8181818181818182	False
1239	2518	0.7272727272727273	False
1239	634	0.6363636363636364	False
1239	1160	0.5454545454545454	False
1239	2156	0.45454545454545453	True
1239	66	0.36363636363636365	True
1239	3636	0.2727272727272727	True
1239	2915	0.18181818181818182	True
1239	2911	0.09090909090909091	True
162	3184	0.9090909090909091	False
162	2124	0.8181818181818182	False
162	2518	0.7272727272727273	False
162	634	0.6363636363636364	False
162	2454	0.5454545454545454	True
162	66	0.45454545454545453	True
162	1160	0.36363636363636365	False
162	3069	0.2727272727272727	True
162	2911	0.18181818181818182	True
162	3643	0.09090909090909091	True
5400	3184	0.9090909090909091	False
5400	2124	0.8181818181818182	False
5400	2518	0.7272727272727273	False
5400	634	0.6363636363636364	False
5400	1160	0.5454545454545454	False
5400	66	0.45454545454545453	True
5400	3812	0.36363636363636365	True
5400	3895	0.2727272727272727	True
5400	3636	0.18181818181818182	True
5400	3143	0.09090909090909091	True
4549	3184	0.9090909090909091	False
4549	2124	0.8181818181818182	False
4549	634	0.7272727272727273	False
4549	2518	0.6363636363636364	False
4549	3643	0.5454545454545454	True
4549	3636	0.45454545454545453	True
4549	3895	0.36363636363636365	True
4549	174	0.2727272727272727	True
4549	803	0.18181818181818182	True
4549	1160	0.09090909090909091	False
4809	3184	0.9090909090909091	False
4809	2124	0.8181818181818182	False
4809	2518	0.7272727272727273	False
4809	634	0.6363636363636364	False
4809	66	0.5454545454545454	True
4809	1160	0.45454545454545453	False
4809	3143	0.36363636363636365	True
4809	253	0.2727272727272727	True
4809	1694	0.18181818181818182	True
4809	1028	0.09090909090909091	True
5615	3184	0.9090909090909091	False
5615	2124	0.8181818181818182	False
5615	2518	0.7272727272727273	False
5615	634	0.6363636363636364	False
5615	2278	0.5454545454545454	True
5615	368	0.45454545454545453	True
5615	1834	0.36363636363636365	True
5615	2352	0.2727272727272727	True
5615	3636	0.18181818181818182	True
5615	2454	0.09090909090909091	True
672	3184	0.9090909090909091	False
672	2124	0.8181818181818182	False
672	2518	0.7272727272727273	False
672	634	0.6363636363636364	False
672	3636	0.5454545454545454	True
672	3143	0.45454545454545453	True
672	66	0.36363636363636365	True
672	1160	0.2727272727272727	False
672	174	0.18181818181818182	True
672	2911	0.09090909090909091	True
87	3184	0.9090909090909091	False
87	2124	0.8181818181818182	False
87	2518	0.7272727272727273	False
87	634	0.6363636363636364	False
87	38	0.5454545454545454	True
87	1028	0.45454545454545453	True
87	3643	0.36363636363636365	True
87	1160	0.2727272727272727	False
87	751	0.18181818181818182	True
87	2278	0.09090909090909091	True
448	3184	0.9090909090909091	False
448	2124	0.8181818181818182	False
448	2518	0.7272727272727273	False
448	634	0.6363636363636364	False
448	3812	0.5454545454545454	True
448	3643	0.45454545454545453	True
448	2454	0.36363636363636365	True
448	3755	0.2727272727272727	True
448	2278	0.18181818181818182	True
448	3143	0.09090909090909091	True
904	3184	0.9090909090909091	False
904	2124	0.8181818181818182	False
904	2518	0.7272727272727273	False
904	634	0.6363636363636364	False
904	2454	0.5454545454545454	True
904	66	0.45454545454545453	True
904	3375	0.36363636363636365	True
904	3755	0.2727272727272727	True
904	1028	0.18181818181818182	True
904	1160	0.09090909090909091	False
1529	3184	0.9090909090909091	False
1529	2124	0.8181818181818182	False
1529	2518	0.7272727272727273	False
1529	634	0.6363636363636364	False
1529	1160	0.5454545454545454	False
1529	38	0.45454545454545453	True
1529	3636	0.36363636363636365	True
1529	66	0.2727272727272727	True
1529	2464	0.18181818181818182	True
1529	1609	0.09090909090909091	True
5110	3184	0.9090909090909091	False
5110	2124	0.8181818181818182	False
5110	2518	0.7272727272727273	False
5110	634	0.6363636363636364	False
5110	3636	0.5454545454545454	True
5110	3143	0.45454545454545453	True
5110	3812	0.36363636363636365	True
5110	174	0.2727272727272727	True
5110	2915	0.18181818181818182	True
5110	38	0.09090909090909091	True
999	3184	0.9090909090909091	False
999	2124	0.8181818181818182	False
999	2518	0.7272727272727273	False
999	634	0.6363636363636364	False
999	1160	0.5454545454545454	False
999	3143	0.45454545454545453	True
999	3636	0.36363636363636365	True
999	2464	0.2727272727272727	True
999	910	0.18181818181818182	True
999	2915	0.09090909090909091	True
4098	3184	0.9090909090909091	False
4098	2124	0.8181818181818182	False
4098	634	0.7272727272727273	False
4098	2518	0.6363636363636364	False
4098	66	0.5454545454545454	True
4098	174	0.45454545454545453	True
4098	1694	0.36363636363636365	True
4098	1160	0.2727272727272727	False
4098	3143	0.18181818181818182	True
4098	1609	0.09090909090909091	True
244	3184	0.9090909090909091	False
244	2124	0.8181818181818182	False
244	634	0.7272727272727273	False
244	2518	0.6363636363636364	False
244	3812	0.5454545454545454	True
244	2915	0.45454545454545453	True
244	1160	0.36363636363636365	False
244	3143	0.2727272727272727	True
244	2352	0.18181818181818182	True
244	1609	0.09090909090909091	True
1362	3184	0.9090909090909091	False
1362	2124	0.8181818181818182	False
1362	634	0.7272727272727273	False
1362	2518	0.6363636363636364	False
1362	3636	0.5454545454545454	True
1362	1160	0.45454545454545453	False
1362	3143	0.36363636363636365	True
1362	2911	0.2727272727272727	True
1362	3091	0.18181818181818182	True
1362	2156	0.09090909090909091	True
5534	3184	0.9090909090909091	False
5534	2124	0.8181818181818182	False
5534	2518	0.7272727272727273	False
5534	634	0.6363636363636364	False
5534	3143	0.5454545454545454	True
5534	1609	0.45454545454545453	True
5534	2915	0.36363636363636365	True
5534	2911	0.2727272727272727	True
5534	174	0.18181818181818182	True
5534	1160	0.09090909090909091	False
985	3184	0.9090909090909091	False
985	2124	0.8181818181818182	False
985	634	0.7272727272727273	False
985	2518	0.6363636363636364	False
985	2911	0.5454545454545454	True
985	253	0.45454545454545453	True
985	910	0.36363636363636365	True
985	2156	0.2727272727272727	True
985	2729	0.18181818181818182	True
985	1160	0.09090909090909091	False
5551	3184	0.9090909090909091	False
5551	2124	0.8181818181818182	False
5551	634	0.7272727272727273	False
5551	2518	0.6363636363636364	False
5551	66	0.5454545454545454	True
5551	3643	0.45454545454545453	True
5551	2278	0.36363636363636365	True
5551	803	0.2727272727272727	True
5551	1160	0.18181818181818182	False
5551	3069	0.09090909090909091	True
1779	3184	0.9090909090909091	False
1779	2124	0.8181818181818182	False
1779	634	0.7272727272727273	False
1779	2518	0.6363636363636364	False
1779	751	0.5454545454545454	True
1779	253	0.45454545454545453	True
1779	3276	0.36363636363636365	True
1779	2156	0.2727272727272727	True
1779	2911	0.18181818181818182	True
1779	803	0.09090909090909091	True
4899	3184	0.9090909090909091	False
4899	2124	0.8181818181818182	False
4899	634	0.7272727272727273	False
4899	2518	0.6363636363636364	False
4899	1160	0.5454545454545454	False
4899	38	0.45454545454545453	True
4899	2729	0.36363636363636365	True
4899	2911	0.2727272727272727	True
4899	2915	0.18181818181818182	True
4899	803	0.09090909090909091	True
1971	3184	0.9090909090909091	False
1971	2124	0.8181818181818182	False
1971	2518	0.7272727272727273	False
1971	634	0.6363636363636364	False
1971	3188	0.5454545454545454	True
1971	1160	0.45454545454545453	False
1971	66	0.36363636363636365	True
1971	3636	0.2727272727272727	True
1971	1834	0.18181818181818182	True
1971	174	0.09090909090909091	True
3293	3184	0.9090909090909091	False
3293	2124	0.8181818181818182	False
3293	2518	0.7272727272727273	False
3293	634	0.6363636363636364	False
3293	1160	0.5454545454545454	False
3293	2911	0.45454545454545453	True
3293	253	0.36363636363636365	True
3293	66	0.2727272727272727	True
3293	3636	0.18181818181818182	True
3293	751	0.09090909090909091	True
