1551	3127	0.9090909090909091	False
1551	2116	0.8181818181818182	False
1551	253	0.7272727272727273	False
1551	3274	0.6363636363636364	True
1551	3215	0.5454545454545454	False
1551	317	0.45454545454545453	True
1551	3925	0.36363636363636365	False
1551	1860	0.2727272727272727	True
1551	1407	0.18181818181818182	True
1551	1806	0.09090909090909091	True
2620	253	0.9090909090909091	False
2620	2116	0.8181818181818182	False
2620	3215	0.7272727272727273	False
2620	317	0.6363636363636364	True
2620	3127	0.5454545454545454	False
2620	2995	0.45454545454545453	True
2620	3925	0.36363636363636365	False
2620	2192	0.2727272727272727	True
2620	1407	0.18181818181818182	True
2620	3274	0.09090909090909091	True
4394	2116	0.9090909090909091	False
4394	3215	0.8181818181818182	False
4394	3925	0.7272727272727273	False
4394	3127	0.6363636363636364	False
4394	253	0.5454545454545454	False
4394	3274	0.45454545454545453	True
4394	2192	0.36363636363636365	True
4394	1806	0.2727272727272727	True
4394	999	0.18181818181818182	True
4394	1860	0.09090909090909091	True
156	2116	0.9090909090909091	False
156	3215	0.8181818181818182	False
156	253	0.7272727272727273	False
156	3127	0.6363636363636364	False
156	3274	0.5454545454545454	True
156	1806	0.45454545454545453	True
156	2192	0.36363636363636365	True
156	3925	0.2727272727272727	False
156	999	0.18181818181818182	True
156	2995	0.09090909090909091	True
1711	253	0.9090909090909091	False
1711	3127	0.8181818181818182	False
1711	2116	0.7272727272727273	False
1711	3215	0.6363636363636364	False
1711	3274	0.5454545454545454	True
1711	2192	0.45454545454545453	True
1711	317	0.36363636363636365	True
1711	2995	0.2727272727272727	True
1711	999	0.18181818181818182	True
1711	1407	0.09090909090909091	True
5347	253	0.9090909090909091	False
5347	3215	0.8181818181818182	False
5347	3127	0.7272727272727273	False
5347	2116	0.6363636363636364	False
5347	3274	0.5454545454545454	True
5347	2995	0.45454545454545453	True
5347	317	0.36363636363636365	True
5347	2192	0.2727272727272727	True
5347	3925	0.18181818181818182	False
5347	1806	0.09090909090909091	True
1856	253	0.9090909090909091	False
1856	3127	0.8181818181818182	False
1856	2116	0.7272727272727273	False
1856	3215	0.6363636363636364	False
1856	999	0.5454545454545454	True
1856	3925	0.45454545454545453	False
1856	2995	0.36363636363636365	True
1856	317	0.2727272727272727	True
1856	3274	0.18181818181818182	True
1856	1860	0.09090909090909091	True
1225	2116	0.9090909090909091	False
1225	3127	0.8181818181818182	False
1225	3274	0.7272727272727273	True
1225	2192	0.6363636363636364	True
1225	3215	0.5454545454545454	False
1225	253	0.45454545454545453	False
1225	3925	0.36363636363636365	False
1225	317	0.2727272727272727	True
1225	2495	0.18181818181818182	True
1225	1806	0.09090909090909091	True
3843	253	0.9090909090909091	False
3843	3215	0.8181818181818182	False
3843	2116	0.7272727272727273	False
3843	3925	0.6363636363636364	False
3843	3274	0.5454545454545454	True
3843	3127	0.45454545454545453	False
3843	999	0.36363636363636365	True
3843	1407	0.2727272727272727	True
3843	1806	0.18181818181818182	True
3843	2995	0.09090909090909091	True
3935	3127	0.9090909090909091	False
3935	2116	0.8181818181818182	False
3935	253	0.7272727272727273	False
3935	317	0.6363636363636364	True
3935	3925	0.5454545454545454	False
3935	1860	0.45454545454545453	True
3935	3215	0.36363636363636365	False
3935	1407	0.2727272727272727	True
3935	999	0.18181818181818182	True
3935	2995	0.09090909090909091	True
1647	253	0.9090909090909091	False
1647	3127	0.8181818181818182	False
1647	2116	0.7272727272727273	False
1647	3215	0.6363636363636364	False
1647	3274	0.5454545454545454	True
1647	317	0.45454545454545453	True
1647	1860	0.36363636363636365	True
1647	3925	0.2727272727272727	False
1647	1407	0.18181818181818182	True
1647	999	0.09090909090909091	True
760	2116	0.9090909090909091	False
760	3215	0.8181818181818182	False
760	253	0.7272727272727273	False
760	3127	0.6363636363636364	False
760	3925	0.5454545454545454	False
760	999	0.45454545454545453	True
760	3274	0.36363636363636365	True
760	317	0.2727272727272727	True
760	2995	0.18181818181818182	True
760	1407	0.09090909090909091	True
2257	2116	0.9090909090909091	False
2257	3274	0.8181818181818182	True
2257	3127	0.7272727272727273	False
2257	3215	0.6363636363636364	False
2257	253	0.5454545454545454	False
2257	2192	0.45454545454545453	True
2257	3925	0.36363636363636365	False
2257	317	0.2727272727272727	True
2257	1806	0.18181818181818182	True
2257	2495	0.09090909090909091	True
5753	2116	0.9090909090909091	False
5753	2192	0.8181818181818182	True
5753	253	0.7272727272727273	False
5753	1407	0.6363636363636364	True
5753	3215	0.5454545454545454	False
5753	3274	0.45454545454545453	True
5753	3925	0.36363636363636365	False
5753	1806	0.2727272727272727	True
5753	2495	0.18181818181818182	True
5753	3127	0.09090909090909091	False
5294	253	0.9090909090909091	False
5294	3127	0.8181818181818182	False
5294	2116	0.7272727272727273	False
5294	3215	0.6363636363636364	False
5294	3925	0.5454545454545454	False
5294	1407	0.45454545454545453	True
5294	317	0.36363636363636365	True
5294	3274	0.2727272727272727	True
5294	999	0.18181818181818182	True
5294	2192	0.09090909090909091	True
3827	2116	0.9090909090909091	False
3827	3127	0.8181818181818182	False
3827	3274	0.7272727272727273	True
3827	253	0.6363636363636364	False
3827	3215	0.5454545454545454	False
3827	3925	0.45454545454545453	False
3827	1860	0.36363636363636365	True
3827	2995	0.2727272727272727	True
3827	2192	0.18181818181818182	True
3827	999	0.09090909090909091	True
4655	2116	0.9090909090909091	False
4655	3127	0.8181818181818182	False
4655	253	0.7272727272727273	False
4655	3925	0.6363636363636364	False
4655	3215	0.5454545454545454	False
4655	3274	0.45454545454545453	True
4655	317	0.36363636363636365	True
4655	2192	0.2727272727272727	True
4655	999	0.18181818181818182	True
4655	1407	0.09090909090909091	True
313	3127	0.9090909090909091	False
313	2116	0.8181818181818182	False
313	253	0.7272727272727273	False
313	3215	0.6363636363636364	False
313	3925	0.5454545454545454	False
313	317	0.45454545454545453	True
313	1407	0.36363636363636365	True
313	1860	0.2727272727272727	True
313	2192	0.18181818181818182	True
313	3274	0.09090909090909091	True
5314	3127	0.9090909090909091	False
5314	253	0.8181818181818182	False
5314	2116	0.7272727272727273	False
5314	3215	0.6363636363636364	False
5314	3925	0.5454545454545454	False
5314	3274	0.45454545454545453	True
5314	1860	0.36363636363636365	True
5314	2192	0.2727272727272727	True
5314	317	0.18181818181818182	True
5314	1806	0.09090909090909091	True
5171	2116	0.9090909090909091	False
5171	253	0.8181818181818182	False
5171	3215	0.7272727272727273	False
5171	3127	0.6363636363636364	False
5171	2192	0.5454545454545454	True
5171	3274	0.45454545454545453	True
5171	3925	0.36363636363636365	False
5171	1860	0.2727272727272727	True
5171	317	0.18181818181818182	True
5171	1407	0.09090909090909091	True
3304	253	0.9090909090909091	False
3304	3215	0.8181818181818182	False
3304	3127	0.7272727272727273	False
3304	1860	0.6363636363636364	True
3304	3274	0.5454545454545454	True
3304	2995	0.45454545454545453	True
3304	2116	0.36363636363636365	False
3304	3925	0.2727272727272727	False
3304	2192	0.18181818181818182	True
3304	317	0.09090909090909091	True
1134	253	0.9090909090909091	False
1134	3215	0.8181818181818182	False
1134	3274	0.7272727272727273	True
1134	1860	0.6363636363636364	True
1134	2192	0.5454545454545454	True
1134	2995	0.45454545454545453	True
1134	2116	0.36363636363636365	False
1134	3925	0.2727272727272727	False
1134	3127	0.18181818181818182	False
1134	317	0.09090909090909091	True
3166	2116	0.9090909090909091	False
3166	253	0.8181818181818182	False
3166	3215	0.7272727272727273	False
3166	3925	0.6363636363636364	False
3166	3127	0.5454545454545454	False
3166	317	0.45454545454545453	True
3166	1407	0.36363636363636365	True
3166	2192	0.2727272727272727	True
3166	999	0.18181818181818182	True
3166	2495	0.09090909090909091	True
2307	3127	0.9090909090909091	False
2307	253	0.8181818181818182	False
2307	2116	0.7272727272727273	False
2307	3215	0.6363636363636364	False
2307	317	0.5454545454545454	True
2307	3274	0.45454545454545453	True
2307	1806	0.36363636363636365	True
2307	1407	0.2727272727272727	True
2307	2495	0.18181818181818182	True
2307	3925	0.09090909090909091	False
3113	253	0.9090909090909091	False
3113	2116	0.8181818181818182	False
3113	3127	0.7272727272727273	False
3113	3215	0.6363636363636364	False
3113	3925	0.5454545454545454	False
3113	2995	0.45454545454545453	True
3113	999	0.36363636363636365	True
3113	3274	0.2727272727272727	True
3113	1407	0.18181818181818182	True
3113	317	0.09090909090909091	True
5239	2116	0.9090909090909091	False
5239	3127	0.8181818181818182	False
5239	253	0.7272727272727273	False
5239	3215	0.6363636363636364	False
5239	3925	0.5454545454545454	False
5239	3274	0.45454545454545453	True
5239	2995	0.36363636363636365	True
5239	1860	0.2727272727272727	True
5239	2192	0.18181818181818182	True
5239	999	0.09090909090909091	True
3571	2116	0.9090909090909091	False
3571	253	0.8181818181818182	False
3571	3274	0.7272727272727273	True
3571	3925	0.6363636363636364	False
3571	3127	0.5454545454545454	False
3571	3215	0.45454545454545453	False
3571	2192	0.36363636363636365	True
3571	2995	0.2727272727272727	True
3571	1860	0.18181818181818182	True
3571	1407	0.09090909090909091	True
5371	2116	0.9090909090909091	False
5371	253	0.8181818181818182	False
5371	3925	0.7272727272727273	False
5371	3215	0.6363636363636364	False
5371	3274	0.5454545454545454	True
5371	1860	0.45454545454545453	True
5371	2995	0.36363636363636365	True
5371	1407	0.2727272727272727	True
5371	2192	0.18181818181818182	True
5371	3127	0.09090909090909091	False
4793	3215	0.9090909090909091	False
4793	2116	0.8181818181818182	False
4793	253	0.7272727272727273	False
4793	3925	0.6363636363636364	False
4793	3127	0.5454545454545454	False
4793	3274	0.45454545454545453	True
4793	2192	0.36363636363636365	True
4793	999	0.2727272727272727	True
4793	317	0.18181818181818182	True
4793	1806	0.09090909090909091	True
4115	2116	0.9090909090909091	False
4115	3215	0.8181818181818182	False
4115	3925	0.7272727272727273	False
4115	3274	0.6363636363636364	True
4115	253	0.5454545454545454	False
4115	3127	0.45454545454545453	False
4115	1860	0.36363636363636365	True
4115	2995	0.2727272727272727	True
4115	1806	0.18181818181818182	True
4115	2192	0.09090909090909091	True
2110	2116	0.9090909090909091	False
2110	253	0.8181818181818182	False
2110	1407	0.7272727272727273	True
2110	3215	0.6363636363636364	False
2110	3274	0.5454545454545454	True
2110	3925	0.45454545454545453	False
2110	3127	0.36363636363636365	False
2110	317	0.2727272727272727	True
2110	1860	0.18181818181818182	True
2110	2495	0.09090909090909091	True
3135	253	0.9090909090909091	False
3135	3127	0.8181818181818182	False
3135	2116	0.7272727272727273	False
3135	2192	0.6363636363636364	True
3135	1806	0.5454545454545454	True
3135	3274	0.45454545454545453	True
3135	3215	0.36363636363636365	False
3135	3925	0.2727272727272727	False
3135	1407	0.18181818181818182	True
3135	317	0.09090909090909091	True
4921	2116	0.9090909090909091	False
4921	3925	0.8181818181818182	False
4921	3127	0.7272727272727273	False
4921	3215	0.6363636363636364	False
4921	999	0.5454545454545454	True
4921	253	0.45454545454545453	False
4921	1860	0.36363636363636365	True
4921	317	0.2727272727272727	True
4921	3274	0.18181818181818182	True
4921	2995	0.09090909090909091	True
1572	3127	0.9090909090909091	False
1572	3215	0.8181818181818182	False
1572	2116	0.7272727272727273	False
1572	253	0.6363636363636364	False
1572	2192	0.5454545454545454	True
1572	3274	0.45454545454545453	True
1572	3925	0.36363636363636365	False
1572	317	0.2727272727272727	True
1572	1806	0.18181818181818182	True
1572	999	0.09090909090909091	True
3760	2116	0.9090909090909091	False
3760	3925	0.8181818181818182	False
3760	3127	0.7272727272727273	False
3760	253	0.6363636363636364	False
3760	3215	0.5454545454545454	False
3760	1407	0.45454545454545453	True
3760	2192	0.36363636363636365	True
3760	3274	0.2727272727272727	True
3760	317	0.18181818181818182	True
3760	1806	0.09090909090909091	True
1682	3127	0.9090909090909091	False
1682	253	0.8181818181818182	False
1682	2116	0.7272727272727273	False
1682	317	0.6363636363636364	True
1682	3925	0.5454545454545454	False
1682	3215	0.45454545454545453	False
1682	1407	0.36363636363636365	True
1682	999	0.2727272727272727	True
1682	1860	0.18181818181818182	True
1682	1806	0.09090909090909091	True
2193	2116	0.9090909090909091	False
2193	253	0.8181818181818182	False
2193	3215	0.7272727272727273	False
2193	3274	0.6363636363636364	True
2193	3127	0.5454545454545454	False
2193	1860	0.45454545454545453	True
2193	2192	0.36363636363636365	True
2193	999	0.2727272727272727	True
2193	317	0.18181818181818182	True
2193	3925	0.09090909090909091	False
4763	2116	0.9090909090909091	False
4763	3925	0.8181818181818182	False
4763	3215	0.7272727272727273	False
4763	253	0.6363636363636364	False
4763	3127	0.5454545454545454	False
4763	1407	0.45454545454545453	True
4763	3274	0.36363636363636365	True
4763	317	0.2727272727272727	True
4763	1860	0.18181818181818182	True
4763	999	0.09090909090909091	True
593	2116	0.9090909090909091	False
593	3127	0.8181818181818182	False
593	3215	0.7272727272727273	False
593	3925	0.6363636363636364	False
593	2192	0.5454545454545454	True
593	253	0.45454545454545453	False
593	999	0.36363636363636365	True
593	3274	0.2727272727272727	True
593	317	0.18181818181818182	True
593	2495	0.09090909090909091	True
456	2116	0.9090909090909091	False
456	3925	0.8181818181818182	False
456	3215	0.7272727272727273	False
456	253	0.6363636363636364	False
456	3127	0.5454545454545454	False
456	317	0.45454545454545453	True
456	3274	0.36363636363636365	True
456	999	0.2727272727272727	True
456	1407	0.18181818181818182	True
456	1860	0.09090909090909091	True
115	2116	0.9090909090909091	False
115	3127	0.8181818181818182	False
115	3215	0.7272727272727273	False
115	3274	0.6363636363636364	True
115	253	0.5454545454545454	False
115	3925	0.45454545454545453	False
115	2192	0.36363636363636365	True
115	999	0.2727272727272727	True
115	317	0.18181818181818182	True
115	2495	0.09090909090909091	True
1145	2116	0.9090909090909091	False
1145	3127	0.8181818181818182	False
1145	3215	0.7272727272727273	False
1145	253	0.6363636363636364	False
1145	3925	0.5454545454545454	False
1145	2995	0.45454545454545453	True
1145	1860	0.36363636363636365	True
1145	3274	0.2727272727272727	True
1145	317	0.18181818181818182	True
1145	1407	0.09090909090909091	True
5797	253	0.9090909090909091	False
5797	3127	0.8181818181818182	False
5797	3215	0.7272727272727273	False
5797	3925	0.6363636363636364	False
5797	2116	0.5454545454545454	False
5797	1860	0.45454545454545453	True
5797	1407	0.36363636363636365	True
5797	317	0.2727272727272727	True
5797	1806	0.18181818181818182	True
5797	3274	0.09090909090909091	True
3646	3127	0.9090909090909091	False
3646	253	0.8181818181818182	False
3646	3215	0.7272727272727273	False
3646	2116	0.6363636363636364	False
3646	3925	0.5454545454545454	False
3646	999	0.45454545454545453	True
3646	1860	0.36363636363636365	True
3646	2995	0.2727272727272727	True
3646	2192	0.18181818181818182	True
3646	3274	0.09090909090909091	True
2173	2116	0.9090909090909091	False
2173	3215	0.8181818181818182	False
2173	253	0.7272727272727273	False
2173	3127	0.6363636363636364	False
2173	3925	0.5454545454545454	False
2173	999	0.45454545454545453	True
2173	2192	0.36363636363636365	True
2173	3274	0.2727272727272727	True
2173	1860	0.18181818181818182	True
2173	317	0.09090909090909091	True
4519	3127	0.9090909090909091	False
4519	2116	0.8181818181818182	False
4519	253	0.7272727272727273	False
4519	3274	0.6363636363636364	True
4519	2192	0.5454545454545454	True
4519	3215	0.45454545454545453	False
4519	1860	0.36363636363636365	True
4519	999	0.2727272727272727	True
4519	3925	0.18181818181818182	False
4519	2495	0.09090909090909091	True
5736	2116	0.9090909090909091	False
5736	3925	0.8181818181818182	False
5736	3215	0.7272727272727273	False
5736	3274	0.6363636363636364	True
5736	253	0.5454545454545454	False
5736	2192	0.45454545454545453	True
5736	2995	0.36363636363636365	True
5736	317	0.2727272727272727	True
5736	1407	0.18181818181818182	True
5736	2495	0.09090909090909091	True
2348	3925	0.9090909090909091	False
2348	3127	0.8181818181818182	False
2348	2116	0.7272727272727273	False
2348	3215	0.6363636363636364	False
2348	253	0.5454545454545454	False
2348	2192	0.45454545454545453	True
2348	999	0.36363636363636365	True
2348	317	0.2727272727272727	True
2348	1860	0.18181818181818182	True
2348	3274	0.09090909090909091	True
2512	3215	0.9090909090909091	False
2512	2116	0.8181818181818182	False
2512	253	0.7272727272727273	False
2512	3274	0.6363636363636364	True
2512	3127	0.5454545454545454	False
2512	2995	0.45454545454545453	True
2512	3925	0.36363636363636365	False
2512	999	0.2727272727272727	True
2512	2192	0.18181818181818182	True
2512	1806	0.09090909090909091	True
3401	2116	0.9090909090909091	False
3401	253	0.8181818181818182	False
3401	3215	0.7272727272727273	False
3401	3127	0.6363636363636364	False
3401	3274	0.5454545454545454	True
3401	3925	0.45454545454545453	False
3401	999	0.36363636363636365	True
3401	1806	0.2727272727272727	True
3401	2192	0.18181818181818182	True
3401	1407	0.09090909090909091	True
340	2116	0.9090909090909091	False
340	3127	0.8181818181818182	False
340	3215	0.7272727272727273	False
340	253	0.6363636363636364	False
340	3925	0.5454545454545454	False
340	2192	0.45454545454545453	True
340	3274	0.36363636363636365	True
340	999	0.2727272727272727	True
340	317	0.18181818181818182	True
340	1806	0.09090909090909091	True
2967	3925	0.9090909090909091	False
2967	2116	0.8181818181818182	False
2967	3215	0.7272727272727273	False
2967	253	0.6363636363636364	False
2967	3127	0.5454545454545454	False
2967	1407	0.45454545454545453	True
2967	3274	0.36363636363636365	True
2967	2192	0.2727272727272727	True
2967	317	0.18181818181818182	True
2967	1860	0.09090909090909091	True
5023	2116	0.9090909090909091	False
5023	3127	0.8181818181818182	False
5023	3925	0.7272727272727273	False
5023	253	0.6363636363636364	False
5023	2192	0.5454545454545454	True
5023	3215	0.45454545454545453	False
5023	1860	0.36363636363636365	True
5023	317	0.2727272727272727	True
5023	999	0.18181818181818182	True
5023	3274	0.09090909090909091	True
2468	253	0.9090909090909091	False
2468	2116	0.8181818181818182	False
2468	3215	0.7272727272727273	False
2468	3127	0.6363636363636364	False
2468	3274	0.5454545454545454	True
2468	3925	0.45454545454545453	False
2468	2995	0.36363636363636365	True
2468	1806	0.2727272727272727	True
2468	317	0.18181818181818182	True
2468	2192	0.09090909090909091	True
3784	253	0.9090909090909091	False
3784	3127	0.8181818181818182	False
3784	2116	0.7272727272727273	False
3784	3274	0.6363636363636364	True
3784	3215	0.5454545454545454	False
3784	2192	0.45454545454545453	True
3784	1806	0.36363636363636365	True
3784	2995	0.2727272727272727	True
3784	3925	0.18181818181818182	False
3784	1407	0.09090909090909091	True
4294	2116	0.9090909090909091	False
4294	3274	0.8181818181818182	True
4294	3215	0.7272727272727273	False
4294	999	0.6363636363636364	True
4294	3127	0.5454545454545454	False
4294	253	0.45454545454545453	False
4294	2495	0.36363636363636365	True
4294	317	0.2727272727272727	True
4294	3925	0.18181818181818182	False
4294	2192	0.09090909090909091	True
2762	3127	0.9090909090909091	False
2762	253	0.8181818181818182	False
2762	3274	0.7272727272727273	True
2762	2116	0.6363636363636364	False
2762	3215	0.5454545454545454	False
2762	1806	0.45454545454545453	True
2762	317	0.36363636363636365	True
2762	2192	0.2727272727272727	True
2762	3925	0.18181818181818182	False
2762	999	0.09090909090909091	True
1883	2116	0.9090909090909091	False
1883	3127	0.8181818181818182	False
1883	3925	0.7272727272727273	False
1883	3215	0.6363636363636364	False
1883	253	0.5454545454545454	False
1883	2192	0.45454545454545453	True
1883	1860	0.36363636363636365	True
1883	317	0.2727272727272727	True
1883	2495	0.18181818181818182	True
1883	3274	0.09090909090909091	True
962	2116	0.9090909090909091	False
962	253	0.8181818181818182	False
962	3127	0.7272727272727273	False
962	3274	0.6363636363636364	True
962	1860	0.5454545454545454	True
962	3215	0.45454545454545453	False
962	3925	0.36363636363636365	False
962	1806	0.2727272727272727	True
962	2192	0.18181818181818182	True
962	999	0.09090909090909091	True
2304	2116	0.9090909090909091	False
2304	253	0.8181818181818182	False
2304	3215	0.7272727272727273	False
2304	3925	0.6363636363636364	False
2304	1407	0.5454545454545454	True
2304	3127	0.45454545454545453	False
2304	317	0.36363636363636365	True
2304	2995	0.2727272727272727	True
2304	2192	0.18181818181818182	True
2304	1860	0.09090909090909091	True
2085	3127	0.9090909090909091	False
2085	253	0.8181818181818182	False
2085	2116	0.7272727272727273	False
2085	3925	0.6363636363636364	False
2085	1860	0.5454545454545454	True
2085	1407	0.45454545454545453	True
2085	3215	0.36363636363636365	False
2085	999	0.2727272727272727	True
2085	2192	0.18181818181818182	True
2085	317	0.09090909090909091	True
590	3127	0.9090909090909091	False
590	253	0.8181818181818182	False
590	2116	0.7272727272727273	False
590	317	0.6363636363636364	True
590	3274	0.5454545454545454	True
590	3925	0.45454545454545453	False
590	1407	0.36363636363636365	True
590	1806	0.2727272727272727	True
590	1860	0.18181818181818182	True
590	2995	0.09090909090909091	True
5394	253	0.9090909090909091	False
5394	2116	0.8181818181818182	False
5394	3127	0.7272727272727273	False
5394	3215	0.6363636363636364	False
5394	3274	0.5454545454545454	True
5394	3925	0.45454545454545453	False
5394	1407	0.36363636363636365	True
5394	2192	0.2727272727272727	True
5394	2995	0.18181818181818182	True
5394	1806	0.09090909090909091	True
1194	2116	0.9090909090909091	False
1194	3925	0.8181818181818182	False
1194	3215	0.7272727272727273	False
1194	3127	0.6363636363636364	False
1194	253	0.5454545454545454	False
1194	999	0.45454545454545453	True
1194	2192	0.36363636363636365	True
1194	3274	0.2727272727272727	True
1194	1407	0.18181818181818182	True
1194	2495	0.09090909090909091	True
5834	2116	0.9090909090909091	False
5834	3274	0.8181818181818182	True
5834	2192	0.7272727272727273	True
5834	253	0.6363636363636364	False
5834	3127	0.5454545454545454	False
5834	3215	0.45454545454545453	False
5834	999	0.36363636363636365	True
5834	1860	0.2727272727272727	True
5834	3925	0.18181818181818182	False
5834	2495	0.09090909090909091	True
3872	2116	0.9090909090909091	False
3872	3274	0.8181818181818182	True
3872	253	0.7272727272727273	False
3872	2192	0.6363636363636364	True
3872	3215	0.5454545454545454	False
3872	3127	0.45454545454545453	False
3872	1407	0.36363636363636365	True
3872	3925	0.2727272727272727	False
3872	2495	0.18181818181818182	True
3872	317	0.09090909090909091	True
2187	3127	0.9090909090909091	False
2187	2116	0.8181818181818182	False
2187	3215	0.7272727272727273	False
2187	253	0.6363636363636364	False
2187	3925	0.5454545454545454	False
2187	1860	0.45454545454545453	True
2187	999	0.36363636363636365	True
2187	2192	0.2727272727272727	True
2187	1806	0.18181818181818182	True
2187	3274	0.09090909090909091	True
4369	253	0.9090909090909091	False
4369	3127	0.8181818181818182	False
4369	3215	0.7272727272727273	False
4369	3274	0.6363636363636364	True
4369	1806	0.5454545454545454	True
4369	3925	0.45454545454545453	False
4369	1860	0.36363636363636365	True
4369	2116	0.2727272727272727	False
4369	2192	0.18181818181818182	True
4369	2995	0.09090909090909091	True
3225	2116	0.9090909090909091	False
3225	3215	0.8181818181818182	False
3225	253	0.7272727272727273	False
3225	3925	0.6363636363636364	False
3225	3274	0.5454545454545454	True
3225	3127	0.45454545454545453	False
3225	2192	0.36363636363636365	True
3225	999	0.2727272727272727	True
3225	1407	0.18181818181818182	True
3225	1860	0.09090909090909091	True
1302	253	0.9090909090909091	False
1302	2116	0.8181818181818182	False
1302	2995	0.7272727272727273	True
1302	3215	0.6363636363636364	False
1302	3274	0.5454545454545454	True
1302	3925	0.45454545454545453	False
1302	1407	0.36363636363636365	True
1302	3127	0.2727272727272727	False
1302	317	0.18181818181818182	True
1302	1860	0.09090909090909091	True
1544	3127	0.9090909090909091	False
1544	253	0.8181818181818182	False
1544	2116	0.7272727272727273	False
1544	3215	0.6363636363636364	False
1544	3925	0.5454545454545454	False
1544	317	0.45454545454545453	True
1544	1806	0.36363636363636365	True
1544	3274	0.2727272727272727	True
1544	2192	0.18181818181818182	True
1544	1407	0.09090909090909091	True
2488	2116	0.9090909090909091	False
2488	3274	0.8181818181818182	True
2488	253	0.7272727272727273	False
2488	3215	0.6363636363636364	False
2488	317	0.5454545454545454	True
2488	3127	0.45454545454545453	False
2488	2192	0.36363636363636365	True
2488	999	0.2727272727272727	True
2488	1806	0.18181818181818182	True
2488	1407	0.09090909090909091	True
3985	2116	0.9090909090909091	False
3985	253	0.8181818181818182	False
3985	3215	0.7272727272727273	False
3985	3274	0.6363636363636364	True
3985	3925	0.5454545454545454	False
3985	3127	0.45454545454545453	False
3985	2192	0.36363636363636365	True
3985	317	0.2727272727272727	True
3985	1407	0.18181818181818182	True
3985	2495	0.09090909090909091	True
5425	2116	0.9090909090909091	False
5425	3127	0.8181818181818182	False
5425	3215	0.7272727272727273	False
5425	3925	0.6363636363636364	False
5425	253	0.5454545454545454	False
5425	317	0.45454545454545453	True
5425	999	0.36363636363636365	True
5425	2192	0.2727272727272727	True
5425	1860	0.18181818181818182	True
5425	1407	0.09090909090909091	True
1118	3127	0.9090909090909091	False
1118	2116	0.8181818181818182	False
1118	253	0.7272727272727273	False
1118	3215	0.6363636363636364	False
1118	3274	0.5454545454545454	True
1118	2995	0.45454545454545453	True
1118	1860	0.36363636363636365	True
1118	3925	0.2727272727272727	False
1118	317	0.18181818181818182	True
1118	1806	0.09090909090909091	True
5285	2116	0.9090909090909091	False
5285	3127	0.8181818181818182	False
5285	3925	0.7272727272727273	False
5285	253	0.6363636363636364	False
5285	3215	0.5454545454545454	False
5285	1860	0.45454545454545453	True
5285	3274	0.36363636363636365	True
5285	317	0.2727272727272727	True
5285	2192	0.18181818181818182	True
5285	1407	0.09090909090909091	True
513	3127	0.9090909090909091	False
513	2116	0.8181818181818182	False
513	3925	0.7272727272727273	False
513	253	0.6363636363636364	False
513	3274	0.5454545454545454	True
513	3215	0.45454545454545453	False
513	1860	0.36363636363636365	True
513	317	0.2727272727272727	True
513	2192	0.18181818181818182	True
513	999	0.09090909090909091	True
5487	253	0.9090909090909091	False
5487	3127	0.8181818181818182	False
5487	3274	0.7272727272727273	True
5487	3215	0.6363636363636364	False
5487	2116	0.5454545454545454	False
5487	3925	0.45454545454545453	False
5487	317	0.36363636363636365	True
5487	1407	0.2727272727272727	True
5487	1860	0.18181818181818182	True
5487	2995	0.09090909090909091	True
5898	2116	0.9090909090909091	False
5898	253	0.8181818181818182	False
5898	3127	0.7272727272727273	False
5898	1860	0.6363636363636364	True
5898	3925	0.5454545454545454	False
5898	3215	0.45454545454545453	False
5898	2192	0.36363636363636365	True
5898	999	0.2727272727272727	True
5898	3274	0.18181818181818182	True
5898	317	0.09090909090909091	True
4397	253	0.9090909090909091	False
4397	3274	0.8181818181818182	True
4397	2116	0.7272727272727273	False
4397	3215	0.6363636363636364	False
4397	2192	0.5454545454545454	True
4397	3127	0.45454545454545453	False
4397	1860	0.36363636363636365	True
4397	3925	0.2727272727272727	False
4397	1806	0.18181818181818182	True
4397	317	0.09090909090909091	True
958	2116	0.9090909090909091	False
958	253	0.8181818181818182	False
958	3127	0.7272727272727273	False
958	3925	0.6363636363636364	False
958	3215	0.5454545454545454	False
958	1407	0.45454545454545453	True
958	317	0.36363636363636365	True
958	2192	0.2727272727272727	True
958	3274	0.18181818181818182	True
958	2495	0.09090909090909091	True
1003	2116	0.9090909090909091	False
1003	3274	0.8181818181818182	True
1003	253	0.7272727272727273	False
1003	3127	0.6363636363636364	False
1003	3215	0.5454545454545454	False
1003	2192	0.45454545454545453	True
1003	317	0.36363636363636365	True
1003	1806	0.2727272727272727	True
1003	3925	0.18181818181818182	False
1003	999	0.09090909090909091	True
806	2116	0.9090909090909091	False
806	3925	0.8181818181818182	False
806	3215	0.7272727272727273	False
806	253	0.6363636363636364	False
806	3274	0.5454545454545454	True
806	3127	0.45454545454545453	False
806	2192	0.36363636363636365	True
806	1860	0.2727272727272727	True
806	2995	0.18181818181818182	True
806	999	0.09090909090909091	True
2180	2116	0.9090909090909091	False
2180	3127	0.8181818181818182	False
2180	3925	0.7272727272727273	False
2180	317	0.6363636363636364	True
2180	3215	0.5454545454545454	False
2180	253	0.45454545454545453	False
2180	2192	0.36363636363636365	True
2180	1860	0.2727272727272727	True
2180	2495	0.18181818181818182	True
2180	1407	0.09090909090909091	True
4853	253	0.9090909090909091	False
4853	2116	0.8181818181818182	False
4853	3215	0.7272727272727273	False
4853	3925	0.6363636363636364	False
4853	3127	0.5454545454545454	False
4853	1407	0.45454545454545453	True
4853	1860	0.36363636363636365	True
4853	3274	0.2727272727272727	True
4853	317	0.18181818181818182	True
4853	1806	0.09090909090909091	True
1419	3127	0.9090909090909091	False
1419	253	0.8181818181818182	False
1419	3925	0.7272727272727273	False
1419	3215	0.6363636363636364	False
1419	2116	0.5454545454545454	False
1419	1860	0.45454545454545453	True
1419	999	0.36363636363636365	True
1419	2192	0.2727272727272727	True
1419	317	0.18181818181818182	True
1419	2995	0.09090909090909091	True
4554	2116	0.9090909090909091	False
4554	3274	0.8181818181818182	True
4554	253	0.7272727272727273	False
4554	3215	0.6363636363636364	False
4554	2192	0.5454545454545454	True
4554	3127	0.45454545454545453	False
4554	3925	0.36363636363636365	False
4554	1806	0.2727272727272727	True
4554	2495	0.18181818181818182	True
4554	999	0.09090909090909091	True
5649	2116	0.9090909090909091	False
5649	3127	0.8181818181818182	False
5649	3925	0.7272727272727273	False
5649	3215	0.6363636363636364	False
5649	253	0.5454545454545454	False
5649	999	0.45454545454545453	True
5649	1860	0.36363636363636365	True
5649	317	0.2727272727272727	True
5649	3274	0.18181818181818182	True
5649	2495	0.09090909090909091	True
643	253	0.9090909090909091	False
643	3215	0.8181818181818182	False
643	3127	0.7272727272727273	False
643	2116	0.6363636363636364	False
643	3925	0.5454545454545454	False
643	999	0.45454545454545453	True
643	1860	0.36363636363636365	True
643	3274	0.2727272727272727	True
643	2995	0.18181818181818182	True
643	317	0.09090909090909091	True
2362	253	0.9090909090909091	False
2362	3127	0.8181818181818182	False
2362	2116	0.7272727272727273	False
2362	3215	0.6363636363636364	False
2362	2192	0.5454545454545454	True
2362	3274	0.45454545454545453	True
2362	317	0.36363636363636365	True
2362	1860	0.2727272727272727	True
2362	1806	0.18181818181818182	True
2362	2995	0.09090909090909091	True
5667	253	0.9090909090909091	False
5667	2116	0.8181818181818182	False
5667	3215	0.7272727272727273	False
5667	3127	0.6363636363636364	False
5667	3925	0.5454545454545454	False
5667	2192	0.45454545454545453	True
5667	1860	0.36363636363636365	True
5667	3274	0.2727272727272727	True
5667	999	0.18181818181818182	True
5667	317	0.09090909090909091	True
5286	3127	0.9090909090909091	False
5286	2116	0.8181818181818182	False
5286	253	0.7272727272727273	False
5286	3274	0.6363636363636364	True
5286	317	0.5454545454545454	True
5286	3925	0.45454545454545453	False
5286	3215	0.36363636363636365	False
5286	1860	0.2727272727272727	True
5286	999	0.18181818181818182	True
5286	1806	0.09090909090909091	True
4970	2116	0.9090909090909091	False
4970	3925	0.8181818181818182	False
4970	3127	0.7272727272727273	False
4970	3215	0.6363636363636364	False
4970	3274	0.5454545454545454	True
4970	253	0.45454545454545453	False
4970	999	0.36363636363636365	True
4970	317	0.2727272727272727	True
4970	1407	0.18181818181818182	True
4970	2192	0.09090909090909091	True
1903	3127	0.9090909090909091	False
1903	2116	0.8181818181818182	False
1903	253	0.7272727272727273	False
1903	3215	0.6363636363636364	False
1903	3274	0.5454545454545454	True
1903	3925	0.45454545454545453	False
1903	2192	0.36363636363636365	True
1903	999	0.2727272727272727	True
1903	1860	0.18181818181818182	True
1903	317	0.09090909090909091	True
4009	2116	0.9090909090909091	False
4009	3274	0.8181818181818182	True
4009	253	0.7272727272727273	False
4009	3127	0.6363636363636364	False
4009	3215	0.5454545454545454	False
4009	2192	0.45454545454545453	True
4009	3925	0.36363636363636365	False
4009	2995	0.2727272727272727	True
4009	999	0.18181818181818182	True
4009	1860	0.09090909090909091	True
365	2116	0.9090909090909091	False
365	3127	0.8181818181818182	False
365	253	0.7272727272727273	False
365	3215	0.6363636363636364	False
365	3925	0.5454545454545454	False
365	1860	0.45454545454545453	True
365	2192	0.36363636363636365	True
365	999	0.2727272727272727	True
365	1407	0.18181818181818182	True
365	3274	0.09090909090909091	True
2428	253	0.9090909090909091	False
2428	3274	0.8181818181818182	True
2428	2116	0.7272727272727273	False
2428	3127	0.6363636363636364	False
2428	2995	0.5454545454545454	True
2428	3925	0.45454545454545453	False
2428	2192	0.36363636363636365	True
2428	3215	0.2727272727272727	False
2428	317	0.18181818181818182	True
2428	1407	0.09090909090909091	True
3307	2116	0.9090909090909091	False
3307	253	0.8181818181818182	False
3307	3925	0.7272727272727273	False
3307	3215	0.6363636363636364	False
3307	3127	0.5454545454545454	False
3307	3274	0.45454545454545453	True
3307	1860	0.36363636363636365	True
3307	1407	0.2727272727272727	True
3307	2192	0.18181818181818182	True
3307	2495	0.09090909090909091	True
1291	3274	0.9090909090909091	True
1291	2116	0.8181818181818182	False
1291	3127	0.7272727272727273	False
1291	3215	0.6363636363636364	False
1291	253	0.5454545454545454	False
1291	3925	0.45454545454545453	False
1291	2192	0.36363636363636365	True
1291	2995	0.2727272727272727	True
1291	1860	0.18181818181818182	True
1291	317	0.09090909090909091	True
