4699	3176	0.9090909090909091	False
4699	3944	0.8181818181818182	False
4699	1526	0.7272727272727273	False
4699	1288	0.6363636363636364	False
4699	2877	0.5454545454545454	True
4699	687	0.45454545454545453	True
4699	1127	0.36363636363636365	True
4699	2125	0.2727272727272727	False
4699	988	0.18181818181818182	True
4699	309	0.09090909090909091	True
4560	2125	0.9090909090909091	False
4560	2877	0.8181818181818182	True
4560	3176	0.7272727272727273	False
4560	3944	0.6363636363636364	False
4560	1288	0.5454545454545454	False
4560	1526	0.45454545454545453	False
4560	988	0.36363636363636365	True
4560	687	0.2727272727272727	True
4560	2962	0.18181818181818182	True
4560	1127	0.09090909090909091	True
1377	1526	0.9090909090909091	False
1377	3944	0.8181818181818182	False
1377	3176	0.7272727272727273	False
1377	1288	0.6363636363636364	False
1377	988	0.5454545454545454	True
1377	2125	0.45454545454545453	False
1377	687	0.36363636363636365	True
1377	2877	0.2727272727272727	True
1377	1127	0.18181818181818182	True
1377	1595	0.09090909090909091	True
5925	1526	0.9090909090909091	False
5925	3944	0.8181818181818182	False
5925	3176	0.7272727272727273	False
5925	2125	0.6363636363636364	False
5925	1288	0.5454545454545454	False
5925	2877	0.45454545454545453	True
5925	687	0.36363636363636365	True
5925	988	0.2727272727272727	True
5925	2962	0.18181818181818182	True
5925	1595	0.09090909090909091	True
5288	3944	0.9090909090909091	False
5288	3176	0.8181818181818182	False
5288	1526	0.7272727272727273	False
5288	1288	0.6363636363636364	False
5288	687	0.5454545454545454	True
5288	2125	0.45454545454545453	False
5288	988	0.36363636363636365	True
5288	2877	0.2727272727272727	True
5288	1127	0.18181818181818182	True
5288	1595	0.09090909090909091	True
5678	3944	0.9090909090909091	False
5678	1526	0.8181818181818182	False
5678	3176	0.7272727272727273	False
5678	1288	0.6363636363636364	False
5678	687	0.5454545454545454	True
5678	2877	0.45454545454545453	True
5678	2125	0.36363636363636365	False
5678	988	0.2727272727272727	True
5678	1595	0.18181818181818182	True
5678	2962	0.09090909090909091	True
3283	1526	0.9090909090909091	False
3283	2877	0.8181818181818182	True
3283	3944	0.7272727272727273	False
3283	3176	0.6363636363636364	False
3283	1288	0.5454545454545454	False
3283	2125	0.45454545454545453	False
3283	687	0.36363636363636365	True
3283	988	0.2727272727272727	True
3283	1127	0.18181818181818182	True
3283	2962	0.09090909090909091	True
1539	3944	0.9090909090909091	False
1539	1526	0.8181818181818182	False
1539	3176	0.7272727272727273	False
1539	1288	0.6363636363636364	False
1539	2877	0.5454545454545454	True
1539	988	0.45454545454545453	True
1539	2125	0.36363636363636365	False
1539	687	0.2727272727272727	True
1539	1127	0.18181818181818182	True
1539	1595	0.09090909090909091	True
1558	3944	0.9090909090909091	False
1558	3176	0.8181818181818182	False
1558	1526	0.7272727272727273	False
1558	2125	0.6363636363636364	False
1558	2877	0.5454545454545454	True
1558	1288	0.45454545454545453	False
1558	1127	0.36363636363636365	True
1558	988	0.2727272727272727	True
1558	687	0.18181818181818182	True
1558	2962	0.09090909090909091	True
1145	3944	0.9090909090909091	False
1145	1526	0.8181818181818182	False
1145	3176	0.7272727272727273	False
1145	1288	0.6363636363636364	False
1145	687	0.5454545454545454	True
1145	988	0.45454545454545453	True
1145	1127	0.36363636363636365	True
1145	2877	0.2727272727272727	True
1145	2125	0.18181818181818182	False
1145	2096	0.09090909090909091	True
386	3176	0.9090909090909091	False
386	1526	0.8181818181818182	False
386	2877	0.7272727272727273	True
386	3944	0.6363636363636364	False
386	1288	0.5454545454545454	False
386	2125	0.45454545454545453	False
386	687	0.36363636363636365	True
386	2962	0.2727272727272727	True
386	988	0.18181818181818182	True
386	1595	0.09090909090909091	True
380	1526	0.9090909090909091	False
380	3176	0.8181818181818182	False
380	3944	0.7272727272727273	False
380	1288	0.6363636363636364	False
380	2125	0.5454545454545454	False
380	988	0.45454545454545453	True
380	687	0.36363636363636365	True
380	2877	0.2727272727272727	True
380	1595	0.18181818181818182	True
380	1127	0.09090909090909091	True
318	3944	0.9090909090909091	False
318	1526	0.8181818181818182	False
318	687	0.7272727272727273	True
318	3176	0.6363636363636364	False
318	2125	0.5454545454545454	False
318	1288	0.45454545454545453	False
318	2877	0.36363636363636365	True
318	988	0.2727272727272727	True
318	1595	0.18181818181818182	True
318	2962	0.09090909090909091	True
5981	3944	0.9090909090909091	False
5981	1526	0.8181818181818182	False
5981	1288	0.7272727272727273	False
5981	3176	0.6363636363636364	False
5981	2877	0.5454545454545454	True
5981	988	0.45454545454545453	True
5981	687	0.36363636363636365	True
5981	1127	0.2727272727272727	True
5981	2125	0.18181818181818182	False
5981	309	0.09090909090909091	True
2534	3944	0.9090909090909091	False
2534	3176	0.8181818181818182	False
2534	1288	0.7272727272727273	False
2534	1526	0.6363636363636364	False
2534	2877	0.5454545454545454	True
2534	2125	0.45454545454545453	False
2534	988	0.36363636363636365	True
2534	687	0.2727272727272727	True
2534	1127	0.18181818181818182	True
2534	2096	0.09090909090909091	True
3347	1526	0.9090909090909091	False
3347	3944	0.8181818181818182	False
3347	1288	0.7272727272727273	False
3347	3176	0.6363636363636364	False
3347	687	0.5454545454545454	True
3347	2125	0.45454545454545453	False
3347	988	0.36363636363636365	True
3347	2877	0.2727272727272727	True
3347	1595	0.18181818181818182	True
3347	2962	0.09090909090909091	True
191	3944	0.9090909090909091	False
191	1526	0.8181818181818182	False
191	3176	0.7272727272727273	False
191	1288	0.6363636363636364	False
191	2877	0.5454545454545454	True
191	2125	0.45454545454545453	False
191	988	0.36363636363636365	True
191	1127	0.2727272727272727	True
191	687	0.18181818181818182	True
191	2962	0.09090909090909091	True
5599	3944	0.9090909090909091	False
5599	1288	0.8181818181818182	False
5599	1526	0.7272727272727273	False
5599	3176	0.6363636363636364	False
5599	2125	0.5454545454545454	False
5599	2877	0.45454545454545453	True
5599	988	0.36363636363636365	True
5599	687	0.2727272727272727	True
5599	1127	0.18181818181818182	True
5599	2962	0.09090909090909091	True
3167	3944	0.9090909090909091	False
3167	3176	0.8181818181818182	False
3167	1526	0.7272727272727273	False
3167	687	0.6363636363636364	True
3167	1288	0.5454545454545454	False
3167	2125	0.45454545454545453	False
3167	988	0.36363636363636365	True
3167	2877	0.2727272727272727	True
3167	1595	0.18181818181818182	True
3167	2962	0.09090909090909091	True
1731	3176	0.9090909090909091	False
1731	3944	0.8181818181818182	False
1731	1526	0.7272727272727273	False
1731	2125	0.6363636363636364	False
1731	687	0.5454545454545454	True
1731	1288	0.45454545454545453	False
1731	988	0.36363636363636365	True
1731	2877	0.2727272727272727	True
1731	1668	0.18181818181818182	True
1731	1127	0.09090909090909091	True
5530	3944	0.9090909090909091	False
5530	1526	0.8181818181818182	False
5530	3176	0.7272727272727273	False
5530	1288	0.6363636363636364	False
5530	2877	0.5454545454545454	True
5530	988	0.45454545454545453	True
5530	2125	0.36363636363636365	False
5530	687	0.2727272727272727	True
5530	1127	0.18181818181818182	True
5530	2096	0.09090909090909091	True
3610	3944	0.9090909090909091	False
3610	3176	0.8181818181818182	False
3610	1288	0.7272727272727273	False
3610	1526	0.6363636363636364	False
3610	687	0.5454545454545454	True
3610	988	0.45454545454545453	True
3610	2877	0.36363636363636365	True
3610	1127	0.2727272727272727	True
3610	2125	0.18181818181818182	False
3610	1595	0.09090909090909091	True
4152	3944	0.9090909090909091	False
4152	3176	0.8181818181818182	False
4152	1526	0.7272727272727273	False
4152	687	0.6363636363636364	True
4152	2877	0.5454545454545454	True
4152	988	0.45454545454545453	True
4152	1288	0.36363636363636365	False
4152	2125	0.2727272727272727	False
4152	1595	0.18181818181818182	True
4152	1047	0.09090909090909091	True
1167	3944	0.9090909090909091	False
1167	3176	0.8181818181818182	False
1167	1288	0.7272727272727273	False
1167	687	0.6363636363636364	True
1167	1526	0.5454545454545454	False
1167	2877	0.45454545454545453	True
1167	2125	0.36363636363636365	False
1167	988	0.2727272727272727	True
1167	1595	0.18181818181818182	True
1167	1127	0.09090909090909091	True
1970	1526	0.9090909090909091	False
1970	3944	0.8181818181818182	False
1970	2877	0.7272727272727273	True
1970	3176	0.6363636363636364	False
1970	687	0.5454545454545454	True
1970	1288	0.45454545454545453	False
1970	2125	0.36363636363636365	False
1970	988	0.2727272727272727	True
1970	1127	0.18181818181818182	True
1970	2962	0.09090909090909091	True
5484	3944	0.9090909090909091	False
5484	1526	0.8181818181818182	False
5484	1288	0.7272727272727273	False
5484	3176	0.6363636363636364	False
5484	687	0.5454545454545454	True
5484	2877	0.45454545454545453	True
5484	2125	0.36363636363636365	False
5484	988	0.2727272727272727	True
5484	1595	0.18181818181818182	True
5484	1127	0.09090909090909091	True
5072	3944	0.9090909090909091	False
5072	3176	0.8181818181818182	False
5072	1526	0.7272727272727273	False
5072	1288	0.6363636363636364	False
5072	2877	0.5454545454545454	True
5072	2125	0.45454545454545453	False
5072	687	0.36363636363636365	True
5072	988	0.2727272727272727	True
5072	2962	0.18181818181818182	True
5072	1127	0.09090909090909091	True
5412	3944	0.9090909090909091	False
5412	1526	0.8181818181818182	False
5412	3176	0.7272727272727273	False
5412	1288	0.6363636363636364	False
5412	2877	0.5454545454545454	True
5412	2125	0.45454545454545453	False
5412	687	0.36363636363636365	True
5412	988	0.2727272727272727	True
5412	1595	0.18181818181818182	True
5412	2962	0.09090909090909091	True
3256	3944	0.9090909090909091	False
3256	2125	0.8181818181818182	False
3256	1526	0.7272727272727273	False
3256	3176	0.6363636363636364	False
3256	988	0.5454545454545454	True
3256	1288	0.45454545454545453	False
3256	687	0.36363636363636365	True
3256	1127	0.2727272727272727	True
3256	1595	0.18181818181818182	True
3256	2877	0.09090909090909091	True
2407	3944	0.9090909090909091	False
2407	3176	0.8181818181818182	False
2407	1526	0.7272727272727273	False
2407	1288	0.6363636363636364	False
2407	2877	0.5454545454545454	True
2407	687	0.45454545454545453	True
2407	2125	0.36363636363636365	False
2407	1127	0.2727272727272727	True
2407	988	0.18181818181818182	True
2407	2962	0.09090909090909091	True
422	3176	0.9090909090909091	False
422	3944	0.8181818181818182	False
422	1288	0.7272727272727273	False
422	1526	0.6363636363636364	False
422	2877	0.5454545454545454	True
422	2125	0.45454545454545453	False
422	687	0.36363636363636365	True
422	988	0.2727272727272727	True
422	1595	0.18181818181818182	True
422	2962	0.09090909090909091	True
4323	3944	0.9090909090909091	False
4323	3176	0.8181818181818182	False
4323	1526	0.7272727272727273	False
4323	2125	0.6363636363636364	False
4323	1288	0.5454545454545454	False
4323	2877	0.45454545454545453	True
4323	687	0.36363636363636365	True
4323	1595	0.2727272727272727	True
4323	988	0.18181818181818182	True
4323	2962	0.09090909090909091	True
2055	3176	0.9090909090909091	False
2055	3944	0.8181818181818182	False
2055	1526	0.7272727272727273	False
2055	687	0.6363636363636364	True
2055	2125	0.5454545454545454	False
2055	2877	0.45454545454545453	True
2055	988	0.36363636363636365	True
2055	1288	0.2727272727272727	False
2055	1127	0.18181818181818182	True
2055	1668	0.09090909090909091	True
806	3944	0.9090909090909091	False
806	3176	0.8181818181818182	False
806	1526	0.7272727272727273	False
806	2125	0.6363636363636364	False
806	1288	0.5454545454545454	False
806	687	0.45454545454545453	True
806	988	0.36363636363636365	True
806	2877	0.2727272727272727	True
806	1127	0.18181818181818182	True
806	1595	0.09090909090909091	True
2404	3176	0.9090909090909091	False
2404	3944	0.8181818181818182	False
2404	2877	0.7272727272727273	True
2404	2125	0.6363636363636364	False
2404	1288	0.5454545454545454	False
2404	1526	0.45454545454545453	False
2404	988	0.36363636363636365	True
2404	687	0.2727272727272727	True
2404	2962	0.18181818181818182	True
2404	1127	0.09090909090909091	True
4844	3176	0.9090909090909091	False
4844	3944	0.8181818181818182	False
4844	2877	0.7272727272727273	True
4844	1288	0.6363636363636364	False
4844	1526	0.5454545454545454	False
4844	2125	0.45454545454545453	False
4844	988	0.36363636363636365	True
4844	687	0.2727272727272727	True
4844	1127	0.18181818181818182	True
4844	2096	0.09090909090909091	True
3896	3176	0.9090909090909091	False
3896	3944	0.8181818181818182	False
3896	1526	0.7272727272727273	False
3896	687	0.6363636363636364	True
3896	2877	0.5454545454545454	True
3896	2125	0.45454545454545453	False
3896	1288	0.36363636363636365	False
3896	988	0.2727272727272727	True
3896	1595	0.18181818181818182	True
3896	1127	0.09090909090909091	True
3993	3944	0.9090909090909091	False
3993	1288	0.8181818181818182	False
3993	3176	0.7272727272727273	False
3993	1526	0.6363636363636364	False
3993	687	0.5454545454545454	True
3993	2877	0.45454545454545453	True
3993	988	0.36363636363636365	True
3993	2125	0.2727272727272727	False
3993	1127	0.18181818181818182	True
3993	1595	0.09090909090909091	True
5363	3176	0.9090909090909091	False
5363	1288	0.8181818181818182	False
5363	3944	0.7272727272727273	False
5363	687	0.6363636363636364	True
5363	1526	0.5454545454545454	False
5363	1595	0.45454545454545453	True
5363	2125	0.36363636363636365	False
5363	2877	0.2727272727272727	True
5363	1127	0.18181818181818182	True
5363	2962	0.09090909090909091	True
3561	3944	0.9090909090909091	False
3561	988	0.8181818181818182	True
3561	1526	0.7272727272727273	False
3561	2125	0.6363636363636364	False
3561	2877	0.5454545454545454	True
3561	3176	0.45454545454545453	False
3561	1288	0.36363636363636365	False
3561	1127	0.2727272727272727	True
3561	687	0.18181818181818182	True
3561	1595	0.09090909090909091	True
3219	1526	0.9090909090909091	False
3219	3944	0.8181818181818182	False
3219	3176	0.7272727272727273	False
3219	1288	0.6363636363636364	False
3219	2877	0.5454545454545454	True
3219	2125	0.45454545454545453	False
3219	988	0.36363636363636365	True
3219	687	0.2727272727272727	True
3219	2096	0.18181818181818182	True
3219	1127	0.09090909090909091	True
5607	2877	0.9090909090909091	True
5607	3176	0.8181818181818182	False
5607	1526	0.7272727272727273	False
5607	1288	0.6363636363636364	False
5607	3944	0.5454545454545454	False
5607	687	0.45454545454545453	True
5607	2125	0.36363636363636365	False
5607	988	0.2727272727272727	True
5607	2096	0.18181818181818182	True
5607	2962	0.09090909090909091	True
3315	3176	0.9090909090909091	False
3315	3944	0.8181818181818182	False
3315	2877	0.7272727272727273	True
3315	1526	0.6363636363636364	False
3315	1288	0.5454545454545454	False
3315	2125	0.45454545454545453	False
3315	988	0.36363636363636365	True
3315	687	0.2727272727272727	True
3315	1127	0.18181818181818182	True
3315	2962	0.09090909090909091	True
3198	3944	0.9090909090909091	False
3198	1526	0.8181818181818182	False
3198	1288	0.7272727272727273	False
3198	2877	0.6363636363636364	True
3198	988	0.5454545454545454	True
3198	3176	0.45454545454545453	False
3198	2125	0.36363636363636365	False
3198	2962	0.2727272727272727	True
3198	2096	0.18181818181818182	True
3198	1127	0.09090909090909091	True
1942	3944	0.9090909090909091	False
1942	3176	0.8181818181818182	False
1942	1288	0.7272727272727273	False
1942	687	0.6363636363636364	True
1942	2125	0.5454545454545454	False
1942	1526	0.45454545454545453	False
1942	2877	0.36363636363636365	True
1942	1127	0.2727272727272727	True
1942	309	0.18181818181818182	True
1942	1595	0.09090909090909091	True
4076	3944	0.9090909090909091	False
4076	1526	0.8181818181818182	False
4076	2125	0.7272727272727273	False
4076	3176	0.6363636363636364	False
4076	2877	0.5454545454545454	True
4076	687	0.45454545454545453	True
4076	1288	0.36363636363636365	False
4076	988	0.2727272727272727	True
4076	1127	0.18181818181818182	True
4076	2962	0.09090909090909091	True
733	3944	0.9090909090909091	False
733	1526	0.8181818181818182	False
733	3176	0.7272727272727273	False
733	1288	0.6363636363636364	False
733	2877	0.5454545454545454	True
733	988	0.45454545454545453	True
733	2125	0.36363636363636365	False
733	687	0.2727272727272727	True
733	1127	0.18181818181818182	True
733	2096	0.09090909090909091	True
1029	3944	0.9090909090909091	False
1029	3176	0.8181818181818182	False
1029	1526	0.7272727272727273	False
1029	1288	0.6363636363636364	False
1029	687	0.5454545454545454	True
1029	2125	0.45454545454545453	False
1029	1127	0.36363636363636365	True
1029	2877	0.2727272727272727	True
1029	1595	0.18181818181818182	True
1029	2096	0.09090909090909091	True
5610	3176	0.9090909090909091	False
5610	1526	0.8181818181818182	False
5610	1288	0.7272727272727273	False
5610	2125	0.6363636363636364	False
5610	2877	0.5454545454545454	True
5610	3944	0.45454545454545453	False
5610	988	0.36363636363636365	True
5610	687	0.2727272727272727	True
5610	1595	0.18181818181818182	True
5610	1127	0.09090909090909091	True
3693	3944	0.9090909090909091	False
3693	1526	0.8181818181818182	False
3693	988	0.7272727272727273	True
3693	3176	0.6363636363636364	False
3693	1288	0.5454545454545454	False
3693	2125	0.45454545454545453	False
3693	2877	0.36363636363636365	True
3693	1127	0.2727272727272727	True
3693	687	0.18181818181818182	True
3693	2962	0.09090909090909091	True
1850	3944	0.9090909090909091	False
1850	1526	0.8181818181818182	False
1850	2877	0.7272727272727273	True
1850	3176	0.6363636363636364	False
1850	1288	0.5454545454545454	False
1850	687	0.45454545454545453	True
1850	2125	0.36363636363636365	False
1850	1127	0.2727272727272727	True
1850	988	0.18181818181818182	True
1850	2096	0.09090909090909091	True
2364	3944	0.9090909090909091	False
2364	3176	0.8181818181818182	False
2364	1288	0.7272727272727273	False
2364	1526	0.6363636363636364	False
2364	2125	0.5454545454545454	False
2364	988	0.45454545454545453	True
2364	2877	0.36363636363636365	True
2364	687	0.2727272727272727	True
2364	1127	0.18181818181818182	True
2364	1595	0.09090909090909091	True
119	1526	0.9090909090909091	False
119	3944	0.8181818181818182	False
119	3176	0.7272727272727273	False
119	2125	0.6363636363636364	False
119	1288	0.5454545454545454	False
119	2877	0.45454545454545453	True
119	988	0.36363636363636365	True
119	687	0.2727272727272727	True
119	2962	0.18181818181818182	True
119	2096	0.09090909090909091	True
818	3944	0.9090909090909091	False
818	1288	0.8181818181818182	False
818	1526	0.7272727272727273	False
818	988	0.6363636363636364	True
818	2125	0.5454545454545454	False
818	3176	0.45454545454545453	False
818	1127	0.36363636363636365	True
818	2877	0.2727272727272727	True
818	1595	0.18181818181818182	True
818	687	0.09090909090909091	True
4552	3944	0.9090909090909091	False
4552	1526	0.8181818181818182	False
4552	1288	0.7272727272727273	False
4552	3176	0.6363636363636364	False
4552	988	0.5454545454545454	True
4552	2877	0.45454545454545453	True
4552	1127	0.36363636363636365	True
4552	2125	0.2727272727272727	False
4552	687	0.18181818181818182	True
4552	2962	0.09090909090909091	True
1520	2877	0.9090909090909091	True
1520	3944	0.8181818181818182	False
1520	3176	0.7272727272727273	False
1520	1526	0.6363636363636364	False
1520	1288	0.5454545454545454	False
1520	2125	0.45454545454545453	False
1520	2962	0.36363636363636365	True
1520	988	0.2727272727272727	True
1520	687	0.18181818181818182	True
1520	1127	0.09090909090909091	True
4312	1526	0.9090909090909091	False
4312	3944	0.8181818181818182	False
4312	2877	0.7272727272727273	True
4312	1288	0.6363636363636364	False
4312	2125	0.5454545454545454	False
4312	3176	0.45454545454545453	False
4312	988	0.36363636363636365	True
4312	687	0.2727272727272727	True
4312	2962	0.18181818181818182	True
4312	1595	0.09090909090909091	True
3064	3944	0.9090909090909091	False
3064	3176	0.8181818181818182	False
3064	2877	0.7272727272727273	True
3064	687	0.6363636363636364	True
3064	1526	0.5454545454545454	False
3064	2125	0.45454545454545453	False
3064	988	0.36363636363636365	True
3064	1288	0.2727272727272727	False
3064	1127	0.18181818181818182	True
3064	2962	0.09090909090909091	True
1252	3944	0.9090909090909091	False
1252	3176	0.8181818181818182	False
1252	1526	0.7272727272727273	False
1252	687	0.6363636363636364	True
1252	2877	0.5454545454545454	True
1252	1288	0.45454545454545453	False
1252	2125	0.36363636363636365	False
1252	2962	0.2727272727272727	True
1252	1595	0.18181818181818182	True
1252	988	0.09090909090909091	True
2722	3944	0.9090909090909091	False
2722	3176	0.8181818181818182	False
2722	1288	0.7272727272727273	False
2722	2877	0.6363636363636364	True
2722	2125	0.5454545454545454	False
2722	1526	0.45454545454545453	False
2722	988	0.36363636363636365	True
2722	687	0.2727272727272727	True
2722	2962	0.18181818181818182	True
2722	1127	0.09090909090909091	True
4476	3944	0.9090909090909091	False
4476	3176	0.8181818181818182	False
4476	1526	0.7272727272727273	False
4476	2877	0.6363636363636364	True
4476	1288	0.5454545454545454	False
4476	988	0.45454545454545453	True
4476	687	0.36363636363636365	True
4476	2125	0.2727272727272727	False
4476	1127	0.18181818181818182	True
4476	2962	0.09090909090909091	True
2683	3944	0.9090909090909091	False
2683	1526	0.8181818181818182	False
2683	2125	0.7272727272727273	False
2683	1288	0.6363636363636364	False
2683	687	0.5454545454545454	True
2683	3176	0.45454545454545453	False
2683	2877	0.36363636363636365	True
2683	988	0.2727272727272727	True
2683	1595	0.18181818181818182	True
2683	2962	0.09090909090909091	True
1306	3944	0.9090909090909091	False
1306	3176	0.8181818181818182	False
1306	2877	0.7272727272727273	True
1306	1526	0.6363636363636364	False
1306	2125	0.5454545454545454	False
1306	687	0.45454545454545453	True
1306	1288	0.36363636363636365	False
1306	1595	0.2727272727272727	True
1306	988	0.18181818181818182	True
1306	2962	0.09090909090909091	True
5897	3944	0.9090909090909091	False
5897	1526	0.8181818181818182	False
5897	3176	0.7272727272727273	False
5897	1288	0.6363636363636364	False
5897	2125	0.5454545454545454	False
5897	988	0.45454545454545453	True
5897	2877	0.36363636363636365	True
5897	687	0.2727272727272727	True
5897	1127	0.18181818181818182	True
5897	1595	0.09090909090909091	True
4335	3176	0.9090909090909091	False
4335	3944	0.8181818181818182	False
4335	1526	0.7272727272727273	False
4335	2877	0.6363636363636364	True
4335	1288	0.5454545454545454	False
4335	687	0.45454545454545453	True
4335	2125	0.36363636363636365	False
4335	988	0.2727272727272727	True
4335	2962	0.18181818181818182	True
4335	1595	0.09090909090909091	True
1614	3944	0.9090909090909091	False
1614	3176	0.8181818181818182	False
1614	1288	0.7272727272727273	False
1614	2125	0.6363636363636364	False
1614	2877	0.5454545454545454	True
1614	1526	0.45454545454545453	False
1614	687	0.36363636363636365	True
1614	988	0.2727272727272727	True
1614	1595	0.18181818181818182	True
1614	2962	0.09090909090909091	True
4298	1526	0.9090909090909091	False
4298	3944	0.8181818181818182	False
4298	988	0.7272727272727273	True
4298	1288	0.6363636363636364	False
4298	3176	0.5454545454545454	False
4298	687	0.45454545454545453	True
4298	2125	0.36363636363636365	False
4298	1127	0.2727272727272727	True
4298	2877	0.18181818181818182	True
4298	1595	0.09090909090909091	True
5281	3176	0.9090909090909091	False
5281	3944	0.8181818181818182	False
5281	687	0.7272727272727273	True
5281	1526	0.6363636363636364	False
5281	2125	0.5454545454545454	False
5281	1288	0.45454545454545453	False
5281	988	0.36363636363636365	True
5281	2877	0.2727272727272727	True
5281	1127	0.18181818181818182	True
5281	1595	0.09090909090909091	True
5648	3944	0.9090909090909091	False
5648	2877	0.8181818181818182	True
5648	2125	0.7272727272727273	False
5648	1288	0.6363636363636364	False
5648	1526	0.5454545454545454	False
5648	3176	0.45454545454545453	False
5648	988	0.36363636363636365	True
5648	687	0.2727272727272727	True
5648	1127	0.18181818181818182	True
5648	2962	0.09090909090909091	True
5312	3944	0.9090909090909091	False
5312	1526	0.8181818181818182	False
5312	3176	0.7272727272727273	False
5312	1288	0.6363636363636364	False
5312	687	0.5454545454545454	True
5312	1127	0.45454545454545453	True
5312	2877	0.36363636363636365	True
5312	988	0.2727272727272727	True
5312	2125	0.18181818181818182	False
5312	2096	0.09090909090909091	True
3914	3944	0.9090909090909091	False
3914	1526	0.8181818181818182	False
3914	3176	0.7272727272727273	False
3914	2877	0.6363636363636364	True
3914	2125	0.5454545454545454	False
3914	1288	0.45454545454545453	False
3914	687	0.36363636363636365	True
3914	988	0.2727272727272727	True
3914	2962	0.18181818181818182	True
3914	1595	0.09090909090909091	True
133	3944	0.9090909090909091	False
133	3176	0.8181818181818182	False
133	1526	0.7272727272727273	False
133	1288	0.6363636363636364	False
133	2125	0.5454545454545454	False
133	988	0.45454545454545453	True
133	2877	0.36363636363636365	True
133	687	0.2727272727272727	True
133	1127	0.18181818181818182	True
133	2962	0.09090909090909091	True
5882	3176	0.9090909090909091	False
5882	3944	0.8181818181818182	False
5882	1526	0.7272727272727273	False
5882	1288	0.6363636363636364	False
5882	2125	0.5454545454545454	False
5882	687	0.45454545454545453	True
5882	2877	0.36363636363636365	True
5882	988	0.2727272727272727	True
5882	1127	0.18181818181818182	True
5882	2962	0.09090909090909091	True
5364	3944	0.9090909090909091	False
5364	1526	0.8181818181818182	False
5364	1288	0.7272727272727273	False
5364	3176	0.6363636363636364	False
5364	2877	0.5454545454545454	True
5364	988	0.45454545454545453	True
5364	687	0.36363636363636365	True
5364	2125	0.2727272727272727	False
5364	2962	0.18181818181818182	True
5364	309	0.09090909090909091	True
3659	3944	0.9090909090909091	False
3659	3176	0.8181818181818182	False
3659	1526	0.7272727272727273	False
3659	1288	0.6363636363636364	False
3659	687	0.5454545454545454	True
3659	2125	0.45454545454545453	False
3659	1127	0.36363636363636365	True
3659	988	0.2727272727272727	True
3659	1595	0.18181818181818182	True
3659	2877	0.09090909090909091	True
4826	3944	0.9090909090909091	False
4826	3176	0.8181818181818182	False
4826	1288	0.7272727272727273	False
4826	2877	0.6363636363636364	True
4826	1526	0.5454545454545454	False
4826	2125	0.45454545454545453	False
4826	687	0.36363636363636365	True
4826	1127	0.2727272727272727	True
4826	988	0.18181818181818182	True
4826	1595	0.09090909090909091	True
721	3944	0.9090909090909091	False
721	1526	0.8181818181818182	False
721	3176	0.7272727272727273	False
721	2125	0.6363636363636364	False
721	1288	0.5454545454545454	False
721	988	0.45454545454545453	True
721	2877	0.36363636363636365	True
721	1047	0.2727272727272727	True
721	687	0.18181818181818182	True
721	2962	0.09090909090909091	True
3843	3944	0.9090909090909091	False
3843	3176	0.8181818181818182	False
3843	1526	0.7272727272727273	False
3843	687	0.6363636363636364	True
3843	2125	0.5454545454545454	False
3843	1288	0.45454545454545453	False
3843	2877	0.36363636363636365	True
3843	1595	0.2727272727272727	True
3843	988	0.18181818181818182	True
3843	1668	0.09090909090909091	True
4869	3176	0.9090909090909091	False
4869	3944	0.8181818181818182	False
4869	2877	0.7272727272727273	True
4869	1526	0.6363636363636364	False
4869	1288	0.5454545454545454	False
4869	2125	0.45454545454545453	False
4869	988	0.36363636363636365	True
4869	687	0.2727272727272727	True
4869	1595	0.18181818181818182	True
4869	1127	0.09090909090909091	True
4359	3944	0.9090909090909091	False
4359	1526	0.8181818181818182	False
4359	2877	0.7272727272727273	True
4359	3176	0.6363636363636364	False
4359	2125	0.5454545454545454	False
4359	687	0.45454545454545453	True
4359	1288	0.36363636363636365	False
4359	988	0.2727272727272727	True
4359	2962	0.18181818181818182	True
4359	1127	0.09090909090909091	True
3865	3176	0.9090909090909091	False
3865	3944	0.8181818181818182	False
3865	1526	0.7272727272727273	False
3865	1288	0.6363636363636364	False
3865	988	0.5454545454545454	True
3865	2125	0.45454545454545453	False
3865	2877	0.36363636363636365	True
3865	687	0.2727272727272727	True
3865	2962	0.18181818181818182	True
3865	1595	0.09090909090909091	True
1351	3944	0.9090909090909091	False
1351	3176	0.8181818181818182	False
1351	2877	0.7272727272727273	True
1351	2125	0.6363636363636364	False
1351	1526	0.5454545454545454	False
1351	1288	0.45454545454545453	False
1351	1127	0.36363636363636365	True
1351	687	0.2727272727272727	True
1351	2962	0.18181818181818182	True
1351	988	0.09090909090909091	True
1282	3944	0.9090909090909091	False
1282	3176	0.8181818181818182	False
1282	687	0.7272727272727273	True
1282	1288	0.6363636363636364	False
1282	2125	0.5454545454545454	False
1282	1526	0.45454545454545453	False
1282	2877	0.36363636363636365	True
1282	988	0.2727272727272727	True
1282	1127	0.18181818181818182	True
1282	1047	0.09090909090909091	True
369	3176	0.9090909090909091	False
369	1526	0.8181818181818182	False
369	1288	0.7272727272727273	False
369	687	0.6363636363636364	True
369	2877	0.5454545454545454	True
369	988	0.45454545454545453	True
369	2125	0.36363636363636365	False
369	3944	0.2727272727272727	False
369	1595	0.18181818181818182	True
369	1127	0.09090909090909091	True
4658	3944	0.9090909090909091	False
4658	1526	0.8181818181818182	False
4658	1288	0.7272727272727273	False
4658	2877	0.6363636363636364	True
4658	988	0.5454545454545454	True
4658	3176	0.45454545454545453	False
4658	687	0.36363636363636365	True
4658	2125	0.2727272727272727	False
4658	1127	0.18181818181818182	True
4658	2962	0.09090909090909091	True
3022	3176	0.9090909090909091	False
3022	3944	0.8181818181818182	False
3022	2877	0.7272727272727273	True
3022	2125	0.6363636363636364	False
3022	1526	0.5454545454545454	False
3022	988	0.45454545454545453	True
3022	1288	0.36363636363636365	False
3022	687	0.2727272727272727	True
3022	1127	0.18181818181818182	True
3022	1595	0.09090909090909091	True
2702	3944	0.9090909090909091	False
2702	3176	0.8181818181818182	False
2702	2125	0.7272727272727273	False
2702	1526	0.6363636363636364	False
2702	1288	0.5454545454545454	False
2702	2877	0.45454545454545453	True
2702	988	0.36363636363636365	True
2702	687	0.2727272727272727	True
2702	1127	0.18181818181818182	True
2702	1595	0.09090909090909091	True
5027	3944	0.9090909090909091	False
5027	3176	0.8181818181818182	False
5027	687	0.7272727272727273	True
5027	2877	0.6363636363636364	True
5027	1526	0.5454545454545454	False
5027	2125	0.45454545454545453	False
5027	1288	0.36363636363636365	False
5027	1127	0.2727272727272727	True
5027	988	0.18181818181818182	True
5027	2962	0.09090909090909091	True
167	3944	0.9090909090909091	False
167	1526	0.8181818181818182	False
167	3176	0.7272727272727273	False
167	687	0.6363636363636364	True
167	1288	0.5454545454545454	False
167	2877	0.45454545454545453	True
167	2125	0.36363636363636365	False
167	988	0.2727272727272727	True
167	2962	0.18181818181818182	True
167	1595	0.09090909090909091	True
5316	3944	0.9090909090909091	False
5316	3176	0.8181818181818182	False
5316	1288	0.7272727272727273	False
5316	1526	0.6363636363636364	False
5316	2877	0.5454545454545454	True
5316	2125	0.45454545454545453	False
5316	988	0.36363636363636365	True
5316	687	0.2727272727272727	True
5316	1127	0.18181818181818182	True
5316	2962	0.09090909090909091	True
2577	3944	0.9090909090909091	False
2577	3176	0.8181818181818182	False
2577	1526	0.7272727272727273	False
2577	687	0.6363636363636364	True
2577	2877	0.5454545454545454	True
2577	1288	0.45454545454545453	False
2577	2125	0.36363636363636365	False
2577	2962	0.2727272727272727	True
2577	988	0.18181818181818182	True
2577	1595	0.09090909090909091	True
1402	1526	0.9090909090909091	False
1402	3944	0.8181818181818182	False
1402	988	0.7272727272727273	True
1402	1288	0.6363636363636364	False
1402	3176	0.5454545454545454	False
1402	2125	0.45454545454545453	False
1402	2877	0.36363636363636365	True
1402	687	0.2727272727272727	True
1402	1127	0.18181818181818182	True
1402	2962	0.09090909090909091	True
638	3944	0.9090909090909091	False
638	1526	0.8181818181818182	False
638	3176	0.7272727272727273	False
638	1288	0.6363636363636364	False
638	687	0.5454545454545454	True
638	988	0.45454545454545453	True
638	2125	0.36363636363636365	False
638	1127	0.2727272727272727	True
638	1595	0.18181818181818182	True
638	2877	0.09090909090909091	True
1804	3944	0.9090909090909091	False
1804	1288	0.8181818181818182	False
1804	1526	0.7272727272727273	False
1804	3176	0.6363636363636364	False
1804	1127	0.5454545454545454	True
1804	2877	0.45454545454545453	True
1804	687	0.36363636363636365	True
1804	988	0.2727272727272727	True
1804	2125	0.18181818181818182	False
1804	2096	0.09090909090909091	True
2131	1526	0.9090909090909091	False
2131	3944	0.8181818181818182	False
2131	3176	0.7272727272727273	False
2131	2877	0.6363636363636364	True
2131	1288	0.5454545454545454	False
2131	2125	0.45454545454545453	False
2131	988	0.36363636363636365	True
2131	687	0.2727272727272727	True
2131	2962	0.18181818181818182	True
2131	1595	0.09090909090909091	True
4624	3944	0.9090909090909091	False
4624	1526	0.8181818181818182	False
4624	3176	0.7272727272727273	False
4624	1288	0.6363636363636364	False
4624	2877	0.5454545454545454	True
4624	2125	0.45454545454545453	False
4624	687	0.36363636363636365	True
4624	988	0.2727272727272727	True
4624	1595	0.18181818181818182	True
4624	1127	0.09090909090909091	True
3641	3944	0.9090909090909091	False
3641	3176	0.8181818181818182	False
3641	2877	0.7272727272727273	True
3641	1526	0.6363636363636364	False
3641	1288	0.5454545454545454	False
3641	2125	0.45454545454545453	False
3641	687	0.36363636363636365	True
3641	988	0.2727272727272727	True
3641	2962	0.18181818181818182	True
3641	2096	0.09090909090909091	True
1485	3944	0.9090909090909091	False
1485	3176	0.8181818181818182	False
1485	1288	0.7272727272727273	False
1485	2125	0.6363636363636364	False
1485	2877	0.5454545454545454	True
1485	1526	0.45454545454545453	False
1485	1127	0.36363636363636365	True
1485	988	0.2727272727272727	True
1485	687	0.18181818181818182	True
1485	2962	0.09090909090909091	True
5038	3176	0.9090909090909091	False
5038	3944	0.8181818181818182	False
5038	1288	0.7272727272727273	False
5038	1526	0.6363636363636364	False
5038	687	0.5454545454545454	True
5038	2125	0.45454545454545453	False
5038	2877	0.36363636363636365	True
5038	988	0.2727272727272727	True
5038	1595	0.18181818181818182	True
5038	1127	0.09090909090909091	True
