1324	2794	0.9090909090909091	True
1324	1959	0.8181818181818182	True
1324	1353	0.7272727272727273	False
1324	3168	0.6363636363636364	True
1324	496	0.5454545454545454	False
1324	549	0.45454545454545453	False
1324	1060	0.36363636363636365	False
1324	1169	0.2727272727272727	False
1324	1286	0.18181818181818182	True
1324	333	0.09090909090909091	True
1111	2794	0.9090909090909091	True
1111	1959	0.8181818181818182	True
1111	1353	0.7272727272727273	False
1111	3168	0.6363636363636364	True
1111	496	0.5454545454545454	False
1111	549	0.45454545454545453	False
1111	1060	0.36363636363636365	False
1111	1169	0.2727272727272727	False
1111	1286	0.18181818181818182	True
1111	581	0.09090909090909091	True
3474	2794	0.9090909090909091	True
3474	1959	0.8181818181818182	True
3474	1353	0.7272727272727273	False
3474	3168	0.6363636363636364	True
3474	496	0.5454545454545454	False
3474	549	0.45454545454545453	False
3474	1060	0.36363636363636365	False
3474	1169	0.2727272727272727	False
3474	333	0.18181818181818182	True
3474	1286	0.09090909090909091	True
3508	2794	0.9090909090909091	True
3508	1959	0.8181818181818182	True
3508	1353	0.7272727272727273	False
3508	3168	0.6363636363636364	True
3508	496	0.5454545454545454	False
3508	1060	0.45454545454545453	False
3508	549	0.36363636363636365	False
3508	1169	0.2727272727272727	False
3508	1286	0.18181818181818182	True
3508	333	0.09090909090909091	True
1016	2794	0.9090909090909091	True
1016	1959	0.8181818181818182	True
1016	1353	0.7272727272727273	False
1016	3168	0.6363636363636364	True
1016	496	0.5454545454545454	False
1016	549	0.45454545454545453	False
1016	1060	0.36363636363636365	False
1016	1169	0.2727272727272727	False
1016	333	0.18181818181818182	True
1016	1286	0.09090909090909091	True
3732	2794	0.9090909090909091	True
3732	1959	0.8181818181818182	True
3732	1353	0.7272727272727273	False
3732	3168	0.6363636363636364	True
3732	496	0.5454545454545454	False
3732	549	0.45454545454545453	False
3732	1060	0.36363636363636365	False
3732	1169	0.2727272727272727	False
3732	1286	0.18181818181818182	True
3732	333	0.09090909090909091	True
1327	2794	0.9090909090909091	True
1327	1959	0.8181818181818182	True
1327	1353	0.7272727272727273	False
1327	3168	0.6363636363636364	True
1327	496	0.5454545454545454	False
1327	549	0.45454545454545453	False
1327	1060	0.36363636363636365	False
1327	1169	0.2727272727272727	False
1327	1286	0.18181818181818182	True
1327	333	0.09090909090909091	True
1491	2794	0.9090909090909091	True
1491	1959	0.8181818181818182	True
1491	1353	0.7272727272727273	False
1491	3168	0.6363636363636364	True
1491	496	0.5454545454545454	False
1491	1060	0.45454545454545453	False
1491	549	0.36363636363636365	False
1491	1169	0.2727272727272727	False
1491	1286	0.18181818181818182	True
1491	333	0.09090909090909091	True
5663	2794	0.9090909090909091	True
5663	1959	0.8181818181818182	True
5663	1353	0.7272727272727273	False
5663	3168	0.6363636363636364	True
5663	496	0.5454545454545454	False
5663	549	0.45454545454545453	False
5663	1060	0.36363636363636365	False
5663	1169	0.2727272727272727	False
5663	1286	0.18181818181818182	True
5663	581	0.09090909090909091	True
3468	2794	0.9090909090909091	True
3468	1959	0.8181818181818182	True
3468	1353	0.7272727272727273	False
3468	3168	0.6363636363636364	True
3468	496	0.5454545454545454	False
3468	549	0.45454545454545453	False
3468	1060	0.36363636363636365	False
3468	1169	0.2727272727272727	False
3468	1286	0.18181818181818182	True
3468	333	0.09090909090909091	True
4591	2794	0.9090909090909091	True
4591	1959	0.8181818181818182	True
4591	1353	0.7272727272727273	False
4591	3168	0.6363636363636364	True
4591	496	0.5454545454545454	False
4591	549	0.45454545454545453	False
4591	1060	0.36363636363636365	False
4591	1169	0.2727272727272727	False
4591	1286	0.18181818181818182	True
4591	333	0.09090909090909091	True
2409	2794	0.9090909090909091	True
2409	1959	0.8181818181818182	True
2409	1353	0.7272727272727273	False
2409	3168	0.6363636363636364	True
2409	496	0.5454545454545454	False
2409	549	0.45454545454545453	False
2409	1060	0.36363636363636365	False
2409	1169	0.2727272727272727	False
2409	1286	0.18181818181818182	True
2409	333	0.09090909090909091	True
1533	2794	0.9090909090909091	True
1533	1959	0.8181818181818182	True
1533	1353	0.7272727272727273	False
1533	3168	0.6363636363636364	True
1533	496	0.5454545454545454	False
1533	549	0.45454545454545453	False
1533	1060	0.36363636363636365	False
1533	1169	0.2727272727272727	False
1533	1286	0.18181818181818182	True
1533	333	0.09090909090909091	True
1043	2794	0.9090909090909091	True
1043	1959	0.8181818181818182	True
1043	1353	0.7272727272727273	False
1043	3168	0.6363636363636364	True
1043	496	0.5454545454545454	False
1043	549	0.45454545454545453	False
1043	1060	0.36363636363636365	False
1043	1169	0.2727272727272727	False
1043	1286	0.18181818181818182	True
1043	333	0.09090909090909091	True
356	1959	0.9090909090909091	True
356	2794	0.8181818181818182	True
356	1353	0.7272727272727273	False
356	3168	0.6363636363636364	True
356	496	0.5454545454545454	False
356	549	0.45454545454545453	False
356	1060	0.36363636363636365	False
356	1169	0.2727272727272727	False
356	333	0.18181818181818182	True
356	1286	0.09090909090909091	True
601	2794	0.9090909090909091	True
601	1959	0.8181818181818182	True
601	1353	0.7272727272727273	False
601	3168	0.6363636363636364	True
601	496	0.5454545454545454	False
601	1060	0.45454545454545453	False
601	549	0.36363636363636365	False
601	1169	0.2727272727272727	False
601	1286	0.18181818181818182	True
601	333	0.09090909090909091	True
4014	2794	0.9090909090909091	True
4014	1959	0.8181818181818182	True
4014	1353	0.7272727272727273	False
4014	3168	0.6363636363636364	True
4014	496	0.5454545454545454	False
4014	1060	0.45454545454545453	False
4014	549	0.36363636363636365	False
4014	1169	0.2727272727272727	False
4014	1286	0.18181818181818182	True
4014	333	0.09090909090909091	True
1026	2794	0.9090909090909091	True
1026	1959	0.8181818181818182	True
1026	1353	0.7272727272727273	False
1026	3168	0.6363636363636364	True
1026	496	0.5454545454545454	False
1026	549	0.45454545454545453	False
1026	1060	0.36363636363636365	False
1026	1169	0.2727272727272727	False
1026	1286	0.18181818181818182	True
1026	333	0.09090909090909091	True
1514	2794	0.9090909090909091	True
1514	1959	0.8181818181818182	True
1514	1353	0.7272727272727273	False
1514	3168	0.6363636363636364	True
1514	496	0.5454545454545454	False
1514	549	0.45454545454545453	False
1514	1060	0.36363636363636365	False
1514	1169	0.2727272727272727	False
1514	333	0.18181818181818182	True
1514	1286	0.09090909090909091	True
806	2794	0.9090909090909091	True
806	1959	0.8181818181818182	True
806	1353	0.7272727272727273	False
806	3168	0.6363636363636364	True
806	496	0.5454545454545454	False
806	549	0.45454545454545453	False
806	1060	0.36363636363636365	False
806	1169	0.2727272727272727	False
806	1286	0.18181818181818182	True
806	333	0.09090909090909091	True
1498	2794	0.9090909090909091	True
1498	1959	0.8181818181818182	True
1498	1353	0.7272727272727273	False
1498	3168	0.6363636363636364	True
1498	496	0.5454545454545454	False
1498	549	0.45454545454545453	False
1498	1060	0.36363636363636365	False
1498	1169	0.2727272727272727	False
1498	1286	0.18181818181818182	True
1498	333	0.09090909090909091	True
4947	2794	0.9090909090909091	True
4947	1959	0.8181818181818182	True
4947	1353	0.7272727272727273	False
4947	3168	0.6363636363636364	True
4947	496	0.5454545454545454	False
4947	549	0.45454545454545453	False
4947	1060	0.36363636363636365	False
4947	1169	0.2727272727272727	False
4947	1286	0.18181818181818182	True
4947	333	0.09090909090909091	True
3499	2794	0.9090909090909091	True
3499	1959	0.8181818181818182	True
3499	1353	0.7272727272727273	False
3499	3168	0.6363636363636364	True
3499	496	0.5454545454545454	False
3499	549	0.45454545454545453	False
3499	1060	0.36363636363636365	False
3499	1169	0.2727272727272727	False
3499	1286	0.18181818181818182	True
3499	333	0.09090909090909091	True
4446	2794	0.9090909090909091	True
4446	1959	0.8181818181818182	True
4446	1353	0.7272727272727273	False
4446	3168	0.6363636363636364	True
4446	496	0.5454545454545454	False
4446	549	0.45454545454545453	False
4446	1060	0.36363636363636365	False
4446	1169	0.2727272727272727	False
4446	333	0.18181818181818182	True
4446	1286	0.09090909090909091	True
4900	2794	0.9090909090909091	True
4900	1959	0.8181818181818182	True
4900	1353	0.7272727272727273	False
4900	3168	0.6363636363636364	True
4900	496	0.5454545454545454	False
4900	549	0.45454545454545453	False
4900	1060	0.36363636363636365	False
4900	1169	0.2727272727272727	False
4900	1286	0.18181818181818182	True
4900	333	0.09090909090909091	True
1569	2794	0.9090909090909091	True
1569	1959	0.8181818181818182	True
1569	1353	0.7272727272727273	False
1569	3168	0.6363636363636364	True
1569	496	0.5454545454545454	False
1569	549	0.45454545454545453	False
1569	1060	0.36363636363636365	False
1569	1169	0.2727272727272727	False
1569	1286	0.18181818181818182	True
1569	333	0.09090909090909091	True
5878	2794	0.9090909090909091	True
5878	1959	0.8181818181818182	True
5878	1353	0.7272727272727273	False
5878	3168	0.6363636363636364	True
5878	496	0.5454545454545454	False
5878	549	0.45454545454545453	False
5878	1060	0.36363636363636365	False
5878	1169	0.2727272727272727	False
5878	1286	0.18181818181818182	True
5878	333	0.09090909090909091	True
4213	2794	0.9090909090909091	True
4213	1959	0.8181818181818182	True
4213	1353	0.7272727272727273	False
4213	3168	0.6363636363636364	True
4213	496	0.5454545454545454	False
4213	549	0.45454545454545453	False
4213	1060	0.36363636363636365	False
4213	1169	0.2727272727272727	False
4213	1286	0.18181818181818182	True
4213	333	0.09090909090909091	True
4301	2794	0.9090909090909091	True
4301	1959	0.8181818181818182	True
4301	1353	0.7272727272727273	False
4301	3168	0.6363636363636364	True
4301	496	0.5454545454545454	False
4301	549	0.45454545454545453	False
4301	1060	0.36363636363636365	False
4301	1169	0.2727272727272727	False
4301	1286	0.18181818181818182	True
4301	333	0.09090909090909091	True
4703	2794	0.9090909090909091	True
4703	1959	0.8181818181818182	True
4703	1353	0.7272727272727273	False
4703	3168	0.6363636363636364	True
4703	496	0.5454545454545454	False
4703	1060	0.45454545454545453	False
4703	549	0.36363636363636365	False
4703	1169	0.2727272727272727	False
4703	1286	0.18181818181818182	True
4703	333	0.09090909090909091	True
5938	2794	0.9090909090909091	True
5938	1959	0.8181818181818182	True
5938	1353	0.7272727272727273	False
5938	3168	0.6363636363636364	True
5938	496	0.5454545454545454	False
5938	549	0.45454545454545453	False
5938	1060	0.36363636363636365	False
5938	1169	0.2727272727272727	False
5938	1286	0.18181818181818182	True
5938	333	0.09090909090909091	True
4833	2794	0.9090909090909091	True
4833	1959	0.8181818181818182	True
4833	1353	0.7272727272727273	False
4833	3168	0.6363636363636364	True
4833	496	0.5454545454545454	False
4833	549	0.45454545454545453	False
4833	1060	0.36363636363636365	False
4833	1169	0.2727272727272727	False
4833	1286	0.18181818181818182	True
4833	333	0.09090909090909091	True
612	2794	0.9090909090909091	True
612	1959	0.8181818181818182	True
612	1353	0.7272727272727273	False
612	3168	0.6363636363636364	True
612	496	0.5454545454545454	False
612	549	0.45454545454545453	False
612	1060	0.36363636363636365	False
612	1169	0.2727272727272727	False
612	1286	0.18181818181818182	True
612	333	0.09090909090909091	True
1384	2794	0.9090909090909091	True
1384	1959	0.8181818181818182	True
1384	1353	0.7272727272727273	False
1384	3168	0.6363636363636364	True
1384	496	0.5454545454545454	False
1384	1060	0.45454545454545453	False
1384	549	0.36363636363636365	False
1384	1169	0.2727272727272727	False
1384	1286	0.18181818181818182	True
1384	333	0.09090909090909091	True
4365	2794	0.9090909090909091	True
4365	1959	0.8181818181818182	True
4365	1353	0.7272727272727273	False
4365	3168	0.6363636363636364	True
4365	496	0.5454545454545454	False
4365	549	0.45454545454545453	False
4365	1060	0.36363636363636365	False
4365	1169	0.2727272727272727	False
4365	1286	0.18181818181818182	True
4365	333	0.09090909090909091	True
4864	2794	0.9090909090909091	True
4864	1959	0.8181818181818182	True
4864	1353	0.7272727272727273	False
4864	3168	0.6363636363636364	True
4864	496	0.5454545454545454	False
4864	549	0.45454545454545453	False
4864	1060	0.36363636363636365	False
4864	1169	0.2727272727272727	False
4864	1286	0.18181818181818182	True
4864	333	0.09090909090909091	True
4182	2794	0.9090909090909091	True
4182	1959	0.8181818181818182	True
4182	1353	0.7272727272727273	False
4182	3168	0.6363636363636364	True
4182	496	0.5454545454545454	False
4182	549	0.45454545454545453	False
4182	1060	0.36363636363636365	False
4182	1169	0.2727272727272727	False
4182	333	0.18181818181818182	True
4182	1286	0.09090909090909091	True
1827	2794	0.9090909090909091	True
1827	1959	0.8181818181818182	True
1827	1353	0.7272727272727273	False
1827	3168	0.6363636363636364	True
1827	496	0.5454545454545454	False
1827	549	0.45454545454545453	False
1827	1060	0.36363636363636365	False
1827	1169	0.2727272727272727	False
1827	1286	0.18181818181818182	True
1827	333	0.09090909090909091	True
3604	2794	0.9090909090909091	True
3604	1959	0.8181818181818182	True
3604	1353	0.7272727272727273	False
3604	3168	0.6363636363636364	True
3604	496	0.5454545454545454	False
3604	549	0.45454545454545453	False
3604	1060	0.36363636363636365	False
3604	1169	0.2727272727272727	False
3604	1286	0.18181818181818182	True
3604	333	0.09090909090909091	True
3629	2794	0.9090909090909091	True
3629	1959	0.8181818181818182	True
3629	1353	0.7272727272727273	False
3629	3168	0.6363636363636364	True
3629	496	0.5454545454545454	False
3629	549	0.45454545454545453	False
3629	1060	0.36363636363636365	False
3629	1169	0.2727272727272727	False
3629	1286	0.18181818181818182	True
3629	581	0.09090909090909091	True
1134	2794	0.9090909090909091	True
1134	1959	0.8181818181818182	True
1134	1353	0.7272727272727273	False
1134	3168	0.6363636363636364	True
1134	496	0.5454545454545454	False
1134	549	0.45454545454545453	False
1134	1060	0.36363636363636365	False
1134	1169	0.2727272727272727	False
1134	1286	0.18181818181818182	True
1134	333	0.09090909090909091	True
5178	2794	0.9090909090909091	True
5178	1959	0.8181818181818182	True
5178	1353	0.7272727272727273	False
5178	3168	0.6363636363636364	True
5178	496	0.5454545454545454	False
5178	549	0.45454545454545453	False
5178	1060	0.36363636363636365	False
5178	1169	0.2727272727272727	False
5178	1286	0.18181818181818182	True
5178	581	0.09090909090909091	True
5922	2794	0.9090909090909091	True
5922	1959	0.8181818181818182	True
5922	1353	0.7272727272727273	False
5922	3168	0.6363636363636364	True
5922	496	0.5454545454545454	False
5922	549	0.45454545454545453	False
5922	1060	0.36363636363636365	False
5922	1169	0.2727272727272727	False
5922	1286	0.18181818181818182	True
5922	333	0.09090909090909091	True
722	2794	0.9090909090909091	True
722	1959	0.8181818181818182	True
722	1353	0.7272727272727273	False
722	3168	0.6363636363636364	True
722	496	0.5454545454545454	False
722	1060	0.45454545454545453	False
722	549	0.36363636363636365	False
722	1169	0.2727272727272727	False
722	1286	0.18181818181818182	True
722	333	0.09090909090909091	True
5926	2794	0.9090909090909091	True
5926	1959	0.8181818181818182	True
5926	1353	0.7272727272727273	False
5926	3168	0.6363636363636364	True
5926	496	0.5454545454545454	False
5926	549	0.45454545454545453	False
5926	1060	0.36363636363636365	False
5926	1169	0.2727272727272727	False
5926	1286	0.18181818181818182	True
5926	333	0.09090909090909091	True
480	2794	0.9090909090909091	True
480	1959	0.8181818181818182	True
480	1353	0.7272727272727273	False
480	3168	0.6363636363636364	True
480	496	0.5454545454545454	False
480	1060	0.45454545454545453	False
480	549	0.36363636363636365	False
480	1169	0.2727272727272727	False
480	1286	0.18181818181818182	True
480	581	0.09090909090909091	True
4887	2794	0.9090909090909091	True
4887	1959	0.8181818181818182	True
4887	1353	0.7272727272727273	False
4887	3168	0.6363636363636364	True
4887	496	0.5454545454545454	False
4887	1060	0.45454545454545453	False
4887	549	0.36363636363636365	False
4887	1169	0.2727272727272727	False
4887	1286	0.18181818181818182	True
4887	333	0.09090909090909091	True
1626	2794	0.9090909090909091	True
1626	1959	0.8181818181818182	True
1626	1353	0.7272727272727273	False
1626	3168	0.6363636363636364	True
1626	496	0.5454545454545454	False
1626	549	0.45454545454545453	False
1626	1060	0.36363636363636365	False
1626	1169	0.2727272727272727	False
1626	1286	0.18181818181818182	True
1626	333	0.09090909090909091	True
3431	2794	0.9090909090909091	True
3431	1959	0.8181818181818182	True
3431	1353	0.7272727272727273	False
3431	3168	0.6363636363636364	True
3431	496	0.5454545454545454	False
3431	1060	0.45454545454545453	False
3431	549	0.36363636363636365	False
3431	1169	0.2727272727272727	False
3431	1286	0.18181818181818182	True
3431	581	0.09090909090909091	True
2898	2794	0.9090909090909091	True
2898	1959	0.8181818181818182	True
2898	1353	0.7272727272727273	False
2898	3168	0.6363636363636364	True
2898	496	0.5454545454545454	False
2898	549	0.45454545454545453	False
2898	1060	0.36363636363636365	False
2898	1169	0.2727272727272727	False
2898	1286	0.18181818181818182	True
2898	333	0.09090909090909091	True
4088	2794	0.9090909090909091	True
4088	1959	0.8181818181818182	True
4088	1353	0.7272727272727273	False
4088	3168	0.6363636363636364	True
4088	496	0.5454545454545454	False
4088	549	0.45454545454545453	False
4088	1060	0.36363636363636365	False
4088	1169	0.2727272727272727	False
4088	1286	0.18181818181818182	True
4088	333	0.09090909090909091	True
4533	2794	0.9090909090909091	True
4533	1959	0.8181818181818182	True
4533	1353	0.7272727272727273	False
4533	3168	0.6363636363636364	True
4533	496	0.5454545454545454	False
4533	549	0.45454545454545453	False
4533	1060	0.36363636363636365	False
4533	1169	0.2727272727272727	False
4533	1286	0.18181818181818182	True
4533	333	0.09090909090909091	True
3283	2794	0.9090909090909091	True
3283	1959	0.8181818181818182	True
3283	1353	0.7272727272727273	False
3283	3168	0.6363636363636364	True
3283	496	0.5454545454545454	False
3283	549	0.45454545454545453	False
3283	1060	0.36363636363636365	False
3283	1169	0.2727272727272727	False
3283	1286	0.18181818181818182	True
3283	333	0.09090909090909091	True
1892	2794	0.9090909090909091	True
1892	1959	0.8181818181818182	True
1892	1353	0.7272727272727273	False
1892	3168	0.6363636363636364	True
1892	496	0.5454545454545454	False
1892	549	0.45454545454545453	False
1892	1060	0.36363636363636365	False
1892	1169	0.2727272727272727	False
1892	333	0.18181818181818182	True
1892	1286	0.09090909090909091	True
1527	2794	0.9090909090909091	True
1527	1959	0.8181818181818182	True
1527	1353	0.7272727272727273	False
1527	3168	0.6363636363636364	True
1527	496	0.5454545454545454	False
1527	549	0.45454545454545453	False
1527	1060	0.36363636363636365	False
1527	1169	0.2727272727272727	False
1527	1286	0.18181818181818182	True
1527	333	0.09090909090909091	True
4530	2794	0.9090909090909091	True
4530	1959	0.8181818181818182	True
4530	1353	0.7272727272727273	False
4530	3168	0.6363636363636364	True
4530	496	0.5454545454545454	False
4530	549	0.45454545454545453	False
4530	1060	0.36363636363636365	False
4530	1169	0.2727272727272727	False
4530	1286	0.18181818181818182	True
4530	333	0.09090909090909091	True
2815	2794	0.9090909090909091	True
2815	1959	0.8181818181818182	True
2815	1353	0.7272727272727273	False
2815	3168	0.6363636363636364	True
2815	496	0.5454545454545454	False
2815	549	0.45454545454545453	False
2815	1060	0.36363636363636365	False
2815	1169	0.2727272727272727	False
2815	1286	0.18181818181818182	True
2815	333	0.09090909090909091	True
2084	2794	0.9090909090909091	True
2084	1959	0.8181818181818182	True
2084	1353	0.7272727272727273	False
2084	3168	0.6363636363636364	True
2084	496	0.5454545454545454	False
2084	549	0.45454545454545453	False
2084	1060	0.36363636363636365	False
2084	1169	0.2727272727272727	False
2084	1286	0.18181818181818182	True
2084	581	0.09090909090909091	True
5036	2794	0.9090909090909091	True
5036	1959	0.8181818181818182	True
5036	1353	0.7272727272727273	False
5036	3168	0.6363636363636364	True
5036	496	0.5454545454545454	False
5036	1060	0.45454545454545453	False
5036	549	0.36363636363636365	False
5036	1169	0.2727272727272727	False
5036	1286	0.18181818181818182	True
5036	333	0.09090909090909091	True
2925	2794	0.9090909090909091	True
2925	1959	0.8181818181818182	True
2925	1353	0.7272727272727273	False
2925	3168	0.6363636363636364	True
2925	496	0.5454545454545454	False
2925	549	0.45454545454545453	False
2925	1060	0.36363636363636365	False
2925	1169	0.2727272727272727	False
2925	1286	0.18181818181818182	True
2925	333	0.09090909090909091	True
3611	2794	0.9090909090909091	True
3611	1959	0.8181818181818182	True
3611	1353	0.7272727272727273	False
3611	3168	0.6363636363636364	True
3611	496	0.5454545454545454	False
3611	549	0.45454545454545453	False
3611	1060	0.36363636363636365	False
3611	1169	0.2727272727272727	False
3611	1286	0.18181818181818182	True
3611	333	0.09090909090909091	True
3197	2794	0.9090909090909091	True
3197	1959	0.8181818181818182	True
3197	1353	0.7272727272727273	False
3197	3168	0.6363636363636364	True
3197	496	0.5454545454545454	False
3197	549	0.45454545454545453	False
3197	1060	0.36363636363636365	False
3197	1169	0.2727272727272727	False
3197	333	0.18181818181818182	True
3197	1286	0.09090909090909091	True
1227	2794	0.9090909090909091	True
1227	1959	0.8181818181818182	True
1227	1353	0.7272727272727273	False
1227	3168	0.6363636363636364	True
1227	496	0.5454545454545454	False
1227	549	0.45454545454545453	False
1227	1060	0.36363636363636365	False
1227	1169	0.2727272727272727	False
1227	1286	0.18181818181818182	True
1227	333	0.09090909090909091	True
4127	2794	0.9090909090909091	True
4127	1959	0.8181818181818182	True
4127	1353	0.7272727272727273	False
4127	3168	0.6363636363636364	True
4127	496	0.5454545454545454	False
4127	549	0.45454545454545453	False
4127	1060	0.36363636363636365	False
4127	1169	0.2727272727272727	False
4127	1286	0.18181818181818182	True
4127	333	0.09090909090909091	True
3370	2794	0.9090909090909091	True
3370	1959	0.8181818181818182	True
3370	1353	0.7272727272727273	False
3370	3168	0.6363636363636364	True
3370	496	0.5454545454545454	False
3370	549	0.45454545454545453	False
3370	1060	0.36363636363636365	False
3370	1169	0.2727272727272727	False
3370	1286	0.18181818181818182	True
3370	333	0.09090909090909091	True
4736	2794	0.9090909090909091	True
4736	1959	0.8181818181818182	True
4736	1353	0.7272727272727273	False
4736	3168	0.6363636363636364	True
4736	496	0.5454545454545454	False
4736	549	0.45454545454545453	False
4736	1060	0.36363636363636365	False
4736	1169	0.2727272727272727	False
4736	1286	0.18181818181818182	True
4736	333	0.09090909090909091	True
3205	2794	0.9090909090909091	True
3205	1959	0.8181818181818182	True
3205	1353	0.7272727272727273	False
3205	3168	0.6363636363636364	True
3205	496	0.5454545454545454	False
3205	549	0.45454545454545453	False
3205	1060	0.36363636363636365	False
3205	1169	0.2727272727272727	False
3205	1286	0.18181818181818182	True
3205	333	0.09090909090909091	True
5649	2794	0.9090909090909091	True
5649	1959	0.8181818181818182	True
5649	1353	0.7272727272727273	False
5649	3168	0.6363636363636364	True
5649	496	0.5454545454545454	False
5649	1060	0.45454545454545453	False
5649	549	0.36363636363636365	False
5649	1169	0.2727272727272727	False
5649	333	0.18181818181818182	True
5649	1286	0.09090909090909091	True
5526	2794	0.9090909090909091	True
5526	1959	0.8181818181818182	True
5526	1353	0.7272727272727273	False
5526	3168	0.6363636363636364	True
5526	496	0.5454545454545454	False
5526	549	0.45454545454545453	False
5526	1060	0.36363636363636365	False
5526	1169	0.2727272727272727	False
5526	1286	0.18181818181818182	True
5526	333	0.09090909090909091	True
1335	2794	0.9090909090909091	True
1335	1959	0.8181818181818182	True
1335	1353	0.7272727272727273	False
1335	3168	0.6363636363636364	True
1335	496	0.5454545454545454	False
1335	549	0.45454545454545453	False
1335	1060	0.36363636363636365	False
1335	1169	0.2727272727272727	False
1335	333	0.18181818181818182	True
1335	1286	0.09090909090909091	True
4576	2794	0.9090909090909091	True
4576	1959	0.8181818181818182	True
4576	1353	0.7272727272727273	False
4576	3168	0.6363636363636364	True
4576	496	0.5454545454545454	False
4576	1060	0.45454545454545453	False
4576	549	0.36363636363636365	False
4576	1169	0.2727272727272727	False
4576	1286	0.18181818181818182	True
4576	333	0.09090909090909091	True
2070	2794	0.9090909090909091	True
2070	1959	0.8181818181818182	True
2070	1353	0.7272727272727273	False
2070	3168	0.6363636363636364	True
2070	496	0.5454545454545454	False
2070	549	0.45454545454545453	False
2070	1060	0.36363636363636365	False
2070	1169	0.2727272727272727	False
2070	1286	0.18181818181818182	True
2070	333	0.09090909090909091	True
78	2794	0.9090909090909091	True
78	1959	0.8181818181818182	True
78	1353	0.7272727272727273	False
78	3168	0.6363636363636364	True
78	496	0.5454545454545454	False
78	1060	0.45454545454545453	False
78	549	0.36363636363636365	False
78	1169	0.2727272727272727	False
78	1286	0.18181818181818182	True
78	333	0.09090909090909091	True
2580	2794	0.9090909090909091	True
2580	1959	0.8181818181818182	True
2580	1353	0.7272727272727273	False
2580	3168	0.6363636363636364	True
2580	496	0.5454545454545454	False
2580	549	0.45454545454545453	False
2580	1060	0.36363636363636365	False
2580	1169	0.2727272727272727	False
2580	1286	0.18181818181818182	True
2580	333	0.09090909090909091	True
724	2794	0.9090909090909091	True
724	1959	0.8181818181818182	True
724	1353	0.7272727272727273	False
724	3168	0.6363636363636364	True
724	496	0.5454545454545454	False
724	549	0.45454545454545453	False
724	1060	0.36363636363636365	False
724	1169	0.2727272727272727	False
724	333	0.18181818181818182	True
724	1286	0.09090909090909091	True
3323	2794	0.9090909090909091	True
3323	1959	0.8181818181818182	True
3323	1353	0.7272727272727273	False
3323	3168	0.6363636363636364	True
3323	496	0.5454545454545454	False
3323	1060	0.45454545454545453	False
3323	549	0.36363636363636365	False
3323	1169	0.2727272727272727	False
3323	1286	0.18181818181818182	True
3323	581	0.09090909090909091	True
1985	2794	0.9090909090909091	True
1985	1959	0.8181818181818182	True
1985	1353	0.7272727272727273	False
1985	3168	0.6363636363636364	True
1985	496	0.5454545454545454	False
1985	549	0.45454545454545453	False
1985	1060	0.36363636363636365	False
1985	1169	0.2727272727272727	False
1985	1286	0.18181818181818182	True
1985	581	0.09090909090909091	True
29	2794	0.9090909090909091	True
29	1959	0.8181818181818182	True
29	1353	0.7272727272727273	False
29	3168	0.6363636363636364	True
29	496	0.5454545454545454	False
29	549	0.45454545454545453	False
29	1060	0.36363636363636365	False
29	1169	0.2727272727272727	False
29	1286	0.18181818181818182	True
29	333	0.09090909090909091	True
4775	2794	0.9090909090909091	True
4775	1959	0.8181818181818182	True
4775	1353	0.7272727272727273	False
4775	3168	0.6363636363636364	True
4775	496	0.5454545454545454	False
4775	549	0.45454545454545453	False
4775	1060	0.36363636363636365	False
4775	1169	0.2727272727272727	False
4775	1286	0.18181818181818182	True
4775	333	0.09090909090909091	True
1730	2794	0.9090909090909091	True
1730	1959	0.8181818181818182	True
1730	1353	0.7272727272727273	False
1730	3168	0.6363636363636364	True
1730	496	0.5454545454545454	False
1730	549	0.45454545454545453	False
1730	1060	0.36363636363636365	False
1730	1169	0.2727272727272727	False
1730	1286	0.18181818181818182	True
1730	333	0.09090909090909091	True
1795	2794	0.9090909090909091	True
1795	1959	0.8181818181818182	True
1795	1353	0.7272727272727273	False
1795	3168	0.6363636363636364	True
1795	496	0.5454545454545454	False
1795	549	0.45454545454545453	False
1795	1060	0.36363636363636365	False
1795	1169	0.2727272727272727	False
1795	1286	0.18181818181818182	True
1795	333	0.09090909090909091	True
1931	2794	0.9090909090909091	True
1931	1959	0.8181818181818182	True
1931	1353	0.7272727272727273	False
1931	3168	0.6363636363636364	True
1931	496	0.5454545454545454	False
1931	549	0.45454545454545453	False
1931	1060	0.36363636363636365	False
1931	1169	0.2727272727272727	False
1931	1286	0.18181818181818182	True
1931	333	0.09090909090909091	True
2692	2794	0.9090909090909091	True
2692	1959	0.8181818181818182	True
2692	1353	0.7272727272727273	False
2692	3168	0.6363636363636364	True
2692	496	0.5454545454545454	False
2692	549	0.45454545454545453	False
2692	1060	0.36363636363636365	False
2692	1169	0.2727272727272727	False
2692	333	0.18181818181818182	True
2692	1286	0.09090909090909091	True
1910	2794	0.9090909090909091	True
1910	1959	0.8181818181818182	True
1910	1353	0.7272727272727273	False
1910	3168	0.6363636363636364	True
1910	496	0.5454545454545454	False
1910	549	0.45454545454545453	False
1910	1060	0.36363636363636365	False
1910	1169	0.2727272727272727	False
1910	333	0.18181818181818182	True
1910	1286	0.09090909090909091	True
4716	2794	0.9090909090909091	True
4716	1959	0.8181818181818182	True
4716	1353	0.7272727272727273	False
4716	3168	0.6363636363636364	True
4716	496	0.5454545454545454	False
4716	549	0.45454545454545453	False
4716	1060	0.36363636363636365	False
4716	1169	0.2727272727272727	False
4716	1286	0.18181818181818182	True
4716	333	0.09090909090909091	True
4121	2794	0.9090909090909091	True
4121	1959	0.8181818181818182	True
4121	1353	0.7272727272727273	False
4121	3168	0.6363636363636364	True
4121	496	0.5454545454545454	False
4121	549	0.45454545454545453	False
4121	1060	0.36363636363636365	False
4121	1169	0.2727272727272727	False
4121	1286	0.18181818181818182	True
4121	333	0.09090909090909091	True
1357	2794	0.9090909090909091	True
1357	1959	0.8181818181818182	True
1357	1353	0.7272727272727273	False
1357	3168	0.6363636363636364	True
1357	496	0.5454545454545454	False
1357	549	0.45454545454545453	False
1357	1060	0.36363636363636365	False
1357	1169	0.2727272727272727	False
1357	1286	0.18181818181818182	True
1357	581	0.09090909090909091	True
463	2794	0.9090909090909091	True
463	1959	0.8181818181818182	True
463	1353	0.7272727272727273	False
463	3168	0.6363636363636364	True
463	496	0.5454545454545454	False
463	549	0.45454545454545453	False
463	1060	0.36363636363636365	False
463	1169	0.2727272727272727	False
463	1286	0.18181818181818182	True
463	333	0.09090909090909091	True
695	2794	0.9090909090909091	True
695	1959	0.8181818181818182	True
695	1353	0.7272727272727273	False
695	3168	0.6363636363636364	True
695	496	0.5454545454545454	False
695	549	0.45454545454545453	False
695	1060	0.36363636363636365	False
695	1169	0.2727272727272727	False
695	1286	0.18181818181818182	True
695	333	0.09090909090909091	True
733	2794	0.9090909090909091	True
733	1959	0.8181818181818182	True
733	1353	0.7272727272727273	False
733	3168	0.6363636363636364	True
733	496	0.5454545454545454	False
733	549	0.45454545454545453	False
733	1060	0.36363636363636365	False
733	1169	0.2727272727272727	False
733	1286	0.18181818181818182	True
733	333	0.09090909090909091	True
5418	2794	0.9090909090909091	True
5418	1959	0.8181818181818182	True
5418	1353	0.7272727272727273	False
5418	3168	0.6363636363636364	True
5418	496	0.5454545454545454	False
5418	549	0.45454545454545453	False
5418	1060	0.36363636363636365	False
5418	1169	0.2727272727272727	False
5418	1286	0.18181818181818182	True
5418	333	0.09090909090909091	True
5402	2794	0.9090909090909091	True
5402	1959	0.8181818181818182	True
5402	1353	0.7272727272727273	False
5402	3168	0.6363636363636364	True
5402	496	0.5454545454545454	False
5402	549	0.45454545454545453	False
5402	1060	0.36363636363636365	False
5402	1169	0.2727272727272727	False
5402	1286	0.18181818181818182	True
5402	333	0.09090909090909091	True
2689	2794	0.9090909090909091	True
2689	1959	0.8181818181818182	True
2689	1353	0.7272727272727273	False
2689	3168	0.6363636363636364	True
2689	496	0.5454545454545454	False
2689	549	0.45454545454545453	False
2689	1060	0.36363636363636365	False
2689	1169	0.2727272727272727	False
2689	1286	0.18181818181818182	True
2689	333	0.09090909090909091	True
4740	2794	0.9090909090909091	True
4740	1959	0.8181818181818182	True
4740	1353	0.7272727272727273	False
4740	3168	0.6363636363636364	True
4740	496	0.5454545454545454	False
4740	549	0.45454545454545453	False
4740	1060	0.36363636363636365	False
4740	1169	0.2727272727272727	False
4740	1286	0.18181818181818182	True
4740	581	0.09090909090909091	True
2516	2794	0.9090909090909091	True
2516	1959	0.8181818181818182	True
2516	1353	0.7272727272727273	False
2516	3168	0.6363636363636364	True
2516	496	0.5454545454545454	False
2516	549	0.45454545454545453	False
2516	1060	0.36363636363636365	False
2516	1169	0.2727272727272727	False
2516	1286	0.18181818181818182	True
2516	333	0.09090909090909091	True
959	2794	0.9090909090909091	True
959	1959	0.8181818181818182	True
959	1353	0.7272727272727273	False
959	3168	0.6363636363636364	True
959	496	0.5454545454545454	False
959	549	0.45454545454545453	False
959	1060	0.36363636363636365	False
959	1169	0.2727272727272727	False
959	1286	0.18181818181818182	True
959	333	0.09090909090909091	True
5509	2794	0.9090909090909091	True
5509	1959	0.8181818181818182	True
5509	1353	0.7272727272727273	False
5509	3168	0.6363636363636364	True
5509	496	0.5454545454545454	False
5509	1060	0.45454545454545453	False
5509	549	0.36363636363636365	False
5509	1169	0.2727272727272727	False
5509	1286	0.18181818181818182	True
5509	333	0.09090909090909091	True
2284	2794	0.9090909090909091	True
2284	1959	0.8181818181818182	True
2284	1353	0.7272727272727273	False
2284	3168	0.6363636363636364	True
2284	496	0.5454545454545454	False
2284	549	0.45454545454545453	False
2284	1060	0.36363636363636365	False
2284	1169	0.2727272727272727	False
2284	333	0.18181818181818182	True
2284	1286	0.09090909090909091	True
5521	2794	0.9090909090909091	True
5521	1959	0.8181818181818182	True
5521	1353	0.7272727272727273	False
5521	3168	0.6363636363636364	True
5521	496	0.5454545454545454	False
5521	549	0.45454545454545453	False
5521	1060	0.36363636363636365	False
5521	1169	0.2727272727272727	False
5521	1286	0.18181818181818182	True
5521	333	0.09090909090909091	True
