1153	3077	0.9090909090909091	False
1153	3807	0.8181818181818182	False
1153	2329	0.7272727272727273	False
1153	234	0.6363636363636364	False
1153	1875	0.5454545454545454	False
1153	2028	0.45454545454545453	True
1153	2615	0.36363636363636365	True
1153	3050	0.2727272727272727	True
1153	3178	0.18181818181818182	True
1153	687	0.09090909090909091	True
1510	3077	0.9090909090909091	False
1510	3807	0.8181818181818182	False
1510	2329	0.7272727272727273	False
1510	234	0.6363636363636364	False
1510	1875	0.5454545454545454	False
1510	2615	0.45454545454545453	True
1510	2028	0.36363636363636365	True
1510	741	0.2727272727272727	True
1510	175	0.18181818181818182	True
1510	2752	0.09090909090909091	True
1815	3077	0.9090909090909091	False
1815	3807	0.8181818181818182	False
1815	2329	0.7272727272727273	False
1815	234	0.6363636363636364	False
1815	1875	0.5454545454545454	False
1815	741	0.45454545454545453	True
1815	2428	0.36363636363636365	True
1815	3324	0.2727272727272727	True
1815	3050	0.18181818181818182	True
1815	2207	0.09090909090909091	True
5171	3077	0.9090909090909091	False
5171	3807	0.8181818181818182	False
5171	2329	0.7272727272727273	False
5171	1875	0.6363636363636364	False
5171	234	0.5454545454545454	False
5171	2615	0.45454545454545453	True
5171	2287	0.36363636363636365	True
5171	965	0.2727272727272727	True
5171	2324	0.18181818181818182	True
5171	3377	0.09090909090909091	True
1293	3077	0.9090909090909091	False
1293	3807	0.8181818181818182	False
1293	1875	0.7272727272727273	False
1293	2329	0.6363636363636364	False
1293	234	0.5454545454545454	False
1293	741	0.45454545454545453	True
1293	2028	0.36363636363636365	True
1293	2615	0.2727272727272727	True
1293	687	0.18181818181818182	True
1293	3050	0.09090909090909091	True
2458	3077	0.9090909090909091	False
2458	3807	0.8181818181818182	False
2458	2329	0.7272727272727273	False
2458	1875	0.6363636363636364	False
2458	234	0.5454545454545454	False
2458	3050	0.45454545454545453	True
2458	741	0.36363636363636365	True
2458	2287	0.2727272727272727	True
2458	3178	0.18181818181818182	True
2458	965	0.09090909090909091	True
561	3077	0.9090909090909091	False
561	3807	0.8181818181818182	False
561	234	0.7272727272727273	False
561	1875	0.6363636363636364	False
561	741	0.5454545454545454	True
561	3050	0.45454545454545453	True
561	2723	0.36363636363636365	True
561	2207	0.2727272727272727	True
561	1285	0.18181818181818182	True
561	639	0.09090909090909091	True
4600	3077	0.9090909090909091	False
4600	3807	0.8181818181818182	False
4600	2329	0.7272727272727273	False
4600	234	0.6363636363636364	False
4600	1875	0.5454545454545454	False
4600	741	0.45454545454545453	True
4600	1051	0.36363636363636365	True
4600	965	0.2727272727272727	True
4600	175	0.18181818181818182	True
4600	2440	0.09090909090909091	True
4298	3077	0.9090909090909091	False
4298	3807	0.8181818181818182	False
4298	2329	0.7272727272727273	False
4298	234	0.6363636363636364	False
4298	1875	0.5454545454545454	False
4298	2440	0.45454545454545453	True
4298	687	0.36363636363636365	True
4298	2287	0.2727272727272727	True
4298	3050	0.18181818181818182	True
4298	2615	0.09090909090909091	True
820	3077	0.9090909090909091	False
820	3807	0.8181818181818182	False
820	2329	0.7272727272727273	False
820	1875	0.6363636363636364	False
820	234	0.5454545454545454	False
820	741	0.45454545454545453	True
820	687	0.36363636363636365	True
820	3050	0.2727272727272727	True
820	1881	0.18181818181818182	True
820	3324	0.09090909090909091	True
5898	3077	0.9090909090909091	False
5898	3807	0.8181818181818182	False
5898	2329	0.7272727272727273	False
5898	234	0.6363636363636364	False
5898	1500	0.5454545454545454	True
5898	2510	0.45454545454545453	True
5898	2324	0.36363636363636365	True
5898	1875	0.2727272727272727	False
5898	2493	0.18181818181818182	True
5898	639	0.09090909090909091	True
3930	3077	0.9090909090909091	False
3930	3807	0.8181818181818182	False
3930	2329	0.7272727272727273	False
3930	234	0.6363636363636364	False
3930	1875	0.5454545454545454	False
3930	175	0.45454545454545453	True
3930	2287	0.36363636363636365	True
3930	3377	0.2727272727272727	True
3930	3282	0.18181818181818182	True
3930	2510	0.09090909090909091	True
2285	3077	0.9090909090909091	False
2285	3807	0.8181818181818182	False
2285	1875	0.7272727272727273	False
2285	2329	0.6363636363636364	False
2285	234	0.5454545454545454	False
2285	3050	0.45454545454545453	True
2285	2615	0.36363636363636365	True
2285	2510	0.2727272727272727	True
2285	2324	0.18181818181818182	True
2285	687	0.09090909090909091	True
3015	3077	0.9090909090909091	False
3015	3807	0.8181818181818182	False
3015	1875	0.7272727272727273	False
3015	2329	0.6363636363636364	False
3015	3178	0.5454545454545454	True
3015	2824	0.45454545454545453	True
3015	2028	0.36363636363636365	True
3015	2324	0.2727272727272727	True
3015	965	0.18181818181818182	True
3015	3050	0.09090909090909091	True
4249	3077	0.9090909090909091	False
4249	3807	0.8181818181818182	False
4249	2329	0.7272727272727273	False
4249	234	0.6363636363636364	False
4249	2324	0.5454545454545454	True
4249	2287	0.45454545454545453	True
4249	1875	0.36363636363636365	False
4249	1500	0.2727272727272727	True
4249	965	0.18181818181818182	True
4249	2510	0.09090909090909091	True
5161	3077	0.9090909090909091	False
5161	3807	0.8181818181818182	False
5161	234	0.7272727272727273	False
5161	2329	0.6363636363636364	False
5161	2028	0.5454545454545454	True
5161	3513	0.45454545454545453	True
5161	2287	0.36363636363636365	True
5161	687	0.2727272727272727	True
5161	2493	0.18181818181818182	True
5161	3377	0.09090909090909091	True
5706	3077	0.9090909090909091	False
5706	3807	0.8181818181818182	False
5706	2329	0.7272727272727273	False
5706	234	0.6363636363636364	False
5706	2028	0.5454545454545454	True
5706	3050	0.45454545454545453	True
5706	1600	0.36363636363636365	True
5706	2324	0.2727272727272727	True
5706	741	0.18181818181818182	True
5706	2824	0.09090909090909091	True
5948	3077	0.9090909090909091	False
5948	3807	0.8181818181818182	False
5948	2329	0.7272727272727273	False
5948	234	0.6363636363636364	False
5948	3050	0.5454545454545454	True
5948	1600	0.45454545454545453	True
5948	741	0.36363636363636365	True
5948	2287	0.2727272727272727	True
5948	1285	0.18181818181818182	True
5948	2028	0.09090909090909091	True
1784	3077	0.9090909090909091	False
1784	3807	0.8181818181818182	False
1784	2329	0.7272727272727273	False
1784	1875	0.6363636363636364	False
1784	234	0.5454545454545454	False
1784	3050	0.45454545454545453	True
1784	2615	0.36363636363636365	True
1784	2028	0.2727272727272727	True
1784	2824	0.18181818181818182	True
1784	741	0.09090909090909091	True
1487	3077	0.9090909090909091	False
1487	3807	0.8181818181818182	False
1487	2329	0.7272727272727273	False
1487	234	0.6363636363636364	False
1487	1875	0.5454545454545454	False
1487	2028	0.45454545454545453	True
1487	2615	0.36363636363636365	True
1487	3841	0.2727272727272727	True
1487	1285	0.18181818181818182	True
1487	2287	0.09090909090909091	True
3285	3807	0.9090909090909091	False
3285	3077	0.8181818181818182	False
3285	234	0.7272727272727273	False
3285	2329	0.6363636363636364	False
3285	175	0.5454545454545454	True
3285	1875	0.45454545454545453	False
3285	2440	0.36363636363636365	True
3285	741	0.2727272727272727	True
3285	1051	0.18181818181818182	True
3285	1882	0.09090909090909091	True
2786	3077	0.9090909090909091	False
2786	3807	0.8181818181818182	False
2786	234	0.7272727272727273	False
2786	2329	0.6363636363636364	False
2786	1875	0.5454545454545454	False
2786	175	0.45454545454545453	True
2786	687	0.36363636363636365	True
2786	741	0.2727272727272727	True
2786	2493	0.18181818181818182	True
2786	639	0.09090909090909091	True
3932	3077	0.9090909090909091	False
3932	3807	0.8181818181818182	False
3932	2329	0.7272727272727273	False
3932	234	0.6363636363636364	False
3932	1875	0.5454545454545454	False
3932	741	0.45454545454545453	True
3932	3050	0.36363636363636365	True
3932	3324	0.2727272727272727	True
3932	2615	0.18181818181818182	True
3932	2689	0.09090909090909091	True
183	3077	0.9090909090909091	False
183	3807	0.8181818181818182	False
183	1875	0.7272727272727273	False
183	234	0.6363636363636364	False
183	2287	0.5454545454545454	True
183	741	0.45454545454545453	True
183	2615	0.36363636363636365	True
183	3050	0.2727272727272727	True
183	2128	0.18181818181818182	True
183	116	0.09090909090909091	True
5972	3807	0.9090909090909091	False
5972	2329	0.8181818181818182	False
5972	234	0.7272727272727273	False
5972	1875	0.6363636363636364	False
5972	2510	0.5454545454545454	True
5972	2287	0.45454545454545453	True
5972	1053	0.36363636363636365	True
5972	2824	0.2727272727272727	True
5972	1500	0.18181818181818182	True
5972	3050	0.09090909090909091	True
983	3077	0.9090909090909091	False
983	3807	0.8181818181818182	False
983	234	0.7272727272727273	False
983	2329	0.6363636363636364	False
983	741	0.5454545454545454	True
983	2028	0.45454545454545453	True
983	1875	0.36363636363636365	False
983	2824	0.2727272727272727	True
983	1500	0.18181818181818182	True
983	2593	0.09090909090909091	True
3879	3077	0.9090909090909091	False
3879	3807	0.8181818181818182	False
3879	1875	0.7272727272727273	False
3879	2329	0.6363636363636364	False
3879	741	0.5454545454545454	True
3879	234	0.45454545454545453	False
3879	2593	0.36363636363636365	True
3879	3050	0.2727272727272727	True
3879	2287	0.18181818181818182	True
3879	687	0.09090909090909091	True
1164	3077	0.9090909090909091	False
1164	3807	0.8181818181818182	False
1164	2329	0.7272727272727273	False
1164	234	0.6363636363636364	False
1164	1875	0.5454545454545454	False
1164	965	0.45454545454545453	True
1164	2824	0.36363636363636365	True
1164	2324	0.2727272727272727	True
1164	2287	0.18181818181818182	True
1164	3050	0.09090909090909091	True
922	3077	0.9090909090909091	False
922	3807	0.8181818181818182	False
922	234	0.7272727272727273	False
922	2329	0.6363636363636364	False
922	741	0.5454545454545454	True
922	1875	0.45454545454545453	False
922	2028	0.36363636363636365	True
922	3050	0.2727272727272727	True
922	1285	0.18181818181818182	True
922	2287	0.09090909090909091	True
1562	3077	0.9090909090909091	False
1562	3807	0.8181818181818182	False
1562	2329	0.7272727272727273	False
1562	234	0.6363636363636364	False
1562	2824	0.5454545454545454	True
1562	1875	0.45454545454545453	False
1562	3050	0.36363636363636365	True
1562	965	0.2727272727272727	True
1562	2287	0.18181818181818182	True
1562	741	0.09090909090909091	True
3604	3077	0.9090909090909091	False
3604	3807	0.8181818181818182	False
3604	234	0.7272727272727273	False
3604	1875	0.6363636363636364	False
3604	2329	0.5454545454545454	False
3604	687	0.45454545454545453	True
3604	3050	0.36363636363636365	True
3604	2324	0.2727272727272727	True
3604	2028	0.18181818181818182	True
3604	2287	0.09090909090909091	True
1715	3077	0.9090909090909091	False
1715	3807	0.8181818181818182	False
1715	1875	0.7272727272727273	False
1715	2329	0.6363636363636364	False
1715	234	0.5454545454545454	False
1715	2287	0.45454545454545453	True
1715	687	0.36363636363636365	True
1715	2615	0.2727272727272727	True
1715	3050	0.18181818181818182	True
1715	3377	0.09090909090909091	True
919	3077	0.9090909090909091	False
919	3807	0.8181818181818182	False
919	2329	0.7272727272727273	False
919	234	0.6363636363636364	False
919	1875	0.5454545454545454	False
919	2824	0.45454545454545453	True
919	2028	0.36363636363636365	True
919	1881	0.2727272727272727	True
919	2324	0.18181818181818182	True
919	741	0.09090909090909091	True
2961	3077	0.9090909090909091	False
2961	3807	0.8181818181818182	False
2961	2329	0.7272727272727273	False
2961	234	0.6363636363636364	False
2961	1875	0.5454545454545454	False
2961	2510	0.45454545454545453	True
2961	2287	0.36363636363636365	True
2961	2324	0.2727272727272727	True
2961	1500	0.18181818181818182	True
2961	3050	0.09090909090909091	True
2274	3077	0.9090909090909091	False
2274	3807	0.8181818181818182	False
2274	2329	0.7272727272727273	False
2274	1875	0.6363636363636364	False
2274	234	0.5454545454545454	False
2274	3178	0.45454545454545453	True
2274	2324	0.36363636363636365	True
2274	741	0.2727272727272727	True
2274	2615	0.18181818181818182	True
2274	2510	0.09090909090909091	True
5272	3077	0.9090909090909091	False
5272	3807	0.8181818181818182	False
5272	2329	0.7272727272727273	False
5272	234	0.6363636363636364	False
5272	3050	0.5454545454545454	True
5272	1875	0.45454545454545453	False
5272	741	0.36363636363636365	True
5272	2028	0.2727272727272727	True
5272	2287	0.18181818181818182	True
5272	1600	0.09090909090909091	True
1866	3077	0.9090909090909091	False
1866	3807	0.8181818181818182	False
1866	2329	0.7272727272727273	False
1866	234	0.6363636363636364	False
1866	1875	0.5454545454545454	False
1866	3050	0.45454545454545453	True
1866	1500	0.36363636363636365	True
1866	2028	0.2727272727272727	True
1866	2824	0.18181818181818182	True
1866	2593	0.09090909090909091	True
2887	3077	0.9090909090909091	False
2887	3807	0.8181818181818182	False
2887	2329	0.7272727272727273	False
2887	1875	0.6363636363636364	False
2887	2324	0.5454545454545454	True
2887	234	0.45454545454545453	False
2887	3050	0.36363636363636365	True
2887	1600	0.2727272727272727	True
2887	741	0.18181818181818182	True
2887	3324	0.09090909090909091	True
1947	3077	0.9090909090909091	False
1947	3807	0.8181818181818182	False
1947	2329	0.7272727272727273	False
1947	234	0.6363636363636364	False
1947	3841	0.5454545454545454	True
1947	1875	0.45454545454545453	False
1947	965	0.36363636363636365	True
1947	2028	0.2727272727272727	True
1947	3050	0.18181818181818182	True
1947	2324	0.09090909090909091	True
1712	3077	0.9090909090909091	False
1712	3807	0.8181818181818182	False
1712	2329	0.7272727272727273	False
1712	234	0.6363636363636364	False
1712	741	0.5454545454545454	True
1712	1875	0.45454545454545453	False
1712	2824	0.36363636363636365	True
1712	2324	0.2727272727272727	True
1712	3050	0.18181818181818182	True
1712	175	0.09090909090909091	True
2281	3077	0.9090909090909091	False
2281	3807	0.8181818181818182	False
2281	234	0.7272727272727273	False
2281	1875	0.6363636363636364	False
2281	2329	0.5454545454545454	False
2281	687	0.45454545454545453	True
2281	2493	0.36363636363636365	True
2281	2824	0.2727272727272727	True
2281	2028	0.18181818181818182	True
2281	2324	0.09090909090909091	True
2580	3077	0.9090909090909091	False
2580	3807	0.8181818181818182	False
2580	1875	0.7272727272727273	False
2580	2329	0.6363636363636364	False
2580	234	0.5454545454545454	False
2580	2207	0.45454545454545453	True
2580	2615	0.36363636363636365	True
2580	741	0.2727272727272727	True
2580	1053	0.18181818181818182	True
2580	3324	0.09090909090909091	True
3161	3077	0.9090909090909091	False
3161	3807	0.8181818181818182	False
3161	2329	0.7272727272727273	False
3161	1875	0.6363636363636364	False
3161	234	0.5454545454545454	False
3161	3050	0.45454545454545453	True
3161	741	0.36363636363636365	True
3161	2593	0.2727272727272727	True
3161	2723	0.18181818181818182	True
3161	2615	0.09090909090909091	True
1990	3077	0.9090909090909091	False
1990	3807	0.8181818181818182	False
1990	2329	0.7272727272727273	False
1990	234	0.6363636363636364	False
1990	741	0.5454545454545454	True
1990	1875	0.45454545454545453	False
1990	175	0.36363636363636365	True
1990	2440	0.2727272727272727	True
1990	3050	0.18181818181818182	True
1990	2824	0.09090909090909091	True
4186	3077	0.9090909090909091	False
4186	3807	0.8181818181818182	False
4186	2329	0.7272727272727273	False
4186	234	0.6363636363636364	False
4186	1875	0.5454545454545454	False
4186	965	0.45454545454545453	True
4186	2824	0.36363636363636365	True
4186	741	0.2727272727272727	True
4186	2028	0.18181818181818182	True
4186	3050	0.09090909090909091	True
2812	3077	0.9090909090909091	False
2812	3807	0.8181818181818182	False
2812	234	0.7272727272727273	False
2812	2329	0.6363636363636364	False
2812	1875	0.5454545454545454	False
2812	2028	0.45454545454545453	True
2812	741	0.36363636363636365	True
2812	2824	0.2727272727272727	True
2812	2752	0.18181818181818182	True
2812	175	0.09090909090909091	True
2998	3077	0.9090909090909091	False
2998	3807	0.8181818181818182	False
2998	2329	0.7272727272727273	False
2998	234	0.6363636363636364	False
2998	1875	0.5454545454545454	False
2998	3050	0.45454545454545453	True
2998	3841	0.36363636363636365	True
2998	2028	0.2727272727272727	True
2998	2824	0.18181818181818182	True
2998	965	0.09090909090909091	True
3926	3077	0.9090909090909091	False
3926	3807	0.8181818181818182	False
3926	2329	0.7272727272727273	False
3926	234	0.6363636363636364	False
3926	1875	0.5454545454545454	False
3926	2615	0.45454545454545453	True
3926	1881	0.36363636363636365	True
3926	2428	0.2727272727272727	True
3926	741	0.18181818181818182	True
3926	2510	0.09090909090909091	True
5658	3077	0.9090909090909091	False
5658	3807	0.8181818181818182	False
5658	234	0.7272727272727273	False
5658	2329	0.6363636363636364	False
5658	1875	0.5454545454545454	False
5658	741	0.45454545454545453	True
5658	2510	0.36363636363636365	True
5658	1500	0.2727272727272727	True
5658	1881	0.18181818181818182	True
5658	2028	0.09090909090909091	True
1738	3077	0.9090909090909091	False
1738	3807	0.8181818181818182	False
1738	2329	0.7272727272727273	False
1738	234	0.6363636363636364	False
1738	965	0.5454545454545454	True
1738	2824	0.45454545454545453	True
1738	3841	0.36363636363636365	True
1738	741	0.2727272727272727	True
1738	2501	0.18181818181818182	True
1738	1875	0.09090909090909091	False
5162	3077	0.9090909090909091	False
5162	3807	0.8181818181818182	False
5162	2329	0.7272727272727273	False
5162	234	0.6363636363636364	False
5162	3841	0.5454545454545454	True
5162	2028	0.45454545454545453	True
5162	1875	0.36363636363636365	False
5162	1285	0.2727272727272727	True
5162	965	0.18181818181818182	True
5162	1051	0.09090909090909091	True
3511	3077	0.9090909090909091	False
3511	3807	0.8181818181818182	False
3511	2329	0.7272727272727273	False
3511	234	0.6363636363636364	False
3511	1875	0.5454545454545454	False
3511	2324	0.45454545454545453	True
3511	2287	0.36363636363636365	True
3511	965	0.2727272727272727	True
3511	3178	0.18181818181818182	True
3511	2028	0.09090909090909091	True
3872	3077	0.9090909090909091	False
3872	3807	0.8181818181818182	False
3872	2329	0.7272727272727273	False
3872	234	0.6363636363636364	False
3872	1875	0.5454545454545454	False
3872	2615	0.45454545454545453	True
3872	2593	0.36363636363636365	True
3872	3050	0.2727272727272727	True
3872	2028	0.18181818181818182	True
3872	1285	0.09090909090909091	True
3169	3077	0.9090909090909091	False
3169	3807	0.8181818181818182	False
3169	234	0.7272727272727273	False
3169	1875	0.6363636363636364	False
3169	2329	0.5454545454545454	False
3169	2028	0.45454545454545453	True
3169	3377	0.36363636363636365	True
3169	741	0.2727272727272727	True
3169	2615	0.18181818181818182	True
3169	1600	0.09090909090909091	True
5144	3077	0.9090909090909091	False
5144	3807	0.8181818181818182	False
5144	2329	0.7272727272727273	False
5144	234	0.6363636363636364	False
5144	1875	0.5454545454545454	False
5144	2824	0.45454545454545453	True
5144	741	0.36363636363636365	True
5144	3050	0.2727272727272727	True
5144	2128	0.18181818181818182	True
5144	2028	0.09090909090909091	True
4737	3077	0.9090909090909091	False
4737	3807	0.8181818181818182	False
4737	2329	0.7272727272727273	False
4737	234	0.6363636363636364	False
4737	1875	0.5454545454545454	False
4737	1881	0.45454545454545453	True
4737	2615	0.36363636363636365	True
4737	741	0.2727272727272727	True
4737	2440	0.18181818181818182	True
4737	2207	0.09090909090909091	True
5110	3077	0.9090909090909091	False
5110	3807	0.8181818181818182	False
5110	2329	0.7272727272727273	False
5110	234	0.6363636363636364	False
5110	2593	0.5454545454545454	True
5110	3050	0.45454545454545453	True
5110	2028	0.36363636363636365	True
5110	3178	0.2727272727272727	True
5110	741	0.18181818181818182	True
5110	965	0.09090909090909091	True
4555	3077	0.9090909090909091	False
4555	3807	0.8181818181818182	False
4555	2329	0.7272727272727273	False
4555	234	0.6363636363636364	False
4555	1875	0.5454545454545454	False
4555	741	0.45454545454545453	True
4555	3050	0.36363636363636365	True
4555	2824	0.2727272727272727	True
4555	2028	0.18181818181818182	True
4555	1051	0.09090909090909091	True
143	3077	0.9090909090909091	False
143	3807	0.8181818181818182	False
143	2329	0.7272727272727273	False
143	1875	0.6363636363636364	False
143	234	0.5454545454545454	False
143	741	0.45454545454545453	True
143	2207	0.36363636363636365	True
143	3050	0.2727272727272727	True
143	2723	0.18181818181818182	True
143	687	0.09090909090909091	True
1857	3077	0.9090909090909091	False
1857	3807	0.8181818181818182	False
1857	2329	0.7272727272727273	False
1857	234	0.6363636363636364	False
1857	1875	0.5454545454545454	False
1857	1600	0.45454545454545453	True
1857	2615	0.36363636363636365	True
1857	2207	0.2727272727272727	True
1857	3050	0.18181818181818182	True
1857	1285	0.09090909090909091	True
3761	3077	0.9090909090909091	False
3761	3807	0.8181818181818182	False
3761	2329	0.7272727272727273	False
3761	1875	0.6363636363636364	False
3761	234	0.5454545454545454	False
3761	2324	0.45454545454545453	True
3761	2824	0.36363636363636365	True
3761	687	0.2727272727272727	True
3761	3282	0.18181818181818182	True
3761	3841	0.09090909090909091	True
792	3077	0.9090909090909091	False
792	3807	0.8181818181818182	False
792	2329	0.7272727272727273	False
792	234	0.6363636363636364	False
792	1875	0.5454545454545454	False
792	2287	0.45454545454545453	True
792	741	0.36363636363636365	True
792	3050	0.2727272727272727	True
792	2615	0.18181818181818182	True
792	2440	0.09090909090909091	True
4794	3077	0.9090909090909091	False
4794	3807	0.8181818181818182	False
4794	2329	0.7272727272727273	False
4794	234	0.6363636363636364	False
4794	687	0.5454545454545454	True
4794	3050	0.45454545454545453	True
4794	1500	0.36363636363636365	True
4794	2287	0.2727272727272727	True
4794	1875	0.18181818181818182	False
4794	3841	0.09090909090909091	True
921	3077	0.9090909090909091	False
921	3807	0.8181818181818182	False
921	2329	0.7272727272727273	False
921	234	0.6363636363636364	False
921	1875	0.5454545454545454	False
921	3377	0.45454545454545453	True
921	2593	0.36363636363636365	True
921	2324	0.2727272727272727	True
921	1500	0.18181818181818182	True
921	3178	0.09090909090909091	True
1544	3077	0.9090909090909091	False
1544	3807	0.8181818181818182	False
1544	234	0.7272727272727273	False
1544	2329	0.6363636363636364	False
1544	1875	0.5454545454545454	False
1544	741	0.45454545454545453	True
1544	2028	0.36363636363636365	True
1544	2440	0.2727272727272727	True
1544	1881	0.18181818181818182	True
1544	2615	0.09090909090909091	True
4577	3077	0.9090909090909091	False
4577	3807	0.8181818181818182	False
4577	234	0.7272727272727273	False
4577	2329	0.6363636363636364	False
4577	1875	0.5454545454545454	False
4577	2028	0.45454545454545453	True
4577	3513	0.36363636363636365	True
4577	2287	0.2727272727272727	True
4577	2493	0.18181818181818182	True
4577	687	0.09090909090909091	True
2693	3077	0.9090909090909091	False
2693	3807	0.8181818181818182	False
2693	1875	0.7272727272727273	False
2693	234	0.6363636363636364	False
2693	2329	0.5454545454545454	False
2693	687	0.45454545454545453	True
2693	2615	0.36363636363636365	True
2693	2689	0.2727272727272727	True
2693	2440	0.18181818181818182	True
2693	2028	0.09090909090909091	True
1414	3077	0.9090909090909091	False
1414	3807	0.8181818181818182	False
1414	2329	0.7272727272727273	False
1414	234	0.6363636363636364	False
1414	741	0.5454545454545454	True
1414	1875	0.45454545454545453	False
1414	3050	0.36363636363636365	True
1414	2440	0.2727272727272727	True
1414	2824	0.18181818181818182	True
1414	2028	0.09090909090909091	True
909	3077	0.9090909090909091	False
909	3807	0.8181818181818182	False
909	2329	0.7272727272727273	False
909	234	0.6363636363636364	False
909	1875	0.5454545454545454	False
909	3050	0.45454545454545453	True
909	2593	0.36363636363636365	True
909	741	0.2727272727272727	True
909	2028	0.18181818181818182	True
909	2824	0.09090909090909091	True
5700	3077	0.9090909090909091	False
5700	3807	0.8181818181818182	False
5700	2329	0.7272727272727273	False
5700	234	0.6363636363636364	False
5700	2028	0.5454545454545454	True
5700	2615	0.45454545454545453	True
5700	2593	0.36363636363636365	True
5700	175	0.2727272727272727	True
5700	1285	0.18181818181818182	True
5700	2752	0.09090909090909091	True
3345	3077	0.9090909090909091	False
3345	3807	0.8181818181818182	False
3345	2329	0.7272727272727273	False
3345	234	0.6363636363636364	False
3345	2028	0.5454545454545454	True
3345	2593	0.45454545454545453	True
3345	1285	0.36363636363636365	True
3345	1875	0.2727272727272727	False
3345	3178	0.18181818181818182	True
3345	2207	0.09090909090909091	True
1961	3077	0.9090909090909091	False
1961	3807	0.8181818181818182	False
1961	1875	0.7272727272727273	False
1961	234	0.6363636363636364	False
1961	2329	0.5454545454545454	False
1961	2615	0.45454545454545453	True
1961	2689	0.36363636363636365	True
1961	1051	0.2727272727272727	True
1961	687	0.18181818181818182	True
1961	2028	0.09090909090909091	True
4009	3077	0.9090909090909091	False
4009	3807	0.8181818181818182	False
4009	234	0.7272727272727273	False
4009	2329	0.6363636363636364	False
4009	1875	0.5454545454545454	False
4009	1051	0.45454545454545453	True
4009	2207	0.36363636363636365	True
4009	175	0.2727272727272727	True
4009	741	0.18181818181818182	True
4009	3324	0.09090909090909091	True
4576	3077	0.9090909090909091	False
4576	3807	0.8181818181818182	False
4576	2329	0.7272727272727273	False
4576	234	0.6363636363636364	False
4576	1875	0.5454545454545454	False
4576	741	0.45454545454545453	True
4576	2440	0.36363636363636365	True
4576	2824	0.2727272727272727	True
4576	3050	0.18181818181818182	True
4576	175	0.09090909090909091	True
5780	3077	0.9090909090909091	False
5780	3807	0.8181818181818182	False
5780	1875	0.7272727272727273	False
5780	234	0.6363636363636364	False
5780	2329	0.5454545454545454	False
5780	2824	0.45454545454545453	True
5780	3513	0.36363636363636365	True
5780	2256	0.2727272727272727	True
5780	741	0.18181818181818182	True
5780	687	0.09090909090909091	True
4187	3077	0.9090909090909091	False
4187	3807	0.8181818181818182	False
4187	2329	0.7272727272727273	False
4187	234	0.6363636363636364	False
4187	1875	0.5454545454545454	False
4187	2287	0.45454545454545453	True
4187	3050	0.36363636363636365	True
4187	2615	0.2727272727272727	True
4187	2428	0.18181818181818182	True
4187	741	0.09090909090909091	True
5219	3077	0.9090909090909091	False
5219	3807	0.8181818181818182	False
5219	2329	0.7272727272727273	False
5219	234	0.6363636363636364	False
5219	1875	0.5454545454545454	False
5219	741	0.45454545454545453	True
5219	3050	0.36363636363636365	True
5219	2324	0.2727272727272727	True
5219	2287	0.18181818181818182	True
5219	965	0.09090909090909091	True
3602	3077	0.9090909090909091	False
3602	3807	0.8181818181818182	False
3602	2329	0.7272727272727273	False
3602	234	0.6363636363636364	False
3602	741	0.5454545454545454	True
3602	1875	0.45454545454545453	False
3602	3050	0.36363636363636365	True
3602	1881	0.2727272727272727	True
3602	2287	0.18181818181818182	True
3602	2028	0.09090909090909091	True
5184	3077	0.9090909090909091	False
5184	3807	0.8181818181818182	False
5184	2329	0.7272727272727273	False
5184	234	0.6363636363636364	False
5184	2324	0.5454545454545454	True
5184	3050	0.45454545454545453	True
5184	1875	0.36363636363636365	False
5184	1881	0.2727272727272727	True
5184	2615	0.18181818181818182	True
5184	1500	0.09090909090909091	True
4190	3077	0.9090909090909091	False
4190	3807	0.8181818181818182	False
4190	2329	0.7272727272727273	False
4190	234	0.6363636363636364	False
4190	1875	0.5454545454545454	False
4190	741	0.45454545454545453	True
4190	3050	0.36363636363636365	True
4190	639	0.2727272727272727	True
4190	965	0.18181818181818182	True
4190	2440	0.09090909090909091	True
4042	3077	0.9090909090909091	False
4042	3807	0.8181818181818182	False
4042	2329	0.7272727272727273	False
4042	234	0.6363636363636364	False
4042	1875	0.5454545454545454	False
4042	2028	0.45454545454545453	True
4042	1500	0.36363636363636365	True
4042	3050	0.2727272727272727	True
4042	741	0.18181818181818182	True
4042	1285	0.09090909090909091	True
5985	3077	0.9090909090909091	False
5985	3807	0.8181818181818182	False
5985	2329	0.7272727272727273	False
5985	1875	0.6363636363636364	False
5985	234	0.5454545454545454	False
5985	3050	0.45454545454545453	True
5985	639	0.36363636363636365	True
5985	741	0.2727272727272727	True
5985	1500	0.18181818181818182	True
5985	2510	0.09090909090909091	True
6007	3077	0.9090909090909091	False
6007	3807	0.8181818181818182	False
6007	234	0.7272727272727273	False
6007	2329	0.6363636363636364	False
6007	2324	0.5454545454545454	True
6007	2287	0.45454545454545453	True
6007	1051	0.36363636363636365	True
6007	3050	0.2727272727272727	True
6007	2028	0.18181818181818182	True
6007	3178	0.09090909090909091	True
31	3077	0.9090909090909091	False
31	3807	0.8181818181818182	False
31	2329	0.7272727272727273	False
31	234	0.6363636363636364	False
31	1875	0.5454545454545454	False
31	687	0.45454545454545453	True
31	1600	0.36363636363636365	True
31	1285	0.2727272727272727	True
31	2615	0.18181818181818182	True
31	3841	0.09090909090909091	True
354	3077	0.9090909090909091	False
354	3807	0.8181818181818182	False
354	2329	0.7272727272727273	False
354	234	0.6363636363636364	False
354	1500	0.5454545454545454	True
354	1875	0.45454545454545453	False
354	2324	0.36363636363636365	True
354	3050	0.2727272727272727	True
354	2593	0.18181818181818182	True
354	741	0.09090909090909091	True
4184	3077	0.9090909090909091	False
4184	3807	0.8181818181818182	False
4184	2329	0.7272727272727273	False
4184	1875	0.6363636363636364	False
4184	234	0.5454545454545454	False
4184	741	0.45454545454545453	True
4184	2324	0.36363636363636365	True
4184	2440	0.2727272727272727	True
4184	1053	0.18181818181818182	True
4184	3050	0.09090909090909091	True
1855	3077	0.9090909090909091	False
1855	3807	0.8181818181818182	False
1855	2329	0.7272727272727273	False
1855	234	0.6363636363636364	False
1855	1875	0.5454545454545454	False
1855	687	0.45454545454545453	True
1855	2510	0.36363636363636365	True
1855	1500	0.2727272727272727	True
1855	741	0.18181818181818182	True
1855	2324	0.09090909090909091	True
4158	3077	0.9090909090909091	False
4158	3807	0.8181818181818182	False
4158	1875	0.7272727272727273	False
4158	234	0.6363636363636364	False
4158	2329	0.5454545454545454	False
4158	741	0.45454545454545453	True
4158	175	0.36363636363636365	True
4158	2615	0.2727272727272727	True
4158	1881	0.18181818181818182	True
4158	2028	0.09090909090909091	True
5231	3077	0.9090909090909091	False
5231	3807	0.8181818181818182	False
5231	234	0.7272727272727273	False
5231	1875	0.6363636363636364	False
5231	2329	0.5454545454545454	False
5231	2615	0.45454545454545453	True
5231	2440	0.36363636363636365	True
5231	2287	0.2727272727272727	True
5231	3050	0.18181818181818182	True
5231	687	0.09090909090909091	True
4663	3077	0.9090909090909091	False
4663	3807	0.8181818181818182	False
4663	234	0.7272727272727273	False
4663	2329	0.6363636363636364	False
4663	1875	0.5454545454545454	False
4663	2028	0.45454545454545453	True
4663	1051	0.36363636363636365	True
4663	2207	0.2727272727272727	True
4663	3178	0.18181818181818182	True
4663	741	0.09090909090909091	True
5414	3077	0.9090909090909091	False
5414	3807	0.8181818181818182	False
5414	234	0.7272727272727273	False
5414	1875	0.6363636363636364	False
5414	2329	0.5454545454545454	False
5414	741	0.45454545454545453	True
5414	3502	0.36363636363636365	True
5414	2028	0.2727272727272727	True
5414	3050	0.18181818181818182	True
5414	2615	0.09090909090909091	True
366	3077	0.9090909090909091	False
366	3807	0.8181818181818182	False
366	234	0.7272727272727273	False
366	2329	0.6363636363636364	False
366	1500	0.5454545454545454	True
366	687	0.45454545454545453	True
366	1285	0.36363636363636365	True
366	741	0.2727272727272727	True
366	2028	0.18181818181818182	True
366	1875	0.09090909090909091	False
5512	3077	0.9090909090909091	False
5512	3807	0.8181818181818182	False
5512	2329	0.7272727272727273	False
5512	234	0.6363636363636364	False
5512	1875	0.5454545454545454	False
5512	3050	0.45454545454545453	True
5512	2324	0.36363636363636365	True
5512	2287	0.2727272727272727	True
5512	687	0.18181818181818182	True
5512	1500	0.09090909090909091	True
5327	3077	0.9090909090909091	False
5327	3807	0.8181818181818182	False
5327	2329	0.7272727272727273	False
5327	234	0.6363636363636364	False
5327	2287	0.5454545454545454	True
5327	2440	0.45454545454545453	True
5327	2207	0.36363636363636365	True
5327	1051	0.2727272727272727	True
5327	741	0.18181818181818182	True
5327	1285	0.09090909090909091	True
6013	3077	0.9090909090909091	False
6013	3807	0.8181818181818182	False
6013	234	0.7272727272727273	False
6013	2329	0.6363636363636364	False
6013	687	0.5454545454545454	True
6013	1500	0.45454545454545453	True
6013	2324	0.36363636363636365	True
6013	639	0.2727272727272727	True
6013	2593	0.18181818181818182	True
6013	2287	0.09090909090909091	True
3473	3077	0.9090909090909091	False
3473	3807	0.8181818181818182	False
3473	1875	0.7272727272727273	False
3473	2329	0.6363636363636364	False
3473	234	0.5454545454545454	False
3473	687	0.45454545454545453	True
3473	2324	0.36363636363636365	True
3473	2824	0.2727272727272727	True
3473	1500	0.18181818181818182	True
3473	2028	0.09090909090909091	True
952	3077	0.9090909090909091	False
952	3807	0.8181818181818182	False
952	234	0.7272727272727273	False
952	1875	0.6363636363636364	False
952	2329	0.5454545454545454	False
952	687	0.45454545454545453	True
952	2689	0.36363636363636365	True
952	2028	0.2727272727272727	True
952	2615	0.18181818181818182	True
952	2752	0.09090909090909091	True
