845	2853	0.9090909090909091	False
845	41	0.8181818181818182	True
845	2321	0.7272727272727273	False
845	3201	0.6363636363636364	False
845	3578	0.5454545454545454	False
845	206	0.45454545454545453	True
845	3098	0.36363636363636365	True
845	946	0.2727272727272727	True
845	3256	0.18181818181818182	False
845	2281	0.09090909090909091	True
2409	3210	0.9090909090909091	True
2409	2853	0.8181818181818182	False
2409	829	0.7272727272727273	False
2409	3157	0.6363636363636364	True
2409	3256	0.5454545454545454	False
2409	1704	0.45454545454545453	True
2409	2321	0.36363636363636365	False
2409	1883	0.2727272727272727	True
2409	3098	0.18181818181818182	True
2409	3578	0.09090909090909091	False
2808	3210	0.9090909090909091	True
2808	3256	0.8181818181818182	False
2808	1704	0.7272727272727273	True
2808	829	0.6363636363636364	False
2808	3201	0.5454545454545454	False
2808	3157	0.45454545454545453	True
2808	2321	0.36363636363636365	False
2808	521	0.2727272727272727	True
2808	2791	0.18181818181818182	True
2808	2853	0.09090909090909091	False
2417	2187	0.9090909090909091	True
2417	3210	0.8181818181818182	True
2417	3201	0.7272727272727273	False
2417	2321	0.6363636363636364	False
2417	1704	0.5454545454545454	True
2417	3256	0.45454545454545453	False
2417	3578	0.36363636363636365	False
2417	206	0.2727272727272727	True
2417	2853	0.18181818181818182	False
2417	3432	0.09090909090909091	True
811	1704	0.9090909090909091	True
811	3157	0.8181818181818182	True
811	3210	0.7272727272727273	True
811	3098	0.6363636363636364	True
811	3432	0.5454545454545454	True
811	3578	0.45454545454545453	False
811	521	0.36363636363636365	True
811	2791	0.2727272727272727	True
811	2321	0.18181818181818182	False
811	1883	0.09090909090909091	True
4099	3201	0.9090909090909091	False
4099	3256	0.8181818181818182	False
4099	2853	0.7272727272727273	False
4099	3157	0.6363636363636364	True
4099	2281	0.5454545454545454	True
4099	1992	0.45454545454545453	True
4099	2321	0.36363636363636365	False
4099	3432	0.2727272727272727	True
4099	829	0.18181818181818182	False
4099	381	0.09090909090909091	True
882	3201	0.9090909090909091	False
882	829	0.8181818181818182	False
882	3256	0.7272727272727273	False
882	3157	0.6363636363636364	True
882	3432	0.5454545454545454	True
882	2853	0.45454545454545453	False
882	2791	0.36363636363636365	True
882	1242	0.2727272727272727	True
882	2281	0.18181818181818182	True
882	3578	0.09090909090909091	False
1804	3201	0.9090909090909091	False
1804	2853	0.8181818181818182	False
1804	1405	0.7272727272727273	True
1804	3594	0.6363636363636364	True
1804	2321	0.5454545454545454	False
1804	3578	0.45454545454545453	False
1804	3157	0.36363636363636365	True
1804	3256	0.2727272727272727	False
1804	3432	0.18181818181818182	True
1804	1704	0.09090909090909091	True
2350	1405	0.9090909090909091	True
2350	3578	0.8181818181818182	False
2350	2853	0.7272727272727273	False
2350	3201	0.6363636363636364	False
2350	3157	0.5454545454545454	True
2350	946	0.45454545454545453	True
2350	1242	0.36363636363636365	True
2350	2791	0.2727272727272727	True
2350	3256	0.18181818181818182	False
2350	2281	0.09090909090909091	True
4165	3201	0.9090909090909091	False
4165	1704	0.8181818181818182	True
4165	3256	0.7272727272727273	False
4165	3157	0.6363636363636364	True
4165	521	0.5454545454545454	True
4165	1405	0.45454545454545453	True
4165	3210	0.36363636363636365	True
4165	2321	0.2727272727272727	False
4165	2779	0.18181818181818182	True
4165	2853	0.09090909090909091	False
551	1704	0.9090909090909091	True
551	829	0.8181818181818182	False
551	3256	0.7272727272727273	False
551	2779	0.6363636363636364	True
551	521	0.5454545454545454	True
551	381	0.45454545454545453	True
551	3882	0.36363636363636365	True
551	3210	0.2727272727272727	True
551	888	0.18181818181818182	True
551	3157	0.09090909090909091	True
6031	3157	0.9090909090909091	True
6031	3201	0.8181818181818182	False
6031	1405	0.7272727272727273	True
6031	1704	0.6363636363636364	True
6031	381	0.5454545454545454	True
6031	2281	0.45454545454545453	True
6031	3256	0.36363636363636365	False
6031	2779	0.2727272727272727	True
6031	521	0.18181818181818182	True
6031	3210	0.09090909090909091	True
3939	3201	0.9090909090909091	False
3939	3210	0.8181818181818182	True
3939	3157	0.7272727272727273	True
3939	3256	0.6363636363636364	False
3939	1405	0.5454545454545454	True
3939	3594	0.45454545454545453	True
3939	2853	0.36363636363636365	False
3939	3432	0.2727272727272727	True
3939	521	0.18181818181818182	True
3939	2321	0.09090909090909091	False
4268	3256	0.9090909090909091	False
4268	3882	0.8181818181818182	True
4268	3578	0.7272727272727273	False
4268	829	0.6363636363636364	False
4268	2779	0.5454545454545454	True
4268	206	0.45454545454545453	True
4268	2853	0.36363636363636365	False
4268	2321	0.2727272727272727	False
4268	2791	0.18181818181818182	True
4268	3201	0.09090909090909091	False
719	2853	0.9090909090909091	False
719	3256	0.8181818181818182	False
719	41	0.7272727272727273	True
719	3882	0.6363636363636364	True
719	3578	0.5454545454545454	False
719	829	0.45454545454545453	False
719	3201	0.36363636363636365	False
719	3157	0.2727272727272727	True
719	888	0.18181818181818182	True
719	2321	0.09090909090909091	False
4329	521	0.9090909090909091	True
4329	3201	0.8181818181818182	False
4329	2853	0.7272727272727273	False
4329	2321	0.6363636363636364	False
4329	3157	0.5454545454545454	True
4329	3578	0.45454545454545453	False
4329	3210	0.36363636363636365	True
4329	2791	0.2727272727272727	True
4329	1405	0.18181818181818182	True
4329	829	0.09090909090909091	False
4482	3201	0.9090909090909091	False
4482	3157	0.8181818181818182	True
4482	3210	0.7272727272727273	True
4482	3578	0.6363636363636364	False
4482	1405	0.5454545454545454	True
4482	2853	0.45454545454545453	False
4482	2321	0.36363636363636365	False
4482	3594	0.2727272727272727	True
4482	3882	0.18181818181818182	True
4482	3432	0.09090909090909091	True
153	3157	0.9090909090909091	True
153	3201	0.8181818181818182	False
153	2853	0.7272727272727273	False
153	3578	0.6363636363636364	False
153	2321	0.5454545454545454	False
153	2281	0.45454545454545453	True
153	829	0.36363636363636365	False
153	1992	0.2727272727272727	True
153	521	0.18181818181818182	True
153	3210	0.09090909090909091	True
846	3157	0.9090909090909091	True
846	3578	0.8181818181818182	False
846	2853	0.7272727272727273	False
846	3256	0.6363636363636364	False
846	2321	0.5454545454545454	False
846	1405	0.45454545454545453	True
846	3201	0.36363636363636365	False
846	521	0.2727272727272727	True
846	2779	0.18181818181818182	True
846	829	0.09090909090909091	False
4996	2779	0.9090909090909091	True
4996	2321	0.8181818181818182	False
4996	2853	0.7272727272727273	False
4996	829	0.6363636363636364	False
4996	3578	0.5454545454545454	False
4996	946	0.45454545454545453	True
4996	2791	0.36363636363636365	True
4996	1704	0.2727272727272727	True
4996	521	0.18181818181818182	True
4996	41	0.09090909090909091	True
173	2853	0.9090909090909091	False
173	829	0.8181818181818182	False
173	3256	0.7272727272727273	False
173	3157	0.6363636363636364	True
173	3201	0.5454545454545454	False
173	2791	0.45454545454545453	True
173	3637	0.36363636363636365	True
173	3210	0.2727272727272727	True
173	3882	0.18181818181818182	True
173	1405	0.09090909090909091	True
4086	829	0.9090909090909091	False
4086	2779	0.8181818181818182	True
4086	3201	0.7272727272727273	False
4086	1704	0.6363636363636364	True
4086	3256	0.5454545454545454	False
4086	3157	0.45454545454545453	True
4086	2791	0.36363636363636365	True
4086	3578	0.2727272727272727	False
4086	1405	0.18181818181818182	True
4086	381	0.09090909090909091	True
3771	1242	0.9090909090909091	True
3771	3098	0.8181818181818182	True
3771	2791	0.7272727272727273	True
3771	3256	0.6363636363636364	False
3771	206	0.5454545454545454	True
3771	3210	0.45454545454545453	True
3771	2779	0.36363636363636365	True
3771	2773	0.2727272727272727	True
3771	946	0.18181818181818182	True
3771	2853	0.09090909090909091	False
655	2853	0.9090909090909091	False
655	3578	0.8181818181818182	False
655	2779	0.7272727272727273	True
655	3201	0.6363636363636364	False
655	2791	0.5454545454545454	True
655	946	0.45454545454545453	True
655	829	0.36363636363636365	False
655	3882	0.2727272727272727	True
655	41	0.18181818181818182	True
655	3256	0.09090909090909091	False
3482	2853	0.9090909090909091	False
3482	3201	0.8181818181818182	False
3482	1405	0.7272727272727273	True
3482	3157	0.6363636363636364	True
3482	3256	0.5454545454545454	False
3482	3578	0.45454545454545453	False
3482	3882	0.36363636363636365	True
3482	3594	0.2727272727272727	True
3482	2791	0.18181818181818182	True
3482	2779	0.09090909090909091	True
456	3201	0.9090909090909091	False
456	2791	0.8181818181818182	True
456	2779	0.7272727272727273	True
456	829	0.6363636363636364	False
456	3157	0.5454545454545454	True
456	3210	0.45454545454545453	True
456	1704	0.36363636363636365	True
456	3256	0.2727272727272727	False
456	3882	0.18181818181818182	True
456	2853	0.09090909090909091	False
1420	3256	0.9090909090909091	False
1420	946	0.8181818181818182	True
1420	3201	0.7272727272727273	False
1420	2853	0.6363636363636364	False
1420	521	0.5454545454545454	True
1420	3296	0.45454545454545453	True
1420	1405	0.36363636363636365	True
1420	829	0.2727272727272727	False
1420	2321	0.18181818181818182	False
1420	1704	0.09090909090909091	True
3882	3157	0.9090909090909091	True
3882	1405	0.8181818181818182	True
3882	3201	0.7272727272727273	False
3882	2281	0.6363636363636364	True
3882	3098	0.5454545454545454	True
3882	3578	0.45454545454545453	False
3882	2853	0.36363636363636365	False
3882	1992	0.2727272727272727	True
3882	1704	0.18181818181818182	True
3882	521	0.09090909090909091	True
5054	2853	0.9090909090909091	False
5054	3578	0.8181818181818182	False
5054	946	0.7272727272727273	True
5054	381	0.6363636363636364	True
5054	1405	0.5454545454545454	True
5054	3157	0.45454545454545453	True
5054	3201	0.36363636363636365	False
5054	3098	0.2727272727272727	True
5054	1704	0.18181818181818182	True
5054	829	0.09090909090909091	False
3293	1405	0.9090909090909091	True
3293	2853	0.8181818181818182	False
3293	3578	0.7272727272727273	False
3293	3098	0.6363636363636364	True
3293	3157	0.5454545454545454	True
3293	3210	0.45454545454545453	True
3293	3432	0.36363636363636365	True
3293	3201	0.2727272727272727	False
3293	946	0.18181818181818182	True
3293	2321	0.09090909090909091	False
5614	3201	0.9090909090909091	False
5614	3157	0.8181818181818182	True
5614	3210	0.7272727272727273	True
5614	2321	0.6363636363636364	False
5614	1704	0.5454545454545454	True
5614	3578	0.45454545454545453	False
5614	3256	0.36363636363636365	False
5614	2853	0.2727272727272727	False
5614	2281	0.18181818181818182	True
5614	1992	0.09090909090909091	True
5497	3201	0.9090909090909091	False
5497	3157	0.8181818181818182	True
5497	2853	0.7272727272727273	False
5497	3256	0.6363636363636364	False
5497	3210	0.5454545454545454	True
5497	1992	0.45454545454545453	True
5497	2281	0.36363636363636365	True
5497	1405	0.2727272727272727	True
5497	2321	0.18181818181818182	False
5497	3882	0.09090909090909091	True
3572	829	0.9090909090909091	False
3572	3201	0.8181818181818182	False
3572	3578	0.7272727272727273	False
3572	381	0.6363636363636364	True
3572	2779	0.5454545454545454	True
3572	3157	0.45454545454545453	True
3572	3210	0.36363636363636365	True
3572	1704	0.2727272727272727	True
3572	1242	0.18181818181818182	True
3572	1945	0.09090909090909091	True
399	3201	0.9090909090909091	False
399	3210	0.8181818181818182	True
399	3296	0.7272727272727273	True
399	2853	0.6363636363636364	False
399	381	0.5454545454545454	True
399	1679	0.45454545454545453	True
399	829	0.36363636363636365	False
399	1704	0.2727272727272727	True
399	3578	0.18181818181818182	False
399	2321	0.09090909090909091	False
879	3578	0.9090909090909091	False
879	946	0.8181818181818182	True
879	2853	0.7272727272727273	False
879	829	0.6363636363636364	False
879	407	0.5454545454545454	True
879	2321	0.45454545454545453	False
879	1405	0.36363636363636365	True
879	521	0.2727272727272727	True
879	3098	0.18181818181818182	True
879	3201	0.09090909090909091	False
2237	3256	0.9090909090909091	False
2237	3201	0.8181818181818182	False
2237	1242	0.7272727272727273	True
2237	2853	0.6363636363636364	False
2237	829	0.5454545454545454	False
2237	2791	0.45454545454545453	True
2237	1405	0.36363636363636365	True
2237	3210	0.2727272727272727	True
2237	2773	0.18181818181818182	True
2237	2281	0.09090909090909091	True
3666	3256	0.9090909090909091	False
3666	2810	0.8181818181818182	True
3666	2853	0.7272727272727273	False
3666	2791	0.6363636363636364	True
3666	3098	0.5454545454545454	True
3666	3201	0.45454545454545453	False
3666	2436	0.36363636363636365	True
3666	3210	0.2727272727272727	True
3666	1704	0.18181818181818182	True
3666	2321	0.09090909090909091	False
1975	2853	0.9090909090909091	False
1975	3256	0.8181818181818182	False
1975	3882	0.7272727272727273	True
1975	2321	0.6363636363636364	False
1975	3157	0.5454545454545454	True
1975	3578	0.45454545454545453	False
1975	41	0.36363636363636365	True
1975	3098	0.2727272727272727	True
1975	3201	0.18181818181818182	False
1975	2281	0.09090909090909091	True
5677	3201	0.9090909090909091	False
5677	2281	0.8181818181818182	True
5677	3157	0.7272727272727273	True
5677	829	0.6363636363636364	False
5677	3256	0.5454545454545454	False
5677	381	0.45454545454545453	True
5677	2853	0.36363636363636365	False
5677	1405	0.2727272727272727	True
5677	946	0.18181818181818182	True
5677	3578	0.09090909090909091	False
4945	3256	0.9090909090909091	False
4945	3201	0.8181818181818182	False
4945	2853	0.7272727272727273	False
4945	1405	0.6363636363636364	True
4945	2321	0.5454545454545454	False
4945	1704	0.45454545454545453	True
4945	1992	0.36363636363636365	True
4945	3882	0.2727272727272727	True
4945	2779	0.18181818181818182	True
4945	521	0.09090909090909091	True
1207	3256	0.9090909090909091	False
1207	2810	0.8181818181818182	True
1207	2779	0.7272727272727273	True
1207	1405	0.6363636363636364	True
1207	3098	0.5454545454545454	True
1207	946	0.45454545454545453	True
1207	2791	0.36363636363636365	True
1207	2773	0.2727272727272727	True
1207	1704	0.18181818181818182	True
1207	3210	0.09090909090909091	True
5979	3210	0.9090909090909091	True
5979	1704	0.8181818181818182	True
5979	3157	0.7272727272727273	True
5979	3578	0.6363636363636364	False
5979	2791	0.5454545454545454	True
5979	3296	0.45454545454545453	True
5979	829	0.36363636363636365	False
5979	2779	0.2727272727272727	True
5979	3201	0.18181818181818182	False
5979	2853	0.09090909090909091	False
3486	3157	0.9090909090909091	True
3486	829	0.8181818181818182	False
3486	3201	0.7272727272727273	False
3486	3098	0.6363636363636364	True
3486	381	0.5454545454545454	True
3486	2281	0.45454545454545453	True
3486	3432	0.36363636363636365	True
3486	3210	0.2727272727272727	True
3486	407	0.18181818181818182	True
3486	3256	0.09090909090909091	False
3820	2853	0.9090909090909091	False
3820	3256	0.8181818181818182	False
3820	946	0.7272727272727273	True
3820	829	0.6363636363636364	False
3820	3578	0.5454545454545454	False
3820	2321	0.45454545454545453	False
3820	521	0.36363636363636365	True
3820	3201	0.2727272727272727	False
3820	1405	0.18181818181818182	True
3820	1704	0.09090909090909091	True
2871	2853	0.9090909090909091	False
2871	3157	0.8181818181818182	True
2871	946	0.7272727272727273	True
2871	829	0.6363636363636364	False
2871	3201	0.5454545454545454	False
2871	3256	0.45454545454545453	False
2871	1405	0.36363636363636365	True
2871	3210	0.2727272727272727	True
2871	41	0.18181818181818182	True
2871	3296	0.09090909090909091	True
1545	3256	0.9090909090909091	False
1545	2321	0.8181818181818182	False
1545	3098	0.7272727272727273	True
1545	2853	0.6363636363636364	False
1545	3578	0.5454545454545454	False
1545	946	0.45454545454545453	True
1545	1242	0.36363636363636365	True
1545	829	0.2727272727272727	False
1545	521	0.18181818181818182	True
1545	206	0.09090909090909091	True
3714	3201	0.9090909090909091	False
3714	2853	0.8181818181818182	False
3714	3157	0.7272727272727273	True
3714	829	0.6363636363636364	False
3714	3210	0.5454545454545454	True
3714	3432	0.45454545454545453	True
3714	2187	0.36363636363636365	True
3714	2791	0.2727272727272727	True
3714	41	0.18181818181818182	True
3714	3578	0.09090909090909091	False
2857	3256	0.9090909090909091	False
2857	829	0.8181818181818182	False
2857	407	0.7272727272727273	True
2857	2321	0.6363636363636364	False
2857	521	0.5454545454545454	True
2857	1704	0.45454545454545453	True
2857	3432	0.36363636363636365	True
2857	3578	0.2727272727272727	False
2857	3098	0.18181818181818182	True
2857	3157	0.09090909090909091	True
710	3201	0.9090909090909091	False
710	3157	0.8181818181818182	True
710	3882	0.7272727272727273	True
710	1992	0.6363636363636364	True
710	2281	0.5454545454545454	True
710	381	0.45454545454545453	True
710	3256	0.36363636363636365	False
710	3578	0.2727272727272727	False
710	3210	0.18181818181818182	True
710	2321	0.09090909090909091	False
5479	3210	0.9090909090909091	True
5479	829	0.8181818181818182	False
5479	381	0.7272727272727273	True
5479	3201	0.6363636363636364	False
5479	1704	0.5454545454545454	True
5479	3882	0.45454545454545453	True
5479	3157	0.36363636363636365	True
5479	3296	0.2727272727272727	True
5479	1679	0.18181818181818182	True
5479	2853	0.09090909090909091	False
842	2853	0.9090909090909091	False
842	2791	0.8181818181818182	True
842	829	0.7272727272727273	False
842	946	0.6363636363636364	True
842	3256	0.5454545454545454	False
842	3578	0.45454545454545453	False
842	3548	0.36363636363636365	True
842	3432	0.2727272727272727	True
842	2321	0.18181818181818182	False
842	1704	0.09090909090909091	True
1311	2853	0.9090909090909091	False
1311	2791	0.8181818181818182	True
1311	2321	0.7272727272727273	False
1311	3256	0.6363636363636364	False
1311	3201	0.5454545454545454	False
1311	41	0.45454545454545453	True
1311	3578	0.36363636363636365	False
1311	829	0.2727272727272727	False
1311	1405	0.18181818181818182	True
1311	946	0.09090909090909091	True
3684	1704	0.9090909090909091	True
3684	2853	0.8181818181818182	False
3684	2321	0.7272727272727273	False
3684	3210	0.6363636363636364	True
3684	2779	0.5454545454545454	True
3684	2791	0.45454545454545453	True
3684	3578	0.36363636363636365	False
3684	829	0.2727272727272727	False
3684	946	0.18181818181818182	True
3684	3256	0.09090909090909091	False
2448	2779	0.9090909090909091	True
2448	1704	0.8181818181818182	True
2448	829	0.7272727272727273	False
2448	946	0.6363636363636364	True
2448	2853	0.5454545454545454	False
2448	3157	0.45454545454545453	True
2448	3548	0.36363636363636365	True
2448	2321	0.2727272727272727	False
2448	521	0.18181818181818182	True
2448	3201	0.09090909090909091	False
190	3201	0.9090909090909091	False
190	3578	0.8181818181818182	False
190	2853	0.7272727272727273	False
190	2791	0.6363636363636364	True
190	3157	0.5454545454545454	True
190	829	0.45454545454545453	False
190	1405	0.36363636363636365	True
190	2779	0.2727272727272727	True
190	41	0.18181818181818182	True
190	3256	0.09090909090909091	False
3937	3210	0.9090909090909091	True
3937	3201	0.8181818181818182	False
3937	1704	0.7272727272727273	True
3937	2791	0.6363636363636364	True
3937	3157	0.5454545454545454	True
3937	3098	0.45454545454545453	True
3937	3256	0.36363636363636365	False
3937	2321	0.2727272727272727	False
3937	3578	0.18181818181818182	False
3937	829	0.09090909090909091	False
5699	2853	0.9090909090909091	False
5699	3201	0.8181818181818182	False
5699	946	0.7272727272727273	True
5699	2321	0.6363636363636364	False
5699	3256	0.5454545454545454	False
5699	829	0.45454545454545453	False
5699	2791	0.36363636363636365	True
5699	3157	0.2727272727272727	True
5699	2281	0.18181818181818182	True
5699	3578	0.09090909090909091	False
1448	3256	0.9090909090909091	False
1448	381	0.8181818181818182	True
1448	2321	0.7272727272727273	False
1448	1704	0.6363636363636364	True
1448	3201	0.5454545454545454	False
1448	2853	0.45454545454545453	False
1448	946	0.36363636363636365	True
1448	829	0.2727272727272727	False
1448	2281	0.18181818181818182	True
1448	1679	0.09090909090909091	True
3577	3256	0.9090909090909091	False
3577	3201	0.8181818181818182	False
3577	2853	0.7272727272727273	False
3577	3594	0.6363636363636364	True
3577	3157	0.5454545454545454	True
3577	829	0.45454545454545453	False
3577	41	0.36363636363636365	True
3577	3210	0.2727272727272727	True
3577	2321	0.18181818181818182	False
3577	1992	0.09090909090909091	True
2262	829	0.9090909090909091	False
2262	2853	0.8181818181818182	False
2262	3256	0.7272727272727273	False
2262	946	0.6363636363636364	True
2262	2321	0.5454545454545454	False
2262	2791	0.45454545454545453	True
2262	41	0.36363636363636365	True
2262	3578	0.2727272727272727	False
2262	206	0.18181818181818182	True
2262	2281	0.09090909090909091	True
2318	2321	0.9090909090909091	False
2318	1704	0.8181818181818182	True
2318	3578	0.7272727272727273	False
2318	2853	0.6363636363636364	False
2318	946	0.5454545454545454	True
2318	521	0.45454545454545453	True
2318	2779	0.36363636363636365	True
2318	829	0.2727272727272727	False
2318	3201	0.18181818181818182	False
2318	3256	0.09090909090909091	False
4237	2791	0.9090909090909091	True
4237	829	0.8181818181818182	False
4237	3210	0.7272727272727273	True
4237	2853	0.6363636363636364	False
4237	3578	0.5454545454545454	False
4237	1242	0.45454545454545453	True
4237	2321	0.36363636363636365	False
4237	3432	0.2727272727272727	True
4237	1945	0.18181818181818182	True
4237	3157	0.09090909090909091	True
5130	3157	0.9090909090909091	True
5130	3256	0.8181818181818182	False
5130	3201	0.7272727272727273	False
5130	2321	0.6363636363636364	False
5130	2791	0.5454545454545454	True
5130	829	0.45454545454545453	False
5130	2779	0.36363636363636365	True
5130	2853	0.2727272727272727	False
5130	3210	0.18181818181818182	True
5130	1992	0.09090909090909091	True
1342	1405	0.9090909090909091	True
1342	3201	0.8181818181818182	False
1342	3256	0.7272727272727273	False
1342	3210	0.6363636363636364	True
1342	3157	0.5454545454545454	True
1342	2321	0.45454545454545453	False
1342	3578	0.36363636363636365	False
1342	521	0.2727272727272727	True
1342	1704	0.18181818181818182	True
1342	1992	0.09090909090909091	True
1476	2853	0.9090909090909091	False
1476	2321	0.8181818181818182	False
1476	3256	0.7272727272727273	False
1476	946	0.6363636363636364	True
1476	1704	0.5454545454545454	True
1476	3578	0.45454545454545453	False
1476	3201	0.36363636363636365	False
1476	829	0.2727272727272727	False
1476	888	0.18181818181818182	True
1476	3157	0.09090909090909091	True
3948	3201	0.9090909090909091	False
3948	41	0.8181818181818182	True
3948	2321	0.7272727272727273	False
3948	1992	0.6363636363636364	True
3948	3157	0.5454545454545454	True
3948	2853	0.45454545454545453	False
3948	2779	0.36363636363636365	True
3948	2187	0.2727272727272727	True
3948	3578	0.18181818181818182	False
3948	3256	0.09090909090909091	False
1262	3578	0.9090909090909091	False
1262	2853	0.8181818181818182	False
1262	3201	0.7272727272727273	False
1262	2321	0.6363636363636364	False
1262	3882	0.5454545454545454	True
1262	41	0.45454545454545453	True
1262	1704	0.36363636363636365	True
1262	3098	0.2727272727272727	True
1262	3210	0.18181818181818182	True
1262	829	0.09090909090909091	False
3756	2853	0.9090909090909091	False
3756	3157	0.8181818181818182	True
3756	3210	0.7272727272727273	True
3756	829	0.6363636363636364	False
3756	3578	0.5454545454545454	False
3756	2791	0.45454545454545453	True
3756	2321	0.36363636363636365	False
3756	1242	0.2727272727272727	True
3756	3201	0.18181818181818182	False
3756	1704	0.09090909090909091	True
907	3201	0.9090909090909091	False
907	3157	0.8181818181818182	True
907	2853	0.7272727272727273	False
907	3578	0.6363636363636364	False
907	2321	0.5454545454545454	False
907	41	0.45454545454545453	True
907	829	0.36363636363636365	False
907	2281	0.2727272727272727	True
907	1992	0.18181818181818182	True
907	3256	0.09090909090909091	False
2825	2853	0.9090909090909091	False
2825	3157	0.8181818181818182	True
2825	3201	0.7272727272727273	False
2825	3882	0.6363636363636364	True
2825	3256	0.5454545454545454	False
2825	2791	0.45454545454545453	True
2825	3578	0.36363636363636365	False
2825	1704	0.2727272727272727	True
2825	1405	0.18181818181818182	True
2825	2281	0.09090909090909091	True
3119	2853	0.9090909090909091	False
3119	3201	0.8181818181818182	False
3119	2321	0.7272727272727273	False
3119	2791	0.6363636363636364	True
3119	3578	0.5454545454545454	False
3119	3256	0.45454545454545453	False
3119	1992	0.36363636363636365	True
3119	829	0.2727272727272727	False
3119	946	0.18181818181818182	True
3119	381	0.09090909090909091	True
1126	2853	0.9090909090909091	False
1126	1405	0.8181818181818182	True
1126	3578	0.7272727272727273	False
1126	3201	0.6363636363636364	False
1126	2321	0.5454545454545454	False
1126	2779	0.45454545454545453	True
1126	3256	0.36363636363636365	False
1126	2791	0.2727272727272727	True
1126	3882	0.18181818181818182	True
1126	946	0.09090909090909091	True
5119	2853	0.9090909090909091	False
5119	381	0.8181818181818182	True
5119	3578	0.7272727272727273	False
5119	3201	0.6363636363636364	False
5119	3157	0.5454545454545454	True
5119	3098	0.45454545454545453	True
5119	3210	0.36363636363636365	True
5119	829	0.2727272727272727	False
5119	3882	0.18181818181818182	True
5119	946	0.09090909090909091	True
3450	3201	0.9090909090909091	False
3450	3157	0.8181818181818182	True
3450	2281	0.7272727272727273	True
3450	3578	0.6363636363636364	False
3450	2853	0.5454545454545454	False
3450	3256	0.45454545454545453	False
3450	3914	0.36363636363636365	True
3450	2321	0.2727272727272727	False
3450	1242	0.18181818181818182	True
3450	946	0.09090909090909091	True
5624	3256	0.9090909090909091	False
5624	1405	0.8181818181818182	True
5624	3201	0.7272727272727273	False
5624	206	0.6363636363636364	True
5624	2321	0.5454545454545454	False
5624	2779	0.45454545454545453	True
5624	2773	0.36363636363636365	True
5624	1992	0.2727272727272727	True
5624	1679	0.18181818181818182	True
5624	1704	0.09090909090909091	True
4878	3201	0.9090909090909091	False
4878	381	0.8181818181818182	True
4878	829	0.7272727272727273	False
4878	3578	0.6363636363636364	False
4878	3882	0.5454545454545454	True
4878	3256	0.45454545454545453	False
4878	3432	0.36363636363636365	True
4878	2853	0.2727272727272727	False
4878	3157	0.18181818181818182	True
4878	1679	0.09090909090909091	True
1721	3201	0.9090909090909091	False
1721	3256	0.8181818181818182	False
1721	3296	0.7272727272727273	True
1721	381	0.6363636363636364	True
1721	1405	0.5454545454545454	True
1721	3210	0.45454545454545453	True
1721	1704	0.36363636363636365	True
1721	3882	0.2727272727272727	True
1721	829	0.18181818181818182	False
1721	2562	0.09090909090909091	True
4307	3256	0.9090909090909091	False
4307	3201	0.8181818181818182	False
4307	3157	0.7272727272727273	True
4307	2281	0.6363636363636364	True
4307	829	0.5454545454545454	False
4307	1405	0.45454545454545453	True
4307	521	0.36363636363636365	True
4307	2810	0.2727272727272727	True
4307	3882	0.18181818181818182	True
4307	381	0.09090909090909091	True
3928	3201	0.9090909090909091	False
3928	2853	0.8181818181818182	False
3928	3157	0.7272727272727273	True
3928	1992	0.6363636363636364	True
3928	2791	0.5454545454545454	True
3928	3882	0.45454545454545453	True
3928	2321	0.36363636363636365	False
3928	3256	0.2727272727272727	False
3928	829	0.18181818181818182	False
3928	3578	0.09090909090909091	False
708	829	0.9090909090909091	False
708	3201	0.8181818181818182	False
708	3157	0.7272727272727273	True
708	2791	0.6363636363636364	True
708	3256	0.5454545454545454	False
708	2281	0.45454545454545453	True
708	2116	0.36363636363636365	True
708	3637	0.2727272727272727	True
708	2853	0.18181818181818182	False
708	1242	0.09090909090909091	True
2975	3201	0.9090909090909091	False
2975	3256	0.8181818181818182	False
2975	3157	0.7272727272727273	True
2975	3210	0.6363636363636364	True
2975	2853	0.5454545454545454	False
2975	3594	0.45454545454545453	True
2975	829	0.36363636363636365	False
2975	1704	0.2727272727272727	True
2975	1405	0.18181818181818182	True
2975	3432	0.09090909090909091	True
5862	3201	0.9090909090909091	False
5862	3157	0.8181818181818182	True
5862	3210	0.7272727272727273	True
5862	1704	0.6363636363636364	True
5862	3882	0.5454545454545454	True
5862	381	0.45454545454545453	True
5862	2779	0.36363636363636365	True
5862	829	0.2727272727272727	False
5862	2853	0.18181818181818182	False
5862	1405	0.09090909090909091	True
3376	3256	0.9090909090909091	False
3376	3201	0.8181818181818182	False
3376	41	0.7272727272727273	True
3376	2853	0.6363636363636364	False
3376	2321	0.5454545454545454	False
3376	1704	0.45454545454545453	True
3376	2779	0.36363636363636365	True
3376	3578	0.2727272727272727	False
3376	3157	0.18181818181818182	True
3376	829	0.09090909090909091	False
3574	3256	0.9090909090909091	False
3574	829	0.8181818181818182	False
3574	3157	0.7272727272727273	True
3574	2853	0.6363636363636364	False
3574	1405	0.5454545454545454	True
3574	521	0.45454545454545453	True
3574	3201	0.36363636363636365	False
3574	1242	0.2727272727272727	True
3574	2281	0.18181818181818182	True
3574	1704	0.09090909090909091	True
2703	3201	0.9090909090909091	False
2703	381	0.8181818181818182	True
2703	2853	0.7272727272727273	False
2703	3578	0.6363636363636364	False
2703	3157	0.5454545454545454	True
2703	1405	0.45454545454545453	True
2703	1679	0.36363636363636365	True
2703	3882	0.2727272727272727	True
2703	3098	0.18181818181818182	True
2703	2321	0.09090909090909091	False
1877	2853	0.9090909090909091	False
1877	1704	0.8181818181818182	True
1877	3578	0.7272727272727273	False
1877	2321	0.6363636363636364	False
1877	829	0.5454545454545454	False
1877	3256	0.45454545454545453	False
1877	2791	0.36363636363636365	True
1877	3210	0.2727272727272727	True
1877	521	0.18181818181818182	True
1877	3432	0.09090909090909091	True
5424	3201	0.9090909090909091	False
5424	3256	0.8181818181818182	False
5424	3157	0.7272727272727273	True
5424	2281	0.6363636363636364	True
5424	1992	0.5454545454545454	True
5424	2779	0.45454545454545453	True
5424	1704	0.36363636363636365	True
5424	829	0.2727272727272727	False
5424	3882	0.18181818181818182	True
5424	2321	0.09090909090909091	False
2776	3201	0.9090909090909091	False
2776	2853	0.8181818181818182	False
2776	3157	0.7272727272727273	True
2776	2791	0.6363636363636364	True
2776	3210	0.5454545454545454	True
2776	1405	0.45454545454545453	True
2776	3578	0.36363636363636365	False
2776	1704	0.2727272727272727	True
2776	3296	0.18181818181818182	True
2776	2321	0.09090909090909091	False
967	2853	0.9090909090909091	False
967	3256	0.8181818181818182	False
967	946	0.7272727272727273	True
967	521	0.6363636363636364	True
967	3578	0.5454545454545454	False
967	2321	0.45454545454545453	False
967	1405	0.36363636363636365	True
967	3157	0.2727272727272727	True
967	1704	0.18181818181818182	True
967	829	0.09090909090909091	False
459	3201	0.9090909090909091	False
459	3256	0.8181818181818182	False
459	521	0.7272727272727273	True
459	2321	0.6363636363636364	False
459	829	0.5454545454545454	False
459	3210	0.45454545454545453	True
459	3157	0.36363636363636365	True
459	2853	0.2727272727272727	False
459	1704	0.18181818181818182	True
459	3578	0.09090909090909091	False
4172	3256	0.9090909090909091	False
4172	2321	0.8181818181818182	False
4172	2853	0.7272727272727273	False
4172	829	0.6363636363636364	False
4172	521	0.5454545454545454	True
4172	2773	0.45454545454545453	True
4172	2791	0.36363636363636365	True
4172	1704	0.2727272727272727	True
4172	1242	0.18181818181818182	True
4172	3578	0.09090909090909091	False
2578	2853	0.9090909090909091	False
2578	829	0.8181818181818182	False
2578	2791	0.7272727272727273	True
2578	3210	0.6363636363636364	True
2578	2321	0.5454545454545454	False
2578	3578	0.45454545454545453	False
2578	3432	0.36363636363636365	True
2578	1242	0.2727272727272727	True
2578	3098	0.18181818181818182	True
2578	2773	0.09090909090909091	True
679	3201	0.9090909090909091	False
679	3256	0.8181818181818182	False
679	946	0.7272727272727273	True
679	2779	0.6363636363636364	True
679	2853	0.5454545454545454	False
679	206	0.45454545454545453	True
679	1242	0.36363636363636365	True
679	3578	0.2727272727272727	False
679	2281	0.18181818181818182	True
679	2321	0.09090909090909091	False
2626	3201	0.9090909090909091	False
2626	381	0.8181818181818182	True
2626	3578	0.7272727272727273	False
2626	3157	0.6363636363636364	True
2626	3882	0.5454545454545454	True
2626	1405	0.45454545454545453	True
2626	1704	0.36363636363636365	True
2626	2853	0.2727272727272727	False
2626	3256	0.18181818181818182	False
2626	521	0.09090909090909091	True
2663	1405	0.9090909090909091	True
2663	2791	0.8181818181818182	True
2663	2853	0.7272727272727273	False
2663	2321	0.6363636363636364	False
2663	521	0.5454545454545454	True
2663	2779	0.45454545454545453	True
2663	3256	0.36363636363636365	False
2663	3578	0.2727272727272727	False
2663	3594	0.18181818181818182	True
2663	3201	0.09090909090909091	False
3567	3256	0.9090909090909091	False
3567	3201	0.8181818181818182	False
3567	3157	0.7272727272727273	True
3567	2321	0.6363636363636364	False
3567	1704	0.5454545454545454	True
3567	521	0.45454545454545453	True
3567	3210	0.36363636363636365	True
3567	1405	0.2727272727272727	True
3567	2779	0.18181818181818182	True
3567	1992	0.09090909090909091	True
4251	3578	0.9090909090909091	False
4251	2853	0.8181818181818182	False
4251	1405	0.7272727272727273	True
4251	2321	0.6363636363636364	False
4251	1704	0.5454545454545454	True
4251	946	0.45454545454545453	True
4251	3210	0.36363636363636365	True
4251	3296	0.2727272727272727	True
4251	3256	0.18181818181818182	False
4251	3882	0.09090909090909091	True
5013	3256	0.9090909090909091	False
5013	3201	0.8181818181818182	False
5013	2321	0.7272727272727273	False
5013	521	0.6363636363636364	True
5013	3578	0.5454545454545454	False
5013	206	0.45454545454545453	True
5013	2853	0.36363636363636365	False
5013	1992	0.2727272727272727	True
5013	1405	0.18181818181818182	True
5013	3157	0.09090909090909091	True
1413	3098	0.9090909090909091	True
1413	2853	0.8181818181818182	False
1413	2321	0.7272727272727273	False
1413	3256	0.6363636363636364	False
1413	41	0.5454545454545454	True
1413	3578	0.45454545454545453	False
1413	946	0.36363636363636365	True
1413	3157	0.2727272727272727	True
1413	3210	0.18181818181818182	True
1413	206	0.09090909090909091	True
