5605	2647	0.9090909090909091	False
5605	3547	0.8181818181818182	False
5605	1227	0.7272727272727273	False
5605	3438	0.6363636363636364	False
5605	958	0.5454545454545454	True
5605	514	0.45454545454545453	True
5605	68	0.36363636363636365	False
5605	2333	0.2727272727272727	True
5605	2335	0.18181818181818182	True
5605	3604	0.09090909090909091	True
5036	2647	0.9090909090909091	False
5036	3547	0.8181818181818182	False
5036	3438	0.7272727272727273	False
5036	1227	0.6363636363636364	False
5036	2813	0.5454545454545454	True
5036	1531	0.45454545454545453	True
5036	3780	0.36363636363636365	True
5036	2333	0.2727272727272727	True
5036	514	0.18181818181818182	True
5036	958	0.09090909090909091	True
1574	2647	0.9090909090909091	False
1574	3547	0.8181818181818182	False
1574	3438	0.7272727272727273	False
1574	68	0.6363636363636364	False
1574	2813	0.5454545454545454	True
1574	1227	0.45454545454545453	False
1574	1058	0.36363636363636365	True
1574	958	0.2727272727272727	True
1574	590	0.18181818181818182	True
1574	1120	0.09090909090909091	True
2561	2647	0.9090909090909091	False
2561	3547	0.8181818181818182	False
2561	2813	0.7272727272727273	True
2561	3438	0.6363636363636364	False
2561	1227	0.5454545454545454	False
2561	2088	0.45454545454545453	True
2561	68	0.36363636363636365	False
2561	2688	0.2727272727272727	True
2561	1058	0.18181818181818182	True
2561	514	0.09090909090909091	True
4305	2647	0.9090909090909091	False
4305	3547	0.8181818181818182	False
4305	958	0.7272727272727273	True
4305	2813	0.6363636363636364	True
4305	1227	0.5454545454545454	False
4305	68	0.45454545454545453	False
4305	3438	0.36363636363636365	False
4305	1644	0.2727272727272727	True
4305	16	0.18181818181818182	True
4305	3259	0.09090909090909091	True
3582	2647	0.9090909090909091	False
3582	3547	0.8181818181818182	False
3582	1154	0.7272727272727273	True
3582	2802	0.6363636363636364	True
3582	3438	0.5454545454545454	False
3582	3603	0.45454545454545453	True
3582	2688	0.36363636363636365	True
3582	30	0.2727272727272727	True
3582	958	0.18181818181818182	True
3582	1227	0.09090909090909091	False
3306	2647	0.9090909090909091	False
3306	3547	0.8181818181818182	False
3306	3438	0.7272727272727273	False
3306	16	0.6363636363636364	True
3306	958	0.5454545454545454	True
3306	3780	0.45454545454545453	True
3306	3604	0.36363636363636365	True
3306	2688	0.2727272727272727	True
3306	3351	0.18181818181818182	True
3306	68	0.09090909090909091	False
754	2647	0.9090909090909091	False
754	3547	0.8181818181818182	False
754	1227	0.7272727272727273	False
754	3438	0.6363636363636364	False
754	2813	0.5454545454545454	True
754	3477	0.45454545454545453	True
754	2088	0.36363636363636365	True
754	2688	0.2727272727272727	True
754	68	0.18181818181818182	False
754	1058	0.09090909090909091	True
2301	2647	0.9090909090909091	False
2301	3547	0.8181818181818182	False
2301	1227	0.7272727272727273	False
2301	3438	0.6363636363636364	False
2301	1058	0.5454545454545454	True
2301	30	0.45454545454545453	True
2301	2802	0.36363636363636365	True
2301	2324	0.2727272727272727	True
2301	68	0.18181818181818182	False
2301	3780	0.09090909090909091	True
1123	2647	0.9090909090909091	False
1123	3547	0.8181818181818182	False
1123	1227	0.7272727272727273	False
1123	3438	0.6363636363636364	False
1123	2813	0.5454545454545454	True
1123	68	0.45454545454545453	False
1123	1058	0.36363636363636365	True
1123	1644	0.2727272727272727	True
1123	296	0.18181818181818182	True
1123	831	0.09090909090909091	True
3278	2647	0.9090909090909091	False
3278	3547	0.8181818181818182	False
3278	1227	0.7272727272727273	False
3278	2813	0.6363636363636364	True
3278	1644	0.5454545454545454	True
3278	68	0.45454545454545453	False
3278	1058	0.36363636363636365	True
3278	2335	0.2727272727272727	True
3278	16	0.18181818181818182	True
3278	3438	0.09090909090909091	False
3028	2647	0.9090909090909091	False
3028	3547	0.8181818181818182	False
3028	3438	0.7272727272727273	False
3028	1227	0.6363636363636364	False
3028	68	0.5454545454545454	False
3028	2333	0.45454545454545453	True
3028	2802	0.36363636363636365	True
3028	2335	0.2727272727272727	True
3028	3351	0.18181818181818182	True
3028	1679	0.09090909090909091	True
4272	2647	0.9090909090909091	False
4272	3547	0.8181818181818182	False
4272	68	0.7272727272727273	False
4272	1227	0.6363636363636364	False
4272	2802	0.5454545454545454	True
4272	2373	0.45454545454545453	True
4272	1058	0.36363636363636365	True
4272	3603	0.2727272727272727	True
4272	915	0.18181818181818182	True
4272	1531	0.09090909090909091	True
4365	2647	0.9090909090909091	False
4365	3547	0.8181818181818182	False
4365	2802	0.7272727272727273	True
4365	3438	0.6363636363636364	False
4365	2324	0.5454545454545454	True
4365	1058	0.45454545454545453	True
4365	2813	0.36363636363636365	True
4365	68	0.2727272727272727	False
4365	2335	0.18181818181818182	True
4365	1227	0.09090909090909091	False
5297	2647	0.9090909090909091	False
5297	3547	0.8181818181818182	False
5297	3438	0.7272727272727273	False
5297	1227	0.6363636363636364	False
5297	1058	0.5454545454545454	True
5297	2813	0.45454545454545453	True
5297	958	0.36363636363636365	True
5297	3816	0.2727272727272727	True
5297	2088	0.18181818181818182	True
5297	1120	0.09090909090909091	True
1250	2647	0.9090909090909091	False
1250	3547	0.8181818181818182	False
1250	3438	0.7272727272727273	False
1250	2335	0.6363636363636364	True
1250	2813	0.5454545454545454	True
1250	68	0.45454545454545453	False
1250	16	0.36363636363636365	True
1250	1227	0.2727272727272727	False
1250	2802	0.18181818181818182	True
1250	3726	0.09090909090909091	True
1222	2647	0.9090909090909091	False
1222	3547	0.8181818181818182	False
1222	1679	0.7272727272727273	True
1222	3438	0.6363636363636364	False
1222	1227	0.5454545454545454	False
1222	2088	0.45454545454545453	True
1222	915	0.36363636363636365	True
1222	1058	0.2727272727272727	True
1222	16	0.18181818181818182	True
1222	68	0.09090909090909091	False
3357	2647	0.9090909090909091	False
3357	3547	0.8181818181818182	False
3357	3438	0.7272727272727273	False
3357	1227	0.6363636363636364	False
3357	915	0.5454545454545454	True
3357	2088	0.45454545454545453	True
3357	1679	0.36363636363636365	True
3357	16	0.2727272727272727	True
3357	2333	0.18181818181818182	True
3357	68	0.09090909090909091	False
1656	2647	0.9090909090909091	False
1656	3547	0.8181818181818182	False
1656	3438	0.7272727272727273	False
1656	68	0.6363636363636364	False
1656	1227	0.5454545454545454	False
1656	16	0.45454545454545453	True
1656	2802	0.36363636363636365	True
1656	831	0.2727272727272727	True
1656	2813	0.18181818181818182	True
1656	3780	0.09090909090909091	True
435	2647	0.9090909090909091	False
435	3547	0.8181818181818182	False
435	3438	0.7272727272727273	False
435	1227	0.6363636363636364	False
435	16	0.5454545454545454	True
435	68	0.45454545454545453	False
435	958	0.36363636363636365	True
435	175	0.2727272727272727	True
435	1058	0.18181818181818182	True
435	1120	0.09090909090909091	True
2153	2647	0.9090909090909091	False
2153	1227	0.8181818181818182	False
2153	3438	0.7272727272727273	False
2153	3547	0.6363636363636364	False
2153	514	0.5454545454545454	True
2153	30	0.45454545454545453	True
2153	2802	0.36363636363636365	True
2153	2333	0.2727272727272727	True
2153	2324	0.18181818181818182	True
2153	1679	0.09090909090909091	True
3760	2647	0.9090909090909091	False
3760	3547	0.8181818181818182	False
3760	3438	0.7272727272727273	False
3760	1519	0.6363636363636364	True
3760	3182	0.5454545454545454	True
3760	16	0.45454545454545453	True
3760	1227	0.36363636363636365	False
3760	2813	0.2727272727272727	True
3760	1058	0.18181818181818182	True
3760	175	0.09090909090909091	True
3759	2647	0.9090909090909091	False
3759	3547	0.8181818181818182	False
3759	68	0.7272727272727273	False
3759	3438	0.6363636363636364	False
3759	1227	0.5454545454545454	False
3759	16	0.45454545454545453	True
3759	1531	0.36363636363636365	True
3759	1058	0.2727272727272727	True
3759	2802	0.18181818181818182	True
3759	1601	0.09090909090909091	True
1902	2647	0.9090909090909091	False
1902	3547	0.8181818181818182	False
1902	3438	0.7272727272727273	False
1902	1120	0.6363636363636364	True
1902	2802	0.5454545454545454	True
1902	958	0.45454545454545453	True
1902	2688	0.36363636363636365	True
1902	68	0.2727272727272727	False
1902	362	0.18181818181818182	True
1902	2335	0.09090909090909091	True
1882	2647	0.9090909090909091	False
1882	3547	0.8181818181818182	False
1882	3438	0.7272727272727273	False
1882	2802	0.6363636363636364	True
1882	2813	0.5454545454545454	True
1882	3780	0.45454545454545453	True
1882	3477	0.36363636363636365	True
1882	68	0.2727272727272727	False
1882	1058	0.18181818181818182	True
1882	1601	0.09090909090909091	True
1385	2647	0.9090909090909091	False
1385	3547	0.8181818181818182	False
1385	3438	0.7272727272727273	False
1385	2088	0.6363636363636364	True
1385	514	0.5454545454545454	True
1385	3780	0.45454545454545453	True
1385	68	0.36363636363636365	False
1385	915	0.2727272727272727	True
1385	1679	0.18181818181818182	True
1385	958	0.09090909090909091	True
4371	2647	0.9090909090909091	False
4371	3547	0.8181818181818182	False
4371	2802	0.7272727272727273	True
4371	3438	0.6363636363636364	False
4371	1058	0.5454545454545454	True
4371	68	0.45454545454545453	False
4371	1120	0.36363636363636365	True
4371	2324	0.2727272727272727	True
4371	3477	0.18181818181818182	True
4371	16	0.09090909090909091	True
2938	2647	0.9090909090909091	False
2938	3547	0.8181818181818182	False
2938	3438	0.7272727272727273	False
2938	2813	0.6363636363636364	True
2938	1531	0.5454545454545454	True
2938	3780	0.45454545454545453	True
2938	16	0.36363636363636365	True
2938	68	0.2727272727272727	False
2938	1601	0.18181818181818182	True
2938	1679	0.09090909090909091	True
3353	2647	0.9090909090909091	False
3353	3547	0.8181818181818182	False
3353	3438	0.7272727272727273	False
3353	1227	0.6363636363636364	False
3353	1679	0.5454545454545454	True
3353	3780	0.45454545454545453	True
3353	68	0.36363636363636365	False
3353	1531	0.2727272727272727	True
3353	1058	0.18181818181818182	True
3353	16	0.09090909090909091	True
102	2647	0.9090909090909091	False
102	3547	0.8181818181818182	False
102	3438	0.7272727272727273	False
102	1227	0.6363636363636364	False
102	68	0.5454545454545454	False
102	831	0.45454545454545453	True
102	1679	0.36363636363636365	True
102	514	0.2727272727272727	True
102	1058	0.18181818181818182	True
102	2813	0.09090909090909091	True
359	2647	0.9090909090909091	False
359	3547	0.8181818181818182	False
359	3438	0.7272727272727273	False
359	2813	0.6363636363636364	True
359	68	0.5454545454545454	False
359	175	0.45454545454545453	True
359	2802	0.36363636363636365	True
359	1679	0.2727272727272727	True
359	3603	0.18181818181818182	True
359	1058	0.09090909090909091	True
4546	2647	0.9090909090909091	False
4546	3547	0.8181818181818182	False
4546	3438	0.7272727272727273	False
4546	3780	0.6363636363636364	True
4546	1531	0.5454545454545454	True
4546	958	0.45454545454545453	True
4546	2088	0.36363636363636365	True
4546	16	0.2727272727272727	True
4546	514	0.18181818181818182	True
4546	68	0.09090909090909091	False
1350	2647	0.9090909090909091	False
1350	3547	0.8181818181818182	False
1350	3438	0.7272727272727273	False
1350	68	0.6363636363636364	False
1350	2802	0.5454545454545454	True
1350	2813	0.45454545454545453	True
1350	3351	0.36363636363636365	True
1350	1227	0.2727272727272727	False
1350	1058	0.18181818181818182	True
1350	514	0.09090909090909091	True
2126	2647	0.9090909090909091	False
2126	3547	0.8181818181818182	False
2126	3438	0.7272727272727273	False
2126	1227	0.6363636363636364	False
2126	68	0.5454545454545454	False
2126	831	0.45454545454545453	True
2126	2813	0.36363636363636365	True
2126	958	0.2727272727272727	True
2126	1644	0.18181818181818182	True
2126	1770	0.09090909090909091	True
5976	2647	0.9090909090909091	False
5976	3547	0.8181818181818182	False
5976	68	0.7272727272727273	False
5976	2802	0.6363636363636364	True
5976	3438	0.5454545454545454	False
5976	16	0.45454545454545453	True
5976	3603	0.36363636363636365	True
5976	2813	0.2727272727272727	True
5976	1601	0.18181818181818182	True
5976	2324	0.09090909090909091	True
1749	2647	0.9090909090909091	False
1749	3547	0.8181818181818182	False
1749	3438	0.7272727272727273	False
1749	1227	0.6363636363636364	False
1749	2802	0.5454545454545454	True
1749	2813	0.45454545454545453	True
1749	3477	0.36363636363636365	True
1749	68	0.2727272727272727	False
1749	30	0.18181818181818182	True
1749	1644	0.09090909090909091	True
2458	2647	0.9090909090909091	False
2458	3547	0.8181818181818182	False
2458	16	0.7272727272727273	True
2458	1227	0.6363636363636364	False
2458	3351	0.5454545454545454	True
2458	3780	0.45454545454545453	True
2458	3438	0.36363636363636365	False
2458	68	0.2727272727272727	False
2458	2802	0.18181818181818182	True
2458	1058	0.09090909090909091	True
2460	2647	0.9090909090909091	False
2460	3547	0.8181818181818182	False
2460	3438	0.7272727272727273	False
2460	958	0.6363636363636364	True
2460	1227	0.5454545454545454	False
2460	2813	0.45454545454545453	True
2460	1058	0.36363636363636365	True
2460	3780	0.2727272727272727	True
2460	1120	0.18181818181818182	True
2460	68	0.09090909090909091	False
1725	2647	0.9090909090909091	False
1725	3547	0.8181818181818182	False
1725	1644	0.7272727272727273	True
1725	2813	0.6363636363636364	True
1725	1770	0.5454545454545454	True
1725	2688	0.45454545454545453	True
1725	3477	0.36363636363636365	True
1725	2802	0.2727272727272727	True
1725	1120	0.18181818181818182	True
1725	3438	0.09090909090909091	False
1422	2647	0.9090909090909091	False
1422	3547	0.8181818181818182	False
1422	175	0.7272727272727273	True
1422	2813	0.6363636363636364	True
1422	3438	0.5454545454545454	False
1422	1227	0.45454545454545453	False
1422	1058	0.36363636363636365	True
1422	68	0.2727272727272727	False
1422	1519	0.18181818181818182	True
1422	2802	0.09090909090909091	True
5666	2647	0.9090909090909091	False
5666	3547	0.8181818181818182	False
5666	16	0.7272727272727273	True
5666	3438	0.6363636363636364	False
5666	1227	0.5454545454545454	False
5666	1058	0.45454545454545453	True
5666	1679	0.36363636363636365	True
5666	2813	0.2727272727272727	True
5666	3780	0.18181818181818182	True
5666	68	0.09090909090909091	False
164	2647	0.9090909090909091	False
164	1227	0.8181818181818182	False
164	3547	0.7272727272727273	False
164	514	0.6363636363636364	True
164	3604	0.5454545454545454	True
164	958	0.45454545454545453	True
164	68	0.36363636363636365	False
164	831	0.2727272727272727	True
164	2373	0.18181818181818182	True
164	2335	0.09090909090909091	True
3571	2647	0.9090909090909091	False
3571	3547	0.8181818181818182	False
3571	1227	0.7272727272727273	False
3571	1058	0.6363636363636364	True
3571	2088	0.5454545454545454	True
3571	915	0.45454545454545453	True
3571	2302	0.36363636363636365	True
3571	16	0.2727272727272727	True
3571	1679	0.18181818181818182	True
3571	175	0.09090909090909091	True
5918	2647	0.9090909090909091	False
5918	3547	0.8181818181818182	False
5918	3603	0.7272727272727273	True
5918	1679	0.6363636363636364	True
5918	3438	0.5454545454545454	False
5918	1227	0.45454545454545453	False
5918	68	0.36363636363636365	False
5918	175	0.2727272727272727	True
5918	915	0.18181818181818182	True
5918	2088	0.09090909090909091	True
2332	2647	0.9090909090909091	False
2332	3547	0.8181818181818182	False
2332	1227	0.7272727272727273	False
2332	2335	0.6363636363636364	True
2332	2373	0.5454545454545454	True
2332	2802	0.45454545454545453	True
2332	1058	0.36363636363636365	True
2332	3477	0.2727272727272727	True
2332	1120	0.18181818181818182	True
2332	2688	0.09090909090909091	True
227	2647	0.9090909090909091	False
227	3547	0.8181818181818182	False
227	3438	0.7272727272727273	False
227	1227	0.6363636363636364	False
227	3780	0.5454545454545454	True
227	30	0.45454545454545453	True
227	2088	0.36363636363636365	True
227	1679	0.2727272727272727	True
227	1519	0.18181818181818182	True
227	1058	0.09090909090909091	True
622	2647	0.9090909090909091	False
622	3547	0.8181818181818182	False
622	1227	0.7272727272727273	False
622	2088	0.6363636363636364	True
622	3438	0.5454545454545454	False
622	68	0.45454545454545453	False
622	175	0.36363636363636365	True
622	1677	0.2727272727272727	True
622	296	0.18181818181818182	True
622	3780	0.09090909090909091	True
4195	2647	0.9090909090909091	False
4195	3547	0.8181818181818182	False
4195	1227	0.7272727272727273	False
4195	3438	0.6363636363636364	False
4195	16	0.5454545454545454	True
4195	2813	0.45454545454545453	True
4195	3780	0.36363636363636365	True
4195	2915	0.2727272727272727	True
4195	30	0.18181818181818182	True
4195	2324	0.09090909090909091	True
593	2647	0.9090909090909091	False
593	3547	0.8181818181818182	False
593	3438	0.7272727272727273	False
593	2813	0.6363636363636364	True
593	68	0.5454545454545454	False
593	1227	0.45454545454545453	False
593	831	0.36363636363636365	True
593	1679	0.2727272727272727	True
593	2088	0.18181818181818182	True
593	915	0.09090909090909091	True
4556	2647	0.9090909090909091	False
4556	3547	0.8181818181818182	False
4556	1227	0.7272727272727273	False
4556	958	0.6363636363636364	True
4556	1601	0.5454545454545454	True
4556	2324	0.45454545454545453	True
4556	16	0.36363636363636365	True
4556	2802	0.2727272727272727	True
4556	296	0.18181818181818182	True
4556	3726	0.09090909090909091	True
6009	2647	0.9090909090909091	False
6009	3547	0.8181818181818182	False
6009	514	0.7272727272727273	True
6009	2088	0.6363636363636364	True
6009	3604	0.5454545454545454	True
6009	1058	0.45454545454545453	True
6009	2813	0.36363636363636365	True
6009	1679	0.2727272727272727	True
6009	3438	0.18181818181818182	False
6009	1227	0.09090909090909091	False
1145	2647	0.9090909090909091	False
1145	3547	0.8181818181818182	False
1145	1227	0.7272727272727273	False
1145	2813	0.6363636363636364	True
1145	1644	0.5454545454545454	True
1145	3780	0.45454545454545453	True
1145	2088	0.36363636363636365	True
1145	3477	0.2727272727272727	True
1145	1120	0.18181818181818182	True
1145	3816	0.09090909090909091	True
4226	2647	0.9090909090909091	False
4226	3547	0.8181818181818182	False
4226	175	0.7272727272727273	True
4226	362	0.6363636363636364	True
4226	1601	0.5454545454545454	True
4226	958	0.45454545454545453	True
4226	2088	0.36363636363636365	True
4226	2302	0.2727272727272727	True
4226	1485	0.18181818181818182	True
4226	1058	0.09090909090909091	True
324	2647	0.9090909090909091	False
324	3547	0.8181818181818182	False
324	30	0.7272727272727273	True
324	1058	0.6363636363636364	True
324	16	0.5454545454545454	True
324	3438	0.45454545454545453	False
324	1227	0.36363636363636365	False
324	958	0.2727272727272727	True
324	276	0.18181818181818182	True
324	3351	0.09090909090909091	True
2958	2647	0.9090909090909091	False
2958	3547	0.8181818181818182	False
2958	1227	0.7272727272727273	False
2958	3438	0.6363636363636364	False
2958	2324	0.5454545454545454	True
2958	30	0.45454545454545453	True
2958	2802	0.36363636363636365	True
2958	2688	0.2727272727272727	True
2958	2333	0.18181818181818182	True
2958	1120	0.09090909090909091	True
3690	2647	0.9090909090909091	False
3690	3547	0.8181818181818182	False
3690	1227	0.7272727272727273	False
3690	3438	0.6363636363636364	False
3690	1679	0.5454545454545454	True
3690	2813	0.45454545454545453	True
3690	514	0.36363636363636365	True
3690	2335	0.2727272727272727	True
3690	831	0.18181818181818182	True
3690	3604	0.09090909090909091	True
171	3547	0.9090909090909091	False
171	1227	0.8181818181818182	False
171	1485	0.7272727272727273	True
171	3604	0.6363636363636364	True
171	68	0.5454545454545454	False
171	2915	0.45454545454545453	True
171	3603	0.36363636363636365	True
171	2335	0.2727272727272727	True
171	2813	0.18181818181818182	True
171	514	0.09090909090909091	True
1388	2647	0.9090909090909091	False
1388	3547	0.8181818181818182	False
1388	3438	0.7272727272727273	False
1388	2813	0.6363636363636364	True
1388	1058	0.5454545454545454	True
1388	68	0.45454545454545453	False
1388	2088	0.36363636363636365	True
1388	1227	0.2727272727272727	False
1388	915	0.18181818181818182	True
1388	16	0.09090909090909091	True
3874	2647	0.9090909090909091	False
3874	3547	0.8181818181818182	False
3874	1227	0.7272727272727273	False
3874	3438	0.6363636363636364	False
3874	915	0.5454545454545454	True
3874	2813	0.45454545454545453	True
3874	2088	0.36363636363636365	True
3874	68	0.2727272727272727	False
3874	1677	0.18181818181818182	True
3874	2335	0.09090909090909091	True
2201	2647	0.9090909090909091	False
2201	3547	0.8181818181818182	False
2201	1227	0.7272727272727273	False
2201	1058	0.6363636363636364	True
2201	16	0.5454545454545454	True
2201	3438	0.45454545454545453	False
2201	2335	0.36363636363636365	True
2201	68	0.2727272727272727	False
2201	2088	0.18181818181818182	True
2201	1120	0.09090909090909091	True
2326	2647	0.9090909090909091	False
2326	3547	0.8181818181818182	False
2326	3438	0.7272727272727273	False
2326	514	0.6363636363636364	True
2326	1227	0.5454545454545454	False
2326	3351	0.45454545454545453	True
2326	3604	0.36363636363636365	True
2326	2813	0.2727272727272727	True
2326	3421	0.18181818181818182	True
2326	2088	0.09090909090909091	True
5397	2647	0.9090909090909091	False
5397	3547	0.8181818181818182	False
5397	1227	0.7272727272727273	False
5397	958	0.6363636363636364	True
5397	514	0.5454545454545454	True
5397	3438	0.45454545454545453	False
5397	2088	0.36363636363636365	True
5397	2813	0.2727272727272727	True
5397	68	0.18181818181818182	False
5397	3603	0.09090909090909091	True
5246	2647	0.9090909090909091	False
5246	3547	0.8181818181818182	False
5246	2813	0.7272727272727273	True
5246	3438	0.6363636363636364	False
5246	2802	0.5454545454545454	True
5246	958	0.45454545454545453	True
5246	831	0.36363636363636365	True
5246	1531	0.2727272727272727	True
5246	362	0.18181818181818182	True
5246	175	0.09090909090909091	True
3105	2647	0.9090909090909091	False
3105	3547	0.8181818181818182	False
3105	2813	0.7272727272727273	True
3105	3438	0.6363636363636364	False
3105	2802	0.5454545454545454	True
3105	1058	0.45454545454545453	True
3105	2088	0.36363636363636365	True
3105	3477	0.2727272727272727	True
3105	113	0.18181818181818182	True
3105	362	0.09090909090909091	True
1009	2647	0.9090909090909091	False
1009	3547	0.8181818181818182	False
1009	1227	0.7272727272727273	False
1009	958	0.6363636363636364	True
1009	2813	0.5454545454545454	True
1009	3438	0.45454545454545453	False
1009	3604	0.36363636363636365	True
1009	2335	0.2727272727272727	True
1009	68	0.18181818181818182	False
1009	915	0.09090909090909091	True
2401	2647	0.9090909090909091	False
2401	3547	0.8181818181818182	False
2401	2802	0.7272727272727273	True
2401	3438	0.6363636363636364	False
2401	2335	0.5454545454545454	True
2401	2813	0.45454545454545453	True
2401	1227	0.36363636363636365	False
2401	68	0.2727272727272727	False
2401	276	0.18181818181818182	True
2401	30	0.09090909090909091	True
1006	2647	0.9090909090909091	False
1006	3547	0.8181818181818182	False
1006	1227	0.7272727272727273	False
1006	1058	0.6363636363636364	True
1006	16	0.5454545454545454	True
1006	2688	0.45454545454545453	True
1006	68	0.36363636363636365	False
1006	1644	0.2727272727272727	True
1006	30	0.18181818181818182	True
1006	2802	0.09090909090909091	True
273	2647	0.9090909090909091	False
273	3547	0.8181818181818182	False
273	3438	0.7272727272727273	False
273	2813	0.6363636363636364	True
273	1679	0.5454545454545454	True
273	2088	0.45454545454545453	True
273	2335	0.36363636363636365	True
273	1227	0.2727272727272727	False
273	362	0.18181818181818182	True
273	3604	0.09090909090909091	True
3862	2647	0.9090909090909091	False
3862	3547	0.8181818181818182	False
3862	3438	0.7272727272727273	False
3862	1227	0.6363636363636364	False
3862	2813	0.5454545454545454	True
3862	1531	0.45454545454545453	True
3862	68	0.36363636363636365	False
3862	1733	0.2727272727272727	True
3862	514	0.18181818181818182	True
3862	831	0.09090909090909091	True
2030	2647	0.9090909090909091	False
2030	3547	0.8181818181818182	False
2030	3438	0.7272727272727273	False
2030	3421	0.6363636363636364	True
2030	514	0.5454545454545454	True
2030	958	0.45454545454545453	True
2030	2088	0.36363636363636365	True
2030	1531	0.2727272727272727	True
2030	3816	0.18181818181818182	True
2030	2302	0.09090909090909091	True
1257	2647	0.9090909090909091	False
1257	3547	0.8181818181818182	False
1257	2802	0.7272727272727273	True
1257	1227	0.6363636363636364	False
1257	2335	0.5454545454545454	True
1257	1058	0.45454545454545453	True
1257	276	0.36363636363636365	True
1257	2915	0.2727272727272727	True
1257	2813	0.18181818181818182	True
1257	958	0.09090909090909091	True
5625	2647	0.9090909090909091	False
5625	3547	0.8181818181818182	False
5625	3438	0.7272727272727273	False
5625	68	0.6363636363636364	False
5625	16	0.5454545454545454	True
5625	1227	0.45454545454545453	False
5625	2802	0.36363636363636365	True
5625	1058	0.2727272727272727	True
5625	175	0.18181818181818182	True
5625	1120	0.09090909090909091	True
1883	2647	0.9090909090909091	False
1883	3547	0.8181818181818182	False
1883	1227	0.7272727272727273	False
1883	16	0.6363636363636364	True
1883	1058	0.5454545454545454	True
1883	68	0.45454545454545453	False
1883	3438	0.36363636363636365	False
1883	1519	0.2727272727272727	True
1883	3780	0.18181818181818182	True
1883	1601	0.09090909090909091	True
3274	2647	0.9090909090909091	False
3274	3547	0.8181818181818182	False
3274	3438	0.7272727272727273	False
3274	68	0.6363636363636364	False
3274	1227	0.5454545454545454	False
3274	2813	0.45454545454545453	True
3274	1058	0.36363636363636365	True
3274	958	0.2727272727272727	True
3274	16	0.18181818181818182	True
3274	3182	0.09090909090909091	True
2068	2647	0.9090909090909091	False
2068	3547	0.8181818181818182	False
2068	3438	0.7272727272727273	False
2068	1058	0.6363636363636364	True
2068	68	0.5454545454545454	False
2068	16	0.45454545454545453	True
2068	514	0.36363636363636365	True
2068	2813	0.2727272727272727	True
2068	1227	0.18181818181818182	False
2068	3351	0.09090909090909091	True
3852	2647	0.9090909090909091	False
3852	3547	0.8181818181818182	False
3852	1679	0.7272727272727273	True
3852	2813	0.6363636363636364	True
3852	362	0.5454545454545454	True
3852	3438	0.45454545454545453	False
3852	1227	0.36363636363636365	False
3852	2088	0.2727272727272727	True
3852	3603	0.18181818181818182	True
3852	831	0.09090909090909091	True
2305	2647	0.9090909090909091	False
2305	3547	0.8181818181818182	False
2305	1227	0.7272727272727273	False
2305	3438	0.6363636363636364	False
2305	68	0.5454545454545454	False
2305	2802	0.45454545454545453	True
2305	2335	0.36363636363636365	True
2305	2813	0.2727272727272727	True
2305	1644	0.18181818181818182	True
2305	1058	0.09090909090909091	True
2764	2647	0.9090909090909091	False
2764	1227	0.8181818181818182	False
2764	2324	0.7272727272727273	True
2764	1058	0.6363636363636364	True
2764	3438	0.5454545454545454	False
2764	68	0.45454545454545453	False
2764	1120	0.36363636363636365	True
2764	16	0.2727272727272727	True
2764	3547	0.18181818181818182	False
2764	958	0.09090909090909091	True
3922	2647	0.9090909090909091	False
3922	3547	0.8181818181818182	False
3922	3438	0.7272727272727273	False
3922	2802	0.6363636363636364	True
3922	2335	0.5454545454545454	True
3922	68	0.45454545454545453	False
3922	1058	0.36363636363636365	True
3922	1120	0.2727272727272727	True
3922	1227	0.18181818181818182	False
3922	16	0.09090909090909091	True
5823	2647	0.9090909090909091	False
5823	3547	0.8181818181818182	False
5823	1227	0.7272727272727273	False
5823	2813	0.6363636363636364	True
5823	3438	0.5454545454545454	False
5823	1058	0.45454545454545453	True
5823	68	0.36363636363636365	False
5823	175	0.2727272727272727	True
5823	296	0.18181818181818182	True
5823	16	0.09090909090909091	True
1148	2647	0.9090909090909091	False
1148	3547	0.8181818181818182	False
1148	3438	0.7272727272727273	False
1148	3780	0.6363636363636364	True
1148	1227	0.5454545454545454	False
1148	68	0.45454545454545453	False
1148	2333	0.36363636363636365	True
1148	1058	0.2727272727272727	True
1148	1679	0.18181818181818182	True
1148	3603	0.09090909090909091	True
3019	2647	0.9090909090909091	False
3019	3547	0.8181818181818182	False
3019	3438	0.7272727272727273	False
3019	1227	0.6363636363636364	False
3019	514	0.5454545454545454	True
3019	2088	0.45454545454545453	True
3019	3351	0.36363636363636365	True
3019	30	0.2727272727272727	True
3019	113	0.18181818181818182	True
3019	2335	0.09090909090909091	True
3977	2647	0.9090909090909091	False
3977	3547	0.8181818181818182	False
3977	2688	0.7272727272727273	True
3977	3438	0.6363636363636364	False
3977	1227	0.5454545454545454	False
3977	2813	0.45454545454545453	True
3977	2802	0.36363636363636365	True
3977	958	0.2727272727272727	True
3977	3477	0.18181818181818182	True
3977	1120	0.09090909090909091	True
90	2647	0.9090909090909091	False
90	3547	0.8181818181818182	False
90	3438	0.7272727272727273	False
90	1227	0.6363636363636364	False
90	68	0.5454545454545454	False
90	1531	0.45454545454545453	True
90	2688	0.36363636363636365	True
90	3780	0.2727272727272727	True
90	296	0.18181818181818182	True
90	1679	0.09090909090909091	True
1835	2647	0.9090909090909091	False
1835	3547	0.8181818181818182	False
1835	1227	0.7272727272727273	False
1835	3438	0.6363636363636364	False
1835	2813	0.5454545454545454	True
1835	2802	0.45454545454545453	True
1835	2324	0.36363636363636365	True
1835	296	0.2727272727272727	True
1835	175	0.18181818181818182	True
1835	1058	0.09090909090909091	True
5592	2647	0.9090909090909091	False
5592	3547	0.8181818181818182	False
5592	68	0.7272727272727273	False
5592	16	0.6363636363636364	True
5592	2802	0.5454545454545454	True
5592	2335	0.45454545454545453	True
5592	3438	0.36363636363636365	False
5592	2373	0.2727272727272727	True
5592	1120	0.18181818181818182	True
5592	915	0.09090909090909091	True
4002	2647	0.9090909090909091	False
4002	1227	0.8181818181818182	False
4002	3547	0.7272727272727273	False
4002	68	0.6363636363636364	False
4002	1058	0.5454545454545454	True
4002	3438	0.45454545454545453	False
4002	175	0.36363636363636365	True
4002	2373	0.2727272727272727	True
4002	2802	0.18181818181818182	True
4002	2915	0.09090909090909091	True
4079	2647	0.9090909090909091	False
4079	3547	0.8181818181818182	False
4079	1227	0.7272727272727273	False
4079	16	0.6363636363636364	True
4079	2688	0.5454545454545454	True
4079	1531	0.45454545454545453	True
4079	915	0.36363636363636365	True
4079	831	0.2727272727272727	True
4079	514	0.18181818181818182	True
4079	1824	0.09090909090909091	True
1251	2647	0.9090909090909091	False
1251	3547	0.8181818181818182	False
1251	3438	0.7272727272727273	False
1251	1679	0.6363636363636364	True
1251	514	0.5454545454545454	True
1251	1058	0.45454545454545453	True
1251	2813	0.36363636363636365	True
1251	2088	0.2727272727272727	True
1251	3816	0.18181818181818182	True
1251	1227	0.09090909090909091	False
2292	2647	0.9090909090909091	False
2292	3547	0.8181818181818182	False
2292	3438	0.7272727272727273	False
2292	1058	0.6363636363636364	True
2292	2088	0.5454545454545454	True
2292	16	0.45454545454545453	True
2292	2802	0.36363636363636365	True
2292	1120	0.2727272727272727	True
2292	958	0.18181818181818182	True
2292	68	0.09090909090909091	False
5481	2647	0.9090909090909091	False
5481	3547	0.8181818181818182	False
5481	1227	0.7272727272727273	False
5481	1058	0.6363636363636364	True
5481	30	0.5454545454545454	True
5481	3438	0.45454545454545453	False
5481	2813	0.36363636363636365	True
5481	958	0.2727272727272727	True
5481	1644	0.18181818181818182	True
5481	3780	0.09090909090909091	True
4205	2647	0.9090909090909091	False
4205	2802	0.8181818181818182	True
4205	3547	0.7272727272727273	False
4205	1120	0.6363636363636364	True
4205	1227	0.5454545454545454	False
4205	3477	0.45454545454545453	True
4205	2688	0.36363636363636365	True
4205	30	0.2727272727272727	True
4205	1058	0.18181818181818182	True
4205	1824	0.09090909090909091	True
313	2647	0.9090909090909091	False
313	3547	0.8181818181818182	False
313	3438	0.7272727272727273	False
313	1227	0.6363636363636364	False
313	2088	0.5454545454545454	True
313	2813	0.45454545454545453	True
313	2802	0.36363636363636365	True
313	1058	0.2727272727272727	True
313	68	0.18181818181818182	False
313	2335	0.09090909090909091	True
2043	2647	0.9090909090909091	False
2043	3547	0.8181818181818182	False
2043	3438	0.7272727272727273	False
2043	1227	0.6363636363636364	False
2043	2088	0.5454545454545454	True
2043	68	0.45454545454545453	False
2043	1058	0.36363636363636365	True
2043	16	0.2727272727272727	True
2043	2813	0.18181818181818182	True
2043	175	0.09090909090909091	True
2469	2647	0.9090909090909091	False
2469	3547	0.8181818181818182	False
2469	3438	0.7272727272727273	False
2469	68	0.6363636363636364	False
2469	2802	0.5454545454545454	True
2469	1058	0.45454545454545453	True
2469	2813	0.36363636363636365	True
2469	16	0.2727272727272727	True
2469	2335	0.18181818181818182	True
2469	276	0.09090909090909091	True
5051	2647	0.9090909090909091	False
5051	3547	0.8181818181818182	False
5051	1227	0.7272727272727273	False
5051	16	0.6363636363636364	True
5051	2688	0.5454545454545454	True
5051	1058	0.45454545454545453	True
5051	2335	0.36363636363636365	True
5051	958	0.2727272727272727	True
5051	2915	0.18181818181818182	True
5051	3438	0.09090909090909091	False
721	2647	0.9090909090909091	False
721	3547	0.8181818181818182	False
721	3438	0.7272727272727273	False
721	68	0.6363636363636364	False
721	2813	0.5454545454545454	True
721	1227	0.45454545454545453	False
721	2335	0.36363636363636365	True
721	175	0.2727272727272727	True
721	16	0.18181818181818182	True
721	2802	0.09090909090909091	True
5870	2647	0.9090909090909091	False
5870	3547	0.8181818181818182	False
5870	1058	0.7272727272727273	True
5870	3438	0.6363636363636364	False
5870	1227	0.5454545454545454	False
5870	2802	0.45454545454545453	True
5870	68	0.36363636363636365	False
5870	2335	0.2727272727272727	True
5870	1679	0.18181818181818182	True
5870	16	0.09090909090909091	True
