3712	473	0.9090909090909091	False
3712	2196	0.8181818181818182	False
3712	3768	0.7272727272727273	False
3712	3605	0.6363636363636364	True
3712	2442	0.5454545454545454	True
3712	3208	0.45454545454545453	False
3712	990	0.36363636363636365	False
3712	3931	0.2727272727272727	True
3712	3816	0.18181818181818182	True
3712	1208	0.09090909090909091	True
5323	2196	0.9090909090909091	False
5323	3768	0.8181818181818182	False
5323	473	0.7272727272727273	False
5323	3605	0.6363636363636364	True
5323	2442	0.5454545454545454	True
5323	3208	0.45454545454545453	False
5323	3931	0.36363636363636365	True
5323	990	0.2727272727272727	False
5323	3816	0.18181818181818182	True
5323	1208	0.09090909090909091	True
1155	2196	0.9090909090909091	False
1155	473	0.8181818181818182	False
1155	3768	0.7272727272727273	False
1155	3605	0.6363636363636364	True
1155	2442	0.5454545454545454	True
1155	3208	0.45454545454545453	False
1155	3931	0.36363636363636365	True
1155	990	0.2727272727272727	False
1155	3816	0.18181818181818182	True
1155	1236	0.09090909090909091	True
674	473	0.9090909090909091	False
674	2196	0.8181818181818182	False
674	3768	0.7272727272727273	False
674	3605	0.6363636363636364	True
674	2442	0.5454545454545454	True
674	3208	0.45454545454545453	False
674	990	0.36363636363636365	False
674	3931	0.2727272727272727	True
674	3816	0.18181818181818182	True
674	1208	0.09090909090909091	True
2554	473	0.9090909090909091	False
2554	2196	0.8181818181818182	False
2554	3768	0.7272727272727273	False
2554	3605	0.6363636363636364	True
2554	2442	0.5454545454545454	True
2554	3208	0.45454545454545453	False
2554	3931	0.36363636363636365	True
2554	990	0.2727272727272727	False
2554	3816	0.18181818181818182	True
2554	1208	0.09090909090909091	True
4994	473	0.9090909090909091	False
4994	2196	0.8181818181818182	False
4994	3768	0.7272727272727273	False
4994	3605	0.6363636363636364	True
4994	2442	0.5454545454545454	True
4994	3208	0.45454545454545453	False
4994	990	0.36363636363636365	False
4994	3931	0.2727272727272727	True
4994	3816	0.18181818181818182	True
4994	1236	0.09090909090909091	True
1827	473	0.9090909090909091	False
1827	2196	0.8181818181818182	False
1827	3768	0.7272727272727273	False
1827	3605	0.6363636363636364	True
1827	2442	0.5454545454545454	True
1827	3208	0.45454545454545453	False
1827	3931	0.36363636363636365	True
1827	990	0.2727272727272727	False
1827	3816	0.18181818181818182	True
1827	1208	0.09090909090909091	True
4422	473	0.9090909090909091	False
4422	2196	0.8181818181818182	False
4422	3768	0.7272727272727273	False
4422	3605	0.6363636363636364	True
4422	2442	0.5454545454545454	True
4422	3208	0.45454545454545453	False
4422	3931	0.36363636363636365	True
4422	990	0.2727272727272727	False
4422	3816	0.18181818181818182	True
4422	1236	0.09090909090909091	True
1567	2196	0.9090909090909091	False
1567	3768	0.8181818181818182	False
1567	473	0.7272727272727273	False
1567	3605	0.6363636363636364	True
1567	2442	0.5454545454545454	True
1567	3208	0.45454545454545453	False
1567	3931	0.36363636363636365	True
1567	990	0.2727272727272727	False
1567	3816	0.18181818181818182	True
1567	1208	0.09090909090909091	True
4600	473	0.9090909090909091	False
4600	2196	0.8181818181818182	False
4600	3768	0.7272727272727273	False
4600	3605	0.6363636363636364	True
4600	2442	0.5454545454545454	True
4600	3208	0.45454545454545453	False
4600	990	0.36363636363636365	False
4600	3931	0.2727272727272727	True
4600	3816	0.18181818181818182	True
4600	1208	0.09090909090909091	True
4104	2196	0.9090909090909091	False
4104	473	0.8181818181818182	False
4104	3768	0.7272727272727273	False
4104	2442	0.6363636363636364	True
4104	3605	0.5454545454545454	True
4104	3208	0.45454545454545453	False
4104	990	0.36363636363636365	False
4104	3931	0.2727272727272727	True
4104	3816	0.18181818181818182	True
4104	1208	0.09090909090909091	True
3322	473	0.9090909090909091	False
3322	2196	0.8181818181818182	False
3322	3768	0.7272727272727273	False
3322	3605	0.6363636363636364	True
3322	2442	0.5454545454545454	True
3322	3208	0.45454545454545453	False
3322	990	0.36363636363636365	False
3322	3931	0.2727272727272727	True
3322	3816	0.18181818181818182	True
3322	1208	0.09090909090909091	True
1798	2196	0.9090909090909091	False
1798	473	0.8181818181818182	False
1798	3768	0.7272727272727273	False
1798	3605	0.6363636363636364	True
1798	2442	0.5454545454545454	True
1798	3208	0.45454545454545453	False
1798	3931	0.36363636363636365	True
1798	990	0.2727272727272727	False
1798	3816	0.18181818181818182	True
1798	1236	0.09090909090909091	True
4795	473	0.9090909090909091	False
4795	3768	0.8181818181818182	False
4795	3605	0.7272727272727273	True
4795	2196	0.6363636363636364	False
4795	2442	0.5454545454545454	True
4795	3208	0.45454545454545453	False
4795	3931	0.36363636363636365	True
4795	990	0.2727272727272727	False
4795	3816	0.18181818181818182	True
4795	1208	0.09090909090909091	True
4330	473	0.9090909090909091	False
4330	2196	0.8181818181818182	False
4330	3768	0.7272727272727273	False
4330	3605	0.6363636363636364	True
4330	2442	0.5454545454545454	True
4330	3208	0.45454545454545453	False
4330	990	0.36363636363636365	False
4330	3931	0.2727272727272727	True
4330	3816	0.18181818181818182	True
4330	1208	0.09090909090909091	True
4388	473	0.9090909090909091	False
4388	3768	0.8181818181818182	False
4388	2196	0.7272727272727273	False
4388	3605	0.6363636363636364	True
4388	2442	0.5454545454545454	True
4388	3208	0.45454545454545453	False
4388	3931	0.36363636363636365	True
4388	3816	0.2727272727272727	True
4388	990	0.18181818181818182	False
4388	1208	0.09090909090909091	True
321	2196	0.9090909090909091	False
321	473	0.8181818181818182	False
321	3768	0.7272727272727273	False
321	2442	0.6363636363636364	True
321	3605	0.5454545454545454	True
321	3208	0.45454545454545453	False
321	3931	0.36363636363636365	True
321	990	0.2727272727272727	False
321	3816	0.18181818181818182	True
321	1208	0.09090909090909091	True
3811	2196	0.9090909090909091	False
3811	473	0.8181818181818182	False
3811	3768	0.7272727272727273	False
3811	3605	0.6363636363636364	True
3811	2442	0.5454545454545454	True
3811	3208	0.45454545454545453	False
3811	3931	0.36363636363636365	True
3811	990	0.2727272727272727	False
3811	3816	0.18181818181818182	True
3811	1208	0.09090909090909091	True
1533	2196	0.9090909090909091	False
1533	473	0.8181818181818182	False
1533	3768	0.7272727272727273	False
1533	3605	0.6363636363636364	True
1533	2442	0.5454545454545454	True
1533	3208	0.45454545454545453	False
1533	990	0.36363636363636365	False
1533	3816	0.2727272727272727	True
1533	3931	0.18181818181818182	True
1533	1208	0.09090909090909091	True
4645	473	0.9090909090909091	False
4645	2196	0.8181818181818182	False
4645	3768	0.7272727272727273	False
4645	3605	0.6363636363636364	True
4645	2442	0.5454545454545454	True
4645	3208	0.45454545454545453	False
4645	990	0.36363636363636365	False
4645	3816	0.2727272727272727	True
4645	3931	0.18181818181818182	True
4645	1208	0.09090909090909091	True
564	2196	0.9090909090909091	False
564	473	0.8181818181818182	False
564	3768	0.7272727272727273	False
564	3605	0.6363636363636364	True
564	2442	0.5454545454545454	True
564	3208	0.45454545454545453	False
564	3931	0.36363636363636365	True
564	990	0.2727272727272727	False
564	3816	0.18181818181818182	True
564	1208	0.09090909090909091	True
4287	2196	0.9090909090909091	False
4287	473	0.8181818181818182	False
4287	3768	0.7272727272727273	False
4287	3605	0.6363636363636364	True
4287	2442	0.5454545454545454	True
4287	3208	0.45454545454545453	False
4287	3931	0.36363636363636365	True
4287	990	0.2727272727272727	False
4287	3816	0.18181818181818182	True
4287	1208	0.09090909090909091	True
3379	2196	0.9090909090909091	False
3379	3768	0.8181818181818182	False
3379	473	0.7272727272727273	False
3379	2442	0.6363636363636364	True
3379	3605	0.5454545454545454	True
3379	3208	0.45454545454545453	False
3379	3931	0.36363636363636365	True
3379	990	0.2727272727272727	False
3379	3816	0.18181818181818182	True
3379	1208	0.09090909090909091	True
814	2196	0.9090909090909091	False
814	473	0.8181818181818182	False
814	3768	0.7272727272727273	False
814	3605	0.6363636363636364	True
814	2442	0.5454545454545454	True
814	3208	0.45454545454545453	False
814	3931	0.36363636363636365	True
814	990	0.2727272727272727	False
814	3816	0.18181818181818182	True
814	1208	0.09090909090909091	True
1116	2196	0.9090909090909091	False
1116	473	0.8181818181818182	False
1116	3768	0.7272727272727273	False
1116	3605	0.6363636363636364	True
1116	2442	0.5454545454545454	True
1116	3208	0.45454545454545453	False
1116	3931	0.36363636363636365	True
1116	990	0.2727272727272727	False
1116	3816	0.18181818181818182	True
1116	1208	0.09090909090909091	True
4481	473	0.9090909090909091	False
4481	2196	0.8181818181818182	False
4481	3768	0.7272727272727273	False
4481	3605	0.6363636363636364	True
4481	2442	0.5454545454545454	True
4481	3208	0.45454545454545453	False
4481	3931	0.36363636363636365	True
4481	990	0.2727272727272727	False
4481	3816	0.18181818181818182	True
4481	1236	0.09090909090909091	True
4627	473	0.9090909090909091	False
4627	2196	0.8181818181818182	False
4627	3768	0.7272727272727273	False
4627	3605	0.6363636363636364	True
4627	2442	0.5454545454545454	True
4627	3208	0.45454545454545453	False
4627	990	0.36363636363636365	False
4627	3931	0.2727272727272727	True
4627	3816	0.18181818181818182	True
4627	1208	0.09090909090909091	True
5930	2196	0.9090909090909091	False
5930	473	0.8181818181818182	False
5930	3768	0.7272727272727273	False
5930	3605	0.6363636363636364	True
5930	2442	0.5454545454545454	True
5930	3208	0.45454545454545453	False
5930	990	0.36363636363636365	False
5930	3931	0.2727272727272727	True
5930	3816	0.18181818181818182	True
5930	1208	0.09090909090909091	True
1064	473	0.9090909090909091	False
1064	2196	0.8181818181818182	False
1064	3768	0.7272727272727273	False
1064	3605	0.6363636363636364	True
1064	2442	0.5454545454545454	True
1064	3208	0.45454545454545453	False
1064	990	0.36363636363636365	False
1064	3931	0.2727272727272727	True
1064	3816	0.18181818181818182	True
1064	1208	0.09090909090909091	True
2234	2196	0.9090909090909091	False
2234	473	0.8181818181818182	False
2234	3768	0.7272727272727273	False
2234	3605	0.6363636363636364	True
2234	2442	0.5454545454545454	True
2234	3208	0.45454545454545453	False
2234	3931	0.36363636363636365	True
2234	990	0.2727272727272727	False
2234	3816	0.18181818181818182	True
2234	1208	0.09090909090909091	True
3492	2196	0.9090909090909091	False
3492	3768	0.8181818181818182	False
3492	473	0.7272727272727273	False
3492	3605	0.6363636363636364	True
3492	2442	0.5454545454545454	True
3492	3208	0.45454545454545453	False
3492	3931	0.36363636363636365	True
3492	990	0.2727272727272727	False
3492	3816	0.18181818181818182	True
3492	1208	0.09090909090909091	True
3211	2196	0.9090909090909091	False
3211	473	0.8181818181818182	False
3211	3768	0.7272727272727273	False
3211	3605	0.6363636363636364	True
3211	2442	0.5454545454545454	True
3211	3208	0.45454545454545453	False
3211	3931	0.36363636363636365	True
3211	990	0.2727272727272727	False
3211	3816	0.18181818181818182	True
3211	1208	0.09090909090909091	True
3481	2196	0.9090909090909091	False
3481	473	0.8181818181818182	False
3481	3768	0.7272727272727273	False
3481	3605	0.6363636363636364	True
3481	2442	0.5454545454545454	True
3481	3208	0.45454545454545453	False
3481	3931	0.36363636363636365	True
3481	990	0.2727272727272727	False
3481	3816	0.18181818181818182	True
3481	1208	0.09090909090909091	True
5446	473	0.9090909090909091	False
5446	2196	0.8181818181818182	False
5446	3768	0.7272727272727273	False
5446	3605	0.6363636363636364	True
5446	2442	0.5454545454545454	True
5446	3208	0.45454545454545453	False
5446	3931	0.36363636363636365	True
5446	990	0.2727272727272727	False
5446	3816	0.18181818181818182	True
5446	1208	0.09090909090909091	True
5731	2196	0.9090909090909091	False
5731	473	0.8181818181818182	False
5731	3768	0.7272727272727273	False
5731	3605	0.6363636363636364	True
5731	2442	0.5454545454545454	True
5731	3208	0.45454545454545453	False
5731	3931	0.36363636363636365	True
5731	990	0.2727272727272727	False
5731	3816	0.18181818181818182	True
5731	1208	0.09090909090909091	True
3313	473	0.9090909090909091	False
3313	2196	0.8181818181818182	False
3313	3605	0.7272727272727273	True
3313	3768	0.6363636363636364	False
3313	2442	0.5454545454545454	True
3313	3208	0.45454545454545453	False
3313	3931	0.36363636363636365	True
3313	990	0.2727272727272727	False
3313	3816	0.18181818181818182	True
3313	1208	0.09090909090909091	True
4199	473	0.9090909090909091	False
4199	2196	0.8181818181818182	False
4199	3768	0.7272727272727273	False
4199	3605	0.6363636363636364	True
4199	2442	0.5454545454545454	True
4199	3208	0.45454545454545453	False
4199	3931	0.36363636363636365	True
4199	990	0.2727272727272727	False
4199	3816	0.18181818181818182	True
4199	1208	0.09090909090909091	True
3157	473	0.9090909090909091	False
3157	2196	0.8181818181818182	False
3157	3768	0.7272727272727273	False
3157	3605	0.6363636363636364	True
3157	2442	0.5454545454545454	True
3157	3208	0.45454545454545453	False
3157	990	0.36363636363636365	False
3157	3931	0.2727272727272727	True
3157	3816	0.18181818181818182	True
3157	1208	0.09090909090909091	True
5846	2196	0.9090909090909091	False
5846	473	0.8181818181818182	False
5846	3768	0.7272727272727273	False
5846	2442	0.6363636363636364	True
5846	3605	0.5454545454545454	True
5846	3208	0.45454545454545453	False
5846	990	0.36363636363636365	False
5846	3931	0.2727272727272727	True
5846	3816	0.18181818181818182	True
5846	1236	0.09090909090909091	True
5796	473	0.9090909090909091	False
5796	2196	0.8181818181818182	False
5796	3605	0.7272727272727273	True
5796	3768	0.6363636363636364	False
5796	2442	0.5454545454545454	True
5796	3208	0.45454545454545453	False
5796	3931	0.36363636363636365	True
5796	990	0.2727272727272727	False
5796	3816	0.18181818181818182	True
5796	1236	0.09090909090909091	True
1003	473	0.9090909090909091	False
1003	2196	0.8181818181818182	False
1003	3768	0.7272727272727273	False
1003	3605	0.6363636363636364	True
1003	2442	0.5454545454545454	True
1003	3208	0.45454545454545453	False
1003	990	0.36363636363636365	False
1003	3931	0.2727272727272727	True
1003	3816	0.18181818181818182	True
1003	1208	0.09090909090909091	True
2187	2196	0.9090909090909091	False
2187	3768	0.8181818181818182	False
2187	473	0.7272727272727273	False
2187	2442	0.6363636363636364	True
2187	3605	0.5454545454545454	True
2187	3208	0.45454545454545453	False
2187	3931	0.36363636363636365	True
2187	990	0.2727272727272727	False
2187	3816	0.18181818181818182	True
2187	1208	0.09090909090909091	True
4028	473	0.9090909090909091	False
4028	2196	0.8181818181818182	False
4028	3605	0.7272727272727273	True
4028	3768	0.6363636363636364	False
4028	2442	0.5454545454545454	True
4028	3208	0.45454545454545453	False
4028	3931	0.36363636363636365	True
4028	990	0.2727272727272727	False
4028	3816	0.18181818181818182	True
4028	1236	0.09090909090909091	True
4131	2196	0.9090909090909091	False
4131	473	0.8181818181818182	False
4131	3768	0.7272727272727273	False
4131	3605	0.6363636363636364	True
4131	2442	0.5454545454545454	True
4131	3208	0.45454545454545453	False
4131	3931	0.36363636363636365	True
4131	990	0.2727272727272727	False
4131	3816	0.18181818181818182	True
4131	1236	0.09090909090909091	True
4038	2196	0.9090909090909091	False
4038	3768	0.8181818181818182	False
4038	473	0.7272727272727273	False
4038	3605	0.6363636363636364	True
4038	2442	0.5454545454545454	True
4038	3208	0.45454545454545453	False
4038	3931	0.36363636363636365	True
4038	990	0.2727272727272727	False
4038	3816	0.18181818181818182	True
4038	1208	0.09090909090909091	True
5310	473	0.9090909090909091	False
5310	2196	0.8181818181818182	False
5310	3768	0.7272727272727273	False
5310	3605	0.6363636363636364	True
5310	2442	0.5454545454545454	True
5310	3208	0.45454545454545453	False
5310	990	0.36363636363636365	False
5310	3931	0.2727272727272727	True
5310	3816	0.18181818181818182	True
5310	1208	0.09090909090909091	True
5805	2196	0.9090909090909091	False
5805	473	0.8181818181818182	False
5805	3768	0.7272727272727273	False
5805	3605	0.6363636363636364	True
5805	2442	0.5454545454545454	True
5805	3208	0.45454545454545453	False
5805	3931	0.36363636363636365	True
5805	990	0.2727272727272727	False
5805	3816	0.18181818181818182	True
5805	1236	0.09090909090909091	True
3358	2196	0.9090909090909091	False
3358	3768	0.8181818181818182	False
3358	473	0.7272727272727273	False
3358	2442	0.6363636363636364	True
3358	3605	0.5454545454545454	True
3358	3208	0.45454545454545453	False
3358	3931	0.36363636363636365	True
3358	3816	0.2727272727272727	True
3358	990	0.18181818181818182	False
3358	1236	0.09090909090909091	True
1383	2196	0.9090909090909091	False
1383	3768	0.8181818181818182	False
1383	473	0.7272727272727273	False
1383	3605	0.6363636363636364	True
1383	2442	0.5454545454545454	True
1383	3208	0.45454545454545453	False
1383	3931	0.36363636363636365	True
1383	990	0.2727272727272727	False
1383	3816	0.18181818181818182	True
1383	1208	0.09090909090909091	True
1370	2196	0.9090909090909091	False
1370	473	0.8181818181818182	False
1370	3768	0.7272727272727273	False
1370	3605	0.6363636363636364	True
1370	2442	0.5454545454545454	True
1370	3208	0.45454545454545453	False
1370	3931	0.36363636363636365	True
1370	990	0.2727272727272727	False
1370	3816	0.18181818181818182	True
1370	1208	0.09090909090909091	True
3355	3768	0.9090909090909091	False
3355	473	0.8181818181818182	False
3355	2196	0.7272727272727273	False
3355	3605	0.6363636363636364	True
3355	2442	0.5454545454545454	True
3355	3208	0.45454545454545453	False
3355	3931	0.36363636363636365	True
3355	990	0.2727272727272727	False
3355	3816	0.18181818181818182	True
3355	1208	0.09090909090909091	True
5741	2196	0.9090909090909091	False
5741	473	0.8181818181818182	False
5741	3768	0.7272727272727273	False
5741	2442	0.6363636363636364	True
5741	3605	0.5454545454545454	True
5741	3208	0.45454545454545453	False
5741	990	0.36363636363636365	False
5741	3931	0.2727272727272727	True
5741	3816	0.18181818181818182	True
5741	1236	0.09090909090909091	True
3440	2196	0.9090909090909091	False
3440	473	0.8181818181818182	False
3440	3768	0.7272727272727273	False
3440	3605	0.6363636363636364	True
3440	2442	0.5454545454545454	True
3440	3208	0.45454545454545453	False
3440	3931	0.36363636363636365	True
3440	990	0.2727272727272727	False
3440	3816	0.18181818181818182	True
3440	1208	0.09090909090909091	True
3634	2196	0.9090909090909091	False
3634	3768	0.8181818181818182	False
3634	473	0.7272727272727273	False
3634	3605	0.6363636363636364	True
3634	2442	0.5454545454545454	True
3634	3208	0.45454545454545453	False
3634	990	0.36363636363636365	False
3634	3931	0.2727272727272727	True
3634	3816	0.18181818181818182	True
3634	1208	0.09090909090909091	True
5192	2196	0.9090909090909091	False
5192	3768	0.8181818181818182	False
5192	473	0.7272727272727273	False
5192	3605	0.6363636363636364	True
5192	2442	0.5454545454545454	True
5192	3208	0.45454545454545453	False
5192	990	0.36363636363636365	False
5192	3931	0.2727272727272727	True
5192	3816	0.18181818181818182	True
5192	1208	0.09090909090909091	True
4638	473	0.9090909090909091	False
4638	2196	0.8181818181818182	False
4638	3768	0.7272727272727273	False
4638	3605	0.6363636363636364	True
4638	2442	0.5454545454545454	True
4638	3208	0.45454545454545453	False
4638	3931	0.36363636363636365	True
4638	990	0.2727272727272727	False
4638	3816	0.18181818181818182	True
4638	1208	0.09090909090909091	True
975	2196	0.9090909090909091	False
975	473	0.8181818181818182	False
975	3768	0.7272727272727273	False
975	3605	0.6363636363636364	True
975	2442	0.5454545454545454	True
975	3208	0.45454545454545453	False
975	3931	0.36363636363636365	True
975	990	0.2727272727272727	False
975	3816	0.18181818181818182	True
975	1236	0.09090909090909091	True
3562	473	0.9090909090909091	False
3562	2196	0.8181818181818182	False
3562	3768	0.7272727272727273	False
3562	3605	0.6363636363636364	True
3562	2442	0.5454545454545454	True
3562	3208	0.45454545454545453	False
3562	990	0.36363636363636365	False
3562	3931	0.2727272727272727	True
3562	3816	0.18181818181818182	True
3562	1236	0.09090909090909091	True
370	2196	0.9090909090909091	False
370	473	0.8181818181818182	False
370	3768	0.7272727272727273	False
370	2442	0.6363636363636364	True
370	3605	0.5454545454545454	True
370	3208	0.45454545454545453	False
370	990	0.36363636363636365	False
370	3931	0.2727272727272727	True
370	3816	0.18181818181818182	True
370	1208	0.09090909090909091	True
3798	2196	0.9090909090909091	False
3798	473	0.8181818181818182	False
3798	2442	0.7272727272727273	True
3798	3768	0.6363636363636364	False
3798	3605	0.5454545454545454	True
3798	3208	0.45454545454545453	False
3798	3931	0.36363636363636365	True
3798	990	0.2727272727272727	False
3798	3816	0.18181818181818182	True
3798	1208	0.09090909090909091	True
1137	473	0.9090909090909091	False
1137	2196	0.8181818181818182	False
1137	3768	0.7272727272727273	False
1137	2442	0.6363636363636364	True
1137	3605	0.5454545454545454	True
1137	3208	0.45454545454545453	False
1137	990	0.36363636363636365	False
1137	3816	0.2727272727272727	True
1137	3931	0.18181818181818182	True
1137	1208	0.09090909090909091	True
2677	2196	0.9090909090909091	False
2677	473	0.8181818181818182	False
2677	3768	0.7272727272727273	False
2677	3605	0.6363636363636364	True
2677	2442	0.5454545454545454	True
2677	3208	0.45454545454545453	False
2677	3931	0.36363636363636365	True
2677	990	0.2727272727272727	False
2677	3816	0.18181818181818182	True
2677	1236	0.09090909090909091	True
5014	2196	0.9090909090909091	False
5014	473	0.8181818181818182	False
5014	3768	0.7272727272727273	False
5014	3605	0.6363636363636364	True
5014	2442	0.5454545454545454	True
5014	3208	0.45454545454545453	False
5014	3931	0.36363636363636365	True
5014	990	0.2727272727272727	False
5014	3816	0.18181818181818182	True
5014	1208	0.09090909090909091	True
5461	2196	0.9090909090909091	False
5461	3605	0.8181818181818182	True
5461	3768	0.7272727272727273	False
5461	473	0.6363636363636364	False
5461	2442	0.5454545454545454	True
5461	3208	0.45454545454545453	False
5461	3931	0.36363636363636365	True
5461	990	0.2727272727272727	False
5461	3816	0.18181818181818182	True
5461	1236	0.09090909090909091	True
5580	2196	0.9090909090909091	False
5580	473	0.8181818181818182	False
5580	3605	0.7272727272727273	True
5580	3768	0.6363636363636364	False
5580	2442	0.5454545454545454	True
5580	3208	0.45454545454545453	False
5580	3931	0.36363636363636365	True
5580	990	0.2727272727272727	False
5580	3816	0.18181818181818182	True
5580	1208	0.09090909090909091	True
5816	473	0.9090909090909091	False
5816	2196	0.8181818181818182	False
5816	3768	0.7272727272727273	False
5816	3605	0.6363636363636364	True
5816	2442	0.5454545454545454	True
5816	3208	0.45454545454545453	False
5816	3931	0.36363636363636365	True
5816	990	0.2727272727272727	False
5816	3816	0.18181818181818182	True
5816	1236	0.09090909090909091	True
3685	473	0.9090909090909091	False
3685	3768	0.8181818181818182	False
3685	2196	0.7272727272727273	False
3685	3605	0.6363636363636364	True
3685	2442	0.5454545454545454	True
3685	3208	0.45454545454545453	False
3685	990	0.36363636363636365	False
3685	3931	0.2727272727272727	True
3685	3816	0.18181818181818182	True
3685	1208	0.09090909090909091	True
1652	2196	0.9090909090909091	False
1652	473	0.8181818181818182	False
1652	3768	0.7272727272727273	False
1652	3605	0.6363636363636364	True
1652	2442	0.5454545454545454	True
1652	3208	0.45454545454545453	False
1652	3931	0.36363636363636365	True
1652	990	0.2727272727272727	False
1652	3816	0.18181818181818182	True
1652	1208	0.09090909090909091	True
905	473	0.9090909090909091	False
905	2196	0.8181818181818182	False
905	3768	0.7272727272727273	False
905	3605	0.6363636363636364	True
905	2442	0.5454545454545454	True
905	3208	0.45454545454545453	False
905	990	0.36363636363636365	False
905	3931	0.2727272727272727	True
905	3816	0.18181818181818182	True
905	1208	0.09090909090909091	True
2271	473	0.9090909090909091	False
2271	2196	0.8181818181818182	False
2271	3768	0.7272727272727273	False
2271	3605	0.6363636363636364	True
2271	2442	0.5454545454545454	True
2271	3208	0.45454545454545453	False
2271	3931	0.36363636363636365	True
2271	990	0.2727272727272727	False
2271	3816	0.18181818181818182	True
2271	1208	0.09090909090909091	True
1731	2196	0.9090909090909091	False
1731	473	0.8181818181818182	False
1731	3768	0.7272727272727273	False
1731	3605	0.6363636363636364	True
1731	2442	0.5454545454545454	True
1731	3208	0.45454545454545453	False
1731	3931	0.36363636363636365	True
1731	990	0.2727272727272727	False
1731	3816	0.18181818181818182	True
1731	1208	0.09090909090909091	True
1711	473	0.9090909090909091	False
1711	2196	0.8181818181818182	False
1711	3768	0.7272727272727273	False
1711	3605	0.6363636363636364	True
1711	2442	0.5454545454545454	True
1711	3208	0.45454545454545453	False
1711	3931	0.36363636363636365	True
1711	990	0.2727272727272727	False
1711	3816	0.18181818181818182	True
1711	1208	0.09090909090909091	True
3489	473	0.9090909090909091	False
3489	2196	0.8181818181818182	False
3489	3605	0.7272727272727273	True
3489	2442	0.6363636363636364	True
3489	3768	0.5454545454545454	False
3489	3931	0.45454545454545453	True
3489	3208	0.36363636363636365	False
3489	990	0.2727272727272727	False
3489	3816	0.18181818181818182	True
3489	1236	0.09090909090909091	True
3937	473	0.9090909090909091	False
3937	2196	0.8181818181818182	False
3937	3768	0.7272727272727273	False
3937	3605	0.6363636363636364	True
3937	2442	0.5454545454545454	True
3937	3208	0.45454545454545453	False
3937	3931	0.36363636363636365	True
3937	990	0.2727272727272727	False
3937	3816	0.18181818181818182	True
3937	1208	0.09090909090909091	True
450	473	0.9090909090909091	False
450	2196	0.8181818181818182	False
450	3768	0.7272727272727273	False
450	3605	0.6363636363636364	True
450	2442	0.5454545454545454	True
450	3208	0.45454545454545453	False
450	3931	0.36363636363636365	True
450	990	0.2727272727272727	False
450	3816	0.18181818181818182	True
450	1208	0.09090909090909091	True
1954	2196	0.9090909090909091	False
1954	473	0.8181818181818182	False
1954	3605	0.7272727272727273	True
1954	3768	0.6363636363636364	False
1954	2442	0.5454545454545454	True
1954	3208	0.45454545454545453	False
1954	3931	0.36363636363636365	True
1954	990	0.2727272727272727	False
1954	3816	0.18181818181818182	True
1954	1208	0.09090909090909091	True
1322	2196	0.9090909090909091	False
1322	473	0.8181818181818182	False
1322	3768	0.7272727272727273	False
1322	3605	0.6363636363636364	True
1322	2442	0.5454545454545454	True
1322	3208	0.45454545454545453	False
1322	3931	0.36363636363636365	True
1322	990	0.2727272727272727	False
1322	3816	0.18181818181818182	True
1322	1208	0.09090909090909091	True
691	2196	0.9090909090909091	False
691	473	0.8181818181818182	False
691	3768	0.7272727272727273	False
691	3605	0.6363636363636364	True
691	2442	0.5454545454545454	True
691	3208	0.45454545454545453	False
691	3931	0.36363636363636365	True
691	990	0.2727272727272727	False
691	3816	0.18181818181818182	True
691	1208	0.09090909090909091	True
119	2196	0.9090909090909091	False
119	473	0.8181818181818182	False
119	3768	0.7272727272727273	False
119	3605	0.6363636363636364	True
119	2442	0.5454545454545454	True
119	3208	0.45454545454545453	False
119	3931	0.36363636363636365	True
119	990	0.2727272727272727	False
119	3816	0.18181818181818182	True
119	1208	0.09090909090909091	True
5571	2196	0.9090909090909091	False
5571	473	0.8181818181818182	False
5571	3768	0.7272727272727273	False
5571	3605	0.6363636363636364	True
5571	2442	0.5454545454545454	True
5571	3208	0.45454545454545453	False
5571	990	0.36363636363636365	False
5571	3931	0.2727272727272727	True
5571	3816	0.18181818181818182	True
5571	1208	0.09090909090909091	True
5333	2196	0.9090909090909091	False
5333	3768	0.8181818181818182	False
5333	473	0.7272727272727273	False
5333	2442	0.6363636363636364	True
5333	3605	0.5454545454545454	True
5333	3208	0.45454545454545453	False
5333	3931	0.36363636363636365	True
5333	990	0.2727272727272727	False
5333	3816	0.18181818181818182	True
5333	1208	0.09090909090909091	True
3171	3768	0.9090909090909091	False
3171	2196	0.8181818181818182	False
3171	3605	0.7272727272727273	True
3171	473	0.6363636363636364	False
3171	2442	0.5454545454545454	True
3171	3208	0.45454545454545453	False
3171	3931	0.36363636363636365	True
3171	990	0.2727272727272727	False
3171	3816	0.18181818181818182	True
3171	1236	0.09090909090909091	True
3997	2196	0.9090909090909091	False
3997	473	0.8181818181818182	False
3997	3768	0.7272727272727273	False
3997	2442	0.6363636363636364	True
3997	3605	0.5454545454545454	True
3997	3208	0.45454545454545453	False
3997	3931	0.36363636363636365	True
3997	990	0.2727272727272727	False
3997	3816	0.18181818181818182	True
3997	1208	0.09090909090909091	True
5853	2196	0.9090909090909091	False
5853	3768	0.8181818181818182	False
5853	473	0.7272727272727273	False
5853	2442	0.6363636363636364	True
5853	3605	0.5454545454545454	True
5853	3208	0.45454545454545453	False
5853	990	0.36363636363636365	False
5853	3931	0.2727272727272727	True
5853	3816	0.18181818181818182	True
5853	1208	0.09090909090909091	True
2133	2196	0.9090909090909091	False
2133	473	0.8181818181818182	False
2133	3768	0.7272727272727273	False
2133	2442	0.6363636363636364	True
2133	3605	0.5454545454545454	True
2133	3208	0.45454545454545453	False
2133	990	0.36363636363636365	False
2133	3931	0.2727272727272727	True
2133	3816	0.18181818181818182	True
2133	1236	0.09090909090909091	True
1539	2196	0.9090909090909091	False
1539	473	0.8181818181818182	False
1539	3768	0.7272727272727273	False
1539	3605	0.6363636363636364	True
1539	2442	0.5454545454545454	True
1539	3208	0.45454545454545453	False
1539	3931	0.36363636363636365	True
1539	990	0.2727272727272727	False
1539	3816	0.18181818181818182	True
1539	1208	0.09090909090909091	True
4100	2196	0.9090909090909091	False
4100	3768	0.8181818181818182	False
4100	473	0.7272727272727273	False
4100	3605	0.6363636363636364	True
4100	2442	0.5454545454545454	True
4100	3208	0.45454545454545453	False
4100	3931	0.36363636363636365	True
4100	3816	0.2727272727272727	True
4100	990	0.18181818181818182	False
4100	1236	0.09090909090909091	True
4300	2196	0.9090909090909091	False
4300	473	0.8181818181818182	False
4300	3768	0.7272727272727273	False
4300	3605	0.6363636363636364	True
4300	2442	0.5454545454545454	True
4300	3208	0.45454545454545453	False
4300	3931	0.36363636363636365	True
4300	990	0.2727272727272727	False
4300	3816	0.18181818181818182	True
4300	1236	0.09090909090909091	True
909	2196	0.9090909090909091	False
909	473	0.8181818181818182	False
909	3768	0.7272727272727273	False
909	3605	0.6363636363636364	True
909	2442	0.5454545454545454	True
909	3208	0.45454545454545453	False
909	3816	0.36363636363636365	True
909	990	0.2727272727272727	False
909	1208	0.18181818181818182	True
909	1236	0.09090909090909091	True
5599	473	0.9090909090909091	False
5599	2196	0.8181818181818182	False
5599	3768	0.7272727272727273	False
5599	2442	0.6363636363636364	True
5599	3605	0.5454545454545454	True
5599	3208	0.45454545454545453	False
5599	3931	0.36363636363636365	True
5599	990	0.2727272727272727	False
5599	3816	0.18181818181818182	True
5599	1208	0.09090909090909091	True
1555	2196	0.9090909090909091	False
1555	473	0.8181818181818182	False
1555	3605	0.7272727272727273	True
1555	3768	0.6363636363636364	False
1555	2442	0.5454545454545454	True
1555	3208	0.45454545454545453	False
1555	3931	0.36363636363636365	True
1555	990	0.2727272727272727	False
1555	3816	0.18181818181818182	True
1555	1236	0.09090909090909091	True
1764	2196	0.9090909090909091	False
1764	3768	0.8181818181818182	False
1764	473	0.7272727272727273	False
1764	3605	0.6363636363636364	True
1764	2442	0.5454545454545454	True
1764	3208	0.45454545454545453	False
1764	3931	0.36363636363636365	True
1764	990	0.2727272727272727	False
1764	3816	0.18181818181818182	True
1764	1208	0.09090909090909091	True
5366	2196	0.9090909090909091	False
5366	473	0.8181818181818182	False
5366	3768	0.7272727272727273	False
5366	3605	0.6363636363636364	True
5366	2442	0.5454545454545454	True
5366	3208	0.45454545454545453	False
5366	3931	0.36363636363636365	True
5366	990	0.2727272727272727	False
5366	3816	0.18181818181818182	True
5366	1208	0.09090909090909091	True
4968	3768	0.9090909090909091	False
4968	2196	0.8181818181818182	False
4968	473	0.7272727272727273	False
4968	3605	0.6363636363636364	True
4968	2442	0.5454545454545454	True
4968	3208	0.45454545454545453	False
4968	3931	0.36363636363636365	True
4968	990	0.2727272727272727	False
4968	3816	0.18181818181818182	True
4968	1208	0.09090909090909091	True
2792	2196	0.9090909090909091	False
2792	473	0.8181818181818182	False
2792	3768	0.7272727272727273	False
2792	3605	0.6363636363636364	True
2792	2442	0.5454545454545454	True
2792	3208	0.45454545454545453	False
2792	3931	0.36363636363636365	True
2792	990	0.2727272727272727	False
2792	3816	0.18181818181818182	True
2792	1208	0.09090909090909091	True
386	473	0.9090909090909091	False
386	2196	0.8181818181818182	False
386	3768	0.7272727272727273	False
386	3605	0.6363636363636364	True
386	2442	0.5454545454545454	True
386	3208	0.45454545454545453	False
386	3816	0.36363636363636365	True
386	990	0.2727272727272727	False
386	3931	0.18181818181818182	True
386	1208	0.09090909090909091	True
5635	473	0.9090909090909091	False
5635	2196	0.8181818181818182	False
5635	3768	0.7272727272727273	False
5635	3605	0.6363636363636364	True
5635	2442	0.5454545454545454	True
5635	3208	0.45454545454545453	False
5635	3931	0.36363636363636365	True
5635	990	0.2727272727272727	False
5635	3816	0.18181818181818182	True
5635	1208	0.09090909090909091	True
2110	473	0.9090909090909091	False
2110	3768	0.8181818181818182	False
2110	2196	0.7272727272727273	False
2110	3605	0.6363636363636364	True
2110	2442	0.5454545454545454	True
2110	3208	0.45454545454545453	False
2110	3931	0.36363636363636365	True
2110	990	0.2727272727272727	False
2110	3816	0.18181818181818182	True
2110	1208	0.09090909090909091	True
4307	2196	0.9090909090909091	False
4307	473	0.8181818181818182	False
4307	3605	0.7272727272727273	True
4307	3768	0.6363636363636364	False
4307	2442	0.5454545454545454	True
4307	3208	0.45454545454545453	False
4307	3931	0.36363636363636365	True
4307	990	0.2727272727272727	False
4307	3816	0.18181818181818182	True
4307	1236	0.09090909090909091	True
3391	2196	0.9090909090909091	False
3391	473	0.8181818181818182	False
3391	3605	0.7272727272727273	True
3391	3768	0.6363636363636364	False
3391	2442	0.5454545454545454	True
3391	3208	0.45454545454545453	False
3391	3931	0.36363636363636365	True
3391	990	0.2727272727272727	False
3391	3816	0.18181818181818182	True
3391	1208	0.09090909090909091	True
