1869	2822	0.9090909090909091	False
1869	3867	0.8181818181818182	False
1869	1574	0.7272727272727273	False
1869	2365	0.6363636363636364	False
1869	2287	0.5454545454545454	True
1869	673	0.45454545454545453	True
1869	1750	0.36363636363636365	True
1869	499	0.2727272727272727	True
1869	1287	0.18181818181818182	False
1869	2889	0.09090909090909091	True
5859	3867	0.9090909090909091	False
5859	2822	0.8181818181818182	False
5859	1574	0.7272727272727273	False
5859	2365	0.6363636363636364	False
5859	2287	0.5454545454545454	True
5859	1287	0.45454545454545453	False
5859	2889	0.36363636363636365	True
5859	499	0.2727272727272727	True
5859	483	0.18181818181818182	True
5859	1750	0.09090909090909091	True
4464	1574	0.9090909090909091	False
4464	2822	0.8181818181818182	False
4464	3867	0.7272727272727273	False
4464	1287	0.6363636363636364	False
4464	2287	0.5454545454545454	True
4464	2365	0.45454545454545453	False
4464	499	0.36363636363636365	True
4464	2889	0.2727272727272727	True
4464	993	0.18181818181818182	True
4464	918	0.09090909090909091	True
4317	3867	0.9090909090909091	False
4317	1574	0.8181818181818182	False
4317	2822	0.7272727272727273	False
4317	2287	0.6363636363636364	True
4317	2365	0.5454545454545454	False
4317	1287	0.45454545454545453	False
4317	2889	0.36363636363636365	True
4317	483	0.2727272727272727	True
4317	499	0.18181818181818182	True
4317	1750	0.09090909090909091	True
1298	2822	0.9090909090909091	False
1298	3867	0.8181818181818182	False
1298	1574	0.7272727272727273	False
1298	2365	0.6363636363636364	False
1298	1287	0.5454545454545454	False
1298	2287	0.45454545454545453	True
1298	483	0.36363636363636365	True
1298	1750	0.2727272727272727	True
1298	2889	0.18181818181818182	True
1298	673	0.09090909090909091	True
3268	2822	0.9090909090909091	False
3268	3867	0.8181818181818182	False
3268	1574	0.7272727272727273	False
3268	2365	0.6363636363636364	False
3268	1287	0.5454545454545454	False
3268	483	0.45454545454545453	True
3268	2287	0.36363636363636365	True
3268	499	0.2727272727272727	True
3268	2889	0.18181818181818182	True
3268	673	0.09090909090909091	True
1637	3867	0.9090909090909091	False
1637	1574	0.8181818181818182	False
1637	2822	0.7272727272727273	False
1637	2365	0.6363636363636364	False
1637	2287	0.5454545454545454	True
1637	2889	0.45454545454545453	True
1637	1287	0.36363636363636365	False
1637	499	0.2727272727272727	True
1637	918	0.18181818181818182	True
1637	483	0.09090909090909091	True
5151	3867	0.9090909090909091	False
5151	2822	0.8181818181818182	False
5151	1574	0.7272727272727273	False
5151	2287	0.6363636363636364	True
5151	2365	0.5454545454545454	False
5151	1287	0.45454545454545453	False
5151	1750	0.36363636363636365	True
5151	2889	0.2727272727272727	True
5151	483	0.18181818181818182	True
5151	993	0.09090909090909091	True
1464	3867	0.9090909090909091	False
1464	1574	0.8181818181818182	False
1464	2822	0.7272727272727273	False
1464	2365	0.6363636363636364	False
1464	1287	0.5454545454545454	False
1464	2287	0.45454545454545453	True
1464	1750	0.36363636363636365	True
1464	499	0.2727272727272727	True
1464	2889	0.18181818181818182	True
1464	483	0.09090909090909091	True
4402	3867	0.9090909090909091	False
4402	2822	0.8181818181818182	False
4402	2365	0.7272727272727273	False
4402	1574	0.6363636363636364	False
4402	2287	0.5454545454545454	True
4402	1287	0.45454545454545453	False
4402	499	0.36363636363636365	True
4402	483	0.2727272727272727	True
4402	2889	0.18181818181818182	True
4402	1750	0.09090909090909091	True
4707	2822	0.9090909090909091	False
4707	3867	0.8181818181818182	False
4707	2365	0.7272727272727273	False
4707	1574	0.6363636363636364	False
4707	1287	0.5454545454545454	False
4707	483	0.45454545454545453	True
4707	2287	0.36363636363636365	True
4707	2889	0.2727272727272727	True
4707	1750	0.18181818181818182	True
4707	499	0.09090909090909091	True
963	1574	0.9090909090909091	False
963	2822	0.8181818181818182	False
963	3867	0.7272727272727273	False
963	2365	0.6363636363636364	False
963	1750	0.5454545454545454	True
963	1287	0.45454545454545453	False
963	483	0.36363636363636365	True
963	2878	0.2727272727272727	True
963	2287	0.18181818181818182	True
963	2889	0.09090909090909091	True
3884	3867	0.9090909090909091	False
3884	2822	0.8181818181818182	False
3884	1574	0.7272727272727273	False
3884	2365	0.6363636363636364	False
3884	1287	0.5454545454545454	False
3884	2287	0.45454545454545453	True
3884	499	0.36363636363636365	True
3884	2889	0.2727272727272727	True
3884	483	0.18181818181818182	True
3884	1750	0.09090909090909091	True
1161	1574	0.9090909090909091	False
1161	2822	0.8181818181818182	False
1161	3867	0.7272727272727273	False
1161	2287	0.6363636363636364	True
1161	2365	0.5454545454545454	False
1161	1287	0.45454545454545453	False
1161	2889	0.36363636363636365	True
1161	499	0.2727272727272727	True
1161	1750	0.18181818181818182	True
1161	483	0.09090909090909091	True
2213	2822	0.9090909090909091	False
2213	3867	0.8181818181818182	False
2213	2365	0.7272727272727273	False
2213	1574	0.6363636363636364	False
2213	1287	0.5454545454545454	False
2213	2889	0.45454545454545453	True
2213	483	0.36363636363636365	True
2213	2287	0.2727272727272727	True
2213	499	0.18181818181818182	True
2213	918	0.09090909090909091	True
3488	2822	0.9090909090909091	False
3488	3867	0.8181818181818182	False
3488	2365	0.7272727272727273	False
3488	1574	0.6363636363636364	False
3488	1287	0.5454545454545454	False
3488	499	0.45454545454545453	True
3488	2889	0.36363636363636365	True
3488	483	0.2727272727272727	True
3488	2287	0.18181818181818182	True
3488	993	0.09090909090909091	True
3294	2822	0.9090909090909091	False
3294	3867	0.8181818181818182	False
3294	2365	0.7272727272727273	False
3294	1574	0.6363636363636364	False
3294	1750	0.5454545454545454	True
3294	1287	0.45454545454545453	False
3294	483	0.36363636363636365	True
3294	2287	0.2727272727272727	True
3294	2889	0.18181818181818182	True
3294	499	0.09090909090909091	True
4855	3867	0.9090909090909091	False
4855	1574	0.8181818181818182	False
4855	2822	0.7272727272727273	False
4855	2365	0.6363636363636364	False
4855	1287	0.5454545454545454	False
4855	2889	0.45454545454545453	True
4855	2287	0.36363636363636365	True
4855	673	0.2727272727272727	True
4855	483	0.18181818181818182	True
4855	499	0.09090909090909091	True
2648	3867	0.9090909090909091	False
2648	1574	0.8181818181818182	False
2648	2822	0.7272727272727273	False
2648	2287	0.6363636363636364	True
2648	2365	0.5454545454545454	False
2648	1287	0.45454545454545453	False
2648	499	0.36363636363636365	True
2648	2889	0.2727272727272727	True
2648	673	0.18181818181818182	True
2648	918	0.09090909090909091	True
1729	3867	0.9090909090909091	False
1729	2822	0.8181818181818182	False
1729	1574	0.7272727272727273	False
1729	2287	0.6363636363636364	True
1729	2365	0.5454545454545454	False
1729	1287	0.45454545454545453	False
1729	2889	0.36363636363636365	True
1729	499	0.2727272727272727	True
1729	918	0.18181818181818182	True
1729	993	0.09090909090909091	True
5048	1574	0.9090909090909091	False
5048	2822	0.8181818181818182	False
5048	3867	0.7272727272727273	False
5048	2287	0.6363636363636364	True
5048	2365	0.5454545454545454	False
5048	2889	0.45454545454545453	True
5048	673	0.36363636363636365	True
5048	1750	0.2727272727272727	True
5048	499	0.18181818181818182	True
5048	2878	0.09090909090909091	True
4780	1574	0.9090909090909091	False
4780	3867	0.8181818181818182	False
4780	2822	0.7272727272727273	False
4780	2287	0.6363636363636364	True
4780	2365	0.5454545454545454	False
4780	1287	0.45454545454545453	False
4780	2889	0.36363636363636365	True
4780	673	0.2727272727272727	True
4780	499	0.18181818181818182	True
4780	483	0.09090909090909091	True
5455	3867	0.9090909090909091	False
5455	2822	0.8181818181818182	False
5455	1574	0.7272727272727273	False
5455	2365	0.6363636363636364	False
5455	1287	0.5454545454545454	False
5455	499	0.45454545454545453	True
5455	2889	0.36363636363636365	True
5455	483	0.2727272727272727	True
5455	2287	0.18181818181818182	True
5455	1750	0.09090909090909091	True
3717	3867	0.9090909090909091	False
3717	2822	0.8181818181818182	False
3717	2365	0.7272727272727273	False
3717	1574	0.6363636363636364	False
3717	499	0.5454545454545454	True
3717	2287	0.45454545454545453	True
3717	1750	0.36363636363636365	True
3717	483	0.2727272727272727	True
3717	1287	0.18181818181818182	False
3717	2889	0.09090909090909091	True
838	1574	0.9090909090909091	False
838	3867	0.8181818181818182	False
838	2822	0.7272727272727273	False
838	1287	0.6363636363636364	False
838	2287	0.5454545454545454	True
838	2365	0.45454545454545453	False
838	499	0.36363636363636365	True
838	2889	0.2727272727272727	True
838	1750	0.18181818181818182	True
838	483	0.09090909090909091	True
2015	3867	0.9090909090909091	False
2015	2822	0.8181818181818182	False
2015	1574	0.7272727272727273	False
2015	2365	0.6363636363636364	False
2015	2287	0.5454545454545454	True
2015	499	0.45454545454545453	True
2015	1750	0.36363636363636365	True
2015	1287	0.2727272727272727	False
2015	2889	0.18181818181818182	True
2015	993	0.09090909090909091	True
967	3867	0.9090909090909091	False
967	2822	0.8181818181818182	False
967	1574	0.7272727272727273	False
967	2365	0.6363636363636364	False
967	2287	0.5454545454545454	True
967	1287	0.45454545454545453	False
967	2889	0.36363636363636365	True
967	499	0.2727272727272727	True
967	673	0.18181818181818182	True
967	1750	0.09090909090909091	True
1476	2822	0.9090909090909091	False
1476	3867	0.8181818181818182	False
1476	1574	0.7272727272727273	False
1476	2365	0.6363636363636364	False
1476	2287	0.5454545454545454	True
1476	1287	0.45454545454545453	False
1476	499	0.36363636363636365	True
1476	993	0.2727272727272727	True
1476	2889	0.18181818181818182	True
1476	483	0.09090909090909091	True
1746	3867	0.9090909090909091	False
1746	2822	0.8181818181818182	False
1746	1574	0.7272727272727273	False
1746	1287	0.6363636363636364	False
1746	2365	0.5454545454545454	False
1746	2287	0.45454545454545453	True
1746	2889	0.36363636363636365	True
1746	499	0.2727272727272727	True
1746	993	0.18181818181818182	True
1746	483	0.09090909090909091	True
5361	3867	0.9090909090909091	False
5361	2822	0.8181818181818182	False
5361	1574	0.7272727272727273	False
5361	2365	0.6363636363636364	False
5361	2287	0.5454545454545454	True
5361	483	0.45454545454545453	True
5361	2889	0.36363636363636365	True
5361	1750	0.2727272727272727	True
5361	499	0.18181818181818182	True
5361	1287	0.09090909090909091	False
4	2822	0.9090909090909091	False
4	3867	0.8181818181818182	False
4	1574	0.7272727272727273	False
4	2365	0.6363636363636364	False
4	1287	0.5454545454545454	False
4	2287	0.45454545454545453	True
4	2889	0.36363636363636365	True
4	483	0.2727272727272727	True
4	499	0.18181818181818182	True
4	673	0.09090909090909091	True
1080	2822	0.9090909090909091	False
1080	2365	0.8181818181818182	False
1080	3867	0.7272727272727273	False
1080	1574	0.6363636363636364	False
1080	1287	0.5454545454545454	False
1080	499	0.45454545454545453	True
1080	2287	0.36363636363636365	True
1080	2889	0.2727272727272727	True
1080	1750	0.18181818181818182	True
1080	483	0.09090909090909091	True
856	2822	0.9090909090909091	False
856	3867	0.8181818181818182	False
856	1574	0.7272727272727273	False
856	2365	0.6363636363636364	False
856	2287	0.5454545454545454	True
856	1287	0.45454545454545453	False
856	499	0.36363636363636365	True
856	993	0.2727272727272727	True
856	2889	0.18181818181818182	True
856	483	0.09090909090909091	True
4117	2822	0.9090909090909091	False
4117	1574	0.8181818181818182	False
4117	3867	0.7272727272727273	False
4117	1287	0.6363636363636364	False
4117	2365	0.5454545454545454	False
4117	483	0.45454545454545453	True
4117	2889	0.36363636363636365	True
4117	2287	0.2727272727272727	True
4117	499	0.18181818181818182	True
4117	1750	0.09090909090909091	True
2540	3867	0.9090909090909091	False
2540	1574	0.8181818181818182	False
2540	2822	0.7272727272727273	False
2540	2365	0.6363636363636364	False
2540	2287	0.5454545454545454	True
2540	1287	0.45454545454545453	False
2540	1750	0.36363636363636365	True
2540	499	0.2727272727272727	True
2540	2889	0.18181818181818182	True
2540	2878	0.09090909090909091	True
1483	3867	0.9090909090909091	False
1483	2822	0.8181818181818182	False
1483	1574	0.7272727272727273	False
1483	2365	0.6363636363636364	False
1483	2287	0.5454545454545454	True
1483	2889	0.45454545454545453	True
1483	1750	0.36363636363636365	True
1483	1287	0.2727272727272727	False
1483	499	0.18181818181818182	True
1483	483	0.09090909090909091	True
5985	3867	0.9090909090909091	False
5985	2822	0.8181818181818182	False
5985	1574	0.7272727272727273	False
5985	2365	0.6363636363636364	False
5985	1287	0.5454545454545454	False
5985	2287	0.45454545454545453	True
5985	483	0.36363636363636365	True
5985	1750	0.2727272727272727	True
5985	499	0.18181818181818182	True
5985	2889	0.09090909090909091	True
3481	2822	0.9090909090909091	False
3481	1574	0.8181818181818182	False
3481	3867	0.7272727272727273	False
3481	2365	0.6363636363636364	False
3481	2287	0.5454545454545454	True
3481	1750	0.45454545454545453	True
3481	483	0.36363636363636365	True
3481	1287	0.2727272727272727	False
3481	2889	0.18181818181818182	True
3481	499	0.09090909090909091	True
1953	3867	0.9090909090909091	False
1953	2822	0.8181818181818182	False
1953	2365	0.7272727272727273	False
1953	1574	0.6363636363636364	False
1953	1287	0.5454545454545454	False
1953	499	0.45454545454545453	True
1953	2287	0.36363636363636365	True
1953	1750	0.2727272727272727	True
1953	483	0.18181818181818182	True
1953	2889	0.09090909090909091	True
1352	2822	0.9090909090909091	False
1352	3867	0.8181818181818182	False
1352	1574	0.7272727272727273	False
1352	2365	0.6363636363636364	False
1352	1287	0.5454545454545454	False
1352	2287	0.45454545454545453	True
1352	499	0.36363636363636365	True
1352	918	0.2727272727272727	True
1352	2889	0.18181818181818182	True
1352	993	0.09090909090909091	True
2014	2822	0.9090909090909091	False
2014	3867	0.8181818181818182	False
2014	2365	0.7272727272727273	False
2014	1574	0.6363636363636364	False
2014	1287	0.5454545454545454	False
2014	2889	0.45454545454545453	True
2014	993	0.36363636363636365	True
2014	2287	0.2727272727272727	True
2014	483	0.18181818181818182	True
2014	499	0.09090909090909091	True
3711	2822	0.9090909090909091	False
3711	3867	0.8181818181818182	False
3711	2365	0.7272727272727273	False
3711	1574	0.6363636363636364	False
3711	1287	0.5454545454545454	False
3711	2287	0.45454545454545453	True
3711	499	0.36363636363636365	True
3711	483	0.2727272727272727	True
3711	2889	0.18181818181818182	True
3711	1750	0.09090909090909091	True
3712	2822	0.9090909090909091	False
3712	3867	0.8181818181818182	False
3712	1574	0.7272727272727273	False
3712	2365	0.6363636363636364	False
3712	1287	0.5454545454545454	False
3712	2287	0.45454545454545453	True
3712	2889	0.36363636363636365	True
3712	483	0.2727272727272727	True
3712	499	0.18181818181818182	True
3712	1750	0.09090909090909091	True
5369	1574	0.9090909090909091	False
5369	2822	0.8181818181818182	False
5369	3867	0.7272727272727273	False
5369	2365	0.6363636363636364	False
5369	2287	0.5454545454545454	True
5369	1287	0.45454545454545453	False
5369	993	0.36363636363636365	True
5369	499	0.2727272727272727	True
5369	483	0.18181818181818182	True
5369	2889	0.09090909090909091	True
4069	3867	0.9090909090909091	False
4069	2822	0.8181818181818182	False
4069	1574	0.7272727272727273	False
4069	2365	0.6363636363636364	False
4069	483	0.5454545454545454	True
4069	1287	0.45454545454545453	False
4069	2287	0.36363636363636365	True
4069	2889	0.2727272727272727	True
4069	499	0.18181818181818182	True
4069	918	0.09090909090909091	True
3107	3867	0.9090909090909091	False
3107	2822	0.8181818181818182	False
3107	1574	0.7272727272727273	False
3107	2287	0.6363636363636364	True
3107	2365	0.5454545454545454	False
3107	2889	0.45454545454545453	True
3107	1287	0.36363636363636365	False
3107	499	0.2727272727272727	True
3107	673	0.18181818181818182	True
3107	2878	0.09090909090909091	True
5646	2822	0.9090909090909091	False
5646	1574	0.8181818181818182	False
5646	2365	0.7272727272727273	False
5646	3867	0.6363636363636364	False
5646	1750	0.5454545454545454	True
5646	499	0.45454545454545453	True
5646	1287	0.36363636363636365	False
5646	2287	0.2727272727272727	True
5646	483	0.18181818181818182	True
5646	2889	0.09090909090909091	True
639	2822	0.9090909090909091	False
639	1574	0.8181818181818182	False
639	3867	0.7272727272727273	False
639	2365	0.6363636363636364	False
639	2287	0.5454545454545454	True
639	1287	0.45454545454545453	False
639	499	0.36363636363636365	True
639	2889	0.2727272727272727	True
639	1750	0.18181818181818182	True
639	3697	0.09090909090909091	True
4787	2822	0.9090909090909091	False
4787	3867	0.8181818181818182	False
4787	1574	0.7272727272727273	False
4787	2365	0.6363636363636364	False
4787	1287	0.5454545454545454	False
4787	2287	0.45454545454545453	True
4787	2889	0.36363636363636365	True
4787	993	0.2727272727272727	True
4787	499	0.18181818181818182	True
4787	483	0.09090909090909091	True
5101	1574	0.9090909090909091	False
5101	3867	0.8181818181818182	False
5101	2822	0.7272727272727273	False
5101	1287	0.6363636363636364	False
5101	2287	0.5454545454545454	True
5101	499	0.45454545454545453	True
5101	2889	0.36363636363636365	True
5101	2365	0.2727272727272727	False
5101	483	0.18181818181818182	True
5101	3449	0.09090909090909091	True
2172	3867	0.9090909090909091	False
2172	2822	0.8181818181818182	False
2172	2365	0.7272727272727273	False
2172	1574	0.6363636363636364	False
2172	2287	0.5454545454545454	True
2172	1750	0.45454545454545453	True
2172	2889	0.36363636363636365	True
2172	483	0.2727272727272727	True
2172	1287	0.18181818181818182	False
2172	673	0.09090909090909091	True
2238	2822	0.9090909090909091	False
2238	2365	0.8181818181818182	False
2238	3867	0.7272727272727273	False
2238	2287	0.6363636363636364	True
2238	993	0.5454545454545454	True
2238	1574	0.45454545454545453	False
2238	1750	0.36363636363636365	True
2238	2889	0.2727272727272727	True
2238	1287	0.18181818181818182	False
2238	483	0.09090909090909091	True
91	3867	0.9090909090909091	False
91	2822	0.8181818181818182	False
91	1574	0.7272727272727273	False
91	2365	0.6363636363636364	False
91	1287	0.5454545454545454	False
91	2287	0.45454545454545453	True
91	2889	0.36363636363636365	True
91	499	0.2727272727272727	True
91	483	0.18181818181818182	True
91	673	0.09090909090909091	True
4245	1574	0.9090909090909091	False
4245	3867	0.8181818181818182	False
4245	2822	0.7272727272727273	False
4245	2287	0.6363636363636364	True
4245	2365	0.5454545454545454	False
4245	1287	0.45454545454545453	False
4245	499	0.36363636363636365	True
4245	2889	0.2727272727272727	True
4245	1750	0.18181818181818182	True
4245	918	0.09090909090909091	True
1346	3867	0.9090909090909091	False
1346	2822	0.8181818181818182	False
1346	1574	0.7272727272727273	False
1346	2365	0.6363636363636364	False
1346	2889	0.5454545454545454	True
1346	1287	0.45454545454545453	False
1346	2287	0.36363636363636365	True
1346	499	0.2727272727272727	True
1346	483	0.18181818181818182	True
1346	1750	0.09090909090909091	True
4050	2822	0.9090909090909091	False
4050	3867	0.8181818181818182	False
4050	1574	0.7272727272727273	False
4050	2365	0.6363636363636364	False
4050	1287	0.5454545454545454	False
4050	2287	0.45454545454545453	True
4050	499	0.36363636363636365	True
4050	1750	0.2727272727272727	True
4050	2889	0.18181818181818182	True
4050	483	0.09090909090909091	True
381	2822	0.9090909090909091	False
381	3867	0.8181818181818182	False
381	1574	0.7272727272727273	False
381	2365	0.6363636363636364	False
381	1287	0.5454545454545454	False
381	2287	0.45454545454545453	True
381	2889	0.36363636363636365	True
381	673	0.2727272727272727	True
381	499	0.18181818181818182	True
381	483	0.09090909090909091	True
4147	2822	0.9090909090909091	False
4147	3867	0.8181818181818182	False
4147	2365	0.7272727272727273	False
4147	1574	0.6363636363636364	False
4147	499	0.5454545454545454	True
4147	1287	0.45454545454545453	False
4147	2287	0.36363636363636365	True
4147	483	0.2727272727272727	True
4147	2889	0.18181818181818182	True
4147	918	0.09090909090909091	True
734	2822	0.9090909090909091	False
734	2365	0.8181818181818182	False
734	3867	0.7272727272727273	False
734	1574	0.6363636363636364	False
734	1750	0.5454545454545454	True
734	1287	0.45454545454545453	False
734	2287	0.36363636363636365	True
734	483	0.2727272727272727	True
734	2889	0.18181818181818182	True
734	499	0.09090909090909091	True
1079	2822	0.9090909090909091	False
1079	3867	0.8181818181818182	False
1079	2365	0.7272727272727273	False
1079	1574	0.6363636363636364	False
1079	1750	0.5454545454545454	True
1079	2878	0.45454545454545453	True
1079	2287	0.36363636363636365	True
1079	2889	0.2727272727272727	True
1079	483	0.18181818181818182	True
1079	673	0.09090909090909091	True
2133	2822	0.9090909090909091	False
2133	1574	0.8181818181818182	False
2133	3867	0.7272727272727273	False
2133	1287	0.6363636363636364	False
2133	2365	0.5454545454545454	False
2133	2287	0.45454545454545453	True
2133	499	0.36363636363636365	True
2133	2889	0.2727272727272727	True
2133	3449	0.18181818181818182	True
2133	918	0.09090909090909091	True
4968	2822	0.9090909090909091	False
4968	1574	0.8181818181818182	False
4968	3867	0.7272727272727273	False
4968	2287	0.6363636363636364	True
4968	2365	0.5454545454545454	False
4968	1287	0.45454545454545453	False
4968	2889	0.36363636363636365	True
4968	499	0.2727272727272727	True
4968	1750	0.18181818181818182	True
4968	993	0.09090909090909091	True
3310	2822	0.9090909090909091	False
3310	3867	0.8181818181818182	False
3310	2365	0.7272727272727273	False
3310	1574	0.6363636363636364	False
3310	1287	0.5454545454545454	False
3310	2287	0.45454545454545453	True
3310	499	0.36363636363636365	True
3310	2889	0.2727272727272727	True
3310	1750	0.18181818181818182	True
3310	2878	0.09090909090909091	True
793	1574	0.9090909090909091	False
793	3867	0.8181818181818182	False
793	2822	0.7272727272727273	False
793	1287	0.6363636363636364	False
793	2365	0.5454545454545454	False
793	2889	0.45454545454545453	True
793	2287	0.36363636363636365	True
793	499	0.2727272727272727	True
793	483	0.18181818181818182	True
793	673	0.09090909090909091	True
4328	2822	0.9090909090909091	False
4328	1574	0.8181818181818182	False
4328	3867	0.7272727272727273	False
4328	2365	0.6363636363636364	False
4328	2287	0.5454545454545454	True
4328	1287	0.45454545454545453	False
4328	2889	0.36363636363636365	True
4328	499	0.2727272727272727	True
4328	918	0.18181818181818182	True
4328	483	0.09090909090909091	True
5510	2822	0.9090909090909091	False
5510	3867	0.8181818181818182	False
5510	1574	0.7272727272727273	False
5510	2365	0.6363636363636364	False
5510	1287	0.5454545454545454	False
5510	2287	0.45454545454545453	True
5510	483	0.36363636363636365	True
5510	499	0.2727272727272727	True
5510	2889	0.18181818181818182	True
5510	1750	0.09090909090909091	True
2249	2822	0.9090909090909091	False
2249	3867	0.8181818181818182	False
2249	1574	0.7272727272727273	False
2249	2365	0.6363636363636364	False
2249	2287	0.5454545454545454	True
2249	1287	0.45454545454545453	False
2249	499	0.36363636363636365	True
2249	483	0.2727272727272727	True
2249	1750	0.18181818181818182	True
2249	2889	0.09090909090909091	True
3612	3867	0.9090909090909091	False
3612	2822	0.8181818181818182	False
3612	2365	0.7272727272727273	False
3612	2287	0.6363636363636364	True
3612	1574	0.5454545454545454	False
3612	2889	0.45454545454545453	True
3612	499	0.36363636363636365	True
3612	993	0.2727272727272727	True
3612	1750	0.18181818181818182	True
3612	1287	0.09090909090909091	False
4915	3867	0.9090909090909091	False
4915	2822	0.8181818181818182	False
4915	2365	0.7272727272727273	False
4915	1574	0.6363636363636364	False
4915	2287	0.5454545454545454	True
4915	1287	0.45454545454545453	False
4915	1750	0.36363636363636365	True
4915	499	0.2727272727272727	True
4915	993	0.18181818181818182	True
4915	2889	0.09090909090909091	True
2811	1574	0.9090909090909091	False
2811	3867	0.8181818181818182	False
2811	2822	0.7272727272727273	False
2811	2365	0.6363636363636364	False
2811	1287	0.5454545454545454	False
2811	2287	0.45454545454545453	True
2811	499	0.36363636363636365	True
2811	483	0.2727272727272727	True
2811	2889	0.18181818181818182	True
2811	1750	0.09090909090909091	True
1690	1574	0.9090909090909091	False
1690	3867	0.8181818181818182	False
1690	2822	0.7272727272727273	False
1690	2365	0.6363636363636364	False
1690	2287	0.5454545454545454	True
1690	1287	0.45454545454545453	False
1690	483	0.36363636363636365	True
1690	2889	0.2727272727272727	True
1690	499	0.18181818181818182	True
1690	1750	0.09090909090909091	True
2857	2822	0.9090909090909091	False
2857	3867	0.8181818181818182	False
2857	1574	0.7272727272727273	False
2857	2365	0.6363636363636364	False
2857	1287	0.5454545454545454	False
2857	2287	0.45454545454545453	True
2857	499	0.36363636363636365	True
2857	2889	0.2727272727272727	True
2857	993	0.18181818181818182	True
2857	1750	0.09090909090909091	True
4529	2822	0.9090909090909091	False
4529	3867	0.8181818181818182	False
4529	2365	0.7272727272727273	False
4529	1574	0.6363636363636364	False
4529	1287	0.5454545454545454	False
4529	483	0.45454545454545453	True
4529	993	0.36363636363636365	True
4529	2287	0.2727272727272727	True
4529	2889	0.18181818181818182	True
4529	1750	0.09090909090909091	True
2412	3867	0.9090909090909091	False
2412	1574	0.8181818181818182	False
2412	2822	0.7272727272727273	False
2412	2365	0.6363636363636364	False
2412	2287	0.5454545454545454	True
2412	1750	0.45454545454545453	True
2412	1287	0.36363636363636365	False
2412	499	0.2727272727272727	True
2412	993	0.18181818181818182	True
2412	2889	0.09090909090909091	True
79	2822	0.9090909090909091	False
79	3867	0.8181818181818182	False
79	2365	0.7272727272727273	False
79	1574	0.6363636363636364	False
79	483	0.5454545454545454	True
79	1287	0.45454545454545453	False
79	2889	0.36363636363636365	True
79	499	0.2727272727272727	True
79	1750	0.18181818181818182	True
79	2287	0.09090909090909091	True
2334	2822	0.9090909090909091	False
2334	3867	0.8181818181818182	False
2334	2287	0.7272727272727273	True
2334	1574	0.6363636363636364	False
2334	2365	0.5454545454545454	False
2334	1287	0.45454545454545453	False
2334	2889	0.36363636363636365	True
2334	483	0.2727272727272727	True
2334	1750	0.18181818181818182	True
2334	499	0.09090909090909091	True
335	3867	0.9090909090909091	False
335	2822	0.8181818181818182	False
335	2365	0.7272727272727273	False
335	1574	0.6363636363636364	False
335	1287	0.5454545454545454	False
335	2287	0.45454545454545453	True
335	499	0.36363636363636365	True
335	2889	0.2727272727272727	True
335	918	0.18181818181818182	True
335	483	0.09090909090909091	True
1177	2822	0.9090909090909091	False
1177	3867	0.8181818181818182	False
1177	1574	0.7272727272727273	False
1177	1287	0.6363636363636364	False
1177	2365	0.5454545454545454	False
1177	2287	0.45454545454545453	True
1177	2889	0.36363636363636365	True
1177	499	0.2727272727272727	True
1177	483	0.18181818181818182	True
1177	993	0.09090909090909091	True
4255	2822	0.9090909090909091	False
4255	3867	0.8181818181818182	False
4255	2365	0.7272727272727273	False
4255	2287	0.6363636363636364	True
4255	1574	0.5454545454545454	False
4255	499	0.45454545454545453	True
4255	673	0.36363636363636365	True
4255	2889	0.2727272727272727	True
4255	1750	0.18181818181818182	True
4255	1287	0.09090909090909091	False
320	3867	0.9090909090909091	False
320	2822	0.8181818181818182	False
320	1574	0.7272727272727273	False
320	2365	0.6363636363636364	False
320	2287	0.5454545454545454	True
320	1287	0.45454545454545453	False
320	2889	0.36363636363636365	True
320	1750	0.2727272727272727	True
320	499	0.18181818181818182	True
320	993	0.09090909090909091	True
2420	3867	0.9090909090909091	False
2420	1574	0.8181818181818182	False
2420	2822	0.7272727272727273	False
2420	2365	0.6363636363636364	False
2420	1287	0.5454545454545454	False
2420	2287	0.45454545454545453	True
2420	499	0.36363636363636365	True
2420	483	0.2727272727272727	True
2420	1750	0.18181818181818182	True
2420	2889	0.09090909090909091	True
920	2822	0.9090909090909091	False
920	3867	0.8181818181818182	False
920	2365	0.7272727272727273	False
920	1574	0.6363636363636364	False
920	1287	0.5454545454545454	False
920	1750	0.45454545454545453	True
920	993	0.36363636363636365	True
920	2287	0.2727272727272727	True
920	483	0.18181818181818182	True
920	2889	0.09090909090909091	True
4489	2822	0.9090909090909091	False
4489	3867	0.8181818181818182	False
4489	1574	0.7272727272727273	False
4489	2365	0.6363636363636364	False
4489	2287	0.5454545454545454	True
4489	1287	0.45454545454545453	False
4489	2889	0.36363636363636365	True
4489	499	0.2727272727272727	True
4489	993	0.18181818181818182	True
4489	3449	0.09090909090909091	True
4184	1574	0.9090909090909091	False
4184	3867	0.8181818181818182	False
4184	2822	0.7272727272727273	False
4184	2365	0.6363636363636364	False
4184	1287	0.5454545454545454	False
4184	2287	0.45454545454545453	True
4184	499	0.36363636363636365	True
4184	2889	0.2727272727272727	True
4184	1750	0.18181818181818182	True
4184	483	0.09090909090909091	True
1523	2822	0.9090909090909091	False
1523	1574	0.8181818181818182	False
1523	2365	0.7272727272727273	False
1523	3867	0.6363636363636364	False
1523	1287	0.5454545454545454	False
1523	483	0.45454545454545453	True
1523	499	0.36363636363636365	True
1523	2889	0.2727272727272727	True
1523	993	0.18181818181818182	True
1523	673	0.09090909090909091	True
522	2822	0.9090909090909091	False
522	3867	0.8181818181818182	False
522	2365	0.7272727272727273	False
522	1574	0.6363636363636364	False
522	2889	0.5454545454545454	True
522	2287	0.45454545454545453	True
522	1287	0.36363636363636365	False
522	483	0.2727272727272727	True
522	499	0.18181818181818182	True
522	918	0.09090909090909091	True
3619	2822	0.9090909090909091	False
3619	2365	0.8181818181818182	False
3619	3867	0.7272727272727273	False
3619	1574	0.6363636363636364	False
3619	1287	0.5454545454545454	False
3619	2287	0.45454545454545453	True
3619	2889	0.36363636363636365	True
3619	483	0.2727272727272727	True
3619	1750	0.18181818181818182	True
3619	499	0.09090909090909091	True
2562	2822	0.9090909090909091	False
2562	1574	0.8181818181818182	False
2562	3867	0.7272727272727273	False
2562	2287	0.6363636363636364	True
2562	2365	0.5454545454545454	False
2562	1287	0.45454545454545453	False
2562	2889	0.36363636363636365	True
2562	993	0.2727272727272727	True
2562	499	0.18181818181818182	True
2562	2878	0.09090909090909091	True
2647	3867	0.9090909090909091	False
2647	2822	0.8181818181818182	False
2647	1574	0.7272727272727273	False
2647	2365	0.6363636363636364	False
2647	1287	0.5454545454545454	False
2647	2287	0.45454545454545453	True
2647	483	0.36363636363636365	True
2647	2889	0.2727272727272727	True
2647	499	0.18181818181818182	True
2647	673	0.09090909090909091	True
1244	2822	0.9090909090909091	False
1244	3867	0.8181818181818182	False
1244	2365	0.7272727272727273	False
1244	1574	0.6363636363636364	False
1244	1287	0.5454545454545454	False
1244	2287	0.45454545454545453	True
1244	2889	0.36363636363636365	True
1244	483	0.2727272727272727	True
1244	1750	0.18181818181818182	True
1244	673	0.09090909090909091	True
5303	2822	0.9090909090909091	False
5303	3867	0.8181818181818182	False
5303	2365	0.7272727272727273	False
5303	1574	0.6363636363636364	False
5303	1287	0.5454545454545454	False
5303	499	0.45454545454545453	True
5303	483	0.36363636363636365	True
5303	2889	0.2727272727272727	True
5303	1750	0.18181818181818182	True
5303	2287	0.09090909090909091	True
4822	3867	0.9090909090909091	False
4822	2822	0.8181818181818182	False
4822	2365	0.7272727272727273	False
4822	1574	0.6363636363636364	False
4822	1287	0.5454545454545454	False
4822	483	0.45454545454545453	True
4822	2889	0.36363636363636365	True
4822	2287	0.2727272727272727	True
4822	1750	0.18181818181818182	True
4822	673	0.09090909090909091	True
5414	3867	0.9090909090909091	False
5414	2822	0.8181818181818182	False
5414	1574	0.7272727272727273	False
5414	2365	0.6363636363636364	False
5414	2287	0.5454545454545454	True
5414	2889	0.45454545454545453	True
5414	1287	0.36363636363636365	False
5414	499	0.2727272727272727	True
5414	483	0.18181818181818182	True
5414	1750	0.09090909090909091	True
59	1574	0.9090909090909091	False
59	2822	0.8181818181818182	False
59	3867	0.7272727272727273	False
59	2365	0.6363636363636364	False
59	1750	0.5454545454545454	True
59	1287	0.45454545454545453	False
59	483	0.36363636363636365	True
59	2287	0.2727272727272727	True
59	499	0.18181818181818182	True
59	3449	0.09090909090909091	True
699	1574	0.9090909090909091	False
699	2822	0.8181818181818182	False
699	3867	0.7272727272727273	False
699	2287	0.6363636363636364	True
699	2365	0.5454545454545454	False
699	1287	0.45454545454545453	False
699	2889	0.36363636363636365	True
699	499	0.2727272727272727	True
699	483	0.18181818181818182	True
699	1750	0.09090909090909091	True
1060	3867	0.9090909090909091	False
1060	2822	0.8181818181818182	False
1060	2365	0.7272727272727273	False
1060	1574	0.6363636363636364	False
1060	1287	0.5454545454545454	False
1060	483	0.45454545454545453	True
1060	2889	0.36363636363636365	True
1060	499	0.2727272727272727	True
1060	1750	0.18181818181818182	True
1060	2287	0.09090909090909091	True
5157	1574	0.9090909090909091	False
5157	2822	0.8181818181818182	False
5157	3867	0.7272727272727273	False
5157	1287	0.6363636363636364	False
5157	2365	0.5454545454545454	False
5157	2287	0.45454545454545453	True
5157	499	0.36363636363636365	True
5157	2889	0.2727272727272727	True
5157	483	0.18181818181818182	True
5157	1750	0.09090909090909091	True
4847	3867	0.9090909090909091	False
4847	1574	0.8181818181818182	False
4847	2822	0.7272727272727273	False
4847	2365	0.6363636363636364	False
4847	2287	0.5454545454545454	True
4847	499	0.45454545454545453	True
4847	2889	0.36363636363636365	True
4847	483	0.2727272727272727	True
4847	1287	0.18181818181818182	False
4847	1750	0.09090909090909091	True
4331	2822	0.9090909090909091	False
4331	3867	0.8181818181818182	False
4331	1574	0.7272727272727273	False
4331	2365	0.6363636363636364	False
4331	1287	0.5454545454545454	False
4331	2287	0.45454545454545453	True
4331	2889	0.36363636363636365	True
4331	499	0.2727272727272727	True
4331	1750	0.18181818181818182	True
4331	483	0.09090909090909091	True
