4160	3921	0.9090909090909091	False
4160	278	0.8181818181818182	False
4160	2482	0.7272727272727273	False
4160	1627	0.6363636363636364	True
4160	656	0.5454545454545454	False
4160	3262	0.45454545454545453	True
4160	3527	0.36363636363636365	True
4160	780	0.2727272727272727	True
4160	2062	0.18181818181818182	True
4160	881	0.09090909090909091	True
3067	3921	0.9090909090909091	False
3067	278	0.8181818181818182	False
3067	3527	0.7272727272727273	True
3067	2482	0.6363636363636364	False
3067	162	0.5454545454545454	False
3067	767	0.45454545454545453	True
3067	3200	0.36363636363636365	True
3067	1627	0.2727272727272727	True
3067	2977	0.18181818181818182	True
3067	656	0.09090909090909091	False
3677	3921	0.9090909090909091	False
3677	278	0.8181818181818182	False
3677	2795	0.7272727272727273	True
3677	162	0.6363636363636364	False
3677	2813	0.5454545454545454	True
3677	3167	0.45454545454545453	True
3677	3461	0.36363636363636365	True
3677	1627	0.2727272727272727	True
3677	1393	0.18181818181818182	True
3677	2956	0.09090909090909091	True
2907	3921	0.9090909090909091	False
2907	2977	0.8181818181818182	True
2907	278	0.7272727272727273	False
2907	2482	0.6363636363636364	False
2907	881	0.5454545454545454	True
2907	736	0.45454545454545453	True
2907	3219	0.36363636363636365	False
2907	656	0.2727272727272727	False
2907	3247	0.18181818181818182	True
2907	3386	0.09090909090909091	True
5826	3921	0.9090909090909091	False
5826	278	0.8181818181818182	False
5826	2977	0.7272727272727273	True
5826	2062	0.6363636363636364	True
5826	881	0.5454545454545454	True
5826	2482	0.45454545454545453	False
5826	2107	0.36363636363636365	True
5826	2298	0.2727272727272727	True
5826	60	0.18181818181818182	True
5826	496	0.09090909090909091	True
3895	3921	0.9090909090909091	False
3895	278	0.8181818181818182	False
3895	3527	0.7272727272727273	True
3895	3259	0.6363636363636364	True
3895	2482	0.5454545454545454	False
3895	869	0.45454545454545453	True
3895	1627	0.36363636363636365	True
3895	2977	0.2727272727272727	True
3895	2346	0.18181818181818182	True
3895	162	0.09090909090909091	False
5413	3921	0.9090909090909091	False
5413	278	0.8181818181818182	False
5413	2482	0.7272727272727273	False
5413	767	0.6363636363636364	True
5413	1627	0.5454545454545454	True
5413	736	0.45454545454545453	True
5413	3262	0.36363636363636365	True
5413	2977	0.2727272727272727	True
5413	162	0.18181818181818182	False
5413	656	0.09090909090909091	False
185	3921	0.9090909090909091	False
185	3527	0.8181818181818182	True
185	2977	0.7272727272727273	True
185	1627	0.6363636363636364	True
185	278	0.5454545454545454	False
185	3555	0.45454545454545453	True
185	3174	0.36363636363636365	True
185	3386	0.2727272727272727	True
185	656	0.18181818181818182	False
185	767	0.09090909090909091	True
3340	3921	0.9090909090909091	False
3340	3219	0.8181818181818182	False
3340	2482	0.7272727272727273	False
3340	869	0.6363636363636364	True
3340	656	0.5454545454545454	False
3340	278	0.45454545454545453	False
3340	3200	0.36363636363636365	True
3340	2062	0.2727272727272727	True
3340	780	0.18181818181818182	True
3340	2956	0.09090909090909091	True
1153	3921	0.9090909090909091	False
1153	656	0.8181818181818182	False
1153	2482	0.7272727272727273	False
1153	736	0.6363636363636364	True
1153	278	0.5454545454545454	False
1153	2977	0.45454545454545453	True
1153	780	0.36363636363636365	True
1153	60	0.2727272727272727	True
1153	2813	0.18181818181818182	True
1153	3219	0.09090909090909091	False
1464	3921	0.9090909090909091	False
1464	278	0.8181818181818182	False
1464	3259	0.7272727272727273	True
1464	2482	0.6363636363636364	False
1464	1627	0.5454545454545454	True
1464	3527	0.45454545454545453	True
1464	162	0.36363636363636365	False
1464	656	0.2727272727272727	False
1464	2298	0.18181818181818182	True
1464	2527	0.09090909090909091	True
3498	3921	0.9090909090909091	False
3498	278	0.8181818181818182	False
3498	2062	0.7272727272727273	True
3498	2482	0.6363636363636364	False
3498	3200	0.5454545454545454	True
3498	3527	0.45454545454545453	True
3498	3259	0.36363636363636365	True
3498	1627	0.2727272727272727	True
3498	3247	0.18181818181818182	True
3498	656	0.09090909090909091	False
486	3921	0.9090909090909091	False
486	278	0.8181818181818182	False
486	2956	0.7272727272727273	True
486	60	0.6363636363636364	True
486	869	0.5454545454545454	True
486	3219	0.45454545454545453	False
486	3461	0.36363636363636365	True
486	3259	0.2727272727272727	True
486	2482	0.18181818181818182	False
486	2298	0.09090909090909091	True
5400	3921	0.9090909090909091	False
5400	278	0.8181818181818182	False
5400	3219	0.7272727272727273	False
5400	2482	0.6363636363636364	False
5400	656	0.5454545454545454	False
5400	1627	0.45454545454545453	True
5400	869	0.36363636363636365	True
5400	780	0.2727272727272727	True
5400	2062	0.18181818181818182	True
5400	736	0.09090909090909091	True
2116	3921	0.9090909090909091	False
2116	2813	0.8181818181818182	True
2116	2977	0.7272727272727273	True
2116	162	0.6363636363636364	False
2116	3219	0.5454545454545454	False
2116	869	0.45454545454545453	True
2116	1627	0.36363636363636365	True
2116	3527	0.2727272727272727	True
2116	278	0.18181818181818182	False
2116	1858	0.09090909090909091	True
4455	3921	0.9090909090909091	False
4455	278	0.8181818181818182	False
4455	2795	0.7272727272727273	True
4455	780	0.6363636363636364	True
4455	3639	0.5454545454545454	True
4455	1393	0.45454545454545453	True
4455	3461	0.36363636363636365	True
4455	2956	0.2727272727272727	True
4455	2482	0.18181818181818182	False
4455	3247	0.09090909090909091	True
2874	3921	0.9090909090909091	False
2874	278	0.8181818181818182	False
2874	3219	0.7272727272727273	False
2874	162	0.6363636363636364	False
2874	2977	0.5454545454545454	True
2874	2482	0.45454545454545453	False
2874	656	0.36363636363636365	False
2874	881	0.2727272727272727	True
2874	2267	0.18181818181818182	True
2874	736	0.09090909090909091	True
6037	3921	0.9090909090909091	False
6037	278	0.8181818181818182	False
6037	162	0.7272727272727273	False
6037	2482	0.6363636363636364	False
6037	3200	0.5454545454545454	True
6037	2795	0.45454545454545453	True
6037	3167	0.36363636363636365	True
6037	146	0.2727272727272727	True
6037	408	0.18181818181818182	True
6037	1627	0.09090909090909091	True
4810	3921	0.9090909090909091	False
4810	278	0.8181818181818182	False
4810	3259	0.7272727272727273	True
4810	2482	0.6363636363636364	False
4810	60	0.5454545454545454	True
4810	2346	0.45454545454545453	True
4810	2956	0.36363636363636365	True
4810	869	0.2727272727272727	True
4810	3247	0.18181818181818182	True
4810	2107	0.09090909090909091	True
4557	3921	0.9090909090909091	False
4557	278	0.8181818181818182	False
4557	3262	0.7272727272727273	True
4557	3219	0.6363636363636364	False
4557	408	0.5454545454545454	True
4557	3461	0.45454545454545453	True
4557	2527	0.36363636363636365	True
4557	1393	0.2727272727272727	True
4557	162	0.18181818181818182	False
4557	2956	0.09090909090909091	True
5036	3921	0.9090909090909091	False
5036	278	0.8181818181818182	False
5036	3259	0.7272727272727273	True
5036	2482	0.6363636363636364	False
5036	3461	0.5454545454545454	True
5036	3386	0.45454545454545453	True
5036	2977	0.36363636363636365	True
5036	2062	0.2727272727272727	True
5036	869	0.18181818181818182	True
5036	3555	0.09090909090909091	True
1974	3921	0.9090909090909091	False
1974	656	0.8181818181818182	False
1974	2482	0.7272727272727273	False
1974	881	0.6363636363636364	True
1974	3247	0.5454545454545454	True
1974	3262	0.45454545454545453	True
1974	278	0.36363636363636365	False
1974	3831	0.2727272727272727	True
1974	162	0.18181818181818182	False
1974	2267	0.09090909090909091	True
1028	3921	0.9090909090909091	False
1028	278	0.8181818181818182	False
1028	3259	0.7272727272727273	True
1028	2956	0.6363636363636364	True
1028	2482	0.5454545454545454	False
1028	2795	0.45454545454545453	True
1028	3200	0.36363636363636365	True
1028	1393	0.2727272727272727	True
1028	1627	0.18181818181818182	True
1028	656	0.09090909090909091	False
5221	3921	0.9090909090909091	False
5221	3219	0.8181818181818182	False
5221	2956	0.7272727272727273	True
5221	278	0.6363636363636364	False
5221	3461	0.5454545454545454	True
5221	656	0.45454545454545453	False
5221	1393	0.36363636363636365	True
5221	3247	0.2727272727272727	True
5221	780	0.18181818181818182	True
5221	736	0.09090909090909091	True
3538	3921	0.9090909090909091	False
3538	162	0.8181818181818182	False
3538	3247	0.7272727272727273	True
3538	3639	0.6363636363636364	True
3538	656	0.5454545454545454	False
3538	2482	0.45454545454545453	False
3538	3219	0.36363636363636365	False
3538	278	0.2727272727272727	False
3538	2527	0.18181818181818182	True
3538	408	0.09090909090909091	True
5616	3921	0.9090909090909091	False
5616	3219	0.8181818181818182	False
5616	2977	0.7272727272727273	True
5616	3639	0.6363636363636364	True
5616	162	0.5454545454545454	False
5616	146	0.45454545454545453	True
5616	3247	0.36363636363636365	True
5616	3262	0.2727272727272727	True
5616	869	0.18181818181818182	True
5616	656	0.09090909090909091	False
4510	3921	0.9090909090909091	False
4510	656	0.8181818181818182	False
4510	3386	0.7272727272727273	True
4510	3247	0.6363636363636364	True
4510	767	0.5454545454545454	True
4510	881	0.45454545454545453	True
4510	408	0.36363636363636365	True
4510	1627	0.2727272727272727	True
4510	869	0.18181818181818182	True
4510	1087	0.09090909090909091	True
2770	3921	0.9090909090909091	False
2770	656	0.8181818181818182	False
2770	2346	0.7272727272727273	True
2770	2482	0.6363636363636364	False
2770	3219	0.5454545454545454	False
2770	162	0.45454545454545453	False
2770	869	0.36363636363636365	True
2770	2977	0.2727272727272727	True
2770	278	0.18181818181818182	False
2770	3247	0.09090909090909091	True
5317	3921	0.9090909090909091	False
5317	278	0.8181818181818182	False
5317	3527	0.7272727272727273	True
5317	3167	0.6363636363636364	True
5317	3247	0.5454545454545454	True
5317	2482	0.45454545454545453	False
5317	869	0.36363636363636365	True
5317	1627	0.2727272727272727	True
5317	3461	0.18181818181818182	True
5317	3639	0.09090909090909091	True
5408	3921	0.9090909090909091	False
5408	2977	0.8181818181818182	True
5408	278	0.7272727272727273	False
5408	767	0.6363636363636364	True
5408	496	0.5454545454545454	True
5408	3219	0.45454545454545453	False
5408	736	0.36363636363636365	True
5408	2482	0.2727272727272727	False
5408	656	0.18181818181818182	False
5408	408	0.09090909090909091	True
5293	3921	0.9090909090909091	False
5293	278	0.8181818181818182	False
5293	3527	0.7272727272727273	True
5293	2482	0.6363636363636364	False
5293	1627	0.5454545454545454	True
5293	3461	0.45454545454545453	True
5293	780	0.36363636363636365	True
5293	3262	0.2727272727272727	True
5293	3247	0.18181818181818182	True
5293	3167	0.09090909090909091	True
1520	3921	0.9090909090909091	False
1520	278	0.8181818181818182	False
1520	2482	0.7272727272727273	False
1520	3461	0.6363636363636364	True
1520	2062	0.5454545454545454	True
1520	1393	0.45454545454545453	True
1520	1627	0.36363636363636365	True
1520	3259	0.2727272727272727	True
1520	2795	0.18181818181818182	True
1520	3639	0.09090909090909091	True
2471	3921	0.9090909090909091	False
2471	278	0.8181818181818182	False
2471	3262	0.7272727272727273	True
2471	3639	0.6363636363636364	True
2471	2482	0.5454545454545454	False
2471	2977	0.45454545454545453	True
2471	1627	0.36363636363636365	True
2471	162	0.2727272727272727	False
2471	2346	0.18181818181818182	True
2471	3219	0.09090909090909091	False
5782	3921	0.9090909090909091	False
5782	656	0.8181818181818182	False
5782	2956	0.7272727272727273	True
5782	3219	0.6363636363636364	False
5782	2813	0.5454545454545454	True
5782	2977	0.45454545454545453	True
5782	146	0.36363636363636365	True
5782	2482	0.2727272727272727	False
5782	278	0.18181818181818182	False
5782	162	0.09090909090909091	False
2664	3921	0.9090909090909091	False
2664	881	0.8181818181818182	True
2664	3386	0.7272727272727273	True
2664	2977	0.6363636363636364	True
2664	278	0.5454545454545454	False
2664	162	0.45454545454545453	False
2664	1087	0.36363636363636365	True
2664	146	0.2727272727272727	True
2664	2946	0.18181818181818182	True
2664	1393	0.09090909090909091	True
3533	3921	0.9090909090909091	False
3533	278	0.8181818181818182	False
3533	2977	0.7272727272727273	True
3533	3527	0.6363636363636364	True
3533	2482	0.5454545454545454	False
3533	3200	0.45454545454545453	True
3533	869	0.36363636363636365	True
3533	3219	0.2727272727272727	False
3533	767	0.18181818181818182	True
3533	496	0.09090909090909091	True
1420	3921	0.9090909090909091	False
1420	278	0.8181818181818182	False
1420	162	0.7272727272727273	False
1420	2977	0.6363636363636364	True
1420	3262	0.5454545454545454	True
1420	881	0.45454545454545453	True
1420	3219	0.36363636363636365	False
1420	2267	0.2727272727272727	True
1420	3555	0.18181818181818182	True
1420	2834	0.09090909090909091	True
4903	3921	0.9090909090909091	False
4903	3219	0.8181818181818182	False
4903	2813	0.7272727272727273	True
4903	2977	0.6363636363636364	True
4903	869	0.5454545454545454	True
4903	780	0.45454545454545453	True
4903	2956	0.36363636363636365	True
4903	3262	0.2727272727272727	True
4903	3639	0.18181818181818182	True
4903	656	0.09090909090909091	False
334	3921	0.9090909090909091	False
334	278	0.8181818181818182	False
334	2298	0.7272727272727273	True
334	656	0.6363636363636364	False
334	2482	0.5454545454545454	False
334	3247	0.45454545454545453	True
334	881	0.36363636363636365	True
334	3262	0.2727272727272727	True
334	3831	0.18181818181818182	True
334	3219	0.09090909090909091	False
2501	3921	0.9090909090909091	False
2501	2956	0.8181818181818182	True
2501	767	0.7272727272727273	True
2501	278	0.6363636363636364	False
2501	3386	0.5454545454545454	True
2501	3259	0.45454545454545453	True
2501	3527	0.36363636363636365	True
2501	656	0.2727272727272727	False
2501	2977	0.18181818181818182	True
2501	408	0.09090909090909091	True
4705	3921	0.9090909090909091	False
4705	278	0.8181818181818182	False
4705	2482	0.7272727272727273	False
4705	869	0.6363636363636364	True
4705	3461	0.5454545454545454	True
4705	3259	0.45454545454545453	True
4705	656	0.36363636363636365	False
4705	3527	0.2727272727272727	True
4705	408	0.18181818181818182	True
4705	3219	0.09090909090909091	False
5040	3921	0.9090909090909091	False
5040	2482	0.8181818181818182	False
5040	869	0.7272727272727273	True
5040	278	0.6363636363636364	False
5040	3247	0.5454545454545454	True
5040	3527	0.45454545454545453	True
5040	656	0.36363636363636365	False
5040	3219	0.2727272727272727	False
5040	780	0.18181818181818182	True
5040	2062	0.09090909090909091	True
1370	3921	0.9090909090909091	False
1370	278	0.8181818181818182	False
1370	3219	0.7272727272727273	False
1370	2977	0.6363636363636364	True
1370	2062	0.5454545454545454	True
1370	3262	0.45454545454545453	True
1370	2956	0.36363636363636365	True
1370	2482	0.2727272727272727	False
1370	3555	0.18181818181818182	True
1370	2267	0.09090909090909091	True
5398	3921	0.9090909090909091	False
5398	656	0.8181818181818182	False
5398	736	0.7272727272727273	True
5398	162	0.6363636363636364	False
5398	2482	0.5454545454545454	False
5398	3247	0.45454545454545453	True
5398	869	0.36363636363636365	True
5398	278	0.2727272727272727	False
5398	60	0.18181818181818182	True
5398	2346	0.09090909090909091	True
2632	3921	0.9090909090909091	False
2632	656	0.8181818181818182	False
2632	1627	0.7272727272727273	True
2632	2482	0.6363636363636364	False
2632	278	0.5454545454545454	False
2632	3259	0.45454545454545453	True
2632	2346	0.36363636363636365	True
2632	780	0.2727272727272727	True
2632	736	0.18181818181818182	True
2632	3247	0.09090909090909091	True
5097	3921	0.9090909090909091	False
5097	278	0.8181818181818182	False
5097	2813	0.7272727272727273	True
5097	2956	0.6363636363636364	True
5097	2977	0.5454545454545454	True
5097	3219	0.45454545454545453	False
5097	3247	0.36363636363636365	True
5097	3849	0.2727272727272727	True
5097	656	0.18181818181818182	False
5097	881	0.09090909090909091	True
1785	3921	0.9090909090909091	False
1785	162	0.8181818181818182	False
1785	2482	0.7272727272727273	False
1785	656	0.6363636363636364	False
1785	881	0.5454545454545454	True
1785	3262	0.45454545454545453	True
1785	3247	0.36363636363636365	True
1785	278	0.2727272727272727	False
1785	3527	0.18181818181818182	True
1785	3219	0.09090909090909091	False
703	3921	0.9090909090909091	False
703	278	0.8181818181818182	False
703	3219	0.7272727272727273	False
703	780	0.6363636363636364	True
703	3247	0.5454545454545454	True
703	3461	0.45454545454545453	True
703	2482	0.36363636363636365	False
703	3527	0.2727272727272727	True
703	1627	0.18181818181818182	True
703	2062	0.09090909090909091	True
1577	3921	0.9090909090909091	False
1577	2482	0.8181818181818182	False
1577	278	0.7272727272727273	False
1577	2062	0.6363636363636364	True
1577	656	0.5454545454545454	False
1577	780	0.45454545454545453	True
1577	3527	0.36363636363636365	True
1577	3262	0.2727272727272727	True
1577	3219	0.18181818181818182	False
1577	1627	0.09090909090909091	True
1410	3921	0.9090909090909091	False
1410	3247	0.8181818181818182	True
1410	2482	0.7272727272727273	False
1410	780	0.6363636363636364	True
1410	3262	0.5454545454545454	True
1410	1627	0.45454545454545453	True
1410	656	0.36363636363636365	False
1410	3219	0.2727272727272727	False
1410	278	0.18181818181818182	False
1410	3527	0.09090909090909091	True
1516	3921	0.9090909090909091	False
1516	3262	0.8181818181818182	True
1516	3219	0.7272727272727273	False
1516	2482	0.6363636363636364	False
1516	2977	0.5454545454545454	True
1516	3461	0.45454545454545453	True
1516	881	0.36363636363636365	True
1516	2062	0.2727272727272727	True
1516	278	0.18181818181818182	False
1516	3639	0.09090909090909091	True
4701	3921	0.9090909090909091	False
4701	278	0.8181818181818182	False
4701	2977	0.7272727272727273	True
4701	2482	0.6363636363636364	False
4701	2267	0.5454545454545454	True
4701	3219	0.45454545454545453	False
4701	656	0.36363636363636365	False
4701	767	0.2727272727272727	True
4701	736	0.18181818181818182	True
4701	3262	0.09090909090909091	True
1406	3921	0.9090909090909091	False
1406	2482	0.8181818181818182	False
1406	780	0.7272727272727273	True
1406	3262	0.6363636363636364	True
1406	1627	0.5454545454545454	True
1406	278	0.45454545454545453	False
1406	3461	0.36363636363636365	True
1406	3259	0.2727272727272727	True
1406	3527	0.18181818181818182	True
1406	3219	0.09090909090909091	False
1918	3921	0.9090909090909091	False
1918	3219	0.8181818181818182	False
1918	162	0.7272727272727273	False
1918	3262	0.6363636363636364	True
1918	2977	0.5454545454545454	True
1918	2482	0.45454545454545453	False
1918	869	0.36363636363636365	True
1918	3461	0.2727272727272727	True
1918	278	0.18181818181818182	False
1918	780	0.09090909090909091	True
1581	3921	0.9090909090909091	False
1581	2482	0.8181818181818182	False
1581	496	0.7272727272727273	True
1581	3219	0.6363636363636364	False
1581	278	0.5454545454545454	False
1581	2527	0.45454545454545453	True
1581	722	0.36363636363636365	True
1581	2062	0.2727272727272727	True
1581	3262	0.18181818181818182	True
1581	162	0.09090909090909091	False
5752	3921	0.9090909090909091	False
5752	278	0.8181818181818182	False
5752	2482	0.7272727272727273	False
5752	2298	0.6363636363636364	True
5752	656	0.5454545454545454	False
5752	162	0.45454545454545453	False
5752	1627	0.36363636363636365	True
5752	3639	0.2727272727272727	True
5752	869	0.18181818181818182	True
5752	780	0.09090909090909091	True
917	3921	0.9090909090909091	False
917	3262	0.8181818181818182	True
917	162	0.7272727272727273	False
917	3219	0.6363636363636364	False
917	2977	0.5454545454545454	True
917	656	0.45454545454545453	False
917	736	0.36363636363636365	True
917	767	0.2727272727272727	True
917	278	0.18181818181818182	False
917	2482	0.09090909090909091	False
543	3921	0.9090909090909091	False
543	278	0.8181818181818182	False
543	162	0.7272727272727273	False
543	2482	0.6363636363636364	False
543	2795	0.5454545454545454	True
543	736	0.45454545454545453	True
543	656	0.36363636363636365	False
543	3259	0.2727272727272727	True
543	2346	0.18181818181818182	True
543	3247	0.09090909090909091	True
2240	3921	0.9090909090909091	False
2240	278	0.8181818181818182	False
2240	2062	0.7272727272727273	True
2240	1393	0.6363636363636364	True
2240	2956	0.5454545454545454	True
2240	3461	0.45454545454545453	True
2240	3262	0.36363636363636365	True
2240	3247	0.2727272727272727	True
2240	3200	0.18181818181818182	True
2240	2482	0.09090909090909091	False
752	3921	0.9090909090909091	False
752	3219	0.8181818181818182	False
752	162	0.7272727272727273	False
752	3527	0.6363636363636364	True
752	278	0.5454545454545454	False
752	2482	0.45454545454545453	False
752	3555	0.36363636363636365	True
752	780	0.2727272727272727	True
752	1627	0.18181818181818182	True
752	708	0.09090909090909091	True
4499	3921	0.9090909090909091	False
4499	278	0.8181818181818182	False
4499	3527	0.7272727272727273	True
4499	2977	0.6363636363636364	True
4499	162	0.5454545454545454	False
4499	3219	0.45454545454545453	False
4499	1627	0.36363636363636365	True
4499	3555	0.2727272727272727	True
4499	869	0.18181818181818182	True
4499	2482	0.09090909090909091	False
3691	3921	0.9090909090909091	False
3691	2482	0.8181818181818182	False
3691	1627	0.7272727272727273	True
3691	3259	0.6363636363636364	True
3691	278	0.5454545454545454	False
3691	656	0.45454545454545453	False
3691	2977	0.36363636363636365	True
3691	881	0.2727272727272727	True
3691	496	0.18181818181818182	True
3691	2062	0.09090909090909091	True
1115	3921	0.9090909090909091	False
1115	278	0.8181818181818182	False
1115	2062	0.7272727272727273	True
1115	2482	0.6363636363636364	False
1115	3262	0.5454545454545454	True
1115	3219	0.45454545454545453	False
1115	2977	0.36363636363636365	True
1115	162	0.2727272727272727	False
1115	3247	0.18181818181818182	True
1115	2956	0.09090909090909091	True
2068	3921	0.9090909090909091	False
2068	278	0.8181818181818182	False
2068	3219	0.7272727272727273	False
2068	162	0.6363636363636364	False
2068	3461	0.5454545454545454	True
2068	708	0.45454545454545453	True
2068	869	0.36363636363636365	True
2068	2482	0.2727272727272727	False
2068	1393	0.18181818181818182	True
2068	3247	0.09090909090909091	True
1181	3921	0.9090909090909091	False
1181	3219	0.8181818181818182	False
1181	869	0.7272727272727273	True
1181	2482	0.6363636363636364	False
1181	1627	0.5454545454545454	True
1181	2346	0.45454545454545453	True
1181	2977	0.36363636363636365	True
1181	3247	0.2727272727272727	True
1181	767	0.18181818181818182	True
1181	656	0.09090909090909091	False
4721	3921	0.9090909090909091	False
4721	3555	0.8181818181818182	True
4721	3639	0.7272727272727273	True
4721	2977	0.6363636363636364	True
4721	278	0.5454545454545454	False
4721	3219	0.45454545454545453	False
4721	869	0.36363636363636365	True
4721	408	0.2727272727272727	True
4721	3386	0.18181818181818182	True
4721	3461	0.09090909090909091	True
795	3921	0.9090909090909091	False
795	2482	0.8181818181818182	False
795	3247	0.7272727272727273	True
795	278	0.6363636363636364	False
795	3219	0.5454545454545454	False
795	1627	0.45454545454545453	True
795	656	0.36363636363636365	False
795	3262	0.2727272727272727	True
795	780	0.18181818181818182	True
795	2062	0.09090909090909091	True
472	3921	0.9090909090909091	False
472	2977	0.8181818181818182	True
472	3262	0.7272727272727273	True
472	146	0.6363636363636364	True
472	162	0.5454545454545454	False
472	3219	0.45454545454545453	False
472	2482	0.36363636363636365	False
472	278	0.2727272727272727	False
472	2062	0.18181818181818182	True
472	1087	0.09090909090909091	True
2421	3921	0.9090909090909091	False
2421	656	0.8181818181818182	False
2421	3219	0.7272727272727273	False
2421	278	0.6363636363636364	False
2421	408	0.5454545454545454	True
2421	869	0.45454545454545453	True
2421	2977	0.36363636363636365	True
2421	3461	0.2727272727272727	True
2421	2482	0.18181818181818182	False
2421	780	0.09090909090909091	True
3654	3921	0.9090909090909091	False
3654	278	0.8181818181818182	False
3654	2482	0.7272727272727273	False
3654	3259	0.6363636363636364	True
3654	3527	0.5454545454545454	True
3654	3200	0.45454545454545453	True
3654	656	0.36363636363636365	False
3654	2062	0.2727272727272727	True
3654	767	0.18181818181818182	True
3654	2527	0.09090909090909091	True
4794	3921	0.9090909090909091	False
4794	278	0.8181818181818182	False
4794	2482	0.7272727272727273	False
4794	3219	0.6363636363636364	False
4794	656	0.5454545454545454	False
4794	3259	0.45454545454545453	True
4794	2977	0.36363636363636365	True
4794	1627	0.2727272727272727	True
4794	162	0.18181818181818182	False
4794	3461	0.09090909090909091	True
482	3921	0.9090909090909091	False
482	278	0.8181818181818182	False
482	881	0.7272727272727273	True
482	3259	0.6363636363636364	True
482	1393	0.5454545454545454	True
482	2482	0.45454545454545453	False
482	3386	0.36363636363636365	True
482	3639	0.2727272727272727	True
482	408	0.18181818181818182	True
482	2977	0.09090909090909091	True
5717	3921	0.9090909090909091	False
5717	3259	0.8181818181818182	True
5717	2482	0.7272727272727273	False
5717	278	0.6363636363636364	False
5717	3200	0.5454545454545454	True
5717	3527	0.45454545454545453	True
5717	869	0.36363636363636365	True
5717	767	0.2727272727272727	True
5717	3219	0.18181818181818182	False
5717	656	0.09090909090909091	False
5151	3921	0.9090909090909091	False
5151	278	0.8181818181818182	False
5151	146	0.7272727272727273	True
5151	1087	0.6363636363636364	True
5151	162	0.5454545454545454	False
5151	2482	0.45454545454545453	False
5151	2977	0.36363636363636365	True
5151	881	0.2727272727272727	True
5151	2527	0.18181818181818182	True
5151	3247	0.09090909090909091	True
1729	3921	0.9090909090909091	False
1729	3639	0.8181818181818182	True
1729	3262	0.7272727272727273	True
1729	2482	0.6363636363636364	False
1729	3219	0.5454545454545454	False
1729	2062	0.45454545454545453	True
1729	2977	0.36363636363636365	True
1729	881	0.2727272727272727	True
1729	656	0.18181818181818182	False
1729	3386	0.09090909090909091	True
5956	3921	0.9090909090909091	False
5956	278	0.8181818181818182	False
5956	3639	0.7272727272727273	True
5956	3461	0.6363636363636364	True
5956	162	0.5454545454545454	False
5956	408	0.45454545454545453	True
5956	2482	0.36363636363636365	False
5956	3555	0.2727272727272727	True
5956	1393	0.18181818181818182	True
5956	3219	0.09090909090909091	False
4734	3921	0.9090909090909091	False
4734	278	0.8181818181818182	False
4734	2956	0.7272727272727273	True
4734	2482	0.6363636363636364	False
4734	3219	0.5454545454545454	False
4734	2062	0.45454545454545453	True
4734	3247	0.36363636363636365	True
4734	3639	0.2727272727272727	True
4734	1393	0.18181818181818182	True
4734	162	0.09090909090909091	False
3063	3921	0.9090909090909091	False
3063	3262	0.8181818181818182	True
3063	2482	0.7272727272727273	False
3063	1627	0.6363636363636364	True
3063	278	0.5454545454545454	False
3063	2834	0.45454545454545453	True
3063	780	0.36363636363636365	True
3063	767	0.2727272727272727	True
3063	2062	0.18181818181818182	True
3063	3200	0.09090909090909091	True
1116	3921	0.9090909090909091	False
1116	3219	0.8181818181818182	False
1116	3262	0.7272727272727273	True
1116	278	0.6363636363636364	False
1116	3461	0.5454545454545454	True
1116	408	0.45454545454545453	True
1116	780	0.36363636363636365	True
1116	1393	0.2727272727272727	True
1116	146	0.18181818181818182	True
1116	656	0.09090909090909091	False
847	3921	0.9090909090909091	False
847	278	0.8181818181818182	False
847	708	0.7272727272727273	True
847	2482	0.6363636363636364	False
847	162	0.5454545454545454	False
847	656	0.45454545454545453	False
847	3219	0.36363636363636365	False
847	3259	0.2727272727272727	True
847	736	0.18181818181818182	True
847	3461	0.09090909090909091	True
816	3921	0.9090909090909091	False
816	278	0.8181818181818182	False
816	656	0.7272727272727273	False
816	162	0.6363636363636364	False
816	3219	0.5454545454545454	False
816	3831	0.45454545454545453	True
816	3247	0.36363636363636365	True
816	2482	0.2727272727272727	False
816	736	0.18181818181818182	True
816	2977	0.09090909090909091	True
2354	3921	0.9090909090909091	False
2354	278	0.8181818181818182	False
2354	2977	0.7272727272727273	True
2354	2813	0.6363636363636364	True
2354	1627	0.5454545454545454	True
2354	3555	0.45454545454545453	True
2354	3259	0.36363636363636365	True
2354	162	0.2727272727272727	False
2354	767	0.18181818181818182	True
2354	408	0.09090909090909091	True
5612	3921	0.9090909090909091	False
5612	278	0.8181818181818182	False
5612	2482	0.7272727272727273	False
5612	3527	0.6363636363636364	True
5612	656	0.5454545454545454	False
5612	2977	0.45454545454545453	True
5612	3219	0.36363636363636365	False
5612	3555	0.2727272727272727	True
5612	869	0.18181818181818182	True
5612	2062	0.09090909090909091	True
3317	3921	0.9090909090909091	False
3317	278	0.8181818181818182	False
3317	3200	0.7272727272727273	True
3317	3259	0.6363636363636364	True
3317	2482	0.5454545454545454	False
3317	3262	0.45454545454545453	True
3317	408	0.36363636363636365	True
3317	656	0.2727272727272727	False
3317	162	0.18181818181818182	False
3317	3527	0.09090909090909091	True
5604	3921	0.9090909090909091	False
5604	278	0.8181818181818182	False
5604	496	0.7272727272727273	True
5604	869	0.6363636363636364	True
5604	2482	0.5454545454545454	False
5604	162	0.45454545454545453	False
5604	3219	0.36363636363636365	False
5604	3461	0.2727272727272727	True
5604	3831	0.18181818181818182	True
5604	1627	0.09090909090909091	True
3506	3921	0.9090909090909091	False
3506	2977	0.8181818181818182	True
3506	162	0.7272727272727273	False
3506	278	0.6363636363636364	False
3506	2482	0.5454545454545454	False
3506	3259	0.45454545454545453	True
3506	3219	0.36363636363636365	False
3506	1627	0.2727272727272727	True
3506	3262	0.18181818181818182	True
3506	2107	0.09090909090909091	True
1067	3921	0.9090909090909091	False
1067	881	0.8181818181818182	True
1067	278	0.7272727272727273	False
1067	146	0.6363636363636364	True
1067	3527	0.5454545454545454	True
1067	3639	0.45454545454545453	True
1067	1087	0.36363636363636365	True
1067	2482	0.2727272727272727	False
1067	869	0.18181818181818182	True
1067	162	0.09090909090909091	False
172	3921	0.9090909090909091	False
172	2977	0.8181818181818182	True
172	278	0.7272727272727273	False
172	2482	0.6363636363636364	False
172	881	0.5454545454545454	True
172	767	0.45454545454545453	True
172	3639	0.36363636363636365	True
172	656	0.2727272727272727	False
172	60	0.18181818181818182	True
172	736	0.09090909090909091	True
2993	3921	0.9090909090909091	False
2993	2956	0.8181818181818182	True
2993	278	0.7272727272727273	False
2993	3247	0.6363636363636364	True
2993	3219	0.5454545454545454	False
2993	2062	0.45454545454545453	True
2993	2482	0.36363636363636365	False
2993	2813	0.2727272727272727	True
2993	2977	0.18181818181818182	True
2993	3200	0.09090909090909091	True
2016	3921	0.9090909090909091	False
2016	278	0.8181818181818182	False
2016	2482	0.7272727272727273	False
2016	3527	0.6363636363636364	True
2016	1627	0.5454545454545454	True
2016	3259	0.45454545454545453	True
2016	162	0.36363636363636365	False
2016	2977	0.2727272727272727	True
2016	869	0.18181818181818182	True
2016	767	0.09090909090909091	True
872	3921	0.9090909090909091	False
872	278	0.8181818181818182	False
872	162	0.7272727272727273	False
872	3262	0.6363636363636364	True
872	2795	0.5454545454545454	True
872	2482	0.45454545454545453	False
872	3639	0.36363636363636365	True
872	3247	0.2727272727272727	True
872	1627	0.18181818181818182	True
872	3461	0.09090909090909091	True
3337	3921	0.9090909090909091	False
3337	278	0.8181818181818182	False
3337	162	0.7272727272727273	False
3337	3200	0.6363636363636364	True
3337	3259	0.5454545454545454	True
3337	1627	0.45454545454545453	True
3337	408	0.36363636363636365	True
3337	767	0.2727272727272727	True
3337	2482	0.18181818181818182	False
3337	3527	0.09090909090909091	True
4566	3921	0.9090909090909091	False
4566	278	0.8181818181818182	False
4566	881	0.7272727272727273	True
4566	2482	0.6363636363636364	False
4566	3527	0.5454545454545454	True
4566	3200	0.45454545454545453	True
4566	408	0.36363636363636365	True
4566	2977	0.2727272727272727	True
4566	3461	0.18181818181818182	True
4566	767	0.09090909090909091	True
5023	3921	0.9090909090909091	False
5023	278	0.8181818181818182	False
5023	162	0.7272727272727273	False
5023	2482	0.6363636363636364	False
5023	767	0.5454545454545454	True
5023	2795	0.45454545454545453	True
5023	1627	0.36363636363636365	True
5023	2977	0.2727272727272727	True
5023	3262	0.18181818181818182	True
5023	3247	0.09090909090909091	True
4733	3921	0.9090909090909091	False
4733	278	0.8181818181818182	False
4733	162	0.7272727272727273	False
4733	2482	0.6363636363636364	False
4733	3262	0.5454545454545454	True
4733	656	0.45454545454545453	False
4733	767	0.36363636363636365	True
4733	408	0.2727272727272727	True
4733	3247	0.18181818181818182	True
4733	1627	0.09090909090909091	True
5593	3921	0.9090909090909091	False
5593	767	0.8181818181818182	True
5593	3262	0.7272727272727273	True
5593	278	0.6363636363636364	False
5593	3200	0.5454545454545454	True
5593	656	0.45454545454545453	False
5593	408	0.36363636363636365	True
5593	2946	0.2727272727272727	True
5593	1627	0.18181818181818182	True
5593	881	0.09090909090909091	True
1300	3921	0.9090909090909091	False
1300	278	0.8181818181818182	False
1300	3200	0.7272727272727273	True
1300	2482	0.6363636363636364	False
1300	2062	0.5454545454545454	True
1300	1627	0.45454545454545453	True
1300	767	0.36363636363636365	True
1300	656	0.2727272727272727	False
1300	3527	0.18181818181818182	True
1300	2346	0.09090909090909091	True
4117	3921	0.9090909090909091	False
4117	278	0.8181818181818182	False
4117	162	0.7272727272727273	False
4117	3219	0.6363636363636364	False
4117	3247	0.5454545454545454	True
4117	3167	0.45454545454545453	True
4117	1627	0.36363636363636365	True
4117	3461	0.2727272727272727	True
4117	2795	0.18181818181818182	True
4117	2813	0.09090909090909091	True
3678	3921	0.9090909090909091	False
3678	278	0.8181818181818182	False
3678	3262	0.7272727272727273	True
3678	408	0.6363636363636364	True
3678	3200	0.5454545454545454	True
3678	656	0.45454545454545453	False
3678	3259	0.36363636363636365	True
3678	162	0.2727272727272727	False
3678	2482	0.18181818181818182	False
3678	767	0.09090909090909091	True
