2771	648	0.9090909090909091	False
2771	257	0.8181818181818182	False
2771	2346	0.7272727272727273	False
2771	813	0.6363636363636364	False
2771	1811	0.5454545454545454	True
2771	87	0.45454545454545453	False
2771	131	0.36363636363636365	True
2771	3167	0.2727272727272727	True
2771	2830	0.18181818181818182	True
2771	3306	0.09090909090909091	True
3872	648	0.9090909090909091	False
3872	257	0.8181818181818182	False
3872	2346	0.7272727272727273	False
3872	3167	0.6363636363636364	True
3872	131	0.5454545454545454	True
3872	813	0.45454545454545453	False
3872	3873	0.36363636363636365	True
3872	3306	0.2727272727272727	True
3872	2830	0.18181818181818182	True
3872	2716	0.09090909090909091	True
4703	648	0.9090909090909091	False
4703	3873	0.8181818181818182	True
4703	3306	0.7272727272727273	True
4703	257	0.6363636363636364	False
4703	87	0.5454545454545454	False
4703	1977	0.45454545454545453	True
4703	1426	0.36363636363636365	True
4703	594	0.2727272727272727	True
4703	3037	0.18181818181818182	True
4703	2346	0.09090909090909091	False
2429	648	0.9090909090909091	False
2429	257	0.8181818181818182	False
2429	2830	0.7272727272727273	True
2429	3873	0.6363636363636364	True
2429	2959	0.5454545454545454	True
2429	2346	0.45454545454545453	False
2429	1405	0.36363636363636365	True
2429	2885	0.2727272727272727	True
2429	3306	0.18181818181818182	True
2429	131	0.09090909090909091	True
259	648	0.9090909090909091	False
259	257	0.8181818181818182	False
259	813	0.7272727272727273	False
259	2346	0.6363636363636364	False
259	3037	0.5454545454545454	True
259	1977	0.45454545454545453	True
259	131	0.36363636363636365	True
259	3167	0.2727272727272727	True
259	2929	0.18181818181818182	True
259	87	0.09090909090909091	False
3000	648	0.9090909090909091	False
3000	257	0.8181818181818182	False
3000	1811	0.7272727272727273	True
3000	2830	0.6363636363636364	True
3000	2346	0.5454545454545454	False
3000	813	0.45454545454545453	False
3000	1426	0.36363636363636365	True
3000	87	0.2727272727272727	False
3000	131	0.18181818181818182	True
3000	2885	0.09090909090909091	True
3369	648	0.9090909090909091	False
3369	257	0.8181818181818182	False
3369	3306	0.7272727272727273	True
3369	1426	0.6363636363636364	True
3369	3037	0.5454545454545454	True
3369	2346	0.45454545454545453	False
3369	913	0.36363636363636365	True
3369	3873	0.2727272727272727	True
3369	304	0.18181818181818182	True
3369	594	0.09090909090909091	True
502	648	0.9090909090909091	False
502	3306	0.8181818181818182	True
502	87	0.7272727272727273	False
502	2346	0.6363636363636364	False
502	3873	0.5454545454545454	True
502	2830	0.45454545454545453	True
502	257	0.36363636363636365	False
502	131	0.2727272727272727	True
502	913	0.18181818181818182	True
502	2557	0.09090909090909091	True
5186	648	0.9090909090909091	False
5186	257	0.8181818181818182	False
5186	1811	0.7272727272727273	True
5186	1426	0.6363636363636364	True
5186	3306	0.5454545454545454	True
5186	131	0.45454545454545453	True
5186	2716	0.36363636363636365	True
5186	87	0.2727272727272727	False
5186	458	0.18181818181818182	True
5186	187	0.09090909090909091	True
4085	648	0.9090909090909091	False
4085	813	0.8181818181818182	False
4085	3167	0.7272727272727273	True
4085	257	0.6363636363636364	False
4085	2929	0.5454545454545454	True
4085	2052	0.45454545454545453	True
4085	87	0.36363636363636365	False
4085	1811	0.2727272727272727	True
4085	2346	0.18181818181818182	False
4085	458	0.09090909090909091	True
142	648	0.9090909090909091	False
142	257	0.8181818181818182	False
142	131	0.7272727272727273	True
142	2346	0.6363636363636364	False
142	3873	0.5454545454545454	True
142	87	0.45454545454545453	False
142	913	0.36363636363636365	True
142	813	0.2727272727272727	False
142	2830	0.18181818181818182	True
142	1811	0.09090909090909091	True
436	648	0.9090909090909091	False
436	257	0.8181818181818182	False
436	1977	0.7272727272727273	True
436	2885	0.6363636363636364	True
436	2346	0.5454545454545454	False
436	3037	0.45454545454545453	True
436	87	0.36363636363636365	False
436	131	0.2727272727272727	True
436	1426	0.18181818181818182	True
436	813	0.09090909090909091	False
4729	648	0.9090909090909091	False
4729	3167	0.8181818181818182	True
4729	257	0.7272727272727273	False
4729	458	0.6363636363636364	True
4729	2346	0.5454545454545454	False
4729	87	0.45454545454545453	False
4729	813	0.36363636363636365	False
4729	2052	0.2727272727272727	True
4729	2929	0.18181818181818182	True
4729	913	0.09090909090909091	True
4994	648	0.9090909090909091	False
4994	257	0.8181818181818182	False
4994	2830	0.7272727272727273	True
4994	2052	0.6363636363636364	True
4994	1426	0.5454545454545454	True
4994	718	0.45454545454545453	True
4994	2346	0.36363636363636365	False
4994	813	0.2727272727272727	False
4994	2885	0.18181818181818182	True
4994	3873	0.09090909090909091	True
2493	648	0.9090909090909091	False
2493	257	0.8181818181818182	False
2493	458	0.7272727272727273	True
2493	3167	0.6363636363636364	True
2493	813	0.5454545454545454	False
2493	2959	0.45454545454545453	True
2493	2052	0.36363636363636365	True
2493	2830	0.2727272727272727	True
2493	2716	0.18181818181818182	True
2493	913	0.09090909090909091	True
3659	648	0.9090909090909091	False
3659	257	0.8181818181818182	False
3659	813	0.7272727272727273	False
3659	1426	0.6363636363636364	True
3659	2885	0.5454545454545454	True
3659	913	0.45454545454545453	True
3659	2830	0.36363636363636365	True
3659	1977	0.2727272727272727	True
3659	2346	0.18181818181818182	False
3659	2716	0.09090909090909091	True
1526	648	0.9090909090909091	False
1526	257	0.8181818181818182	False
1526	3873	0.7272727272727273	True
1526	2885	0.6363636363636364	True
1526	87	0.5454545454545454	False
1526	2346	0.45454545454545453	False
1526	813	0.36363636363636365	False
1526	2830	0.2727272727272727	True
1526	913	0.18181818181818182	True
1526	3167	0.09090909090909091	True
4737	648	0.9090909090909091	False
4737	257	0.8181818181818182	False
4737	2346	0.7272727272727273	False
4737	2929	0.6363636363636364	True
4737	131	0.5454545454545454	True
4737	2716	0.45454545454545453	True
4737	3306	0.36363636363636365	True
4737	3167	0.2727272727272727	True
4737	2830	0.18181818181818182	True
4737	1061	0.09090909090909091	True
2615	648	0.9090909090909091	False
2615	813	0.8181818181818182	False
2615	2346	0.7272727272727273	False
2615	257	0.6363636363636364	False
2615	2929	0.5454545454545454	True
2615	87	0.45454545454545453	False
2615	1811	0.36363636363636365	True
2615	3167	0.2727272727272727	True
2615	1523	0.18181818181818182	True
2615	2052	0.09090909090909091	True
1255	648	0.9090909090909091	False
1255	257	0.8181818181818182	False
1255	3167	0.7272727272727273	True
1255	3873	0.6363636363636364	True
1255	87	0.5454545454545454	False
1255	3306	0.45454545454545453	True
1255	2959	0.36363636363636365	True
1255	813	0.2727272727272727	False
1255	2052	0.18181818181818182	True
1255	458	0.09090909090909091	True
5604	648	0.9090909090909091	False
5604	813	0.8181818181818182	False
5604	3167	0.7272727272727273	True
5604	458	0.6363636363636364	True
5604	2052	0.5454545454545454	True
5604	2346	0.45454545454545453	False
5604	913	0.36363636363636365	True
5604	1426	0.2727272727272727	True
5604	1523	0.18181818181818182	True
5604	87	0.09090909090909091	False
74	648	0.9090909090909091	False
74	257	0.8181818181818182	False
74	3873	0.7272727272727273	True
74	2346	0.6363636363636364	False
74	131	0.5454545454545454	True
74	2929	0.45454545454545453	True
74	3167	0.36363636363636365	True
74	1684	0.2727272727272727	True
74	813	0.18181818181818182	False
74	1811	0.09090909090909091	True
4519	648	0.9090909090909091	False
4519	2346	0.8181818181818182	False
4519	257	0.7272727272727273	False
4519	913	0.6363636363636364	True
4519	1405	0.5454545454545454	True
4519	2830	0.45454545454545453	True
4519	3873	0.36363636363636365	True
4519	2929	0.2727272727272727	True
4519	3306	0.18181818181818182	True
4519	87	0.09090909090909091	False
4436	648	0.9090909090909091	False
4436	257	0.8181818181818182	False
4436	1426	0.7272727272727273	True
4436	131	0.6363636363636364	True
4436	87	0.5454545454545454	False
4436	813	0.45454545454545453	False
4436	2052	0.36363636363636365	True
4436	2346	0.2727272727272727	False
4436	2885	0.18181818181818182	True
4436	3167	0.09090909090909091	True
1650	648	0.9090909090909091	False
1650	3167	0.8181818181818182	True
1650	87	0.7272727272727273	False
1650	594	0.6363636363636364	True
1650	2959	0.5454545454545454	True
1650	2885	0.45454545454545453	True
1650	257	0.36363636363636365	False
1650	2929	0.2727272727272727	True
1650	131	0.18181818181818182	True
1650	1977	0.09090909090909091	True
2235	648	0.9090909090909091	False
2235	257	0.8181818181818182	False
2235	3873	0.7272727272727273	True
2235	2346	0.6363636363636364	False
2235	1811	0.5454545454545454	True
2235	3306	0.45454545454545453	True
2235	1684	0.36363636363636365	True
2235	87	0.2727272727272727	False
2235	813	0.18181818181818182	False
2235	2613	0.09090909090909091	True
3926	648	0.9090909090909091	False
3926	257	0.8181818181818182	False
3926	3167	0.7272727272727273	True
3926	87	0.6363636363636364	False
3926	1811	0.5454545454545454	True
3926	131	0.45454545454545453	True
3926	2830	0.36363636363636365	True
3926	813	0.2727272727272727	False
3926	3306	0.18181818181818182	True
3926	2929	0.09090909090909091	True
1161	648	0.9090909090909091	False
1161	257	0.8181818181818182	False
1161	2929	0.7272727272727273	True
1161	2346	0.6363636363636364	False
1161	813	0.5454545454545454	False
1161	3167	0.45454545454545453	True
1161	131	0.36363636363636365	True
1161	3306	0.2727272727272727	True
1161	469	0.18181818181818182	True
1161	87	0.09090909090909091	False
1320	648	0.9090909090909091	False
1320	257	0.8181818181818182	False
1320	3167	0.7272727272727273	True
1320	2830	0.6363636363636364	True
1320	813	0.5454545454545454	False
1320	2959	0.45454545454545453	True
1320	87	0.36363636363636365	False
1320	718	0.2727272727272727	True
1320	594	0.18181818181818182	True
1320	2052	0.09090909090909091	True
328	648	0.9090909090909091	False
328	813	0.8181818181818182	False
328	2346	0.7272727272727273	False
328	2885	0.6363636363636364	True
328	257	0.5454545454545454	False
328	87	0.45454545454545453	False
328	1426	0.36363636363636365	True
328	1523	0.2727272727272727	True
328	3873	0.18181818181818182	True
328	26	0.09090909090909091	True
2409	648	0.9090909090909091	False
2409	257	0.8181818181818182	False
2409	2346	0.7272727272727273	False
2409	813	0.6363636363636364	False
2409	131	0.5454545454545454	True
2409	2052	0.45454545454545453	True
2409	913	0.36363636363636365	True
2409	3873	0.2727272727272727	True
2409	2830	0.18181818181818182	True
2409	3306	0.09090909090909091	True
2669	648	0.9090909090909091	False
2669	257	0.8181818181818182	False
2669	131	0.7272727272727273	True
2669	813	0.6363636363636364	False
2669	2346	0.5454545454545454	False
2669	2885	0.45454545454545453	True
2669	3873	0.36363636363636365	True
2669	1811	0.2727272727272727	True
2669	3306	0.18181818181818182	True
2669	2716	0.09090909090909091	True
2835	648	0.9090909090909091	False
2835	2346	0.8181818181818182	False
2835	257	0.7272727272727273	False
2835	2716	0.6363636363636364	True
2835	131	0.5454545454545454	True
2835	3306	0.45454545454545453	True
2835	2830	0.36363636363636365	True
2835	2885	0.2727272727272727	True
2835	3738	0.18181818181818182	True
2835	1061	0.09090909090909091	True
4034	648	0.9090909090909091	False
4034	257	0.8181818181818182	False
4034	1426	0.7272727272727273	True
4034	3873	0.6363636363636364	True
4034	87	0.5454545454545454	False
4034	3167	0.45454545454545453	True
4034	3306	0.36363636363636365	True
4034	2885	0.2727272727272727	True
4034	2959	0.18181818181818182	True
4034	131	0.09090909090909091	True
20	648	0.9090909090909091	False
20	257	0.8181818181818182	False
20	1811	0.7272727272727273	True
20	813	0.6363636363636364	False
20	1426	0.5454545454545454	True
20	3873	0.45454545454545453	True
20	87	0.36363636363636365	False
20	3737	0.2727272727272727	True
20	131	0.18181818181818182	True
20	1977	0.09090909090909091	True
2654	648	0.9090909090909091	False
2654	813	0.8181818181818182	False
2654	257	0.7272727272727273	False
2654	458	0.6363636363636364	True
2654	131	0.5454545454545454	True
2654	2959	0.45454545454545453	True
2654	3167	0.36363636363636365	True
2654	87	0.2727272727272727	False
2654	1811	0.18181818181818182	True
2654	2885	0.09090909090909091	True
3037	648	0.9090909090909091	False
3037	257	0.8181818181818182	False
3037	813	0.7272727272727273	False
3037	87	0.6363636363636364	False
3037	2830	0.5454545454545454	True
3037	3167	0.45454545454545453	True
3037	3873	0.36363636363636365	True
3037	469	0.2727272727272727	True
3037	2346	0.18181818181818182	False
3037	2885	0.09090909090909091	True
4136	648	0.9090909090909091	False
4136	913	0.8181818181818182	True
4136	257	0.7272727272727273	False
4136	2346	0.6363636363636364	False
4136	2052	0.5454545454545454	True
4136	2885	0.45454545454545453	True
4136	131	0.36363636363636365	True
4136	3873	0.2727272727272727	True
4136	813	0.18181818181818182	False
4136	1426	0.09090909090909091	True
3479	648	0.9090909090909091	False
3479	257	0.8181818181818182	False
3479	2346	0.7272727272727273	False
3479	1811	0.6363636363636364	True
3479	2830	0.5454545454545454	True
3479	1426	0.45454545454545453	True
3479	813	0.36363636363636365	False
3479	2052	0.2727272727272727	True
3479	131	0.18181818181818182	True
3479	2716	0.09090909090909091	True
5041	648	0.9090909090909091	False
5041	257	0.8181818181818182	False
5041	3306	0.7272727272727273	True
5041	2830	0.6363636363636364	True
5041	2346	0.5454545454545454	False
5041	1811	0.45454545454545453	True
5041	813	0.36363636363636365	False
5041	2052	0.2727272727272727	True
5041	3873	0.18181818181818182	True
5041	131	0.09090909090909091	True
2194	648	0.9090909090909091	False
2194	2346	0.8181818181818182	False
2194	813	0.7272727272727273	False
2194	257	0.6363636363636364	False
2194	1977	0.5454545454545454	True
2194	1523	0.45454545454545453	True
2194	3873	0.36363636363636365	True
2194	3306	0.2727272727272727	True
2194	1426	0.18181818181818182	True
2194	87	0.09090909090909091	False
1900	648	0.9090909090909091	False
1900	257	0.8181818181818182	False
1900	2830	0.7272727272727273	True
1900	1426	0.6363636363636364	True
1900	2346	0.5454545454545454	False
1900	87	0.45454545454545453	False
1900	3306	0.36363636363636365	True
1900	813	0.2727272727272727	False
1900	3873	0.18181818181818182	True
1900	2885	0.09090909090909091	True
4779	648	0.9090909090909091	False
4779	257	0.8181818181818182	False
4779	3167	0.7272727272727273	True
4779	2346	0.6363636363636364	False
4779	813	0.5454545454545454	False
4779	1426	0.45454545454545453	True
4779	3306	0.36363636363636365	True
4779	87	0.2727272727272727	False
4779	2959	0.18181818181818182	True
4779	2885	0.09090909090909091	True
3441	648	0.9090909090909091	False
3441	257	0.8181818181818182	False
3441	2346	0.7272727272727273	False
3441	3167	0.6363636363636364	True
3441	3873	0.5454545454545454	True
3441	3306	0.45454545454545453	True
3441	2929	0.36363636363636365	True
3441	813	0.2727272727272727	False
3441	2052	0.18181818181818182	True
3441	458	0.09090909090909091	True
5300	648	0.9090909090909091	False
5300	2346	0.8181818181818182	False
5300	3873	0.7272727272727273	True
5300	913	0.6363636363636364	True
5300	257	0.5454545454545454	False
5300	3167	0.45454545454545453	True
5300	2885	0.36363636363636365	True
5300	26	0.2727272727272727	True
5300	1405	0.18181818181818182	True
5300	594	0.09090909090909091	True
5330	648	0.9090909090909091	False
5330	257	0.8181818181818182	False
5330	2830	0.7272727272727273	True
5330	2346	0.6363636363636364	False
5330	3306	0.5454545454545454	True
5330	87	0.45454545454545453	False
5330	1426	0.36363636363636365	True
5330	3873	0.2727272727272727	True
5330	2885	0.18181818181818182	True
5330	3738	0.09090909090909091	True
871	648	0.9090909090909091	False
871	257	0.8181818181818182	False
871	1426	0.7272727272727273	True
871	813	0.6363636363636364	False
871	458	0.5454545454545454	True
871	3167	0.45454545454545453	True
871	2830	0.36363636363636365	True
871	87	0.2727272727272727	False
871	3306	0.18181818181818182	True
871	3873	0.09090909090909091	True
4799	648	0.9090909090909091	False
4799	257	0.8181818181818182	False
4799	2346	0.7272727272727273	False
4799	3306	0.6363636363636364	True
4799	2830	0.5454545454545454	True
4799	2716	0.45454545454545453	True
4799	304	0.36363636363636365	True
4799	3873	0.2727272727272727	True
4799	2557	0.18181818181818182	True
4799	3167	0.09090909090909091	True
3643	648	0.9090909090909091	False
3643	131	0.8181818181818182	True
3643	3167	0.7272727272727273	True
3643	2346	0.6363636363636364	False
3643	2929	0.5454545454545454	True
3643	257	0.45454545454545453	False
3643	458	0.36363636363636365	True
3643	26	0.2727272727272727	True
3643	3306	0.18181818181818182	True
3643	3873	0.09090909090909091	True
2688	648	0.9090909090909091	False
2688	257	0.8181818181818182	False
2688	131	0.7272727272727273	True
2688	3306	0.6363636363636364	True
2688	2346	0.5454545454545454	False
2688	2732	0.45454545454545453	True
2688	3873	0.36363636363636365	True
2688	1426	0.2727272727272727	True
2688	1977	0.18181818181818182	True
2688	87	0.09090909090909091	False
1866	648	0.9090909090909091	False
1866	2346	0.8181818181818182	False
1866	257	0.7272727272727273	False
1866	813	0.6363636363636364	False
1866	2929	0.5454545454545454	True
1866	1426	0.45454545454545453	True
1866	131	0.36363636363636365	True
1866	2885	0.2727272727272727	True
1866	1811	0.18181818181818182	True
1866	2052	0.09090909090909091	True
2889	648	0.9090909090909091	False
2889	257	0.8181818181818182	False
2889	813	0.7272727272727273	False
2889	2346	0.6363636363636364	False
2889	131	0.5454545454545454	True
2889	3873	0.45454545454545453	True
2889	2052	0.36363636363636365	True
2889	3167	0.2727272727272727	True
2889	1523	0.18181818181818182	True
2889	913	0.09090909090909091	True
5234	648	0.9090909090909091	False
5234	257	0.8181818181818182	False
5234	2885	0.7272727272727273	True
5234	2830	0.6363636363636364	True
5234	2716	0.5454545454545454	True
5234	2346	0.45454545454545453	False
5234	1061	0.36363636363636365	True
5234	2929	0.2727272727272727	True
5234	3873	0.18181818181818182	True
5234	2959	0.09090909090909091	True
577	648	0.9090909090909091	False
577	3306	0.8181818181818182	True
577	257	0.7272727272727273	False
577	2716	0.6363636363636364	True
577	2346	0.5454545454545454	False
577	3167	0.45454545454545453	True
577	131	0.36363636363636365	True
577	1426	0.2727272727272727	True
577	87	0.18181818181818182	False
577	2732	0.09090909090909091	True
5954	648	0.9090909090909091	False
5954	257	0.8181818181818182	False
5954	3167	0.7272727272727273	True
5954	2346	0.6363636363636364	False
5954	131	0.5454545454545454	True
5954	3306	0.45454545454545453	True
5954	1426	0.36363636363636365	True
5954	2557	0.2727272727272727	True
5954	3037	0.18181818181818182	True
5954	2716	0.09090909090909091	True
1537	648	0.9090909090909091	False
1537	257	0.8181818181818182	False
1537	813	0.7272727272727273	False
1537	1811	0.6363636363636364	True
1537	87	0.5454545454545454	False
1537	2830	0.45454545454545453	True
1537	3167	0.36363636363636365	True
1537	1426	0.2727272727272727	True
1537	1523	0.18181818181818182	True
1537	3873	0.09090909090909091	True
2016	648	0.9090909090909091	False
2016	2346	0.8181818181818182	False
2016	2830	0.7272727272727273	True
2016	257	0.6363636363636364	False
2016	2052	0.5454545454545454	True
2016	3873	0.45454545454545453	True
2016	3306	0.36363636363636365	True
2016	1811	0.2727272727272727	True
2016	913	0.18181818181818182	True
2016	813	0.09090909090909091	False
5938	648	0.9090909090909091	False
5938	257	0.8181818181818182	False
5938	131	0.7272727272727273	True
5938	2929	0.6363636363636364	True
5938	813	0.5454545454545454	False
5938	2052	0.45454545454545453	True
5938	2346	0.36363636363636365	False
5938	2885	0.2727272727272727	True
5938	1426	0.18181818181818182	True
5938	3167	0.09090909090909091	True
159	648	0.9090909090909091	False
159	257	0.8181818181818182	False
159	813	0.7272727272727273	False
159	2052	0.6363636363636364	True
159	2346	0.5454545454545454	False
159	2885	0.45454545454545453	True
159	131	0.36363636363636365	True
159	1426	0.2727272727272727	True
159	2830	0.18181818181818182	True
159	2716	0.09090909090909091	True
1323	648	0.9090909090909091	False
1323	257	0.8181818181818182	False
1323	2346	0.7272727272727273	False
1323	813	0.6363636363636364	False
1323	3167	0.5454545454545454	True
1323	131	0.45454545454545453	True
1323	87	0.36363636363636365	False
1323	3306	0.2727272727272727	True
1323	1811	0.18181818181818182	True
1323	2716	0.09090909090909091	True
2579	648	0.9090909090909091	False
2579	257	0.8181818181818182	False
2579	2346	0.7272727272727273	False
2579	131	0.6363636363636364	True
2579	3167	0.5454545454545454	True
2579	2716	0.45454545454545453	True
2579	2830	0.36363636363636365	True
2579	1061	0.2727272727272727	True
2579	813	0.18181818181818182	False
2579	87	0.09090909090909091	False
2730	648	0.9090909090909091	False
2730	257	0.8181818181818182	False
2730	3167	0.7272727272727273	True
2730	813	0.6363636363636364	False
2730	2346	0.5454545454545454	False
2730	1426	0.45454545454545453	True
2730	458	0.36363636363636365	True
2730	2052	0.2727272727272727	True
2730	3306	0.18181818181818182	True
2730	2716	0.09090909090909091	True
5258	648	0.9090909090909091	False
5258	2346	0.8181818181818182	False
5258	1426	0.7272727272727273	True
5258	257	0.6363636363636364	False
5258	2052	0.5454545454545454	True
5258	2830	0.45454545454545453	True
5258	3306	0.36363636363636365	True
5258	813	0.2727272727272727	False
5258	2929	0.18181818181818182	True
5258	87	0.09090909090909091	False
4776	648	0.9090909090909091	False
4776	257	0.8181818181818182	False
4776	813	0.7272727272727273	False
4776	2346	0.6363636363636364	False
4776	1811	0.5454545454545454	True
4776	1426	0.45454545454545453	True
4776	2716	0.36363636363636365	True
4776	2885	0.2727272727272727	True
4776	3306	0.18181818181818182	True
4776	2830	0.09090909090909091	True
2992	648	0.9090909090909091	False
2992	2346	0.8181818181818182	False
2992	257	0.7272727272727273	False
2992	1426	0.6363636363636364	True
2992	913	0.5454545454545454	True
2992	2830	0.45454545454545453	True
2992	131	0.36363636363636365	True
2992	1405	0.2727272727272727	True
2992	1811	0.18181818181818182	True
2992	813	0.09090909090909091	False
3398	648	0.9090909090909091	False
3398	2346	0.8181818181818182	False
3398	257	0.7272727272727273	False
3398	87	0.6363636363636364	False
3398	2830	0.5454545454545454	True
3398	3306	0.45454545454545453	True
3398	2885	0.36363636363636365	True
3398	3738	0.2727272727272727	True
3398	2052	0.18181818181818182	True
3398	2716	0.09090909090909091	True
4169	648	0.9090909090909091	False
4169	2346	0.8181818181818182	False
4169	257	0.7272727272727273	False
4169	813	0.6363636363636364	False
4169	594	0.5454545454545454	True
4169	2885	0.45454545454545453	True
4169	1977	0.36363636363636365	True
4169	131	0.2727272727272727	True
4169	87	0.18181818181818182	False
4169	3167	0.09090909090909091	True
4575	648	0.9090909090909091	False
4575	257	0.8181818181818182	False
4575	2885	0.7272727272727273	True
4575	2830	0.6363636363636364	True
4575	2716	0.5454545454545454	True
4575	3873	0.45454545454545453	True
4575	2959	0.36363636363636365	True
4575	1426	0.2727272727272727	True
4575	87	0.18181818181818182	False
4575	3306	0.09090909090909091	True
4609	648	0.9090909090909091	False
4609	257	0.8181818181818182	False
4609	1426	0.7272727272727273	True
4609	1977	0.6363636363636364	True
4609	2830	0.5454545454545454	True
4609	2885	0.45454545454545453	True
4609	813	0.36363636363636365	False
4609	2716	0.2727272727272727	True
4609	2346	0.18181818181818182	False
4609	3873	0.09090909090909091	True
1680	648	0.9090909090909091	False
1680	257	0.8181818181818182	False
1680	2557	0.7272727272727273	True
1680	1811	0.6363636363636364	True
1680	2830	0.5454545454545454	True
1680	3873	0.45454545454545453	True
1680	131	0.36363636363636365	True
1680	2716	0.2727272727272727	True
1680	304	0.18181818181818182	True
1680	3037	0.09090909090909091	True
3522	648	0.9090909090909091	False
3522	257	0.8181818181818182	False
3522	2346	0.7272727272727273	False
3522	1811	0.6363636363636364	True
3522	2716	0.5454545454545454	True
3522	131	0.45454545454545453	True
3522	2830	0.36363636363636365	True
3522	87	0.2727272727272727	False
3522	3306	0.18181818181818182	True
3522	3738	0.09090909090909091	True
1824	648	0.9090909090909091	False
1824	131	0.8181818181818182	True
1824	813	0.7272727272727273	False
1824	257	0.6363636363636364	False
1824	87	0.5454545454545454	False
1824	3037	0.45454545454545453	True
1824	1426	0.36363636363636365	True
1824	1977	0.2727272727272727	True
1824	1523	0.18181818181818182	True
1824	3167	0.09090909090909091	True
3825	648	0.9090909090909091	False
3825	257	0.8181818181818182	False
3825	131	0.7272727272727273	True
3825	1977	0.6363636363636364	True
3825	1426	0.5454545454545454	True
3825	2346	0.45454545454545453	False
3825	3873	0.36363636363636365	True
3825	2929	0.2727272727272727	True
3825	1811	0.18181818181818182	True
3825	1684	0.09090909090909091	True
1398	648	0.9090909090909091	False
1398	2346	0.8181818181818182	False
1398	2885	0.7272727272727273	True
1398	813	0.6363636363636364	False
1398	257	0.5454545454545454	False
1398	3167	0.45454545454545453	True
1398	26	0.36363636363636365	True
1398	2959	0.2727272727272727	True
1398	1426	0.18181818181818182	True
1398	87	0.09090909090909091	False
4054	648	0.9090909090909091	False
4054	87	0.8181818181818182	False
4054	257	0.7272727272727273	False
4054	1811	0.6363636363636364	True
4054	2830	0.5454545454545454	True
4054	2346	0.45454545454545453	False
4054	718	0.36363636363636365	True
4054	813	0.2727272727272727	False
4054	3167	0.18181818181818182	True
4054	3738	0.09090909090909091	True
3560	648	0.9090909090909091	False
3560	2346	0.8181818181818182	False
3560	257	0.7272727272727273	False
3560	2830	0.6363636363636364	True
3560	3873	0.5454545454545454	True
3560	3306	0.45454545454545453	True
3560	913	0.36363636363636365	True
3560	813	0.2727272727272727	False
3560	131	0.18181818181818182	True
3560	2052	0.09090909090909091	True
4208	648	0.9090909090909091	False
4208	2885	0.8181818181818182	True
4208	257	0.7272727272727273	False
4208	2346	0.6363636363636364	False
4208	813	0.5454545454545454	False
4208	87	0.45454545454545453	False
4208	2959	0.36363636363636365	True
4208	1426	0.2727272727272727	True
4208	2830	0.18181818181818182	True
4208	1061	0.09090909090909091	True
1414	648	0.9090909090909091	False
1414	257	0.8181818181818182	False
1414	2830	0.7272727272727273	True
1414	1426	0.6363636363636364	True
1414	2885	0.5454545454545454	True
1414	2346	0.45454545454545453	False
1414	3167	0.36363636363636365	True
1414	3306	0.2727272727272727	True
1414	3873	0.18181818181818182	True
1414	2716	0.09090909090909091	True
2968	648	0.9090909090909091	False
2968	257	0.8181818181818182	False
2968	3167	0.7272727272727273	True
2968	2716	0.6363636363636364	True
2968	3306	0.5454545454545454	True
2968	131	0.45454545454545453	True
2968	1061	0.36363636363636365	True
2968	2346	0.2727272727272727	False
2968	2885	0.18181818181818182	True
2968	2052	0.09090909090909091	True
4925	648	0.9090909090909091	False
4925	813	0.8181818181818182	False
4925	257	0.7272727272727273	False
4925	2830	0.6363636363636364	True
4925	1426	0.5454545454545454	True
4925	87	0.45454545454545453	False
4925	1523	0.36363636363636365	True
4925	3873	0.2727272727272727	True
4925	2346	0.18181818181818182	False
4925	2959	0.09090909090909091	True
3834	648	0.9090909090909091	False
3834	257	0.8181818181818182	False
3834	594	0.7272727272727273	True
3834	3873	0.6363636363636364	True
3834	131	0.5454545454545454	True
3834	2346	0.45454545454545453	False
3834	2885	0.36363636363636365	True
3834	1426	0.2727272727272727	True
3834	87	0.18181818181818182	False
3834	1405	0.09090909090909091	True
4988	648	0.9090909090909091	False
4988	813	0.8181818181818182	False
4988	594	0.7272727272727273	True
4988	257	0.6363636363636364	False
4988	3167	0.5454545454545454	True
4988	87	0.45454545454545453	False
4988	3873	0.36363636363636365	True
4988	2885	0.2727272727272727	True
4988	26	0.18181818181818182	True
4988	1977	0.09090909090909091	True
1923	648	0.9090909090909091	False
1923	257	0.8181818181818182	False
1923	813	0.7272727272727273	False
1923	1977	0.6363636363636364	True
1923	1426	0.5454545454545454	True
1923	2885	0.45454545454545453	True
1923	2346	0.36363636363636365	False
1923	3167	0.2727272727272727	True
1923	2830	0.18181818181818182	True
1923	3873	0.09090909090909091	True
4995	648	0.9090909090909091	False
4995	2885	0.8181818181818182	True
4995	2052	0.7272727272727273	True
4995	2830	0.6363636363636364	True
4995	2346	0.5454545454545454	False
4995	913	0.45454545454545453	True
4995	1426	0.36363636363636365	True
4995	257	0.2727272727272727	False
4995	813	0.18181818181818182	False
4995	2959	0.09090909090909091	True
2749	648	0.9090909090909091	False
2749	2346	0.8181818181818182	False
2749	257	0.7272727272727273	False
2749	2052	0.6363636363636364	True
2749	2830	0.5454545454545454	True
2749	2929	0.45454545454545453	True
2749	813	0.36363636363636365	False
2749	131	0.2727272727272727	True
2749	1405	0.18181818181818182	True
2749	3873	0.09090909090909091	True
5447	648	0.9090909090909091	False
5447	257	0.8181818181818182	False
5447	2830	0.7272727272727273	True
5447	2346	0.6363636363636364	False
5447	813	0.5454545454545454	False
5447	3873	0.45454545454545453	True
5447	87	0.36363636363636365	False
5447	1811	0.2727272727272727	True
5447	2885	0.18181818181818182	True
5447	3306	0.09090909090909091	True
60	648	0.9090909090909091	False
60	257	0.8181818181818182	False
60	813	0.7272727272727273	False
60	3167	0.6363636363636364	True
60	87	0.5454545454545454	False
60	2830	0.45454545454545453	True
60	2346	0.36363636363636365	False
60	1811	0.2727272727272727	True
60	2959	0.18181818181818182	True
60	1426	0.09090909090909091	True
3391	648	0.9090909090909091	False
3391	2346	0.8181818181818182	False
3391	257	0.7272727272727273	False
3391	3306	0.6363636363636364	True
3391	3873	0.5454545454545454	True
3391	131	0.45454545454545453	True
3391	913	0.36363636363636365	True
3391	3167	0.2727272727272727	True
3391	87	0.18181818181818182	False
3391	2052	0.09090909090909091	True
3053	648	0.9090909090909091	False
3053	257	0.8181818181818182	False
3053	3873	0.7272727272727273	True
3053	1426	0.6363636363636364	True
3053	2613	0.5454545454545454	True
3053	2346	0.45454545454545453	False
3053	87	0.36363636363636365	False
3053	3306	0.2727272727272727	True
3053	3738	0.18181818181818182	True
3053	2716	0.09090909090909091	True
1558	648	0.9090909090909091	False
1558	257	0.8181818181818182	False
1558	813	0.7272727272727273	False
1558	2830	0.6363636363636364	True
1558	87	0.5454545454545454	False
1558	2346	0.45454545454545453	False
1558	2929	0.36363636363636365	True
1558	1811	0.2727272727272727	True
1558	3167	0.18181818181818182	True
1558	1426	0.09090909090909091	True
316	648	0.9090909090909091	False
316	1977	0.8181818181818182	True
316	2346	0.7272727272727273	False
316	87	0.6363636363636364	False
316	813	0.5454545454545454	False
316	2959	0.45454545454545453	True
316	257	0.36363636363636365	False
316	3873	0.2727272727272727	True
316	1426	0.18181818181818182	True
316	2830	0.09090909090909091	True
6006	648	0.9090909090909091	False
6006	87	0.8181818181818182	False
6006	2885	0.7272727272727273	True
6006	913	0.6363636363636364	True
6006	1426	0.5454545454545454	True
6006	813	0.45454545454545453	False
6006	3167	0.36363636363636365	True
6006	257	0.2727272727272727	False
6006	2052	0.18181818181818182	True
6006	2346	0.09090909090909091	False
2091	648	0.9090909090909091	False
2091	2885	0.8181818181818182	True
2091	813	0.7272727272727273	False
2091	257	0.6363636363636364	False
2091	2959	0.5454545454545454	True
2091	1426	0.45454545454545453	True
2091	1977	0.36363636363636365	True
2091	2346	0.2727272727272727	False
2091	87	0.18181818181818182	False
2091	2830	0.09090909090909091	True
4304	648	0.9090909090909091	False
4304	257	0.8181818181818182	False
4304	2830	0.7272727272727273	True
4304	3306	0.6363636363636364	True
4304	131	0.5454545454545454	True
4304	2346	0.45454545454545453	False
4304	2959	0.36363636363636365	True
4304	3167	0.2727272727272727	True
4304	1811	0.18181818181818182	True
4304	3873	0.09090909090909091	True
4146	648	0.9090909090909091	False
4146	257	0.8181818181818182	False
4146	2929	0.7272727272727273	True
4146	813	0.6363636363636364	False
4146	2830	0.5454545454545454	True
4146	87	0.45454545454545453	False
4146	3873	0.36363636363636365	True
4146	2959	0.2727272727272727	True
4146	3167	0.18181818181818182	True
4146	2885	0.09090909090909091	True
2298	648	0.9090909090909091	False
2298	257	0.8181818181818182	False
2298	2885	0.7272727272727273	True
2298	3873	0.6363636363636364	True
2298	813	0.5454545454545454	False
2298	87	0.45454545454545453	False
2298	2346	0.36363636363636365	False
2298	3167	0.2727272727272727	True
2298	3306	0.18181818181818182	True
2298	26	0.09090909090909091	True
4754	648	0.9090909090909091	False
4754	813	0.8181818181818182	False
4754	257	0.7272727272727273	False
4754	594	0.6363636363636364	True
4754	2885	0.5454545454545454	True
4754	1426	0.45454545454545453	True
4754	1405	0.36363636363636365	True
4754	87	0.2727272727272727	False
4754	3873	0.18181818181818182	True
4754	469	0.09090909090909091	True
3304	648	0.9090909090909091	False
3304	913	0.8181818181818182	True
3304	813	0.7272727272727273	False
3304	2346	0.6363636363636364	False
3304	257	0.5454545454545454	False
3304	26	0.45454545454545453	True
3304	2830	0.36363636363636365	True
3304	3873	0.2727272727272727	True
3304	2929	0.18181818181818182	True
3304	2052	0.09090909090909091	True
1105	648	0.9090909090909091	False
1105	257	0.8181818181818182	False
1105	2346	0.7272727272727273	False
1105	813	0.6363636363636364	False
1105	2830	0.5454545454545454	True
1105	2885	0.45454545454545453	True
1105	87	0.36363636363636365	False
1105	3167	0.2727272727272727	True
1105	3873	0.18181818181818182	True
1105	469	0.09090909090909091	True
