1926	3371	0.9090909090909091	False
1926	2924	0.8181818181818182	False
1926	1944	0.7272727272727273	False
1926	3828	0.6363636363636364	False
1926	2287	0.5454545454545454	True
1926	2472	0.45454545454545453	True
1926	3119	0.36363636363636365	True
1926	889	0.2727272727272727	False
1926	2716	0.18181818181818182	True
1926	3781	0.09090909090909091	False
4908	2924	0.9090909090909091	False
4908	889	0.8181818181818182	False
4908	3781	0.7272727272727273	False
4908	3828	0.6363636363636364	False
4908	3119	0.5454545454545454	True
4908	3920	0.45454545454545453	True
4908	2716	0.36363636363636365	True
4908	2362	0.2727272727272727	True
4908	3371	0.18181818181818182	False
4908	1944	0.09090909090909091	False
2811	2924	0.9090909090909091	False
2811	2443	0.8181818181818182	True
2811	1944	0.7272727272727273	False
2811	3828	0.6363636363636364	False
2811	3371	0.5454545454545454	False
2811	652	0.45454545454545453	True
2811	2337	0.36363636363636365	True
2811	1999	0.2727272727272727	True
2811	1274	0.18181818181818182	True
2811	3418	0.09090909090909091	True
39	3828	0.9090909090909091	False
39	652	0.8181818181818182	True
39	1944	0.7272727272727273	False
39	1445	0.6363636363636364	True
39	2443	0.5454545454545454	True
39	3781	0.45454545454545453	False
39	187	0.36363636363636365	True
39	2924	0.2727272727272727	False
39	3119	0.18181818181818182	True
39	3418	0.09090909090909091	True
2053	889	0.9090909090909091	False
2053	111	0.8181818181818182	True
2053	2924	0.7272727272727273	False
2053	3371	0.6363636363636364	False
2053	3828	0.5454545454545454	False
2053	3781	0.45454545454545453	False
2053	2716	0.36363636363636365	True
2053	3920	0.2727272727272727	True
2053	2062	0.18181818181818182	True
2053	2367	0.09090909090909091	True
2159	2924	0.9090909090909091	False
2159	2337	0.8181818181818182	True
2159	3828	0.7272727272727273	False
2159	3371	0.6363636363636364	False
2159	2472	0.5454545454545454	True
2159	360	0.45454545454545453	True
2159	1274	0.36363636363636365	True
2159	1944	0.2727272727272727	False
2159	1999	0.18181818181818182	True
2159	652	0.09090909090909091	True
3229	2337	0.9090909090909091	True
3229	2062	0.8181818181818182	True
3229	2362	0.7272727272727273	True
3229	889	0.6363636363636364	False
3229	2472	0.5454545454545454	True
3229	652	0.45454545454545453	True
3229	2924	0.36363636363636365	False
3229	2716	0.2727272727272727	True
3229	2367	0.18181818181818182	True
3229	3828	0.09090909090909091	False
4923	2924	0.9090909090909091	False
4923	3828	0.8181818181818182	False
4923	2472	0.7272727272727273	True
4923	3781	0.6363636363636364	False
4923	2362	0.5454545454545454	True
4923	3397	0.45454545454545453	True
4923	2716	0.36363636363636365	True
4923	3119	0.2727272727272727	True
4923	3371	0.18181818181818182	False
4923	2287	0.09090909090909091	True
1388	2287	0.9090909090909091	True
1388	2472	0.8181818181818182	True
1388	1944	0.7272727272727273	False
1388	2362	0.6363636363636364	True
1388	3828	0.5454545454545454	False
1388	3119	0.45454545454545453	True
1388	3397	0.36363636363636365	True
1388	889	0.2727272727272727	False
1388	2924	0.18181818181818182	False
1388	3781	0.09090909090909091	False
5488	3371	0.9090909090909091	False
5488	2924	0.8181818181818182	False
5488	360	0.7272727272727273	True
5488	2472	0.6363636363636364	True
5488	3828	0.5454545454545454	False
5488	1087	0.45454545454545453	True
5488	3119	0.36363636363636365	True
5488	1445	0.2727272727272727	True
5488	1944	0.18181818181818182	False
5488	2337	0.09090909090909091	True
1071	3371	0.9090909090909091	False
1071	1944	0.8181818181818182	False
1071	889	0.7272727272727273	False
1071	2287	0.6363636363636364	True
1071	3920	0.5454545454545454	True
1071	3828	0.45454545454545453	False
1071	2716	0.36363636363636365	True
1071	3119	0.2727272727272727	True
1071	3781	0.18181818181818182	False
1071	919	0.09090909090909091	True
5305	889	0.9090909090909091	False
5305	2924	0.8181818181818182	False
5305	111	0.7272727272727273	True
5305	3920	0.6363636363636364	True
5305	1274	0.5454545454545454	True
5305	3828	0.45454545454545453	False
5305	3781	0.36363636363636365	False
5305	3119	0.2727272727272727	True
5305	2367	0.18181818181818182	True
5305	2362	0.09090909090909091	True
5097	2924	0.9090909090909091	False
5097	2716	0.8181818181818182	True
5097	360	0.7272727272727273	True
5097	1944	0.6363636363636364	False
5097	889	0.5454545454545454	False
5097	3371	0.45454545454545453	False
5097	1274	0.36363636363636365	True
5097	502	0.2727272727272727	True
5097	1354	0.18181818181818182	True
5097	1087	0.09090909090909091	True
901	2443	0.9090909090909091	True
901	3781	0.8181818181818182	False
901	3828	0.7272727272727273	False
901	3371	0.6363636363636364	False
901	889	0.5454545454545454	False
901	1944	0.45454545454545453	False
901	1274	0.36363636363636365	True
901	3920	0.2727272727272727	True
901	905	0.18181818181818182	True
901	2924	0.09090909090909091	False
5411	2924	0.9090909090909091	False
5411	3828	0.8181818181818182	False
5411	3371	0.7272727272727273	False
5411	3119	0.6363636363636364	True
5411	1944	0.5454545454545454	False
5411	3920	0.45454545454545453	True
5411	889	0.36363636363636365	False
5411	3781	0.2727272727272727	False
5411	1445	0.18181818181818182	True
5411	742	0.09090909090909091	True
1304	2472	0.9090909090909091	True
1304	2924	0.8181818181818182	False
1304	3828	0.7272727272727273	False
1304	3781	0.6363636363636364	False
1304	3371	0.5454545454545454	False
1304	2287	0.45454545454545453	True
1304	2362	0.36363636363636365	True
1304	3418	0.2727272727272727	True
1304	2337	0.18181818181818182	True
1304	1944	0.09090909090909091	False
5844	2443	0.9090909090909091	True
5844	3920	0.8181818181818182	True
5844	889	0.7272727272727273	False
5844	3828	0.6363636363636364	False
5844	3119	0.5454545454545454	True
5844	1944	0.45454545454545453	False
5844	1445	0.36363636363636365	True
5844	3781	0.2727272727272727	False
5844	2062	0.18181818181818182	True
5844	3371	0.09090909090909091	False
864	3828	0.9090909090909091	False
864	2924	0.8181818181818182	False
864	2472	0.7272727272727273	True
864	3119	0.6363636363636364	True
864	919	0.5454545454545454	True
864	2287	0.45454545454545453	True
864	3371	0.36363636363636365	False
864	2716	0.2727272727272727	True
864	1944	0.18181818181818182	False
864	2362	0.09090909090909091	True
2753	2924	0.9090909090909091	False
2753	3371	0.8181818181818182	False
2753	3828	0.7272727272727273	False
2753	2287	0.6363636363636364	True
2753	111	0.5454545454545454	True
2753	3920	0.45454545454545453	True
2753	3397	0.36363636363636365	True
2753	2362	0.2727272727272727	True
2753	3781	0.18181818181818182	False
2753	889	0.09090909090909091	False
4561	3920	0.9090909090909091	True
4561	3049	0.8181818181818182	True
4561	889	0.7272727272727273	False
4561	1445	0.6363636363636364	True
4561	3119	0.5454545454545454	True
4561	2924	0.45454545454545453	False
4561	2472	0.36363636363636365	True
4561	3828	0.2727272727272727	False
4561	111	0.18181818181818182	True
4561	2443	0.09090909090909091	True
1977	3371	0.9090909090909091	False
1977	3828	0.8181818181818182	False
1977	2924	0.7272727272727273	False
1977	2337	0.6363636363636364	True
1977	3418	0.5454545454545454	True
1977	1999	0.45454545454545453	True
1977	652	0.36363636363636365	True
1977	187	0.2727272727272727	True
1977	1944	0.18181818181818182	False
1977	2362	0.09090909090909091	True
5749	889	0.9090909090909091	False
5749	2716	0.8181818181818182	True
5749	1944	0.7272727272727273	False
5749	3371	0.6363636363636364	False
5749	2337	0.5454545454545454	True
5749	2472	0.45454545454545453	True
5749	1087	0.36363636363636365	True
5749	2443	0.2727272727272727	True
5749	2062	0.18181818181818182	True
5749	3920	0.09090909090909091	True
5421	1445	0.9090909090909091	True
5421	3828	0.8181818181818182	False
5421	742	0.7272727272727273	True
5421	1944	0.6363636363636364	False
5421	3371	0.5454545454545454	False
5421	919	0.45454545454545453	True
5421	889	0.36363636363636365	False
5421	652	0.2727272727272727	True
5421	2443	0.18181818181818182	True
5421	2924	0.09090909090909091	False
2362	2924	0.9090909090909091	False
2362	2443	0.8181818181818182	True
2362	1944	0.7272727272727273	False
2362	3371	0.6363636363636364	False
2362	3749	0.5454545454545454	True
2362	3828	0.45454545454545453	False
2362	3781	0.36363636363636365	False
2362	2472	0.2727272727272727	True
2362	1274	0.18181818181818182	True
2362	652	0.09090909090909091	True
5264	1944	0.9090909090909091	False
5264	2924	0.8181818181818182	False
5264	889	0.7272727272727273	False
5264	2287	0.6363636363636364	True
5264	3119	0.5454545454545454	True
5264	2716	0.45454545454545453	True
5264	3781	0.36363636363636365	False
5264	3828	0.2727272727272727	False
5264	2362	0.18181818181818182	True
5264	919	0.09090909090909091	True
4295	2924	0.9090909090909091	False
4295	3781	0.8181818181818182	False
4295	3828	0.7272727272727273	False
4295	3119	0.6363636363636364	True
4295	2367	0.5454545454545454	True
4295	1445	0.45454545454545453	True
4295	187	0.36363636363636365	True
4295	652	0.2727272727272727	True
4295	2362	0.18181818181818182	True
4295	2472	0.09090909090909091	True
1706	2472	0.9090909090909091	True
1706	2924	0.8181818181818182	False
1706	3828	0.7272727272727273	False
1706	2287	0.6363636363636364	True
1706	3781	0.5454545454545454	False
1706	3418	0.45454545454545453	True
1706	3119	0.36363636363636365	True
1706	3135	0.2727272727272727	True
1706	2362	0.18181818181818182	True
1706	1999	0.09090909090909091	True
1273	3828	0.9090909090909091	False
1273	3371	0.8181818181818182	False
1273	2924	0.7272727272727273	False
1273	2337	0.6363636363636364	True
1273	889	0.5454545454545454	False
1273	1944	0.45454545454545453	False
1273	2472	0.36363636363636365	True
1273	3119	0.2727272727272727	True
1273	2362	0.18181818181818182	True
1273	1445	0.09090909090909091	True
4480	2443	0.9090909090909091	True
4480	652	0.8181818181818182	True
4480	2924	0.7272727272727273	False
4480	360	0.6363636363636364	True
4480	2472	0.5454545454545454	True
4480	1944	0.45454545454545453	False
4480	1274	0.36363636363636365	True
4480	1087	0.2727272727272727	True
4480	2337	0.18181818181818182	True
4480	2367	0.09090909090909091	True
4309	3828	0.9090909090909091	False
4309	2924	0.8181818181818182	False
4309	652	0.7272727272727273	True
4309	3371	0.6363636363636364	False
4309	1445	0.5454545454545454	True
4309	742	0.45454545454545453	True
4309	2337	0.36363636363636365	True
4309	3781	0.2727272727272727	False
4309	919	0.18181818181818182	True
4309	3119	0.09090909090909091	True
4402	889	0.9090909090909091	False
4402	3119	0.8181818181818182	True
4402	3781	0.7272727272727273	False
4402	2924	0.6363636363636364	False
4402	1436	0.5454545454545454	True
4402	3828	0.45454545454545453	False
4402	3135	0.36363636363636365	True
4402	3920	0.2727272727272727	True
4402	3418	0.18181818181818182	True
4402	1944	0.09090909090909091	False
176	3781	0.9090909090909091	False
176	3828	0.8181818181818182	False
176	2362	0.7272727272727273	True
176	2062	0.6363636363636364	True
176	889	0.5454545454545454	False
176	652	0.45454545454545453	True
176	3920	0.36363636363636365	True
176	2443	0.2727272727272727	True
176	2337	0.18181818181818182	True
176	3371	0.09090909090909091	False
505	1944	0.9090909090909091	False
505	2924	0.8181818181818182	False
505	2287	0.7272727272727273	True
505	2362	0.6363636363636364	True
505	3828	0.5454545454545454	False
505	2472	0.45454545454545453	True
505	889	0.36363636363636365	False
505	2716	0.2727272727272727	True
505	919	0.18181818181818182	True
505	3397	0.09090909090909091	True
2857	3828	0.9090909090909091	False
2857	2924	0.8181818181818182	False
2857	3371	0.7272727272727273	False
2857	111	0.6363636363636364	True
2857	3119	0.5454545454545454	True
2857	2062	0.45454545454545453	True
2857	889	0.36363636363636365	False
2857	1436	0.2727272727272727	True
2857	3781	0.18181818181818182	False
2857	3049	0.09090909090909091	True
1831	3418	0.9090909090909091	True
1831	3920	0.8181818181818182	True
1831	2062	0.7272727272727273	True
1831	3828	0.6363636363636364	False
1831	889	0.5454545454545454	False
1831	2443	0.45454545454545453	True
1831	2287	0.36363636363636365	True
1831	1944	0.2727272727272727	False
1831	2362	0.18181818181818182	True
1831	652	0.09090909090909091	True
275	2924	0.9090909090909091	False
275	889	0.8181818181818182	False
275	2062	0.7272727272727273	True
275	3828	0.6363636363636364	False
275	3371	0.5454545454545454	False
275	2716	0.45454545454545453	True
275	1944	0.36363636363636365	False
275	2337	0.2727272727272727	True
275	3920	0.18181818181818182	True
275	3119	0.09090909090909091	True
529	3418	0.9090909090909091	True
529	2924	0.8181818181818182	False
529	2472	0.7272727272727273	True
529	2337	0.6363636363636364	True
529	2367	0.5454545454545454	True
529	3828	0.45454545454545453	False
529	3135	0.36363636363636365	True
529	3781	0.2727272727272727	False
529	3920	0.18181818181818182	True
529	652	0.09090909090909091	True
1517	2924	0.9090909090909091	False
1517	3781	0.8181818181818182	False
1517	2443	0.7272727272727273	True
1517	1944	0.6363636363636364	False
1517	2287	0.5454545454545454	True
1517	3920	0.45454545454545453	True
1517	2362	0.36363636363636365	True
1517	3119	0.2727272727272727	True
1517	1087	0.18181818181818182	True
1517	1445	0.09090909090909091	True
2936	2924	0.9090909090909091	False
2936	3371	0.8181818181818182	False
2936	2443	0.7272727272727273	True
2936	652	0.6363636363636364	True
2936	3049	0.5454545454545454	True
2936	2472	0.45454545454545453	True
2936	1087	0.36363636363636365	True
2936	2337	0.2727272727272727	True
2936	3828	0.18181818181818182	False
2936	111	0.09090909090909091	True
4442	2472	0.9090909090909091	True
4442	3781	0.8181818181818182	False
4442	3119	0.7272727272727273	True
4442	652	0.6363636363636364	True
4442	3920	0.5454545454545454	True
4442	3828	0.45454545454545453	False
4442	3418	0.36363636363636365	True
4442	2367	0.2727272727272727	True
4442	919	0.18181818181818182	True
4442	2924	0.09090909090909091	False
1777	1445	0.9090909090909091	True
1777	1944	0.8181818181818182	False
1777	3828	0.7272727272727273	False
1777	2924	0.6363636363636364	False
1777	3119	0.5454545454545454	True
1777	360	0.45454545454545453	True
1777	2443	0.36363636363636365	True
1777	2362	0.2727272727272727	True
1777	2472	0.18181818181818182	True
1777	2716	0.09090909090909091	True
1343	2924	0.9090909090909091	False
1343	889	0.8181818181818182	False
1343	111	0.7272727272727273	True
1343	3371	0.6363636363636364	False
1343	187	0.5454545454545454	True
1343	919	0.45454545454545453	True
1343	2716	0.36363636363636365	True
1343	1274	0.2727272727272727	True
1343	3828	0.18181818181818182	False
1343	360	0.09090909090909091	True
2569	502	0.9090909090909091	True
2569	3828	0.8181818181818182	False
2569	3119	0.7272727272727273	True
2569	3371	0.6363636363636364	False
2569	3135	0.5454545454545454	True
2569	2716	0.45454545454545453	True
2569	2367	0.36363636363636365	True
2569	2924	0.2727272727272727	False
2569	114	0.18181818181818182	True
2569	3781	0.09090909090909091	False
1699	1944	0.9090909090909091	False
1699	2287	0.8181818181818182	True
1699	889	0.7272727272727273	False
1699	2472	0.6363636363636364	True
1699	2716	0.5454545454545454	True
1699	3119	0.45454545454545453	True
1699	3920	0.36363636363636365	True
1699	1087	0.2727272727272727	True
1699	3781	0.18181818181818182	False
1699	3371	0.09090909090909091	False
5661	2924	0.9090909090909091	False
5661	889	0.8181818181818182	False
5661	3920	0.7272727272727273	True
5661	3119	0.6363636363636364	True
5661	1274	0.5454545454545454	True
5661	3828	0.45454545454545453	False
5661	1944	0.36363636363636365	False
5661	3418	0.2727272727272727	True
5661	3781	0.18181818181818182	False
5661	2716	0.09090909090909091	True
3799	652	0.9090909090909091	True
3799	2924	0.8181818181818182	False
3799	2472	0.7272727272727273	True
3799	2443	0.6363636363636364	True
3799	2337	0.5454545454545454	True
3799	3371	0.45454545454545453	False
3799	1274	0.36363636363636365	True
3799	2367	0.2727272727272727	True
3799	1087	0.18181818181818182	True
3799	1944	0.09090909090909091	False
3802	2924	0.9090909090909091	False
3802	3371	0.8181818181818182	False
3802	3828	0.7272727272727273	False
3802	2472	0.6363636363636364	True
3802	889	0.5454545454545454	False
3802	1445	0.45454545454545453	True
3802	502	0.36363636363636365	True
3802	1944	0.2727272727272727	False
3802	3119	0.18181818181818182	True
3802	3781	0.09090909090909091	False
1640	2924	0.9090909090909091	False
1640	889	0.8181818181818182	False
1640	3781	0.7272727272727273	False
1640	3828	0.6363636363636364	False
1640	111	0.5454545454545454	True
1640	3119	0.45454545454545453	True
1640	905	0.36363636363636365	True
1640	3135	0.2727272727272727	True
1640	1274	0.18181818181818182	True
1640	2716	0.09090909090909091	True
842	3828	0.9090909090909091	False
842	1944	0.8181818181818182	False
842	2287	0.7272727272727273	True
842	3371	0.6363636363636364	False
842	1445	0.5454545454545454	True
842	2443	0.45454545454545453	True
842	919	0.36363636363636365	True
842	3781	0.2727272727272727	False
842	2594	0.18181818181818182	True
842	2924	0.09090909090909091	False
4835	2924	0.9090909090909091	False
4835	3119	0.8181818181818182	True
4835	3828	0.7272727272727273	False
4835	1445	0.6363636363636364	True
4835	3781	0.5454545454545454	False
4835	2443	0.45454545454545453	True
4835	889	0.36363636363636365	False
4835	1944	0.2727272727272727	False
4835	742	0.18181818181818182	True
4835	1087	0.09090909090909091	True
2034	2472	0.9090909090909091	True
2034	3781	0.8181818181818182	False
2034	3418	0.7272727272727273	True
2034	1445	0.6363636363636364	True
2034	1274	0.5454545454545454	True
2034	889	0.45454545454545453	False
2034	3828	0.36363636363636365	False
2034	3135	0.2727272727272727	True
2034	919	0.18181818181818182	True
2034	2443	0.09090909090909091	True
960	2924	0.9090909090909091	False
960	2716	0.8181818181818182	True
960	2337	0.7272727272727273	True
960	889	0.6363636363636364	False
960	3828	0.5454545454545454	False
960	2062	0.45454545454545453	True
960	3371	0.36363636363636365	False
960	2367	0.2727272727272727	True
960	652	0.18181818181818182	True
960	1944	0.09090909090909091	False
3306	3781	0.9090909090909091	False
3306	2924	0.8181818181818182	False
3306	889	0.7272727272727273	False
3306	3828	0.6363636363636364	False
3306	3371	0.5454545454545454	False
3306	1944	0.45454545454545453	False
3306	2716	0.36363636363636365	True
3306	2443	0.2727272727272727	True
3306	3920	0.18181818181818182	True
3306	2287	0.09090909090909091	True
1063	2924	0.9090909090909091	False
1063	2287	0.8181818181818182	True
1063	1944	0.7272727272727273	False
1063	2362	0.6363636363636364	True
1063	2716	0.5454545454545454	True
1063	3119	0.45454545454545453	True
1063	187	0.36363636363636365	True
1063	889	0.2727272727272727	False
1063	3828	0.18181818181818182	False
1063	3781	0.09090909090909091	False
5163	3828	0.9090909090909091	False
5163	3781	0.8181818181818182	False
5163	3371	0.7272727272727273	False
5163	2443	0.6363636363636364	True
5163	1944	0.5454545454545454	False
5163	2924	0.45454545454545453	False
5163	1445	0.36363636363636365	True
5163	2594	0.2727272727272727	True
5163	3119	0.18181818181818182	True
5163	2337	0.09090909090909091	True
1415	2924	0.9090909090909091	False
1415	3119	0.8181818181818182	True
1415	2716	0.7272727272727273	True
1415	3828	0.6363636363636364	False
1415	1274	0.5454545454545454	True
1415	3781	0.45454545454545453	False
1415	889	0.36363636363636365	False
1415	905	0.2727272727272727	True
1415	1944	0.18181818181818182	False
1415	502	0.09090909090909091	True
4685	1944	0.9090909090909091	False
4685	2337	0.8181818181818182	True
4685	3371	0.7272727272727273	False
4685	2362	0.6363636363636364	True
4685	889	0.5454545454545454	False
4685	3828	0.45454545454545453	False
4685	1445	0.36363636363636365	True
4685	2443	0.2727272727272727	True
4685	187	0.18181818181818182	True
4685	2924	0.09090909090909091	False
3011	2337	0.9090909090909091	True
3011	3828	0.8181818181818182	False
3011	3371	0.7272727272727273	False
3011	2924	0.6363636363636364	False
3011	2716	0.5454545454545454	True
3011	1944	0.45454545454545453	False
3011	3119	0.36363636363636365	True
3011	889	0.2727272727272727	False
3011	1445	0.18181818181818182	True
3011	2472	0.09090909090909091	True
212	2924	0.9090909090909091	False
212	1944	0.8181818181818182	False
212	1274	0.7272727272727273	True
212	2716	0.6363636363636364	True
212	889	0.5454545454545454	False
212	3119	0.45454545454545453	True
212	3828	0.36363636363636365	False
212	2443	0.2727272727272727	True
212	2367	0.18181818181818182	True
212	2472	0.09090909090909091	True
2297	2924	0.9090909090909091	False
2297	2472	0.8181818181818182	True
2297	1999	0.7272727272727273	True
2297	1445	0.6363636363636364	True
2297	502	0.5454545454545454	True
2297	3828	0.45454545454545453	False
2297	1944	0.36363636363636365	False
2297	187	0.2727272727272727	True
2297	3920	0.18181818181818182	True
2297	3119	0.09090909090909091	True
2048	2924	0.9090909090909091	False
2048	1087	0.8181818181818182	True
2048	3781	0.7272727272727273	False
2048	2472	0.6363636363636364	True
2048	3119	0.5454545454545454	True
2048	2443	0.45454545454545453	True
2048	2287	0.36363636363636365	True
2048	3828	0.2727272727272727	False
2048	1944	0.18181818181818182	False
2048	889	0.09090909090909091	False
3295	2062	0.9090909090909091	True
3295	2924	0.8181818181818182	False
3295	889	0.7272727272727273	False
3295	3920	0.6363636363636364	True
3295	3828	0.5454545454545454	False
3295	2367	0.45454545454545453	True
3295	1944	0.36363636363636365	False
3295	652	0.2727272727272727	True
3295	1436	0.18181818181818182	True
3295	2443	0.09090909090909091	True
469	2924	0.9090909090909091	False
469	3781	0.8181818181818182	False
469	919	0.7272727272727273	True
469	2716	0.6363636363636364	True
469	2367	0.5454545454545454	True
469	889	0.45454545454545453	False
469	3397	0.36363636363636365	True
469	3119	0.2727272727272727	True
469	1944	0.18181818181818182	False
469	111	0.09090909090909091	True
1323	2924	0.9090909090909091	False
1323	3371	0.8181818181818182	False
1323	3828	0.7272727272727273	False
1323	1944	0.6363636363636364	False
1323	2337	0.5454545454545454	True
1323	889	0.45454545454545453	False
1323	3781	0.36363636363636365	False
1323	1087	0.2727272727272727	True
1323	2716	0.18181818181818182	True
1323	2062	0.09090909090909091	True
1115	889	0.9090909090909091	False
1115	2062	0.8181818181818182	True
1115	3371	0.7272727272727273	False
1115	1944	0.6363636363636364	False
1115	2924	0.5454545454545454	False
1115	3828	0.45454545454545453	False
1115	3920	0.36363636363636365	True
1115	2362	0.2727272727272727	True
1115	2287	0.18181818181818182	True
1115	2337	0.09090909090909091	True
3621	2924	0.9090909090909091	False
3621	3781	0.8181818181818182	False
3621	3828	0.7272727272727273	False
3621	3371	0.6363636363636364	False
3621	2367	0.5454545454545454	True
3621	1944	0.45454545454545453	False
3621	2431	0.36363636363636365	True
3621	919	0.2727272727272727	True
3621	652	0.18181818181818182	True
3621	187	0.09090909090909091	True
2968	2472	0.9090909090909091	True
2968	1944	0.8181818181818182	False
2968	2924	0.7272727272727273	False
2968	889	0.6363636363636364	False
2968	2287	0.5454545454545454	True
2968	919	0.45454545454545453	True
2968	2367	0.36363636363636365	True
2968	1087	0.2727272727272727	True
2968	652	0.18181818181818182	True
2968	3135	0.09090909090909091	True
4581	2924	0.9090909090909091	False
4581	652	0.8181818181818182	True
4581	2472	0.7272727272727273	True
4581	3920	0.6363636363636364	True
4581	2443	0.5454545454545454	True
4581	2362	0.45454545454545453	True
4581	3371	0.36363636363636365	False
4581	2337	0.2727272727272727	True
4581	3828	0.18181818181818182	False
4581	1944	0.09090909090909091	False
321	3920	0.9090909090909091	True
321	2287	0.8181818181818182	True
321	3828	0.7272727272727273	False
321	3371	0.6363636363636364	False
321	2472	0.5454545454545454	True
321	2924	0.45454545454545453	False
321	1944	0.36363636363636365	False
321	2362	0.2727272727272727	True
321	3119	0.18181818181818182	True
321	2443	0.09090909090909091	True
2205	2924	0.9090909090909091	False
2205	3371	0.8181818181818182	False
2205	3920	0.7272727272727273	True
2205	2362	0.6363636363636364	True
2205	111	0.5454545454545454	True
2205	3828	0.45454545454545453	False
2205	2472	0.36363636363636365	True
2205	187	0.2727272727272727	True
2205	2443	0.18181818181818182	True
2205	889	0.09090909090909091	False
2185	2924	0.9090909090909091	False
2185	889	0.8181818181818182	False
2185	3119	0.7272727272727273	True
2185	2367	0.6363636363636364	True
2185	3828	0.5454545454545454	False
2185	652	0.45454545454545453	True
2185	3920	0.36363636363636365	True
2185	1944	0.2727272727272727	False
2185	1274	0.18181818181818182	True
2185	2062	0.09090909090909091	True
399	889	0.9090909090909091	False
399	1944	0.8181818181818182	False
399	2924	0.7272727272727273	False
399	1445	0.6363636363636364	True
399	2472	0.5454545454545454	True
399	2362	0.45454545454545453	True
399	3828	0.36363636363636365	False
399	2337	0.2727272727272727	True
399	2367	0.18181818181818182	True
399	2287	0.09090909090909091	True
3452	652	0.9090909090909091	True
3452	3371	0.8181818181818182	False
3452	2443	0.7272727272727273	True
3452	3781	0.6363636363636364	False
3452	3828	0.5454545454545454	False
3452	1087	0.45454545454545453	True
3452	1944	0.36363636363636365	False
3452	1445	0.2727272727272727	True
3452	187	0.18181818181818182	True
3452	2924	0.09090909090909091	False
4793	1944	0.9090909090909091	False
4793	2924	0.8181818181818182	False
4793	2443	0.7272727272727273	True
4793	1445	0.6363636363636364	True
4793	889	0.5454545454545454	False
4793	187	0.45454545454545453	True
4793	2362	0.36363636363636365	True
4793	2287	0.2727272727272727	True
4793	2062	0.18181818181818182	True
4793	3920	0.09090909090909091	True
2449	2924	0.9090909090909091	False
2449	3828	0.8181818181818182	False
2449	3371	0.7272727272727273	False
2449	889	0.6363636363636364	False
2449	3119	0.5454545454545454	True
2449	3781	0.45454545454545453	False
2449	1944	0.36363636363636365	False
2449	3920	0.2727272727272727	True
2449	2716	0.18181818181818182	True
2449	2362	0.09090909090909091	True
5554	2924	0.9090909090909091	False
5554	3781	0.8181818181818182	False
5554	889	0.7272727272727273	False
5554	2716	0.6363636363636364	True
5554	3828	0.5454545454545454	False
5554	652	0.45454545454545453	True
5554	2367	0.36363636363636365	True
5554	2337	0.2727272727272727	True
5554	2443	0.18181818181818182	True
5554	3119	0.09090909090909091	True
3048	2924	0.9090909090909091	False
3048	2472	0.8181818181818182	True
3048	3828	0.7272727272727273	False
3048	3371	0.6363636363636364	False
3048	1445	0.5454545454545454	True
3048	3135	0.45454545454545453	True
3048	2337	0.36363636363636365	True
3048	1944	0.2727272727272727	False
3048	1999	0.18181818181818182	True
3048	889	0.09090909090909091	False
4111	2287	0.9090909090909091	True
4111	1944	0.8181818181818182	False
4111	2362	0.7272727272727273	True
4111	3920	0.6363636363636364	True
4111	3418	0.5454545454545454	True
4111	2924	0.45454545454545453	False
4111	2443	0.36363636363636365	True
4111	1999	0.2727272727272727	True
4111	3828	0.18181818181818182	False
4111	3397	0.09090909090909091	True
3463	652	0.9090909090909091	True
3463	2443	0.8181818181818182	True
3463	2924	0.7272727272727273	False
3463	3920	0.6363636363636364	True
3463	3828	0.5454545454545454	False
3463	3781	0.45454545454545453	False
3463	2367	0.36363636363636365	True
3463	1944	0.2727272727272727	False
3463	1274	0.18181818181818182	True
3463	3749	0.09090909090909091	True
2578	3418	0.9090909090909091	True
2578	3371	0.8181818181818182	False
2578	2472	0.7272727272727273	True
2578	3135	0.6363636363636364	True
2578	3828	0.5454545454545454	False
2578	3920	0.45454545454545453	True
2578	3781	0.36363636363636365	False
2578	1944	0.2727272727272727	False
2578	742	0.18181818181818182	True
2578	3119	0.09090909090909091	True
1970	2924	0.9090909090909091	False
1970	3828	0.8181818181818182	False
1970	2443	0.7272727272727273	True
1970	3781	0.6363636363636364	False
1970	652	0.5454545454545454	True
1970	3371	0.45454545454545453	False
1970	1445	0.36363636363636365	True
1970	1274	0.2727272727272727	True
1970	3119	0.18181818181818182	True
1970	2367	0.09090909090909091	True
196	2924	0.9090909090909091	False
196	1944	0.8181818181818182	False
196	889	0.7272727272727273	False
196	3371	0.6363636363636364	False
196	2443	0.5454545454545454	True
196	3828	0.45454545454545453	False
196	2716	0.36363636363636365	True
196	3781	0.2727272727272727	False
196	3418	0.18181818181818182	True
196	919	0.09090909090909091	True
468	2287	0.9090909090909091	True
468	2924	0.8181818181818182	False
468	652	0.7272727272727273	True
468	3828	0.6363636363636364	False
468	1999	0.5454545454545454	True
468	2443	0.45454545454545453	True
468	3781	0.36363636363636365	False
468	3397	0.2727272727272727	True
468	2472	0.18181818181818182	True
468	2362	0.09090909090909091	True
284	2924	0.9090909090909091	False
284	889	0.8181818181818182	False
284	1944	0.7272727272727273	False
284	2716	0.6363636363636364	True
284	2287	0.5454545454545454	True
284	2062	0.45454545454545453	True
284	2362	0.36363636363636365	True
284	3828	0.2727272727272727	False
284	3920	0.18181818181818182	True
284	3397	0.09090909090909091	True
4212	3371	0.9090909090909091	False
4212	2924	0.8181818181818182	False
4212	3828	0.7272727272727273	False
4212	1944	0.6363636363636364	False
4212	3920	0.5454545454545454	True
4212	2472	0.45454545454545453	True
4212	2062	0.36363636363636365	True
4212	2337	0.2727272727272727	True
4212	889	0.18181818181818182	False
4212	2287	0.09090909090909091	True
5963	3371	0.9090909090909091	False
5963	1445	0.8181818181818182	True
5963	2287	0.7272727272727273	True
5963	3828	0.6363636363636364	False
5963	1944	0.5454545454545454	False
5963	2924	0.45454545454545453	False
5963	2443	0.36363636363636365	True
5963	2472	0.2727272727272727	True
5963	652	0.18181818181818182	True
5963	1087	0.09090909090909091	True
2862	3828	0.9090909090909091	False
2862	2367	0.8181818181818182	True
2862	2924	0.7272727272727273	False
2862	652	0.6363636363636364	True
2862	2472	0.5454545454545454	True
2862	3781	0.45454545454545453	False
2862	2362	0.36363636363636365	True
2862	1274	0.2727272727272727	True
2862	2716	0.18181818181818182	True
2862	1445	0.09090909090909091	True
495	2924	0.9090909090909091	False
495	3920	0.8181818181818182	True
495	3828	0.7272727272727273	False
495	889	0.6363636363636364	False
495	1436	0.5454545454545454	True
495	3119	0.45454545454545453	True
495	3418	0.36363636363636365	True
495	3371	0.2727272727272727	False
495	1274	0.18181818181818182	True
495	3135	0.09090909090909091	True
319	1944	0.9090909090909091	False
319	2924	0.8181818181818182	False
319	2287	0.7272727272727273	True
319	1445	0.6363636363636364	True
319	3371	0.5454545454545454	False
319	2443	0.45454545454545453	True
319	889	0.36363636363636365	False
319	1087	0.2727272727272727	True
319	742	0.18181818181818182	True
319	3920	0.09090909090909091	True
2464	2287	0.9090909090909091	True
2464	2924	0.8181818181818182	False
2464	3828	0.7272727272727273	False
2464	652	0.6363636363636364	True
2464	1944	0.5454545454545454	False
2464	3781	0.45454545454545453	False
2464	2472	0.36363636363636365	True
2464	1445	0.2727272727272727	True
2464	2367	0.18181818181818182	True
2464	2443	0.09090909090909091	True
153	2337	0.9090909090909091	True
153	2924	0.8181818181818182	False
153	652	0.7272727272727273	True
153	889	0.6363636363636364	False
153	2062	0.5454545454545454	True
153	3371	0.45454545454545453	False
153	3828	0.36363636363636365	False
153	1445	0.2727272727272727	True
153	2472	0.18181818181818182	True
153	1944	0.09090909090909091	False
5145	889	0.9090909090909091	False
5145	3119	0.8181818181818182	True
5145	3828	0.7272727272727273	False
5145	2472	0.6363636363636364	True
5145	2924	0.5454545454545454	False
5145	3920	0.45454545454545453	True
5145	2362	0.36363636363636365	True
5145	1944	0.2727272727272727	False
5145	2287	0.18181818181818182	True
5145	1445	0.09090909090909091	True
1626	3371	0.9090909090909091	False
1626	3828	0.8181818181818182	False
1626	3781	0.7272727272727273	False
1626	2924	0.6363636363636364	False
1626	3119	0.5454545454545454	True
1626	2287	0.45454545454545453	True
1626	111	0.36363636363636365	True
1626	3920	0.2727272727272727	True
1626	2716	0.18181818181818182	True
1626	1087	0.09090909090909091	True
4609	2472	0.9090909090909091	True
4609	652	0.8181818181818182	True
4609	2337	0.7272727272727273	True
4609	1445	0.6363636363636364	True
4609	634	0.5454545454545454	True
4609	2924	0.45454545454545453	False
4609	3828	0.36363636363636365	False
4609	3119	0.2727272727272727	True
4609	2367	0.18181818181818182	True
4609	1944	0.09090909090909091	False
798	2924	0.9090909090909091	False
798	3371	0.8181818181818182	False
798	3828	0.7272727272727273	False
798	2337	0.6363636363636364	True
798	3119	0.5454545454545454	True
798	3920	0.45454545454545453	True
798	2443	0.36363636363636365	True
798	1944	0.2727272727272727	False
798	1445	0.18181818181818182	True
798	2472	0.09090909090909091	True
243	2924	0.9090909090909091	False
243	3828	0.8181818181818182	False
243	3371	0.7272727272727273	False
243	3781	0.6363636363636364	False
243	2716	0.5454545454545454	True
243	2062	0.45454545454545453	True
243	652	0.36363636363636365	True
243	1944	0.2727272727272727	False
243	889	0.18181818181818182	False
243	1087	0.09090909090909091	True
1552	3920	0.9090909090909091	True
1552	3135	0.8181818181818182	True
1552	1944	0.7272727272727273	False
1552	2443	0.6363636363636364	True
1552	3371	0.5454545454545454	False
1552	1274	0.45454545454545453	True
1552	3119	0.36363636363636365	True
1552	3418	0.2727272727272727	True
1552	2716	0.18181818181818182	True
1552	3781	0.09090909090909091	False
739	2924	0.9090909090909091	False
739	2472	0.8181818181818182	True
739	3135	0.7272727272727273	True
739	3119	0.6363636363636364	True
739	1445	0.5454545454545454	True
739	2367	0.45454545454545453	True
739	3920	0.36363636363636365	True
739	652	0.2727272727272727	True
739	2443	0.18181818181818182	True
739	3828	0.09090909090909091	False
2442	2443	0.9090909090909091	True
2442	1944	0.8181818181818182	False
2442	3828	0.7272727272727273	False
2442	2924	0.6363636363636364	False
2442	3119	0.5454545454545454	True
2442	2716	0.45454545454545453	True
2442	652	0.36363636363636365	True
2442	3781	0.2727272727272727	False
2442	889	0.18181818181818182	False
2442	3920	0.09090909090909091	True
47	187	0.9090909090909091	True
47	1944	0.8181818181818182	False
47	2443	0.7272727272727273	True
47	2716	0.6363636363636364	True
47	2924	0.5454545454545454	False
47	889	0.45454545454545453	False
47	1274	0.36363636363636365	True
47	3920	0.2727272727272727	True
47	502	0.18181818181818182	True
47	2062	0.09090909090909091	True
