354	210	0.9090909090909091	True
354	1012	0.8181818181818182	False
354	688	0.7272727272727273	True
354	2525	0.6363636363636364	False
354	2914	0.5454545454545454	False
354	3536	0.45454545454545453	True
354	619	0.36363636363636365	False
354	1682	0.2727272727272727	False
354	2879	0.18181818181818182	True
354	1911	0.09090909090909091	True
2332	210	0.9090909090909091	True
2332	1012	0.8181818181818182	False
2332	688	0.7272727272727273	True
2332	619	0.6363636363636364	False
2332	2525	0.5454545454545454	False
2332	2914	0.45454545454545453	False
2332	3536	0.36363636363636365	True
2332	1682	0.2727272727272727	False
2332	2879	0.18181818181818182	True
2332	1911	0.09090909090909091	True
951	210	0.9090909090909091	True
951	1012	0.8181818181818182	False
951	688	0.7272727272727273	True
951	2914	0.6363636363636364	False
951	2525	0.5454545454545454	False
951	3536	0.45454545454545453	True
951	619	0.36363636363636365	False
951	1682	0.2727272727272727	False
951	3924	0.18181818181818182	True
951	2879	0.09090909090909091	True
5678	1012	0.9090909090909091	False
5678	210	0.8181818181818182	True
5678	688	0.7272727272727273	True
5678	2525	0.6363636363636364	False
5678	619	0.5454545454545454	False
5678	2914	0.45454545454545453	False
5678	1682	0.36363636363636365	False
5678	3536	0.2727272727272727	True
5678	3924	0.18181818181818182	True
5678	2879	0.09090909090909091	True
3686	210	0.9090909090909091	True
3686	1012	0.8181818181818182	False
3686	688	0.7272727272727273	True
3686	2525	0.6363636363636364	False
3686	619	0.5454545454545454	False
3686	2914	0.45454545454545453	False
3686	1682	0.36363636363636365	False
3686	3536	0.2727272727272727	True
3686	3639	0.18181818181818182	True
3686	2879	0.09090909090909091	True
4440	1012	0.9090909090909091	False
4440	210	0.8181818181818182	True
4440	688	0.7272727272727273	True
4440	2525	0.6363636363636364	False
4440	2914	0.5454545454545454	False
4440	619	0.45454545454545453	False
4440	3536	0.36363636363636365	True
4440	1682	0.2727272727272727	False
4440	3924	0.18181818181818182	True
4440	3639	0.09090909090909091	True
2719	210	0.9090909090909091	True
2719	1012	0.8181818181818182	False
2719	688	0.7272727272727273	True
2719	2525	0.6363636363636364	False
2719	2914	0.5454545454545454	False
2719	619	0.45454545454545453	False
2719	1682	0.36363636363636365	False
2719	3536	0.2727272727272727	True
2719	3639	0.18181818181818182	True
2719	2879	0.09090909090909091	True
2636	210	0.9090909090909091	True
2636	1012	0.8181818181818182	False
2636	688	0.7272727272727273	True
2636	2914	0.6363636363636364	False
2636	2525	0.5454545454545454	False
2636	3536	0.45454545454545453	True
2636	619	0.36363636363636365	False
2636	1682	0.2727272727272727	False
2636	3924	0.18181818181818182	True
2636	1911	0.09090909090909091	True
5882	210	0.9090909090909091	True
5882	1012	0.8181818181818182	False
5882	688	0.7272727272727273	True
5882	2914	0.6363636363636364	False
5882	2525	0.5454545454545454	False
5882	3536	0.45454545454545453	True
5882	1682	0.36363636363636365	False
5882	619	0.2727272727272727	False
5882	3639	0.18181818181818182	True
5882	2879	0.09090909090909091	True
4549	210	0.9090909090909091	True
4549	1012	0.8181818181818182	False
4549	688	0.7272727272727273	True
4549	2525	0.6363636363636364	False
4549	1682	0.5454545454545454	False
4549	3536	0.45454545454545453	True
4549	2914	0.36363636363636365	False
4549	619	0.2727272727272727	False
4549	3924	0.18181818181818182	True
4549	1493	0.09090909090909091	True
2363	1012	0.9090909090909091	False
2363	210	0.8181818181818182	True
2363	688	0.7272727272727273	True
2363	1682	0.6363636363636364	False
2363	2525	0.5454545454545454	False
2363	2914	0.45454545454545453	False
2363	3536	0.36363636363636365	True
2363	619	0.2727272727272727	False
2363	3924	0.18181818181818182	True
2363	3639	0.09090909090909091	True
3589	210	0.9090909090909091	True
3589	1012	0.8181818181818182	False
3589	688	0.7272727272727273	True
3589	2525	0.6363636363636364	False
3589	619	0.5454545454545454	False
3589	2914	0.45454545454545453	False
3589	3536	0.36363636363636365	True
3589	1682	0.2727272727272727	False
3589	3639	0.18181818181818182	True
3589	3924	0.09090909090909091	True
4867	1012	0.9090909090909091	False
4867	210	0.8181818181818182	True
4867	688	0.7272727272727273	True
4867	2914	0.6363636363636364	False
4867	2525	0.5454545454545454	False
4867	3536	0.45454545454545453	True
4867	619	0.36363636363636365	False
4867	1682	0.2727272727272727	False
4867	3924	0.18181818181818182	True
4867	3639	0.09090909090909091	True
4139	210	0.9090909090909091	True
4139	1012	0.8181818181818182	False
4139	688	0.7272727272727273	True
4139	3536	0.6363636363636364	True
4139	2914	0.5454545454545454	False
4139	2525	0.45454545454545453	False
4139	619	0.36363636363636365	False
4139	1682	0.2727272727272727	False
4139	3924	0.18181818181818182	True
4139	3639	0.09090909090909091	True
41	210	0.9090909090909091	True
41	1012	0.8181818181818182	False
41	688	0.7272727272727273	True
41	2914	0.6363636363636364	False
41	2525	0.5454545454545454	False
41	1682	0.45454545454545453	False
41	3536	0.36363636363636365	True
41	619	0.2727272727272727	False
41	3924	0.18181818181818182	True
41	3639	0.09090909090909091	True
2456	1012	0.9090909090909091	False
2456	210	0.8181818181818182	True
2456	688	0.7272727272727273	True
2456	2914	0.6363636363636364	False
2456	2525	0.5454545454545454	False
2456	3536	0.45454545454545453	True
2456	1682	0.36363636363636365	False
2456	619	0.2727272727272727	False
2456	3924	0.18181818181818182	True
2456	1493	0.09090909090909091	True
550	210	0.9090909090909091	True
550	1012	0.8181818181818182	False
550	688	0.7272727272727273	True
550	2914	0.6363636363636364	False
550	2525	0.5454545454545454	False
550	619	0.45454545454545453	False
550	1682	0.36363636363636365	False
550	3536	0.2727272727272727	True
550	3924	0.18181818181818182	True
550	2879	0.09090909090909091	True
374	210	0.9090909090909091	True
374	1012	0.8181818181818182	False
374	688	0.7272727272727273	True
374	2914	0.6363636363636364	False
374	2525	0.5454545454545454	False
374	3536	0.45454545454545453	True
374	1682	0.36363636363636365	False
374	619	0.2727272727272727	False
374	1911	0.18181818181818182	True
374	2879	0.09090909090909091	True
2021	210	0.9090909090909091	True
2021	1012	0.8181818181818182	False
2021	688	0.7272727272727273	True
2021	2525	0.6363636363636364	False
2021	2914	0.5454545454545454	False
2021	3536	0.45454545454545453	True
2021	619	0.36363636363636365	False
2021	1682	0.2727272727272727	False
2021	3639	0.18181818181818182	True
2021	3924	0.09090909090909091	True
1382	210	0.9090909090909091	True
1382	1012	0.8181818181818182	False
1382	688	0.7272727272727273	True
1382	2525	0.6363636363636364	False
1382	3536	0.5454545454545454	True
1382	1682	0.45454545454545453	False
1382	619	0.36363636363636365	False
1382	2914	0.2727272727272727	False
1382	3924	0.18181818181818182	True
1382	3639	0.09090909090909091	True
4033	210	0.9090909090909091	True
4033	1012	0.8181818181818182	False
4033	688	0.7272727272727273	True
4033	2525	0.6363636363636364	False
4033	619	0.5454545454545454	False
4033	3536	0.45454545454545453	True
4033	2914	0.36363636363636365	False
4033	1682	0.2727272727272727	False
4033	3639	0.18181818181818182	True
4033	3924	0.09090909090909091	True
105	1012	0.9090909090909091	False
105	210	0.8181818181818182	True
105	688	0.7272727272727273	True
105	3536	0.6363636363636364	True
105	2525	0.5454545454545454	False
105	2914	0.45454545454545453	False
105	619	0.36363636363636365	False
105	1682	0.2727272727272727	False
105	3924	0.18181818181818182	True
105	1911	0.09090909090909091	True
2289	210	0.9090909090909091	True
2289	1012	0.8181818181818182	False
2289	688	0.7272727272727273	True
2289	619	0.6363636363636364	False
2289	2525	0.5454545454545454	False
2289	2914	0.45454545454545453	False
2289	1682	0.36363636363636365	False
2289	3536	0.2727272727272727	True
2289	1493	0.18181818181818182	True
2289	2879	0.09090909090909091	True
5680	1012	0.9090909090909091	False
5680	210	0.8181818181818182	True
5680	688	0.7272727272727273	True
5680	2914	0.6363636363636364	False
5680	2525	0.5454545454545454	False
5680	1682	0.45454545454545453	False
5680	619	0.36363636363636365	False
5680	3536	0.2727272727272727	True
5680	3924	0.18181818181818182	True
5680	3639	0.09090909090909091	True
5112	210	0.9090909090909091	True
5112	1012	0.8181818181818182	False
5112	688	0.7272727272727273	True
5112	3536	0.6363636363636364	True
5112	2525	0.5454545454545454	False
5112	2914	0.45454545454545453	False
5112	619	0.36363636363636365	False
5112	1682	0.2727272727272727	False
5112	3639	0.18181818181818182	True
5112	3924	0.09090909090909091	True
1575	210	0.9090909090909091	True
1575	1012	0.8181818181818182	False
1575	688	0.7272727272727273	True
1575	2914	0.6363636363636364	False
1575	619	0.5454545454545454	False
1575	2525	0.45454545454545453	False
1575	1682	0.36363636363636365	False
1575	3536	0.2727272727272727	True
1575	3924	0.18181818181818182	True
1575	3639	0.09090909090909091	True
4933	210	0.9090909090909091	True
4933	1012	0.8181818181818182	False
4933	688	0.7272727272727273	True
4933	2525	0.6363636363636364	False
4933	2914	0.5454545454545454	False
4933	619	0.45454545454545453	False
4933	3536	0.36363636363636365	True
4933	1682	0.2727272727272727	False
4933	3639	0.18181818181818182	True
4933	3924	0.09090909090909091	True
429	210	0.9090909090909091	True
429	1012	0.8181818181818182	False
429	688	0.7272727272727273	True
429	619	0.6363636363636364	False
429	2525	0.5454545454545454	False
429	2914	0.45454545454545453	False
429	3536	0.36363636363636365	True
429	1682	0.2727272727272727	False
429	3924	0.18181818181818182	True
429	2879	0.09090909090909091	True
441	210	0.9090909090909091	True
441	1012	0.8181818181818182	False
441	688	0.7272727272727273	True
441	3536	0.6363636363636364	True
441	2525	0.5454545454545454	False
441	619	0.45454545454545453	False
441	2914	0.36363636363636365	False
441	1682	0.2727272727272727	False
441	1493	0.18181818181818182	True
441	266	0.09090909090909091	True
1632	210	0.9090909090909091	True
1632	1012	0.8181818181818182	False
1632	688	0.7272727272727273	True
1632	2914	0.6363636363636364	False
1632	619	0.5454545454545454	False
1632	2525	0.45454545454545453	False
1632	3536	0.36363636363636365	True
1632	1682	0.2727272727272727	False
1632	3924	0.18181818181818182	True
1632	1911	0.09090909090909091	True
1226	210	0.9090909090909091	True
1226	1012	0.8181818181818182	False
1226	688	0.7272727272727273	True
1226	2914	0.6363636363636364	False
1226	619	0.5454545454545454	False
1226	2525	0.45454545454545453	False
1226	3536	0.36363636363636365	True
1226	1682	0.2727272727272727	False
1226	3639	0.18181818181818182	True
1226	3924	0.09090909090909091	True
1978	210	0.9090909090909091	True
1978	1012	0.8181818181818182	False
1978	688	0.7272727272727273	True
1978	2525	0.6363636363636364	False
1978	3536	0.5454545454545454	True
1978	2914	0.45454545454545453	False
1978	1682	0.36363636363636365	False
1978	619	0.2727272727272727	False
1978	3639	0.18181818181818182	True
1978	3924	0.09090909090909091	True
1053	210	0.9090909090909091	True
1053	1012	0.8181818181818182	False
1053	688	0.7272727272727273	True
1053	2525	0.6363636363636364	False
1053	3536	0.5454545454545454	True
1053	2914	0.45454545454545453	False
1053	619	0.36363636363636365	False
1053	1682	0.2727272727272727	False
1053	3639	0.18181818181818182	True
1053	3924	0.09090909090909091	True
1433	1012	0.9090909090909091	False
1433	210	0.8181818181818182	True
1433	688	0.7272727272727273	True
1433	2914	0.6363636363636364	False
1433	2525	0.5454545454545454	False
1433	619	0.45454545454545453	False
1433	3536	0.36363636363636365	True
1433	1682	0.2727272727272727	False
1433	3924	0.18181818181818182	True
1433	3639	0.09090909090909091	True
2191	1012	0.9090909090909091	False
2191	210	0.8181818181818182	True
2191	688	0.7272727272727273	True
2191	2525	0.6363636363636364	False
2191	619	0.5454545454545454	False
2191	2914	0.45454545454545453	False
2191	1682	0.36363636363636365	False
2191	3536	0.2727272727272727	True
2191	3639	0.18181818181818182	True
2191	3924	0.09090909090909091	True
5745	210	0.9090909090909091	True
5745	1012	0.8181818181818182	False
5745	688	0.7272727272727273	True
5745	2525	0.6363636363636364	False
5745	619	0.5454545454545454	False
5745	2914	0.45454545454545453	False
5745	3536	0.36363636363636365	True
5745	1682	0.2727272727272727	False
5745	3639	0.18181818181818182	True
5745	3924	0.09090909090909091	True
2312	210	0.9090909090909091	True
2312	1012	0.8181818181818182	False
2312	688	0.7272727272727273	True
2312	3536	0.6363636363636364	True
2312	2525	0.5454545454545454	False
2312	2914	0.45454545454545453	False
2312	1682	0.36363636363636365	False
2312	619	0.2727272727272727	False
2312	3639	0.18181818181818182	True
2312	3924	0.09090909090909091	True
3863	210	0.9090909090909091	True
3863	1012	0.8181818181818182	False
3863	688	0.7272727272727273	True
3863	2525	0.6363636363636364	False
3863	619	0.5454545454545454	False
3863	3536	0.45454545454545453	True
3863	1682	0.36363636363636365	False
3863	2914	0.2727272727272727	False
3863	3639	0.18181818181818182	True
3863	2879	0.09090909090909091	True
5964	210	0.9090909090909091	True
5964	1012	0.8181818181818182	False
5964	688	0.7272727272727273	True
5964	2914	0.6363636363636364	False
5964	3536	0.5454545454545454	True
5964	2525	0.45454545454545453	False
5964	619	0.36363636363636365	False
5964	1682	0.2727272727272727	False
5964	3924	0.18181818181818182	True
5964	3639	0.09090909090909091	True
1548	210	0.9090909090909091	True
1548	1012	0.8181818181818182	False
1548	688	0.7272727272727273	True
1548	2525	0.6363636363636364	False
1548	2914	0.5454545454545454	False
1548	619	0.45454545454545453	False
1548	1682	0.36363636363636365	False
1548	3536	0.2727272727272727	True
1548	3924	0.18181818181818182	True
1548	3639	0.09090909090909091	True
177	210	0.9090909090909091	True
177	1012	0.8181818181818182	False
177	688	0.7272727272727273	True
177	2525	0.6363636363636364	False
177	2914	0.5454545454545454	False
177	619	0.45454545454545453	False
177	1682	0.36363636363636365	False
177	3536	0.2727272727272727	True
177	2879	0.18181818181818182	True
177	3639	0.09090909090909091	True
4047	210	0.9090909090909091	True
4047	1012	0.8181818181818182	False
4047	688	0.7272727272727273	True
4047	2525	0.6363636363636364	False
4047	2914	0.5454545454545454	False
4047	1682	0.45454545454545453	False
4047	619	0.36363636363636365	False
4047	3536	0.2727272727272727	True
4047	2879	0.18181818181818182	True
4047	3924	0.09090909090909091	True
4457	210	0.9090909090909091	True
4457	1012	0.8181818181818182	False
4457	688	0.7272727272727273	True
4457	2525	0.6363636363636364	False
4457	2914	0.5454545454545454	False
4457	1682	0.45454545454545453	False
4457	3536	0.36363636363636365	True
4457	619	0.2727272727272727	False
4457	3639	0.18181818181818182	True
4457	3924	0.09090909090909091	True
2411	1012	0.9090909090909091	False
2411	210	0.8181818181818182	True
2411	688	0.7272727272727273	True
2411	2525	0.6363636363636364	False
2411	2914	0.5454545454545454	False
2411	619	0.45454545454545453	False
2411	1682	0.36363636363636365	False
2411	3536	0.2727272727272727	True
2411	3924	0.18181818181818182	True
2411	3639	0.09090909090909091	True
4423	210	0.9090909090909091	True
4423	1012	0.8181818181818182	False
4423	688	0.7272727272727273	True
4423	2914	0.6363636363636364	False
4423	2525	0.5454545454545454	False
4423	619	0.45454545454545453	False
4423	1682	0.36363636363636365	False
4423	3536	0.2727272727272727	True
4423	3924	0.18181818181818182	True
4423	3639	0.09090909090909091	True
5249	210	0.9090909090909091	True
5249	1012	0.8181818181818182	False
5249	688	0.7272727272727273	True
5249	2525	0.6363636363636364	False
5249	619	0.5454545454545454	False
5249	2914	0.45454545454545453	False
5249	3536	0.36363636363636365	True
5249	1682	0.2727272727272727	False
5249	3924	0.18181818181818182	True
5249	3639	0.09090909090909091	True
3259	210	0.9090909090909091	True
3259	1012	0.8181818181818182	False
3259	688	0.7272727272727273	True
3259	2525	0.6363636363636364	False
3259	3536	0.5454545454545454	True
3259	2914	0.45454545454545453	False
3259	1682	0.36363636363636365	False
3259	619	0.2727272727272727	False
3259	3639	0.18181818181818182	True
3259	1911	0.09090909090909091	True
292	1012	0.9090909090909091	False
292	210	0.8181818181818182	True
292	688	0.7272727272727273	True
292	2914	0.6363636363636364	False
292	2525	0.5454545454545454	False
292	1682	0.45454545454545453	False
292	619	0.36363636363636365	False
292	3536	0.2727272727272727	True
292	3924	0.18181818181818182	True
292	1911	0.09090909090909091	True
1713	210	0.9090909090909091	True
1713	1012	0.8181818181818182	False
1713	688	0.7272727272727273	True
1713	2525	0.6363636363636364	False
1713	2914	0.5454545454545454	False
1713	619	0.45454545454545453	False
1713	3536	0.36363636363636365	True
1713	1682	0.2727272727272727	False
1713	3639	0.18181818181818182	True
1713	2879	0.09090909090909091	True
2251	210	0.9090909090909091	True
2251	1012	0.8181818181818182	False
2251	688	0.7272727272727273	True
2251	619	0.6363636363636364	False
2251	2914	0.5454545454545454	False
2251	2525	0.45454545454545453	False
2251	3536	0.36363636363636365	True
2251	1682	0.2727272727272727	False
2251	3924	0.18181818181818182	True
2251	3639	0.09090909090909091	True
1224	1012	0.9090909090909091	False
1224	210	0.8181818181818182	True
1224	688	0.7272727272727273	True
1224	2525	0.6363636363636364	False
1224	2914	0.5454545454545454	False
1224	1682	0.45454545454545453	False
1224	619	0.36363636363636365	False
1224	3536	0.2727272727272727	True
1224	3924	0.18181818181818182	True
1224	3639	0.09090909090909091	True
4837	210	0.9090909090909091	True
4837	1012	0.8181818181818182	False
4837	688	0.7272727272727273	True
4837	2525	0.6363636363636364	False
4837	2914	0.5454545454545454	False
4837	619	0.45454545454545453	False
4837	3536	0.36363636363636365	True
4837	1682	0.2727272727272727	False
4837	1493	0.18181818181818182	True
4837	2879	0.09090909090909091	True
4087	210	0.9090909090909091	True
4087	1012	0.8181818181818182	False
4087	2525	0.7272727272727273	False
4087	688	0.6363636363636364	True
4087	3536	0.5454545454545454	True
4087	619	0.45454545454545453	False
4087	1682	0.36363636363636365	False
4087	2914	0.2727272727272727	False
4087	3639	0.18181818181818182	True
4087	3924	0.09090909090909091	True
2644	210	0.9090909090909091	True
2644	1012	0.8181818181818182	False
2644	688	0.7272727272727273	True
2644	2525	0.6363636363636364	False
2644	2914	0.5454545454545454	False
2644	619	0.45454545454545453	False
2644	1682	0.36363636363636365	False
2644	3536	0.2727272727272727	True
2644	2879	0.18181818181818182	True
2644	3924	0.09090909090909091	True
4914	210	0.9090909090909091	True
4914	1012	0.8181818181818182	False
4914	688	0.7272727272727273	True
4914	619	0.6363636363636364	False
4914	2525	0.5454545454545454	False
4914	2914	0.45454545454545453	False
4914	3536	0.36363636363636365	True
4914	1682	0.2727272727272727	False
4914	2879	0.18181818181818182	True
4914	3924	0.09090909090909091	True
436	1012	0.9090909090909091	False
436	210	0.8181818181818182	True
436	688	0.7272727272727273	True
436	2525	0.6363636363636364	False
436	2914	0.5454545454545454	False
436	1682	0.45454545454545453	False
436	619	0.36363636363636365	False
436	3536	0.2727272727272727	True
436	3924	0.18181818181818182	True
436	3639	0.09090909090909091	True
863	210	0.9090909090909091	True
863	1012	0.8181818181818182	False
863	688	0.7272727272727273	True
863	2525	0.6363636363636364	False
863	2914	0.5454545454545454	False
863	619	0.45454545454545453	False
863	3536	0.36363636363636365	True
863	1682	0.2727272727272727	False
863	3639	0.18181818181818182	True
863	2879	0.09090909090909091	True
2119	1012	0.9090909090909091	False
2119	210	0.8181818181818182	True
2119	688	0.7272727272727273	True
2119	3536	0.6363636363636364	True
2119	2525	0.5454545454545454	False
2119	2914	0.45454545454545453	False
2119	619	0.36363636363636365	False
2119	1682	0.2727272727272727	False
2119	3639	0.18181818181818182	True
2119	1493	0.09090909090909091	True
1949	210	0.9090909090909091	True
1949	1012	0.8181818181818182	False
1949	688	0.7272727272727273	True
1949	2914	0.6363636363636364	False
1949	2525	0.5454545454545454	False
1949	619	0.45454545454545453	False
1949	3536	0.36363636363636365	True
1949	1682	0.2727272727272727	False
1949	3924	0.18181818181818182	True
1949	3639	0.09090909090909091	True
3755	1012	0.9090909090909091	False
3755	210	0.8181818181818182	True
3755	688	0.7272727272727273	True
3755	2525	0.6363636363636364	False
3755	3536	0.5454545454545454	True
3755	2914	0.45454545454545453	False
3755	619	0.36363636363636365	False
3755	1682	0.2727272727272727	False
3755	3639	0.18181818181818182	True
3755	2879	0.09090909090909091	True
3576	210	0.9090909090909091	True
3576	1012	0.8181818181818182	False
3576	688	0.7272727272727273	True
3576	2525	0.6363636363636364	False
3576	2914	0.5454545454545454	False
3576	3536	0.45454545454545453	True
3576	619	0.36363636363636365	False
3576	1682	0.2727272727272727	False
3576	3639	0.18181818181818182	True
3576	2879	0.09090909090909091	True
1685	1012	0.9090909090909091	False
1685	210	0.8181818181818182	True
1685	688	0.7272727272727273	True
1685	2914	0.6363636363636364	False
1685	619	0.5454545454545454	False
1685	2525	0.45454545454545453	False
1685	3536	0.36363636363636365	True
1685	1682	0.2727272727272727	False
1685	3639	0.18181818181818182	True
1685	3924	0.09090909090909091	True
4221	210	0.9090909090909091	True
4221	1012	0.8181818181818182	False
4221	688	0.7272727272727273	True
4221	2914	0.6363636363636364	False
4221	2525	0.5454545454545454	False
4221	619	0.45454545454545453	False
4221	3536	0.36363636363636365	True
4221	1682	0.2727272727272727	False
4221	2879	0.18181818181818182	True
4221	1493	0.09090909090909091	True
6040	210	0.9090909090909091	True
6040	1012	0.8181818181818182	False
6040	688	0.7272727272727273	True
6040	2525	0.6363636363636364	False
6040	619	0.5454545454545454	False
6040	2914	0.45454545454545453	False
6040	3536	0.36363636363636365	True
6040	1682	0.2727272727272727	False
6040	3639	0.18181818181818182	True
6040	3924	0.09090909090909091	True
3547	1012	0.9090909090909091	False
3547	210	0.8181818181818182	True
3547	688	0.7272727272727273	True
3547	3536	0.6363636363636364	True
3547	2914	0.5454545454545454	False
3547	2525	0.45454545454545453	False
3547	619	0.36363636363636365	False
3547	1682	0.2727272727272727	False
3547	3924	0.18181818181818182	True
3547	3639	0.09090909090909091	True
2999	1012	0.9090909090909091	False
2999	210	0.8181818181818182	True
2999	688	0.7272727272727273	True
2999	2914	0.6363636363636364	False
2999	3536	0.5454545454545454	True
2999	2525	0.45454545454545453	False
2999	619	0.36363636363636365	False
2999	1682	0.2727272727272727	False
2999	3924	0.18181818181818182	True
2999	3639	0.09090909090909091	True
1446	1012	0.9090909090909091	False
1446	210	0.8181818181818182	True
1446	688	0.7272727272727273	True
1446	1682	0.6363636363636364	False
1446	2525	0.5454545454545454	False
1446	3536	0.45454545454545453	True
1446	619	0.36363636363636365	False
1446	2914	0.2727272727272727	False
1446	1493	0.18181818181818182	True
1446	3924	0.09090909090909091	True
4468	1012	0.9090909090909091	False
4468	210	0.8181818181818182	True
4468	688	0.7272727272727273	True
4468	2525	0.6363636363636364	False
4468	3536	0.5454545454545454	True
4468	1682	0.45454545454545453	False
4468	2914	0.36363636363636365	False
4468	619	0.2727272727272727	False
4468	3924	0.18181818181818182	True
4468	1493	0.09090909090909091	True
4568	210	0.9090909090909091	True
4568	1012	0.8181818181818182	False
4568	688	0.7272727272727273	True
4568	2525	0.6363636363636364	False
4568	3536	0.5454545454545454	True
4568	2914	0.45454545454545453	False
4568	1682	0.36363636363636365	False
4568	619	0.2727272727272727	False
4568	3924	0.18181818181818182	True
4568	1493	0.09090909090909091	True
475	210	0.9090909090909091	True
475	1012	0.8181818181818182	False
475	688	0.7272727272727273	True
475	2525	0.6363636363636364	False
475	1682	0.5454545454545454	False
475	619	0.45454545454545453	False
475	2914	0.36363636363636365	False
475	3536	0.2727272727272727	True
475	3924	0.18181818181818182	True
475	3639	0.09090909090909091	True
743	210	0.9090909090909091	True
743	1012	0.8181818181818182	False
743	688	0.7272727272727273	True
743	3536	0.6363636363636364	True
743	2525	0.5454545454545454	False
743	1682	0.45454545454545453	False
743	2914	0.36363636363636365	False
743	619	0.2727272727272727	False
743	3924	0.18181818181818182	True
743	3639	0.09090909090909091	True
5894	210	0.9090909090909091	True
5894	1012	0.8181818181818182	False
5894	688	0.7272727272727273	True
5894	2525	0.6363636363636364	False
5894	2914	0.5454545454545454	False
5894	619	0.45454545454545453	False
5894	3536	0.36363636363636365	True
5894	1682	0.2727272727272727	False
5894	3639	0.18181818181818182	True
5894	2879	0.09090909090909091	True
75	210	0.9090909090909091	True
75	1012	0.8181818181818182	False
75	688	0.7272727272727273	True
75	2525	0.6363636363636364	False
75	2914	0.5454545454545454	False
75	619	0.45454545454545453	False
75	1682	0.36363636363636365	False
75	3536	0.2727272727272727	True
75	3639	0.18181818181818182	True
75	3924	0.09090909090909091	True
3391	210	0.9090909090909091	True
3391	1012	0.8181818181818182	False
3391	688	0.7272727272727273	True
3391	3536	0.6363636363636364	True
3391	2525	0.5454545454545454	False
3391	2914	0.45454545454545453	False
3391	619	0.36363636363636365	False
3391	1682	0.2727272727272727	False
3391	3924	0.18181818181818182	True
3391	1911	0.09090909090909091	True
1657	1012	0.9090909090909091	False
1657	210	0.8181818181818182	True
1657	688	0.7272727272727273	True
1657	3536	0.6363636363636364	True
1657	2525	0.5454545454545454	False
1657	1682	0.45454545454545453	False
1657	2914	0.36363636363636365	False
1657	619	0.2727272727272727	False
1657	3639	0.18181818181818182	True
1657	2879	0.09090909090909091	True
2426	210	0.9090909090909091	True
2426	1012	0.8181818181818182	False
2426	688	0.7272727272727273	True
2426	3536	0.6363636363636364	True
2426	2914	0.5454545454545454	False
2426	2525	0.45454545454545453	False
2426	619	0.36363636363636365	False
2426	1682	0.2727272727272727	False
2426	3639	0.18181818181818182	True
2426	3924	0.09090909090909091	True
1175	210	0.9090909090909091	True
1175	1012	0.8181818181818182	False
1175	688	0.7272727272727273	True
1175	2525	0.6363636363636364	False
1175	3536	0.5454545454545454	True
1175	619	0.45454545454545453	False
1175	2914	0.36363636363636365	False
1175	1682	0.2727272727272727	False
1175	3639	0.18181818181818182	True
1175	2879	0.09090909090909091	True
4503	1012	0.9090909090909091	False
4503	210	0.8181818181818182	True
4503	688	0.7272727272727273	True
4503	2914	0.6363636363636364	False
4503	2525	0.5454545454545454	False
4503	619	0.45454545454545453	False
4503	1682	0.36363636363636365	False
4503	3536	0.2727272727272727	True
4503	3924	0.18181818181818182	True
4503	3639	0.09090909090909091	True
1352	1012	0.9090909090909091	False
1352	210	0.8181818181818182	True
1352	2525	0.7272727272727273	False
1352	688	0.6363636363636364	True
1352	619	0.5454545454545454	False
1352	3536	0.45454545454545453	True
1352	2914	0.36363636363636365	False
1352	1682	0.2727272727272727	False
1352	3639	0.18181818181818182	True
1352	3924	0.09090909090909091	True
1225	210	0.9090909090909091	True
1225	1012	0.8181818181818182	False
1225	688	0.7272727272727273	True
1225	2525	0.6363636363636364	False
1225	2914	0.5454545454545454	False
1225	3536	0.45454545454545453	True
1225	1682	0.36363636363636365	False
1225	619	0.2727272727272727	False
1225	3639	0.18181818181818182	True
1225	3924	0.09090909090909091	True
3337	210	0.9090909090909091	True
3337	1012	0.8181818181818182	False
3337	688	0.7272727272727273	True
3337	2525	0.6363636363636364	False
3337	619	0.5454545454545454	False
3337	3536	0.45454545454545453	True
3337	2914	0.36363636363636365	False
3337	1682	0.2727272727272727	False
3337	3924	0.18181818181818182	True
3337	3639	0.09090909090909091	True
2931	210	0.9090909090909091	True
2931	1012	0.8181818181818182	False
2931	688	0.7272727272727273	True
2931	2525	0.6363636363636364	False
2931	3536	0.5454545454545454	True
2931	619	0.45454545454545453	False
2931	2914	0.36363636363636365	False
2931	1682	0.2727272727272727	False
2931	3924	0.18181818181818182	True
2931	266	0.09090909090909091	True
3677	210	0.9090909090909091	True
3677	1012	0.8181818181818182	False
3677	688	0.7272727272727273	True
3677	3536	0.6363636363636364	True
3677	2914	0.5454545454545454	False
3677	1682	0.45454545454545453	False
3677	2525	0.36363636363636365	False
3677	619	0.2727272727272727	False
3677	3924	0.18181818181818182	True
3677	3639	0.09090909090909091	True
2510	1012	0.9090909090909091	False
2510	210	0.8181818181818182	True
2510	688	0.7272727272727273	True
2510	1682	0.6363636363636364	False
2510	2525	0.5454545454545454	False
2510	2914	0.45454545454545453	False
2510	3536	0.36363636363636365	True
2510	619	0.2727272727272727	False
2510	3924	0.18181818181818182	True
2510	3639	0.09090909090909091	True
5880	210	0.9090909090909091	True
5880	1012	0.8181818181818182	False
5880	688	0.7272727272727273	True
5880	2525	0.6363636363636364	False
5880	3536	0.5454545454545454	True
5880	1682	0.45454545454545453	False
5880	619	0.36363636363636365	False
5880	2914	0.2727272727272727	False
5880	3639	0.18181818181818182	True
5880	3924	0.09090909090909091	True
4890	210	0.9090909090909091	True
4890	1012	0.8181818181818182	False
4890	688	0.7272727272727273	True
4890	2914	0.6363636363636364	False
4890	3536	0.5454545454545454	True
4890	2525	0.45454545454545453	False
4890	1682	0.36363636363636365	False
4890	619	0.2727272727272727	False
4890	3639	0.18181818181818182	True
4890	3924	0.09090909090909091	True
3121	210	0.9090909090909091	True
3121	1012	0.8181818181818182	False
3121	688	0.7272727272727273	True
3121	3536	0.6363636363636364	True
3121	2914	0.5454545454545454	False
3121	2525	0.45454545454545453	False
3121	1682	0.36363636363636365	False
3121	619	0.2727272727272727	False
3121	3924	0.18181818181818182	True
3121	3639	0.09090909090909091	True
2236	210	0.9090909090909091	True
2236	1012	0.8181818181818182	False
2236	688	0.7272727272727273	True
2236	2525	0.6363636363636364	False
2236	3536	0.5454545454545454	True
2236	2914	0.45454545454545453	False
2236	1682	0.36363636363636365	False
2236	619	0.2727272727272727	False
2236	2879	0.18181818181818182	True
2236	3639	0.09090909090909091	True
3811	210	0.9090909090909091	True
3811	1012	0.8181818181818182	False
3811	688	0.7272727272727273	True
3811	2525	0.6363636363636364	False
3811	2914	0.5454545454545454	False
3811	619	0.45454545454545453	False
3811	3536	0.36363636363636365	True
3811	1682	0.2727272727272727	False
3811	3639	0.18181818181818182	True
3811	3924	0.09090909090909091	True
2669	1012	0.9090909090909091	False
2669	210	0.8181818181818182	True
2669	688	0.7272727272727273	True
2669	2525	0.6363636363636364	False
2669	2914	0.5454545454545454	False
2669	1682	0.45454545454545453	False
2669	619	0.36363636363636365	False
2669	3536	0.2727272727272727	True
2669	3924	0.18181818181818182	True
2669	1493	0.09090909090909091	True
5995	210	0.9090909090909091	True
5995	1012	0.8181818181818182	False
5995	688	0.7272727272727273	True
5995	2525	0.6363636363636364	False
5995	619	0.5454545454545454	False
5995	2914	0.45454545454545453	False
5995	3536	0.36363636363636365	True
5995	1682	0.2727272727272727	False
5995	3924	0.18181818181818182	True
5995	3639	0.09090909090909091	True
1560	1012	0.9090909090909091	False
1560	210	0.8181818181818182	True
1560	688	0.7272727272727273	True
1560	2525	0.6363636363636364	False
1560	2914	0.5454545454545454	False
1560	3536	0.45454545454545453	True
1560	619	0.36363636363636365	False
1560	1682	0.2727272727272727	False
1560	3924	0.18181818181818182	True
1560	3639	0.09090909090909091	True
1826	1012	0.9090909090909091	False
1826	210	0.8181818181818182	True
1826	688	0.7272727272727273	True
1826	2525	0.6363636363636364	False
1826	619	0.5454545454545454	False
1826	1682	0.45454545454545453	False
1826	2914	0.36363636363636365	False
1826	3536	0.2727272727272727	True
1826	3639	0.18181818181818182	True
1826	3924	0.09090909090909091	True
783	210	0.9090909090909091	True
783	1012	0.8181818181818182	False
783	688	0.7272727272727273	True
783	2914	0.6363636363636364	False
783	2525	0.5454545454545454	False
783	3536	0.45454545454545453	True
783	619	0.36363636363636365	False
783	1682	0.2727272727272727	False
783	3924	0.18181818181818182	True
783	3639	0.09090909090909091	True
3376	210	0.9090909090909091	True
3376	1012	0.8181818181818182	False
3376	688	0.7272727272727273	True
3376	2525	0.6363636363636364	False
3376	2914	0.5454545454545454	False
3376	3536	0.45454545454545453	True
3376	619	0.36363636363636365	False
3376	1682	0.2727272727272727	False
3376	3924	0.18181818181818182	True
3376	1493	0.09090909090909091	True
5899	210	0.9090909090909091	True
5899	1012	0.8181818181818182	False
5899	688	0.7272727272727273	True
5899	2525	0.6363636363636364	False
5899	2914	0.5454545454545454	False
5899	1682	0.45454545454545453	False
5899	3536	0.36363636363636365	True
5899	619	0.2727272727272727	False
5899	3924	0.18181818181818182	True
5899	3639	0.09090909090909091	True
1456	210	0.9090909090909091	True
1456	1012	0.8181818181818182	False
1456	688	0.7272727272727273	True
1456	2525	0.6363636363636364	False
1456	619	0.5454545454545454	False
1456	1682	0.45454545454545453	False
1456	2914	0.36363636363636365	False
1456	3536	0.2727272727272727	True
1456	3924	0.18181818181818182	True
1456	3639	0.09090909090909091	True
2215	210	0.9090909090909091	True
2215	1012	0.8181818181818182	False
2215	688	0.7272727272727273	True
2215	2525	0.6363636363636364	False
2215	3536	0.5454545454545454	True
2215	2914	0.45454545454545453	False
2215	1682	0.36363636363636365	False
2215	619	0.2727272727272727	False
2215	3639	0.18181818181818182	True
2215	2879	0.09090909090909091	True
3423	210	0.9090909090909091	True
3423	1012	0.8181818181818182	False
3423	688	0.7272727272727273	True
3423	3536	0.6363636363636364	True
3423	2914	0.5454545454545454	False
3423	2525	0.45454545454545453	False
3423	1682	0.36363636363636365	False
3423	619	0.2727272727272727	False
3423	1911	0.18181818181818182	True
3423	3639	0.09090909090909091	True
4967	210	0.9090909090909091	True
4967	1012	0.8181818181818182	False
4967	688	0.7272727272727273	True
4967	2914	0.6363636363636364	False
4967	2525	0.5454545454545454	False
4967	3536	0.45454545454545453	True
4967	1682	0.36363636363636365	False
4967	619	0.2727272727272727	False
4967	3924	0.18181818181818182	True
4967	3639	0.09090909090909091	True
