1955	1687	0.9090909090909091	False
1955	788	0.8181818181818182	False
1955	2262	0.7272727272727273	True
1955	1395	0.6363636363636364	False
1955	2362	0.5454545454545454	False
1955	3651	0.45454545454545453	False
1955	2460	0.36363636363636365	True
1955	2123	0.2727272727272727	True
1955	459	0.18181818181818182	True
1955	2899	0.09090909090909091	True
129	2362	0.9090909090909091	False
129	1687	0.8181818181818182	False
129	3651	0.7272727272727273	False
129	788	0.6363636363636364	False
129	2262	0.5454545454545454	True
129	1395	0.45454545454545453	False
129	2460	0.36363636363636365	True
129	2123	0.2727272727272727	True
129	459	0.18181818181818182	True
129	2318	0.09090909090909091	True
1045	2362	0.9090909090909091	False
1045	1687	0.8181818181818182	False
1045	3651	0.7272727272727273	False
1045	2262	0.6363636363636364	True
1045	1395	0.5454545454545454	False
1045	788	0.45454545454545453	False
1045	2460	0.36363636363636365	True
1045	459	0.2727272727272727	True
1045	2123	0.18181818181818182	True
1045	2318	0.09090909090909091	True
1326	1687	0.9090909090909091	False
1326	2362	0.8181818181818182	False
1326	788	0.7272727272727273	False
1326	3651	0.6363636363636364	False
1326	2262	0.5454545454545454	True
1326	459	0.45454545454545453	True
1326	1395	0.36363636363636365	False
1326	2460	0.2727272727272727	True
1326	2123	0.18181818181818182	True
1326	2318	0.09090909090909091	True
3601	3651	0.9090909090909091	False
3601	1687	0.8181818181818182	False
3601	1395	0.7272727272727273	False
3601	788	0.6363636363636364	False
3601	2262	0.5454545454545454	True
3601	2362	0.45454545454545453	False
3601	2123	0.36363636363636365	True
3601	459	0.2727272727272727	True
3601	2460	0.18181818181818182	True
3601	2318	0.09090909090909091	True
2931	788	0.9090909090909091	False
2931	2362	0.8181818181818182	False
2931	1687	0.7272727272727273	False
2931	459	0.6363636363636364	True
2931	2262	0.5454545454545454	True
2931	3651	0.45454545454545453	False
2931	2123	0.36363636363636365	True
2931	1395	0.2727272727272727	False
2931	3271	0.18181818181818182	True
2931	2460	0.09090909090909091	True
1894	1687	0.9090909090909091	False
1894	2362	0.8181818181818182	False
1894	1395	0.7272727272727273	False
1894	3651	0.6363636363636364	False
1894	788	0.5454545454545454	False
1894	2262	0.45454545454545453	True
1894	2460	0.36363636363636365	True
1894	459	0.2727272727272727	True
1894	2123	0.18181818181818182	True
1894	1912	0.09090909090909091	True
3056	1687	0.9090909090909091	False
3056	3651	0.8181818181818182	False
3056	788	0.7272727272727273	False
3056	1395	0.6363636363636364	False
3056	2362	0.5454545454545454	False
3056	2460	0.45454545454545453	True
3056	2262	0.36363636363636365	True
3056	2123	0.2727272727272727	True
3056	459	0.18181818181818182	True
3056	1054	0.09090909090909091	True
3437	1687	0.9090909090909091	False
3437	788	0.8181818181818182	False
3437	1395	0.7272727272727273	False
3437	3651	0.6363636363636364	False
3437	2262	0.5454545454545454	True
3437	2460	0.45454545454545453	True
3437	2362	0.36363636363636365	False
3437	1912	0.2727272727272727	True
3437	2318	0.18181818181818182	True
3437	459	0.09090909090909091	True
4303	2362	0.9090909090909091	False
4303	1687	0.8181818181818182	False
4303	3651	0.7272727272727273	False
4303	788	0.6363636363636364	False
4303	2262	0.5454545454545454	True
4303	2460	0.45454545454545453	True
4303	1395	0.36363636363636365	False
4303	459	0.2727272727272727	True
4303	2123	0.18181818181818182	True
4303	1912	0.09090909090909091	True
2978	1687	0.9090909090909091	False
2978	3651	0.8181818181818182	False
2978	788	0.7272727272727273	False
2978	2262	0.6363636363636364	True
2978	1395	0.5454545454545454	False
2978	2362	0.45454545454545453	False
2978	2460	0.36363636363636365	True
2978	2123	0.2727272727272727	True
2978	459	0.18181818181818182	True
2978	2899	0.09090909090909091	True
1888	1687	0.9090909090909091	False
1888	2362	0.8181818181818182	False
1888	788	0.7272727272727273	False
1888	3651	0.6363636363636364	False
1888	1395	0.5454545454545454	False
1888	2262	0.45454545454545453	True
1888	459	0.36363636363636365	True
1888	2123	0.2727272727272727	True
1888	2460	0.18181818181818182	True
1888	3271	0.09090909090909091	True
4357	1687	0.9090909090909091	False
4357	2362	0.8181818181818182	False
4357	2262	0.7272727272727273	True
4357	459	0.6363636363636364	True
4357	3651	0.5454545454545454	False
4357	1395	0.45454545454545453	False
4357	788	0.36363636363636365	False
4357	2123	0.2727272727272727	True
4357	2164	0.18181818181818182	True
4357	2460	0.09090909090909091	True
803	1687	0.9090909090909091	False
803	2362	0.8181818181818182	False
803	3651	0.7272727272727273	False
803	788	0.6363636363636364	False
803	1395	0.5454545454545454	False
803	2262	0.45454545454545453	True
803	2123	0.36363636363636365	True
803	459	0.2727272727272727	True
803	2460	0.18181818181818182	True
803	1054	0.09090909090909091	True
899	1687	0.9090909090909091	False
899	3651	0.8181818181818182	False
899	2362	0.7272727272727273	False
899	2262	0.6363636363636364	True
899	1395	0.5454545454545454	False
899	2460	0.45454545454545453	True
899	788	0.36363636363636365	False
899	1912	0.2727272727272727	True
899	459	0.18181818181818182	True
899	1054	0.09090909090909091	True
734	1687	0.9090909090909091	False
734	2362	0.8181818181818182	False
734	3651	0.7272727272727273	False
734	788	0.6363636363636364	False
734	459	0.5454545454545454	True
734	2123	0.45454545454545453	True
734	1395	0.36363636363636365	False
734	2262	0.2727272727272727	True
734	2460	0.18181818181818182	True
734	1054	0.09090909090909091	True
1525	2262	0.9090909090909091	True
1525	2362	0.8181818181818182	False
1525	788	0.7272727272727273	False
1525	1687	0.6363636363636364	False
1525	1395	0.5454545454545454	False
1525	2460	0.45454545454545453	True
1525	3651	0.36363636363636365	False
1525	459	0.2727272727272727	True
1525	2318	0.18181818181818182	True
1525	1054	0.09090909090909091	True
2482	1687	0.9090909090909091	False
2482	3651	0.8181818181818182	False
2482	788	0.7272727272727273	False
2482	1395	0.6363636363636364	False
2482	2362	0.5454545454545454	False
2482	2262	0.45454545454545453	True
2482	2123	0.36363636363636365	True
2482	459	0.2727272727272727	True
2482	1054	0.18181818181818182	True
2482	2460	0.09090909090909091	True
2049	1687	0.9090909090909091	False
2049	2262	0.8181818181818182	True
2049	788	0.7272727272727273	False
2049	2362	0.6363636363636364	False
2049	1395	0.5454545454545454	False
2049	2460	0.45454545454545453	True
2049	3651	0.36363636363636365	False
2049	1912	0.2727272727272727	True
2049	2123	0.18181818181818182	True
2049	459	0.09090909090909091	True
209	1687	0.9090909090909091	False
209	2362	0.8181818181818182	False
209	3651	0.7272727272727273	False
209	1395	0.6363636363636364	False
209	2262	0.5454545454545454	True
209	2123	0.45454545454545453	True
209	788	0.36363636363636365	False
209	2460	0.2727272727272727	True
209	459	0.18181818181818182	True
209	1054	0.09090909090909091	True
412	1687	0.9090909090909091	False
412	788	0.8181818181818182	False
412	2362	0.7272727272727273	False
412	1395	0.6363636363636364	False
412	3651	0.5454545454545454	False
412	2262	0.45454545454545453	True
412	2460	0.36363636363636365	True
412	2123	0.2727272727272727	True
412	1912	0.18181818181818182	True
412	2899	0.09090909090909091	True
2964	1687	0.9090909090909091	False
2964	3651	0.8181818181818182	False
2964	788	0.7272727272727273	False
2964	2362	0.6363636363636364	False
2964	1395	0.5454545454545454	False
2964	2262	0.45454545454545453	True
2964	2460	0.36363636363636365	True
2964	459	0.2727272727272727	True
2964	1054	0.18181818181818182	True
2964	1912	0.09090909090909091	True
4472	1687	0.9090909090909091	False
4472	2362	0.8181818181818182	False
4472	2262	0.7272727272727273	True
4472	788	0.6363636363636364	False
4472	3651	0.5454545454545454	False
4472	1395	0.45454545454545453	False
4472	2460	0.36363636363636365	True
4472	2318	0.2727272727272727	True
4472	2899	0.18181818181818182	True
4472	2123	0.09090909090909091	True
3092	2362	0.9090909090909091	False
3092	1687	0.8181818181818182	False
3092	3651	0.7272727272727273	False
3092	2262	0.6363636363636364	True
3092	788	0.5454545454545454	False
3092	1395	0.45454545454545453	False
3092	459	0.36363636363636365	True
3092	2123	0.2727272727272727	True
3092	2460	0.18181818181818182	True
3092	2318	0.09090909090909091	True
1082	1687	0.9090909090909091	False
1082	788	0.8181818181818182	False
1082	3651	0.7272727272727273	False
1082	2362	0.6363636363636364	False
1082	1395	0.5454545454545454	False
1082	2460	0.45454545454545453	True
1082	459	0.36363636363636365	True
1082	2262	0.2727272727272727	True
1082	2123	0.18181818181818182	True
1082	1912	0.09090909090909091	True
5619	2362	0.9090909090909091	False
5619	1687	0.8181818181818182	False
5619	2262	0.7272727272727273	True
5619	3651	0.6363636363636364	False
5619	788	0.5454545454545454	False
5619	1395	0.45454545454545453	False
5619	2123	0.36363636363636365	True
5619	459	0.2727272727272727	True
5619	2460	0.18181818181818182	True
5619	2318	0.09090909090909091	True
4255	1687	0.9090909090909091	False
4255	3651	0.8181818181818182	False
4255	1395	0.7272727272727273	False
4255	2362	0.6363636363636364	False
4255	788	0.5454545454545454	False
4255	1912	0.45454545454545453	True
4255	2460	0.36363636363636365	True
4255	2262	0.2727272727272727	True
4255	2123	0.18181818181818182	True
4255	1054	0.09090909090909091	True
2704	1687	0.9090909090909091	False
2704	2362	0.8181818181818182	False
2704	3651	0.7272727272727273	False
2704	2262	0.6363636363636364	True
2704	788	0.5454545454545454	False
2704	1395	0.45454545454545453	False
2704	459	0.36363636363636365	True
2704	2123	0.2727272727272727	True
2704	2318	0.18181818181818182	True
2704	2460	0.09090909090909091	True
5617	1687	0.9090909090909091	False
5617	1395	0.8181818181818182	False
5617	2362	0.7272727272727273	False
5617	3651	0.6363636363636364	False
5617	2262	0.5454545454545454	True
5617	788	0.45454545454545453	False
5617	1912	0.36363636363636365	True
5617	2460	0.2727272727272727	True
5617	2123	0.18181818181818182	True
5617	1054	0.09090909090909091	True
3948	2362	0.9090909090909091	False
3948	1687	0.8181818181818182	False
3948	2262	0.7272727272727273	True
3948	3651	0.6363636363636364	False
3948	1395	0.5454545454545454	False
3948	788	0.45454545454545453	False
3948	2460	0.36363636363636365	True
3948	459	0.2727272727272727	True
3948	1912	0.18181818181818182	True
3948	2123	0.09090909090909091	True
5689	2362	0.9090909090909091	False
5689	1687	0.8181818181818182	False
5689	3651	0.7272727272727273	False
5689	788	0.6363636363636364	False
5689	2262	0.5454545454545454	True
5689	1395	0.45454545454545453	False
5689	2460	0.36363636363636365	True
5689	1912	0.2727272727272727	True
5689	2318	0.18181818181818182	True
5689	459	0.09090909090909091	True
6030	1687	0.9090909090909091	False
6030	2362	0.8181818181818182	False
6030	2262	0.7272727272727273	True
6030	788	0.6363636363636364	False
6030	3651	0.5454545454545454	False
6030	2460	0.45454545454545453	True
6030	1395	0.36363636363636365	False
6030	2318	0.2727272727272727	True
6030	2123	0.18181818181818182	True
6030	2899	0.09090909090909091	True
494	1687	0.9090909090909091	False
494	1395	0.8181818181818182	False
494	2362	0.7272727272727273	False
494	3651	0.6363636363636364	False
494	2262	0.5454545454545454	True
494	788	0.45454545454545453	False
494	2460	0.36363636363636365	True
494	1912	0.2727272727272727	True
494	2123	0.18181818181818182	True
494	459	0.09090909090909091	True
6005	1687	0.9090909090909091	False
6005	788	0.8181818181818182	False
6005	3651	0.7272727272727273	False
6005	2362	0.6363636363636364	False
6005	2460	0.5454545454545454	True
6005	1395	0.45454545454545453	False
6005	2262	0.36363636363636365	True
6005	459	0.2727272727272727	True
6005	2123	0.18181818181818182	True
6005	1912	0.09090909090909091	True
13	788	0.9090909090909091	False
13	1687	0.8181818181818182	False
13	2362	0.7272727272727273	False
13	2262	0.6363636363636364	True
13	3651	0.5454545454545454	False
13	459	0.45454545454545453	True
13	1395	0.36363636363636365	False
13	2460	0.2727272727272727	True
13	2123	0.18181818181818182	True
13	2318	0.09090909090909091	True
2693	2362	0.9090909090909091	False
2693	3651	0.8181818181818182	False
2693	1687	0.7272727272727273	False
2693	1395	0.6363636363636364	False
2693	459	0.5454545454545454	True
2693	788	0.45454545454545453	False
2693	2262	0.36363636363636365	True
2693	2123	0.2727272727272727	True
2693	1054	0.18181818181818182	True
2693	2460	0.09090909090909091	True
2140	1687	0.9090909090909091	False
2140	3651	0.8181818181818182	False
2140	2362	0.7272727272727273	False
2140	2262	0.6363636363636364	True
2140	1395	0.5454545454545454	False
2140	788	0.45454545454545453	False
2140	2460	0.36363636363636365	True
2140	459	0.2727272727272727	True
2140	1054	0.18181818181818182	True
2140	1912	0.09090909090909091	True
5397	1687	0.9090909090909091	False
5397	788	0.8181818181818182	False
5397	2362	0.7272727272727273	False
5397	3651	0.6363636363636364	False
5397	459	0.5454545454545454	True
5397	1395	0.45454545454545453	False
5397	2262	0.36363636363636365	True
5397	2460	0.2727272727272727	True
5397	2123	0.18181818181818182	True
5397	3271	0.09090909090909091	True
1914	2362	0.9090909090909091	False
1914	1687	0.8181818181818182	False
1914	788	0.7272727272727273	False
1914	2262	0.6363636363636364	True
1914	3651	0.5454545454545454	False
1914	2123	0.45454545454545453	True
1914	2318	0.36363636363636365	True
1914	1395	0.2727272727272727	False
1914	2460	0.18181818181818182	True
1914	2899	0.09090909090909091	True
3969	1687	0.9090909090909091	False
3969	2362	0.8181818181818182	False
3969	3651	0.7272727272727273	False
3969	1395	0.6363636363636364	False
3969	788	0.5454545454545454	False
3969	2262	0.45454545454545453	True
3969	459	0.36363636363636365	True
3969	2123	0.2727272727272727	True
3969	2460	0.18181818181818182	True
3969	1912	0.09090909090909091	True
1252	788	0.9090909090909091	False
1252	3651	0.8181818181818182	False
1252	1687	0.7272727272727273	False
1252	2362	0.6363636363636364	False
1252	1395	0.5454545454545454	False
1252	2262	0.45454545454545453	True
1252	2460	0.36363636363636365	True
1252	2318	0.2727272727272727	True
1252	2123	0.18181818181818182	True
1252	459	0.09090909090909091	True
2365	1687	0.9090909090909091	False
2365	3651	0.8181818181818182	False
2365	1395	0.7272727272727273	False
2365	2460	0.6363636363636364	True
2365	2362	0.5454545454545454	False
2365	2262	0.45454545454545453	True
2365	788	0.36363636363636365	False
2365	1912	0.2727272727272727	True
2365	459	0.18181818181818182	True
2365	2164	0.09090909090909091	True
112	1687	0.9090909090909091	False
112	788	0.8181818181818182	False
112	1395	0.7272727272727273	False
112	3651	0.6363636363636364	False
112	2362	0.5454545454545454	False
112	2262	0.45454545454545453	True
112	2460	0.36363636363636365	True
112	459	0.2727272727272727	True
112	2123	0.18181818181818182	True
112	1054	0.09090909090909091	True
4180	1687	0.9090909090909091	False
4180	2262	0.8181818181818182	True
4180	2362	0.7272727272727273	False
4180	2460	0.6363636363636364	True
4180	788	0.5454545454545454	False
4180	3651	0.45454545454545453	False
4180	1395	0.36363636363636365	False
4180	1912	0.2727272727272727	True
4180	459	0.18181818181818182	True
4180	2318	0.09090909090909091	True
5358	2262	0.9090909090909091	True
5358	2362	0.8181818181818182	False
5358	1687	0.7272727272727273	False
5358	788	0.6363636363636364	False
5358	3651	0.5454545454545454	False
5358	459	0.45454545454545453	True
5358	1395	0.36363636363636365	False
5358	2123	0.2727272727272727	True
5358	2318	0.18181818181818182	True
5358	2460	0.09090909090909091	True
2751	1687	0.9090909090909091	False
2751	3651	0.8181818181818182	False
2751	2362	0.7272727272727273	False
2751	788	0.6363636363636364	False
2751	1395	0.5454545454545454	False
2751	2262	0.45454545454545453	True
2751	459	0.36363636363636365	True
2751	2123	0.2727272727272727	True
2751	2460	0.18181818181818182	True
2751	1912	0.09090909090909091	True
2698	1687	0.9090909090909091	False
2698	2362	0.8181818181818182	False
2698	788	0.7272727272727273	False
2698	2262	0.6363636363636364	True
2698	3651	0.5454545454545454	False
2698	459	0.45454545454545453	True
2698	2123	0.36363636363636365	True
2698	1395	0.2727272727272727	False
2698	2460	0.18181818181818182	True
2698	1054	0.09090909090909091	True
5297	1687	0.9090909090909091	False
5297	2362	0.8181818181818182	False
5297	3651	0.7272727272727273	False
5297	2262	0.6363636363636364	True
5297	1395	0.5454545454545454	False
5297	788	0.45454545454545453	False
5297	459	0.36363636363636365	True
5297	2460	0.2727272727272727	True
5297	2123	0.18181818181818182	True
5297	2164	0.09090909090909091	True
2906	1687	0.9090909090909091	False
2906	788	0.8181818181818182	False
2906	2362	0.7272727272727273	False
2906	2262	0.6363636363636364	True
2906	3651	0.5454545454545454	False
2906	1395	0.45454545454545453	False
2906	2460	0.36363636363636365	True
2906	459	0.2727272727272727	True
2906	1054	0.18181818181818182	True
2906	2318	0.09090909090909091	True
540	1687	0.9090909090909091	False
540	2362	0.8181818181818182	False
540	3651	0.7272727272727273	False
540	2262	0.6363636363636364	True
540	2123	0.5454545454545454	True
540	788	0.45454545454545453	False
540	1395	0.36363636363636365	False
540	459	0.2727272727272727	True
540	2460	0.18181818181818182	True
540	2899	0.09090909090909091	True
4370	1687	0.9090909090909091	False
4370	788	0.8181818181818182	False
4370	3651	0.7272727272727273	False
4370	2362	0.6363636363636364	False
4370	2262	0.5454545454545454	True
4370	1395	0.45454545454545453	False
4370	459	0.36363636363636365	True
4370	2460	0.2727272727272727	True
4370	2318	0.18181818181818182	True
4370	2123	0.09090909090909091	True
2694	1687	0.9090909090909091	False
2694	2262	0.8181818181818182	True
2694	3651	0.7272727272727273	False
2694	2362	0.6363636363636364	False
2694	788	0.5454545454545454	False
2694	1395	0.45454545454545453	False
2694	2460	0.36363636363636365	True
2694	2318	0.2727272727272727	True
2694	1912	0.18181818181818182	True
2694	1054	0.09090909090909091	True
2204	1687	0.9090909090909091	False
2204	1395	0.8181818181818182	False
2204	2362	0.7272727272727273	False
2204	3651	0.6363636363636364	False
2204	2262	0.5454545454545454	True
2204	788	0.45454545454545453	False
2204	2460	0.36363636363636365	True
2204	1912	0.2727272727272727	True
2204	1054	0.18181818181818182	True
2204	2123	0.09090909090909091	True
277	1687	0.9090909090909091	False
277	3651	0.8181818181818182	False
277	1395	0.7272727272727273	False
277	2362	0.6363636363636364	False
277	2262	0.5454545454545454	True
277	788	0.45454545454545453	False
277	2123	0.36363636363636365	True
277	459	0.2727272727272727	True
277	2460	0.18181818181818182	True
277	2164	0.09090909090909091	True
4188	1687	0.9090909090909091	False
4188	2362	0.8181818181818182	False
4188	3651	0.7272727272727273	False
4188	788	0.6363636363636364	False
4188	1395	0.5454545454545454	False
4188	2262	0.45454545454545453	True
4188	2460	0.36363636363636365	True
4188	1912	0.2727272727272727	True
4188	2123	0.18181818181818182	True
4188	459	0.09090909090909091	True
4957	1687	0.9090909090909091	False
4957	2362	0.8181818181818182	False
4957	3651	0.7272727272727273	False
4957	788	0.6363636363636364	False
4957	2262	0.5454545454545454	True
4957	1395	0.45454545454545453	False
4957	2460	0.36363636363636365	True
4957	1912	0.2727272727272727	True
4957	459	0.18181818181818182	True
4957	2318	0.09090909090909091	True
6029	1687	0.9090909090909091	False
6029	2362	0.8181818181818182	False
6029	2262	0.7272727272727273	True
6029	1395	0.6363636363636364	False
6029	788	0.5454545454545454	False
6029	3651	0.45454545454545453	False
6029	2460	0.36363636363636365	True
6029	1912	0.2727272727272727	True
6029	2318	0.18181818181818182	True
6029	2123	0.09090909090909091	True
5143	1687	0.9090909090909091	False
5143	788	0.8181818181818182	False
5143	2262	0.7272727272727273	True
5143	1395	0.6363636363636364	False
5143	2362	0.5454545454545454	False
5143	3651	0.45454545454545453	False
5143	2460	0.36363636363636365	True
5143	459	0.2727272727272727	True
5143	1054	0.18181818181818182	True
5143	1912	0.09090909090909091	True
3379	1687	0.9090909090909091	False
3379	3651	0.8181818181818182	False
3379	2362	0.7272727272727273	False
3379	2262	0.6363636363636364	True
3379	1395	0.5454545454545454	False
3379	788	0.45454545454545453	False
3379	2460	0.36363636363636365	True
3379	2123	0.2727272727272727	True
3379	459	0.18181818181818182	True
3379	2318	0.09090909090909091	True
1155	1687	0.9090909090909091	False
1155	3651	0.8181818181818182	False
1155	1395	0.7272727272727273	False
1155	2362	0.6363636363636364	False
1155	788	0.5454545454545454	False
1155	2262	0.45454545454545453	True
1155	459	0.36363636363636365	True
1155	2123	0.2727272727272727	True
1155	2460	0.18181818181818182	True
1155	1054	0.09090909090909091	True
164	1687	0.9090909090909091	False
164	788	0.8181818181818182	False
164	1395	0.7272727272727273	False
164	2262	0.6363636363636364	True
164	3651	0.5454545454545454	False
164	2362	0.45454545454545453	False
164	2460	0.36363636363636365	True
164	459	0.2727272727272727	True
164	1054	0.18181818181818182	True
164	3271	0.09090909090909091	True
4275	1687	0.9090909090909091	False
4275	788	0.8181818181818182	False
4275	3651	0.7272727272727273	False
4275	1395	0.6363636363636364	False
4275	2362	0.5454545454545454	False
4275	2262	0.45454545454545453	True
4275	2460	0.36363636363636365	True
4275	459	0.2727272727272727	True
4275	2123	0.18181818181818182	True
4275	1912	0.09090909090909091	True
335	1687	0.9090909090909091	False
335	788	0.8181818181818182	False
335	2362	0.7272727272727273	False
335	3651	0.6363636363636364	False
335	459	0.5454545454545454	True
335	2460	0.45454545454545453	True
335	2262	0.36363636363636365	True
335	2123	0.2727272727272727	True
335	1395	0.18181818181818182	False
335	2318	0.09090909090909091	True
283	1687	0.9090909090909091	False
283	3651	0.8181818181818182	False
283	2362	0.7272727272727273	False
283	1395	0.6363636363636364	False
283	2262	0.5454545454545454	True
283	788	0.45454545454545453	False
283	2123	0.36363636363636365	True
283	459	0.2727272727272727	True
283	2164	0.18181818181818182	True
283	1054	0.09090909090909091	True
5095	1687	0.9090909090909091	False
5095	2362	0.8181818181818182	False
5095	3651	0.7272727272727273	False
5095	788	0.6363636363636364	False
5095	1395	0.5454545454545454	False
5095	2460	0.45454545454545453	True
5095	2262	0.36363636363636365	True
5095	459	0.2727272727272727	True
5095	1912	0.18181818181818182	True
5095	2123	0.09090909090909091	True
4061	1687	0.9090909090909091	False
4061	2362	0.8181818181818182	False
4061	3651	0.7272727272727273	False
4061	788	0.6363636363636364	False
4061	1395	0.5454545454545454	False
4061	459	0.45454545454545453	True
4061	2262	0.36363636363636365	True
4061	2123	0.2727272727272727	True
4061	2460	0.18181818181818182	True
4061	2164	0.09090909090909091	True
3516	1687	0.9090909090909091	False
3516	3651	0.8181818181818182	False
3516	2362	0.7272727272727273	False
3516	1395	0.6363636363636364	False
3516	788	0.5454545454545454	False
3516	2262	0.45454545454545453	True
3516	459	0.36363636363636365	True
3516	2460	0.2727272727272727	True
3516	2123	0.18181818181818182	True
3516	1054	0.09090909090909091	True
1735	1687	0.9090909090909091	False
1735	2362	0.8181818181818182	False
1735	3651	0.7272727272727273	False
1735	1395	0.6363636363636364	False
1735	788	0.5454545454545454	False
1735	459	0.45454545454545453	True
1735	2460	0.36363636363636365	True
1735	2262	0.2727272727272727	True
1735	2164	0.18181818181818182	True
1735	1054	0.09090909090909091	True
2976	1687	0.9090909090909091	False
2976	2362	0.8181818181818182	False
2976	788	0.7272727272727273	False
2976	3651	0.6363636363636364	False
2976	1395	0.5454545454545454	False
2976	2262	0.45454545454545453	True
2976	2460	0.36363636363636365	True
2976	459	0.2727272727272727	True
2976	2318	0.18181818181818182	True
2976	2899	0.09090909090909091	True
1390	1687	0.9090909090909091	False
1390	788	0.8181818181818182	False
1390	2362	0.7272727272727273	False
1390	3651	0.6363636363636364	False
1390	1395	0.5454545454545454	False
1390	459	0.45454545454545453	True
1390	2123	0.36363636363636365	True
1390	2262	0.2727272727272727	True
1390	2460	0.18181818181818182	True
1390	1054	0.09090909090909091	True
3169	1687	0.9090909090909091	False
3169	2362	0.8181818181818182	False
3169	3651	0.7272727272727273	False
3169	1395	0.6363636363636364	False
3169	2262	0.5454545454545454	True
3169	788	0.45454545454545453	False
3169	459	0.36363636363636365	True
3169	2123	0.2727272727272727	True
3169	2460	0.18181818181818182	True
3169	1054	0.09090909090909091	True
4720	1687	0.9090909090909091	False
4720	788	0.8181818181818182	False
4720	2362	0.7272727272727273	False
4720	3651	0.6363636363636364	False
4720	2262	0.5454545454545454	True
4720	2460	0.45454545454545453	True
4720	1395	0.36363636363636365	False
4720	459	0.2727272727272727	True
4720	1912	0.18181818181818182	True
4720	2123	0.09090909090909091	True
4212	1687	0.9090909090909091	False
4212	2362	0.8181818181818182	False
4212	3651	0.7272727272727273	False
4212	2262	0.6363636363636364	True
4212	1395	0.5454545454545454	False
4212	788	0.45454545454545453	False
4212	2460	0.36363636363636365	True
4212	459	0.2727272727272727	True
4212	2123	0.18181818181818182	True
4212	2318	0.09090909090909091	True
1087	1687	0.9090909090909091	False
1087	2362	0.8181818181818182	False
1087	788	0.7272727272727273	False
1087	3651	0.6363636363636364	False
1087	1395	0.5454545454545454	False
1087	2262	0.45454545454545453	True
1087	2123	0.36363636363636365	True
1087	459	0.2727272727272727	True
1087	2460	0.18181818181818182	True
1087	3271	0.09090909090909091	True
5472	1687	0.9090909090909091	False
5472	2262	0.8181818181818182	True
5472	2362	0.7272727272727273	False
5472	1395	0.6363636363636364	False
5472	3651	0.5454545454545454	False
5472	788	0.45454545454545453	False
5472	2460	0.36363636363636365	True
5472	2123	0.2727272727272727	True
5472	1912	0.18181818181818182	True
5472	459	0.09090909090909091	True
537	1687	0.9090909090909091	False
537	1395	0.8181818181818182	False
537	2362	0.7272727272727273	False
537	3651	0.6363636363636364	False
537	788	0.5454545454545454	False
537	2262	0.45454545454545453	True
537	2460	0.36363636363636365	True
537	1912	0.2727272727272727	True
537	2123	0.18181818181818182	True
537	2318	0.09090909090909091	True
930	1687	0.9090909090909091	False
930	2362	0.8181818181818182	False
930	788	0.7272727272727273	False
930	3651	0.6363636363636364	False
930	2262	0.5454545454545454	True
930	1395	0.45454545454545453	False
930	459	0.36363636363636365	True
930	2460	0.2727272727272727	True
930	2123	0.18181818181818182	True
930	2164	0.09090909090909091	True
5833	1687	0.9090909090909091	False
5833	3651	0.8181818181818182	False
5833	2262	0.7272727272727273	True
5833	2362	0.6363636363636364	False
5833	1395	0.5454545454545454	False
5833	788	0.45454545454545453	False
5833	2460	0.36363636363636365	True
5833	2318	0.2727272727272727	True
5833	459	0.18181818181818182	True
5833	2899	0.09090909090909091	True
66	2362	0.9090909090909091	False
66	2262	0.8181818181818182	True
66	1395	0.7272727272727273	False
66	1687	0.6363636363636364	False
66	3651	0.5454545454545454	False
66	788	0.45454545454545453	False
66	2460	0.36363636363636365	True
66	2318	0.2727272727272727	True
66	2123	0.18181818181818182	True
66	1912	0.09090909090909091	True
1630	1687	0.9090909090909091	False
1630	3651	0.8181818181818182	False
1630	1395	0.7272727272727273	False
1630	2262	0.6363636363636364	True
1630	2460	0.5454545454545454	True
1630	2362	0.45454545454545453	False
1630	788	0.36363636363636365	False
1630	1912	0.2727272727272727	True
1630	2123	0.18181818181818182	True
1630	1054	0.09090909090909091	True
5942	1687	0.9090909090909091	False
5942	2362	0.8181818181818182	False
5942	3651	0.7272727272727273	False
5942	1395	0.6363636363636364	False
5942	788	0.5454545454545454	False
5942	2460	0.45454545454545453	True
5942	2262	0.36363636363636365	True
5942	2123	0.2727272727272727	True
5942	1912	0.18181818181818182	True
5942	459	0.09090909090909091	True
1667	1687	0.9090909090909091	False
1667	788	0.8181818181818182	False
1667	2362	0.7272727272727273	False
1667	3651	0.6363636363636364	False
1667	2262	0.5454545454545454	True
1667	1395	0.45454545454545453	False
1667	459	0.36363636363636365	True
1667	2460	0.2727272727272727	True
1667	2123	0.18181818181818182	True
1667	2318	0.09090909090909091	True
4062	1687	0.9090909090909091	False
4062	2362	0.8181818181818182	False
4062	1395	0.7272727272727273	False
4062	788	0.6363636363636364	False
4062	3651	0.5454545454545454	False
4062	2262	0.45454545454545453	True
4062	459	0.36363636363636365	True
4062	1054	0.2727272727272727	True
4062	2460	0.18181818181818182	True
4062	2164	0.09090909090909091	True
1245	1687	0.9090909090909091	False
1245	2362	0.8181818181818182	False
1245	3651	0.7272727272727273	False
1245	2262	0.6363636363636364	True
1245	788	0.5454545454545454	False
1245	1395	0.45454545454545453	False
1245	459	0.36363636363636365	True
1245	2460	0.2727272727272727	True
1245	2123	0.18181818181818182	True
1245	2318	0.09090909090909091	True
4705	1687	0.9090909090909091	False
4705	2362	0.8181818181818182	False
4705	3651	0.7272727272727273	False
4705	788	0.6363636363636364	False
4705	2262	0.5454545454545454	True
4705	1395	0.45454545454545453	False
4705	459	0.36363636363636365	True
4705	2123	0.2727272727272727	True
4705	2460	0.18181818181818182	True
4705	1054	0.09090909090909091	True
722	1687	0.9090909090909091	False
722	2362	0.8181818181818182	False
722	3651	0.7272727272727273	False
722	788	0.6363636363636364	False
722	1395	0.5454545454545454	False
722	2262	0.45454545454545453	True
722	2460	0.36363636363636365	True
722	459	0.2727272727272727	True
722	2123	0.18181818181818182	True
722	2164	0.09090909090909091	True
2917	788	0.9090909090909091	False
2917	1687	0.8181818181818182	False
2917	2262	0.7272727272727273	True
2917	2362	0.6363636363636364	False
2917	2460	0.5454545454545454	True
2917	1395	0.45454545454545453	False
2917	3651	0.36363636363636365	False
2917	459	0.2727272727272727	True
2917	2123	0.18181818181818182	True
2917	2318	0.09090909090909091	True
2069	1687	0.9090909090909091	False
2069	788	0.8181818181818182	False
2069	1395	0.7272727272727273	False
2069	2460	0.6363636363636364	True
2069	3651	0.5454545454545454	False
2069	2362	0.45454545454545453	False
2069	2262	0.36363636363636365	True
2069	459	0.2727272727272727	True
2069	2123	0.18181818181818182	True
2069	1912	0.09090909090909091	True
4646	1687	0.9090909090909091	False
4646	3651	0.8181818181818182	False
4646	1395	0.7272727272727273	False
4646	788	0.6363636363636364	False
4646	2262	0.5454545454545454	True
4646	1912	0.45454545454545453	True
4646	2123	0.36363636363636365	True
4646	2362	0.2727272727272727	False
4646	2460	0.18181818181818182	True
4646	2318	0.09090909090909091	True
5235	1687	0.9090909090909091	False
5235	3651	0.8181818181818182	False
5235	2362	0.7272727272727273	False
5235	1395	0.6363636363636364	False
5235	788	0.5454545454545454	False
5235	2262	0.45454545454545453	True
5235	1912	0.36363636363636365	True
5235	2123	0.2727272727272727	True
5235	2460	0.18181818181818182	True
5235	2318	0.09090909090909091	True
2871	1687	0.9090909090909091	False
2871	3651	0.8181818181818182	False
2871	788	0.7272727272727273	False
2871	1395	0.6363636363636364	False
2871	2362	0.5454545454545454	False
2871	2262	0.45454545454545453	True
2871	2460	0.36363636363636365	True
2871	2123	0.2727272727272727	True
2871	459	0.18181818181818182	True
2871	1912	0.09090909090909091	True
4225	1687	0.9090909090909091	False
4225	788	0.8181818181818182	False
4225	2262	0.7272727272727273	True
4225	3651	0.6363636363636364	False
4225	2362	0.5454545454545454	False
4225	2460	0.45454545454545453	True
4225	1395	0.36363636363636365	False
4225	1912	0.2727272727272727	True
4225	2318	0.18181818181818182	True
4225	459	0.09090909090909091	True
2301	1687	0.9090909090909091	False
2301	3651	0.8181818181818182	False
2301	2362	0.7272727272727273	False
2301	1395	0.6363636363636364	False
2301	2262	0.5454545454545454	True
2301	788	0.45454545454545453	False
2301	2460	0.36363636363636365	True
2301	1912	0.2727272727272727	True
2301	2123	0.18181818181818182	True
2301	459	0.09090909090909091	True
5599	2362	0.9090909090909091	False
5599	1687	0.8181818181818182	False
5599	2262	0.7272727272727273	True
5599	3651	0.6363636363636364	False
5599	788	0.5454545454545454	False
5599	1395	0.45454545454545453	False
5599	2460	0.36363636363636365	True
5599	459	0.2727272727272727	True
5599	2123	0.18181818181818182	True
5599	2318	0.09090909090909091	True
2278	3651	0.9090909090909091	False
2278	1687	0.8181818181818182	False
2278	1395	0.7272727272727273	False
2278	788	0.6363636363636364	False
2278	2362	0.5454545454545454	False
2278	459	0.45454545454545453	True
2278	2460	0.36363636363636365	True
2278	2262	0.2727272727272727	True
2278	2123	0.18181818181818182	True
2278	1054	0.09090909090909091	True
1126	1687	0.9090909090909091	False
1126	2362	0.8181818181818182	False
1126	2123	0.7272727272727273	True
1126	3651	0.6363636363636364	False
1126	2262	0.5454545454545454	True
1126	459	0.45454545454545453	True
1126	1395	0.36363636363636365	False
1126	788	0.2727272727272727	False
1126	1912	0.18181818181818182	True
1126	2460	0.09090909090909091	True
5019	1687	0.9090909090909091	False
5019	788	0.8181818181818182	False
5019	1395	0.7272727272727273	False
5019	3651	0.6363636363636364	False
5019	2362	0.5454545454545454	False
5019	2262	0.45454545454545453	True
5019	459	0.36363636363636365	True
5019	2460	0.2727272727272727	True
5019	2123	0.18181818181818182	True
5019	1912	0.09090909090909091	True
4911	2362	0.9090909090909091	False
4911	1687	0.8181818181818182	False
4911	3651	0.7272727272727273	False
4911	788	0.6363636363636364	False
4911	1395	0.5454545454545454	False
4911	2460	0.45454545454545453	True
4911	459	0.36363636363636365	True
4911	2262	0.2727272727272727	True
4911	1912	0.18181818181818182	True
4911	2164	0.09090909090909091	True
5253	2362	0.9090909090909091	False
5253	2262	0.8181818181818182	True
5253	1687	0.7272727272727273	False
5253	788	0.6363636363636364	False
5253	3651	0.5454545454545454	False
5253	1395	0.45454545454545453	False
5253	2460	0.36363636363636365	True
5253	2318	0.2727272727272727	True
5253	1912	0.18181818181818182	True
5253	2123	0.09090909090909091	True
2717	1687	0.9090909090909091	False
2717	788	0.8181818181818182	False
2717	3651	0.7272727272727273	False
2717	1395	0.6363636363636364	False
2717	2262	0.5454545454545454	True
2717	2460	0.45454545454545453	True
2717	2362	0.36363636363636365	False
2717	1912	0.2727272727272727	True
2717	459	0.18181818181818182	True
2717	2123	0.09090909090909091	True
