800	3590	0.9090909090909091	False
800	2066	0.8181818181818182	False
800	971	0.7272727272727273	False
800	2820	0.6363636363636364	True
800	3113	0.5454545454545454	False
800	1772	0.45454545454545453	True
800	1943	0.36363636363636365	True
800	3107	0.2727272727272727	True
800	287	0.18181818181818182	True
800	3938	0.09090909090909091	True
5588	3590	0.9090909090909091	False
5588	2066	0.8181818181818182	False
5588	2331	0.7272727272727273	True
5588	287	0.6363636363636364	True
5588	971	0.5454545454545454	False
5588	3113	0.45454545454545453	False
5588	2283	0.36363636363636365	False
5588	3107	0.2727272727272727	True
5588	3363	0.18181818181818182	True
5588	114	0.09090909090909091	True
1900	3590	0.9090909090909091	False
1900	114	0.8181818181818182	True
1900	2283	0.7272727272727273	False
1900	2066	0.6363636363636364	False
1900	971	0.5454545454545454	False
1900	3938	0.45454545454545453	True
1900	3314	0.36363636363636365	True
1900	2331	0.2727272727272727	True
1900	1434	0.18181818181818182	True
1900	1772	0.09090909090909091	True
5362	3590	0.9090909090909091	False
5362	971	0.8181818181818182	False
5362	114	0.7272727272727273	True
5362	3938	0.6363636363636364	True
5362	1943	0.5454545454545454	True
5362	2066	0.45454545454545453	False
5362	287	0.36363636363636365	True
5362	3314	0.2727272727272727	True
5362	204	0.18181818181818182	True
5362	3107	0.09090909090909091	True
3920	3590	0.9090909090909091	False
3920	3107	0.8181818181818182	True
3920	114	0.7272727272727273	True
3920	2283	0.6363636363636364	False
3920	3314	0.5454545454545454	True
3920	1943	0.45454545454545453	True
3920	2304	0.36363636363636365	True
3920	804	0.2727272727272727	True
3920	287	0.18181818181818182	True
3920	3938	0.09090909090909091	True
5348	3590	0.9090909090909091	False
5348	971	0.8181818181818182	False
5348	2820	0.7272727272727273	True
5348	114	0.6363636363636364	True
5348	2283	0.5454545454545454	False
5348	3486	0.45454545454545453	True
5348	3113	0.36363636363636365	False
5348	2066	0.2727272727272727	False
5348	1943	0.18181818181818182	True
5348	3363	0.09090909090909091	True
2807	3590	0.9090909090909091	False
2807	2066	0.8181818181818182	False
2807	2283	0.7272727272727273	False
2807	2820	0.6363636363636364	True
2807	1943	0.5454545454545454	True
2807	3314	0.45454545454545453	True
2807	3107	0.36363636363636365	True
2807	3938	0.2727272727272727	True
2807	971	0.18181818181818182	False
2807	114	0.09090909090909091	True
938	3590	0.9090909090909091	False
938	2283	0.8181818181818182	False
938	3113	0.7272727272727273	False
938	2066	0.6363636363636364	False
938	1434	0.5454545454545454	True
938	2331	0.45454545454545453	True
938	971	0.36363636363636365	False
938	3107	0.2727272727272727	True
938	3486	0.18181818181818182	True
938	114	0.09090909090909091	True
4362	3590	0.9090909090909091	False
4362	2331	0.8181818181818182	True
4362	2283	0.7272727272727273	False
4362	114	0.6363636363636364	True
4362	1434	0.5454545454545454	True
4362	3107	0.45454545454545453	True
4362	3363	0.36363636363636365	True
4362	2066	0.2727272727272727	False
4362	1484	0.18181818181818182	True
4362	3314	0.09090909090909091	True
247	3590	0.9090909090909091	False
247	2066	0.8181818181818182	False
247	3107	0.7272727272727273	True
247	3314	0.6363636363636364	True
247	971	0.5454545454545454	False
247	2331	0.45454545454545453	True
247	2055	0.36363636363636365	True
247	3938	0.2727272727272727	True
247	1434	0.18181818181818182	True
247	114	0.09090909090909091	True
3631	3590	0.9090909090909091	False
3631	2066	0.8181818181818182	False
3631	2331	0.7272727272727273	True
3631	1434	0.6363636363636364	True
3631	971	0.5454545454545454	False
3631	2055	0.45454545454545453	True
3631	114	0.36363636363636365	True
3631	3314	0.2727272727272727	True
3631	3938	0.18181818181818182	True
3631	3107	0.09090909090909091	True
4447	3590	0.9090909090909091	False
4447	2066	0.8181818181818182	False
4447	3107	0.7272727272727273	True
4447	2304	0.6363636363636364	True
4447	287	0.5454545454545454	True
4447	3113	0.45454545454545453	False
4447	971	0.36363636363636365	False
4447	3314	0.2727272727272727	True
4447	3938	0.18181818181818182	True
4447	1943	0.09090909090909091	True
1891	3590	0.9090909090909091	False
1891	3107	0.8181818181818182	True
1891	2066	0.7272727272727273	False
1891	3314	0.6363636363636364	True
1891	971	0.5454545454545454	False
1891	2283	0.45454545454545453	False
1891	2055	0.36363636363636365	True
1891	804	0.2727272727272727	True
1891	3938	0.18181818181818182	True
1891	3113	0.09090909090909091	False
3313	3590	0.9090909090909091	False
3313	114	0.8181818181818182	True
3313	2283	0.7272727272727273	False
3313	3107	0.6363636363636364	True
3313	2066	0.5454545454545454	False
3313	287	0.45454545454545453	True
3313	971	0.36363636363636365	False
3313	2304	0.2727272727272727	True
3313	1943	0.18181818181818182	True
3313	3113	0.09090909090909091	False
2610	3590	0.9090909090909091	False
2610	971	0.8181818181818182	False
2610	3107	0.7272727272727273	True
2610	2283	0.6363636363636364	False
2610	287	0.5454545454545454	True
2610	1943	0.45454545454545453	True
2610	204	0.36363636363636365	True
2610	2066	0.2727272727272727	False
2610	3938	0.18181818181818182	True
2610	2820	0.09090909090909091	True
2468	3590	0.9090909090909091	False
2468	971	0.8181818181818182	False
2468	3107	0.7272727272727273	True
2468	3113	0.6363636363636364	False
2468	2066	0.5454545454545454	False
2468	1434	0.45454545454545453	True
2468	114	0.36363636363636365	True
2468	2283	0.2727272727272727	False
2468	287	0.18181818181818182	True
2468	3363	0.09090909090909091	True
4062	3590	0.9090909090909091	False
4062	2066	0.8181818181818182	False
4062	971	0.7272727272727273	False
4062	3107	0.6363636363636364	True
4062	114	0.5454545454545454	True
4062	1943	0.45454545454545453	True
4062	287	0.36363636363636365	True
4062	204	0.2727272727272727	True
4062	804	0.18181818181818182	True
4062	3314	0.09090909090909091	True
2052	3590	0.9090909090909091	False
2052	3314	0.8181818181818182	True
2052	3938	0.7272727272727273	True
2052	1434	0.6363636363636364	True
2052	2820	0.5454545454545454	True
2052	804	0.45454545454545453	True
2052	2055	0.36363636363636365	True
2052	2066	0.2727272727272727	False
2052	287	0.18181818181818182	True
2052	3363	0.09090909090909091	True
3491	3590	0.9090909090909091	False
3491	3314	0.8181818181818182	True
3491	3938	0.7272727272727273	True
3491	971	0.6363636363636364	False
3491	3107	0.5454545454545454	True
3491	2331	0.45454545454545453	True
3491	2820	0.36363636363636365	True
3491	2066	0.2727272727272727	False
3491	804	0.18181818181818182	True
3491	287	0.09090909090909091	True
3138	3590	0.9090909090909091	False
3138	971	0.8181818181818182	False
3138	3113	0.7272727272727273	False
3138	1943	0.6363636363636364	True
3138	804	0.5454545454545454	True
3138	287	0.45454545454545453	True
3138	2066	0.36363636363636365	False
3138	3314	0.2727272727272727	True
3138	114	0.18181818181818182	True
3138	2283	0.09090909090909091	False
1983	3590	0.9090909090909091	False
1983	971	0.8181818181818182	False
1983	2066	0.7272727272727273	False
1983	114	0.6363636363636364	True
1983	2820	0.5454545454545454	True
1983	3113	0.45454545454545453	False
1983	2283	0.36363636363636365	False
1983	2055	0.2727272727272727	True
1983	3107	0.18181818181818182	True
1983	2331	0.09090909090909091	True
5211	3590	0.9090909090909091	False
5211	3113	0.8181818181818182	False
5211	2283	0.7272727272727273	False
5211	971	0.6363636363636364	False
5211	3314	0.5454545454545454	True
5211	2066	0.45454545454545453	False
5211	3938	0.36363636363636365	True
5211	1943	0.2727272727272727	True
5211	804	0.18181818181818182	True
5211	3486	0.09090909090909091	True
5532	3590	0.9090909090909091	False
5532	2066	0.8181818181818182	False
5532	1943	0.7272727272727273	True
5532	204	0.6363636363636364	True
5532	971	0.5454545454545454	False
5532	3107	0.45454545454545453	True
5532	114	0.36363636363636365	True
5532	3938	0.2727272727272727	True
5532	3898	0.18181818181818182	True
5532	1772	0.09090909090909091	True
350	3590	0.9090909090909091	False
350	2066	0.8181818181818182	False
350	114	0.7272727272727273	True
350	971	0.6363636363636364	False
350	3486	0.5454545454545454	True
350	287	0.45454545454545453	True
350	3113	0.36363636363636365	False
350	3314	0.2727272727272727	True
350	3107	0.18181818181818182	True
350	1434	0.09090909090909091	True
4119	3590	0.9090909090909091	False
4119	3113	0.8181818181818182	False
4119	971	0.7272727272727273	False
4119	3314	0.6363636363636364	True
4119	3938	0.5454545454545454	True
4119	1434	0.45454545454545453	True
4119	2055	0.36363636363636365	True
4119	2066	0.2727272727272727	False
4119	3056	0.18181818181818182	True
4119	1089	0.09090909090909091	True
4036	3590	0.9090909090909091	False
4036	2066	0.8181818181818182	False
4036	3363	0.7272727272727273	True
4036	2283	0.6363636363636364	False
4036	3314	0.5454545454545454	True
4036	1434	0.45454545454545453	True
4036	804	0.36363636363636365	True
4036	114	0.2727272727272727	True
4036	971	0.18181818181818182	False
4036	1943	0.09090909090909091	True
4069	2283	0.9090909090909091	False
4069	3590	0.8181818181818182	False
4069	971	0.7272727272727273	False
4069	2066	0.6363636363636364	False
4069	3113	0.5454545454545454	False
4069	2820	0.45454545454545453	True
4069	114	0.36363636363636365	True
4069	1434	0.2727272727272727	True
4069	3363	0.18181818181818182	True
4069	3938	0.09090909090909091	True
3036	3590	0.9090909090909091	False
3036	3363	0.8181818181818182	True
3036	2066	0.7272727272727273	False
3036	2055	0.6363636363636364	True
3036	971	0.5454545454545454	False
3036	2820	0.45454545454545453	True
3036	3314	0.36363636363636365	True
3036	3938	0.2727272727272727	True
3036	2283	0.18181818181818182	False
3036	114	0.09090909090909091	True
2614	3590	0.9090909090909091	False
2614	3938	0.8181818181818182	True
2614	971	0.7272727272727273	False
2614	3314	0.6363636363636364	True
2614	804	0.5454545454545454	True
2614	3113	0.45454545454545453	False
2614	3107	0.36363636363636365	True
2614	2066	0.2727272727272727	False
2614	2055	0.18181818181818182	True
2614	287	0.09090909090909091	True
3510	3590	0.9090909090909091	False
3510	971	0.8181818181818182	False
3510	287	0.7272727272727273	True
3510	3314	0.6363636363636364	True
3510	3107	0.5454545454545454	True
3510	2055	0.45454545454545453	True
3510	2066	0.36363636363636365	False
3510	3113	0.2727272727272727	False
3510	804	0.18181818181818182	True
3510	3938	0.09090909090909091	True
1636	3590	0.9090909090909091	False
1636	2066	0.8181818181818182	False
1636	3113	0.7272727272727273	False
1636	1434	0.6363636363636364	True
1636	2820	0.5454545454545454	True
1636	971	0.45454545454545453	False
1636	2283	0.36363636363636365	False
1636	2331	0.2727272727272727	True
1636	3938	0.18181818181818182	True
1636	3363	0.09090909090909091	True
3133	3590	0.9090909090909091	False
3133	114	0.8181818181818182	True
3133	971	0.7272727272727273	False
3133	2066	0.6363636363636364	False
3133	2283	0.5454545454545454	False
3133	287	0.45454545454545453	True
3133	1943	0.36363636363636365	True
3133	3486	0.2727272727272727	True
3133	1434	0.18181818181818182	True
3133	3938	0.09090909090909091	True
5343	3590	0.9090909090909091	False
5343	971	0.8181818181818182	False
5343	2066	0.7272727272727273	False
5343	1772	0.6363636363636364	True
5343	3107	0.5454545454545454	True
5343	287	0.45454545454545453	True
5343	114	0.36363636363636365	True
5343	3113	0.2727272727272727	False
5343	1943	0.18181818181818182	True
5343	204	0.09090909090909091	True
5253	3590	0.9090909090909091	False
5253	971	0.8181818181818182	False
5253	1943	0.7272727272727273	True
5253	3113	0.6363636363636364	False
5253	804	0.5454545454545454	True
5253	2283	0.45454545454545453	False
5253	3314	0.36363636363636365	True
5253	287	0.2727272727272727	True
5253	114	0.18181818181818182	True
5253	3938	0.09090909090909091	True
5676	3590	0.9090909090909091	False
5676	2066	0.8181818181818182	False
5676	1434	0.7272727272727273	True
5676	3113	0.6363636363636364	False
5676	2283	0.5454545454545454	False
5676	3938	0.45454545454545453	True
5676	971	0.36363636363636365	False
5676	1772	0.2727272727272727	True
5676	114	0.18181818181818182	True
5676	3107	0.09090909090909091	True
163	3590	0.9090909090909091	False
163	2066	0.8181818181818182	False
163	971	0.7272727272727273	False
163	3113	0.6363636363636364	False
163	3107	0.5454545454545454	True
163	2820	0.45454545454545453	True
163	1434	0.36363636363636365	True
163	1772	0.2727272727272727	True
163	287	0.18181818181818182	True
163	2331	0.09090909090909091	True
372	3590	0.9090909090909091	False
372	3113	0.8181818181818182	False
372	971	0.7272727272727273	False
372	2283	0.6363636363636364	False
372	1943	0.5454545454545454	True
372	114	0.45454545454545453	True
372	3486	0.36363636363636365	True
372	1804	0.2727272727272727	True
372	287	0.18181818181818182	True
372	1682	0.09090909090909091	True
1299	3590	0.9090909090909091	False
1299	2331	0.8181818181818182	True
1299	2283	0.7272727272727273	False
1299	3107	0.6363636363636364	True
1299	287	0.5454545454545454	True
1299	2066	0.45454545454545453	False
1299	1434	0.36363636363636365	True
1299	2820	0.2727272727272727	True
1299	3314	0.18181818181818182	True
1299	1484	0.09090909090909091	True
4550	3590	0.9090909090909091	False
4550	3107	0.8181818181818182	True
4550	287	0.7272727272727273	True
4550	2331	0.6363636363636364	True
4550	2066	0.5454545454545454	False
4550	1484	0.45454545454545453	True
4550	971	0.36363636363636365	False
4550	3314	0.2727272727272727	True
4550	114	0.18181818181818182	True
4550	2283	0.09090909090909091	False
3854	3590	0.9090909090909091	False
3854	3486	0.8181818181818182	True
3854	2066	0.7272727272727273	False
3854	971	0.6363636363636364	False
3854	287	0.5454545454545454	True
3854	1943	0.45454545454545453	True
3854	2820	0.36363636363636365	True
3854	3938	0.2727272727272727	True
3854	204	0.18181818181818182	True
3854	3113	0.09090909090909091	False
1157	3590	0.9090909090909091	False
1157	971	0.8181818181818182	False
1157	3938	0.7272727272727273	True
1157	3314	0.6363636363636364	True
1157	3113	0.5454545454545454	False
1157	2066	0.45454545454545453	False
1157	3107	0.36363636363636365	True
1157	804	0.2727272727272727	True
1157	3486	0.18181818181818182	True
1157	1943	0.09090909090909091	True
5081	971	0.9090909090909091	False
5081	3590	0.8181818181818182	False
5081	3113	0.7272727272727273	False
5081	2820	0.6363636363636364	True
5081	2066	0.5454545454545454	False
5081	3938	0.45454545454545453	True
5081	3314	0.36363636363636365	True
5081	2283	0.2727272727272727	False
5081	1434	0.18181818181818182	True
5081	2055	0.09090909090909091	True
4867	3590	0.9090909090909091	False
4867	971	0.8181818181818182	False
4867	3107	0.7272727272727273	True
4867	114	0.6363636363636364	True
4867	3113	0.5454545454545454	False
4867	3486	0.45454545454545453	True
4867	2066	0.36363636363636365	False
4867	3938	0.2727272727272727	True
4867	3314	0.18181818181818182	True
4867	1434	0.09090909090909091	True
3642	3590	0.9090909090909091	False
3642	3113	0.8181818181818182	False
3642	971	0.7272727272727273	False
3642	1772	0.6363636363636364	True
3642	2066	0.5454545454545454	False
3642	2820	0.45454545454545453	True
3642	2283	0.36363636363636365	False
3642	1943	0.2727272727272727	True
3642	287	0.18181818181818182	True
3642	114	0.09090909090909091	True
4815	3590	0.9090909090909091	False
4815	2066	0.8181818181818182	False
4815	971	0.7272727272727273	False
4815	3107	0.6363636363636364	True
4815	2283	0.5454545454545454	False
4815	3113	0.45454545454545453	False
4815	114	0.36363636363636365	True
4815	287	0.2727272727272727	True
4815	2331	0.18181818181818182	True
4815	3314	0.09090909090909091	True
4439	3590	0.9090909090909091	False
4439	2820	0.8181818181818182	True
4439	971	0.7272727272727273	False
4439	3113	0.6363636363636364	False
4439	2283	0.5454545454545454	False
4439	3107	0.45454545454545453	True
4439	2055	0.36363636363636365	True
4439	2066	0.2727272727272727	False
4439	287	0.18181818181818182	True
4439	2331	0.09090909090909091	True
4753	3590	0.9090909090909091	False
4753	971	0.8181818181818182	False
4753	114	0.7272727272727273	True
4753	1943	0.6363636363636364	True
4753	3314	0.5454545454545454	True
4753	204	0.45454545454545453	True
4753	3363	0.36363636363636365	True
4753	287	0.2727272727272727	True
4753	2066	0.18181818181818182	False
4753	3107	0.09090909090909091	True
3425	3590	0.9090909090909091	False
3425	3113	0.8181818181818182	False
3425	2283	0.7272727272727273	False
3425	971	0.6363636363636364	False
3425	1434	0.5454545454545454	True
3425	2066	0.45454545454545453	False
3425	3486	0.36363636363636365	True
3425	114	0.2727272727272727	True
3425	3938	0.18181818181818182	True
3425	2055	0.09090909090909091	True
2105	3590	0.9090909090909091	False
2105	287	0.8181818181818182	True
2105	2066	0.7272727272727273	False
2105	1434	0.6363636363636364	True
2105	3938	0.5454545454545454	True
2105	3113	0.45454545454545453	False
2105	3363	0.36363636363636365	True
2105	971	0.2727272727272727	False
2105	2283	0.18181818181818182	False
2105	1943	0.09090909090909091	True
3732	3590	0.9090909090909091	False
3732	971	0.8181818181818182	False
3732	3113	0.7272727272727273	False
3732	2283	0.6363636363636364	False
3732	3486	0.5454545454545454	True
3732	2066	0.45454545454545453	False
3732	114	0.36363636363636365	True
3732	2820	0.2727272727272727	True
3732	1943	0.18181818181818182	True
3732	3107	0.09090909090909091	True
5347	3590	0.9090909090909091	False
5347	971	0.8181818181818182	False
5347	114	0.7272727272727273	True
5347	1943	0.6363636363636364	True
5347	2283	0.5454545454545454	False
5347	2066	0.45454545454545453	False
5347	3113	0.36363636363636365	False
5347	1772	0.2727272727272727	True
5347	3486	0.18181818181818182	True
5347	204	0.09090909090909091	True
4613	3590	0.9090909090909091	False
4613	971	0.8181818181818182	False
4613	3107	0.7272727272727273	True
4613	2066	0.6363636363636364	False
4613	114	0.5454545454545454	True
4613	3113	0.45454545454545453	False
4613	3486	0.36363636363636365	True
4613	2304	0.2727272727272727	True
4613	2283	0.18181818181818182	False
4613	1943	0.09090909090909091	True
4161	3590	0.9090909090909091	False
4161	2283	0.8181818181818182	False
4161	3113	0.7272727272727273	False
4161	971	0.6363636363636364	False
4161	3314	0.5454545454545454	True
4161	3486	0.45454545454545453	True
4161	114	0.36363636363636365	True
4161	2066	0.2727272727272727	False
4161	2055	0.18181818181818182	True
4161	3107	0.09090909090909091	True
5278	3590	0.9090909090909091	False
5278	114	0.8181818181818182	True
5278	2055	0.7272727272727273	True
5278	971	0.6363636363636364	False
5278	287	0.5454545454545454	True
5278	2066	0.45454545454545453	False
5278	3107	0.36363636363636365	True
5278	2283	0.2727272727272727	False
5278	3113	0.18181818181818182	False
5278	3314	0.09090909090909091	True
5731	3590	0.9090909090909091	False
5731	3113	0.8181818181818182	False
5731	2066	0.7272727272727273	False
5731	1434	0.6363636363636364	True
5731	971	0.5454545454545454	False
5731	3107	0.45454545454545453	True
5731	2283	0.36363636363636365	False
5731	2331	0.2727272727272727	True
5731	3486	0.18181818181818182	True
5731	2820	0.09090909090909091	True
3306	3590	0.9090909090909091	False
3306	971	0.8181818181818182	False
3306	3113	0.7272727272727273	False
3306	1434	0.6363636363636364	True
3306	3938	0.5454545454545454	True
3306	2820	0.45454545454545453	True
3306	114	0.36363636363636365	True
3306	3314	0.2727272727272727	True
3306	3107	0.18181818181818182	True
3306	804	0.09090909090909091	True
5380	3590	0.9090909090909091	False
5380	3113	0.8181818181818182	False
5380	3938	0.7272727272727273	True
5380	2820	0.6363636363636364	True
5380	971	0.5454545454545454	False
5380	2331	0.45454545454545453	True
5380	2066	0.36363636363636365	False
5380	3314	0.2727272727272727	True
5380	1434	0.18181818181818182	True
5380	2283	0.09090909090909091	False
1846	3590	0.9090909090909091	False
1846	2066	0.8181818181818182	False
1846	2283	0.7272727272727273	False
1846	3113	0.6363636363636364	False
1846	971	0.5454545454545454	False
1846	3107	0.45454545454545453	True
1846	2820	0.36363636363636365	True
1846	114	0.2727272727272727	True
1846	1943	0.18181818181818182	True
1846	287	0.09090909090909091	True
4813	3590	0.9090909090909091	False
4813	2066	0.8181818181818182	False
4813	3107	0.7272727272727273	True
4813	3314	0.6363636363636364	True
4813	3363	0.5454545454545454	True
4813	3486	0.45454545454545453	True
4813	1943	0.36363636363636365	True
4813	2283	0.2727272727272727	False
4813	114	0.18181818181818182	True
4813	287	0.09090909090909091	True
5788	3590	0.9090909090909091	False
5788	2283	0.8181818181818182	False
5788	3113	0.7272727272727273	False
5788	971	0.6363636363636364	False
5788	1943	0.5454545454545454	True
5788	114	0.45454545454545453	True
5788	2066	0.36363636363636365	False
5788	3107	0.2727272727272727	True
5788	3938	0.18181818181818182	True
5788	3486	0.09090909090909091	True
3216	3590	0.9090909090909091	False
3216	3314	0.8181818181818182	True
3216	2283	0.7272727272727273	False
3216	3107	0.6363636363636364	True
3216	1943	0.5454545454545454	True
3216	3938	0.45454545454545453	True
3216	2820	0.36363636363636365	True
3216	971	0.2727272727272727	False
3216	204	0.18181818181818182	True
3216	804	0.09090909090909091	True
3021	3590	0.9090909090909091	False
3021	971	0.8181818181818182	False
3021	3113	0.7272727272727273	False
3021	2066	0.6363636363636364	False
3021	3107	0.5454545454545454	True
3021	2331	0.45454545454545453	True
3021	2283	0.36363636363636365	False
3021	114	0.2727272727272727	True
3021	287	0.18181818181818182	True
3021	1772	0.09090909090909091	True
5598	3590	0.9090909090909091	False
5598	3363	0.8181818181818182	True
5598	114	0.7272727272727273	True
5598	2066	0.6363636363636364	False
5598	2283	0.5454545454545454	False
5598	1434	0.45454545454545453	True
5598	2055	0.36363636363636365	True
5598	287	0.2727272727272727	True
5598	1943	0.18181818181818182	True
5598	3486	0.09090909090909091	True
3457	3590	0.9090909090909091	False
3457	2820	0.8181818181818182	True
3457	2283	0.7272727272727273	False
3457	971	0.6363636363636364	False
3457	3113	0.5454545454545454	False
3457	3938	0.45454545454545453	True
3457	3486	0.36363636363636365	True
3457	2066	0.2727272727272727	False
3457	3107	0.18181818181818182	True
3457	2331	0.09090909090909091	True
3581	3590	0.9090909090909091	False
3581	2820	0.8181818181818182	True
3581	2331	0.7272727272727273	True
3581	287	0.6363636363636364	True
3581	2066	0.5454545454545454	False
3581	971	0.45454545454545453	False
3581	3938	0.36363636363636365	True
3581	2283	0.2727272727272727	False
3581	3314	0.18181818181818182	True
3581	3107	0.09090909090909091	True
1071	3590	0.9090909090909091	False
1071	971	0.8181818181818182	False
1071	1434	0.7272727272727273	True
1071	3113	0.6363636363636364	False
1071	2055	0.5454545454545454	True
1071	2283	0.45454545454545453	False
1071	2066	0.36363636363636365	False
1071	114	0.2727272727272727	True
1071	2820	0.18181818181818182	True
1071	3314	0.09090909090909091	True
4138	3590	0.9090909090909091	False
4138	2283	0.8181818181818182	False
4138	2066	0.7272727272727273	False
4138	114	0.6363636363636364	True
4138	1434	0.5454545454545454	True
4138	3113	0.45454545454545453	False
4138	3314	0.36363636363636365	True
4138	3486	0.2727272727272727	True
4138	3938	0.18181818181818182	True
4138	971	0.09090909090909091	False
2708	3590	0.9090909090909091	False
2708	114	0.8181818181818182	True
2708	971	0.7272727272727273	False
2708	2066	0.6363636363636364	False
2708	2283	0.5454545454545454	False
2708	3107	0.45454545454545453	True
2708	2055	0.36363636363636365	True
2708	3938	0.2727272727272727	True
2708	3314	0.18181818181818182	True
2708	804	0.09090909090909091	True
2630	3590	0.9090909090909091	False
2630	971	0.8181818181818182	False
2630	3113	0.7272727272727273	False
2630	3314	0.6363636363636364	True
2630	2283	0.5454545454545454	False
2630	2055	0.45454545454545453	True
2630	804	0.36363636363636365	True
2630	2066	0.2727272727272727	False
2630	3938	0.18181818181818182	True
2630	114	0.09090909090909091	True
482	3590	0.9090909090909091	False
482	1943	0.8181818181818182	True
482	971	0.7272727272727273	False
482	3107	0.6363636363636364	True
482	114	0.5454545454545454	True
482	287	0.45454545454545453	True
482	2066	0.36363636363636365	False
482	2283	0.2727272727272727	False
482	3938	0.18181818181818182	True
482	3486	0.09090909090909091	True
4308	3590	0.9090909090909091	False
4308	971	0.8181818181818182	False
4308	2820	0.7272727272727273	True
4308	2283	0.6363636363636364	False
4308	3113	0.5454545454545454	False
4308	2066	0.45454545454545453	False
4308	3314	0.36363636363636365	True
4308	114	0.2727272727272727	True
4308	2331	0.18181818181818182	True
4308	2055	0.09090909090909091	True
2604	3590	0.9090909090909091	False
2604	3107	0.8181818181818182	True
2604	3314	0.7272727272727273	True
2604	287	0.6363636363636364	True
2604	971	0.5454545454545454	False
2604	2055	0.45454545454545453	True
2604	3113	0.36363636363636365	False
2604	1089	0.2727272727272727	True
2604	3938	0.18181818181818182	True
2604	3363	0.09090909090909091	True
575	3590	0.9090909090909091	False
575	971	0.8181818181818182	False
575	114	0.7272727272727273	True
575	2283	0.6363636363636364	False
575	2066	0.5454545454545454	False
575	3938	0.45454545454545453	True
575	2331	0.36363636363636365	True
575	1434	0.2727272727272727	True
575	3113	0.18181818181818182	False
575	2055	0.09090909090909091	True
676	3590	0.9090909090909091	False
676	971	0.8181818181818182	False
676	3113	0.7272727272727273	False
676	2283	0.6363636363636364	False
676	114	0.5454545454545454	True
676	2055	0.45454545454545453	True
676	804	0.36363636363636365	True
676	3486	0.2727272727272727	True
676	2066	0.18181818181818182	False
676	287	0.09090909090909091	True
4939	3590	0.9090909090909091	False
4939	2066	0.8181818181818182	False
4939	287	0.7272727272727273	True
4939	3486	0.6363636363636364	True
4939	3113	0.5454545454545454	False
4939	2820	0.45454545454545453	True
4939	3314	0.36363636363636365	True
4939	971	0.2727272727272727	False
4939	1943	0.18181818181818182	True
4939	1434	0.09090909090909091	True
1319	3590	0.9090909090909091	False
1319	114	0.8181818181818182	True
1319	971	0.7272727272727273	False
1319	2066	0.6363636363636364	False
1319	3107	0.5454545454545454	True
1319	2283	0.45454545454545453	False
1319	2055	0.36363636363636365	True
1319	287	0.2727272727272727	True
1319	1943	0.18181818181818182	True
1319	3314	0.09090909090909091	True
1432	3590	0.9090909090909091	False
1432	2331	0.8181818181818182	True
1432	2283	0.7272727272727273	False
1432	3938	0.6363636363636364	True
1432	2820	0.5454545454545454	True
1432	971	0.45454545454545453	False
1432	1434	0.36363636363636365	True
1432	3107	0.2727272727272727	True
1432	114	0.18181818181818182	True
1432	2066	0.09090909090909091	False
4924	3590	0.9090909090909091	False
4924	971	0.8181818181818182	False
4924	2066	0.7272727272727273	False
4924	804	0.6363636363636364	True
4924	114	0.5454545454545454	True
4924	3938	0.45454545454545453	True
4924	1943	0.36363636363636365	True
4924	3314	0.2727272727272727	True
4924	3113	0.18181818181818182	False
4924	287	0.09090909090909091	True
3004	3590	0.9090909090909091	False
3004	2066	0.8181818181818182	False
3004	3113	0.7272727272727273	False
3004	2820	0.6363636363636364	True
3004	2283	0.5454545454545454	False
3004	1943	0.45454545454545453	True
3004	3486	0.36363636363636365	True
3004	971	0.2727272727272727	False
3004	1434	0.18181818181818182	True
3004	1682	0.09090909090909091	True
2722	3590	0.9090909090909091	False
2722	971	0.8181818181818182	False
2722	804	0.7272727272727273	True
2722	114	0.6363636363636364	True
2722	3938	0.5454545454545454	True
2722	3113	0.45454545454545453	False
2722	3314	0.36363636363636365	True
2722	1434	0.2727272727272727	True
2722	1943	0.18181818181818182	True
2722	2066	0.09090909090909091	False
3704	3590	0.9090909090909091	False
3704	971	0.8181818181818182	False
3704	3107	0.7272727272727273	True
3704	114	0.6363636363636364	True
3704	2066	0.5454545454545454	False
3704	2304	0.45454545454545453	True
3704	3113	0.36363636363636365	False
3704	3938	0.2727272727272727	True
3704	3486	0.18181818181818182	True
3704	2283	0.09090909090909091	False
172	3590	0.9090909090909091	False
172	2066	0.8181818181818182	False
172	971	0.7272727272727273	False
172	2820	0.6363636363636364	True
172	3938	0.5454545454545454	True
172	3486	0.45454545454545453	True
172	287	0.36363636363636365	True
172	114	0.2727272727272727	True
172	3107	0.18181818181818182	True
172	1434	0.09090909090909091	True
1750	3590	0.9090909090909091	False
1750	971	0.8181818181818182	False
1750	2055	0.7272727272727273	True
1750	2283	0.6363636363636364	False
1750	2331	0.5454545454545454	True
1750	114	0.45454545454545453	True
1750	3113	0.36363636363636365	False
1750	3314	0.2727272727272727	True
1750	1484	0.18181818181818182	True
1750	287	0.09090909090909091	True
264	3590	0.9090909090909091	False
264	971	0.8181818181818182	False
264	2066	0.7272727272727273	False
264	2283	0.6363636363636364	False
264	114	0.5454545454545454	True
264	3107	0.45454545454545453	True
264	3113	0.36363636363636365	False
264	2304	0.2727272727272727	True
264	2055	0.18181818181818182	True
264	2331	0.09090909090909091	True
1073	3590	0.9090909090909091	False
1073	3107	0.8181818181818182	True
1073	2283	0.7272727272727273	False
1073	2820	0.6363636363636364	True
1073	2331	0.5454545454545454	True
1073	971	0.45454545454545453	False
1073	3363	0.36363636363636365	True
1073	2055	0.2727272727272727	True
1073	2066	0.18181818181818182	False
1073	1484	0.09090909090909091	True
2652	3590	0.9090909090909091	False
2652	114	0.8181818181818182	True
2652	971	0.7272727272727273	False
2652	2055	0.6363636363636364	True
2652	2283	0.5454545454545454	False
2652	3486	0.45454545454545453	True
2652	3107	0.36363636363636365	True
2652	2066	0.2727272727272727	False
2652	2820	0.18181818181818182	True
2652	1943	0.09090909090909091	True
1696	3590	0.9090909090909091	False
1696	2283	0.8181818181818182	False
1696	1434	0.7272727272727273	True
1696	971	0.6363636363636364	False
1696	114	0.5454545454545454	True
1696	2331	0.45454545454545453	True
1696	3113	0.36363636363636365	False
1696	3938	0.2727272727272727	True
1696	3107	0.18181818181818182	True
1696	2055	0.09090909090909091	True
5672	3590	0.9090909090909091	False
5672	2066	0.8181818181818182	False
5672	2331	0.7272727272727273	True
5672	287	0.6363636363636364	True
5672	114	0.5454545454545454	True
5672	3363	0.45454545454545453	True
5672	3107	0.36363636363636365	True
5672	1434	0.2727272727272727	True
5672	971	0.18181818181818182	False
5672	1484	0.09090909090909091	True
5170	3590	0.9090909090909091	False
5170	3314	0.8181818181818182	True
5170	971	0.7272727272727273	False
5170	114	0.6363636363636364	True
5170	2283	0.5454545454545454	False
5170	1943	0.45454545454545453	True
5170	2055	0.36363636363636365	True
5170	2820	0.2727272727272727	True
5170	2066	0.18181818181818182	False
5170	3938	0.09090909090909091	True
3412	3590	0.9090909090909091	False
3412	971	0.8181818181818182	False
3412	2066	0.7272727272727273	False
3412	287	0.6363636363636364	True
3412	3314	0.5454545454545454	True
3412	3113	0.45454545454545453	False
3412	1943	0.36363636363636365	True
3412	3107	0.2727272727272727	True
3412	3938	0.18181818181818182	True
3412	1772	0.09090909090909091	True
2439	3590	0.9090909090909091	False
2439	3107	0.8181818181818182	True
2439	971	0.7272727272727273	False
2439	2820	0.6363636363636364	True
2439	1943	0.5454545454545454	True
2439	3113	0.45454545454545453	False
2439	2066	0.36363636363636365	False
2439	3314	0.2727272727272727	True
2439	3938	0.18181818181818182	True
2439	3486	0.09090909090909091	True
5106	3590	0.9090909090909091	False
5106	3113	0.8181818181818182	False
5106	2066	0.7272727272727273	False
5106	2283	0.6363636363636364	False
5106	971	0.5454545454545454	False
5106	3314	0.45454545454545453	True
5106	1772	0.36363636363636365	True
5106	2055	0.2727272727272727	True
5106	3938	0.18181818181818182	True
5106	1943	0.09090909090909091	True
1553	3590	0.9090909090909091	False
1553	2066	0.8181818181818182	False
1553	971	0.7272727272727273	False
1553	1434	0.6363636363636364	True
1553	3113	0.5454545454545454	False
1553	3938	0.45454545454545453	True
1553	287	0.36363636363636365	True
1553	3314	0.2727272727272727	True
1553	2820	0.18181818181818182	True
1553	2331	0.09090909090909091	True
2228	3590	0.9090909090909091	False
2228	3113	0.8181818181818182	False
2228	971	0.7272727272727273	False
2228	287	0.6363636363636364	True
2228	2283	0.5454545454545454	False
2228	3314	0.45454545454545453	True
2228	3363	0.36363636363636365	True
2228	2066	0.2727272727272727	False
2228	2055	0.18181818181818182	True
2228	2331	0.09090909090909091	True
2844	3590	0.9090909090909091	False
2844	114	0.8181818181818182	True
2844	971	0.7272727272727273	False
2844	2283	0.6363636363636364	False
2844	3113	0.5454545454545454	False
2844	2066	0.45454545454545453	False
2844	1434	0.36363636363636365	True
2844	2331	0.2727272727272727	True
2844	2055	0.18181818181818182	True
2844	1772	0.09090909090909091	True
3163	3590	0.9090909090909091	False
3163	2066	0.8181818181818182	False
3163	3314	0.7272727272727273	True
3163	2055	0.6363636363636364	True
3163	287	0.5454545454545454	True
3163	3363	0.45454545454545453	True
3163	971	0.36363636363636365	False
3163	114	0.2727272727272727	True
3163	3938	0.18181818181818182	True
3163	3113	0.09090909090909091	False
45	3590	0.9090909090909091	False
45	3314	0.8181818181818182	True
45	2066	0.7272727272727273	False
45	3107	0.6363636363636364	True
45	2055	0.5454545454545454	True
45	2283	0.45454545454545453	False
45	3938	0.36363636363636365	True
45	2820	0.2727272727272727	True
45	287	0.18181818181818182	True
45	114	0.09090909090909091	True
2504	3590	0.9090909090909091	False
2504	2066	0.8181818181818182	False
2504	3107	0.7272727272727273	True
2504	971	0.6363636363636364	False
2504	287	0.5454545454545454	True
2504	3113	0.45454545454545453	False
2504	1089	0.36363636363636365	True
2504	2331	0.2727272727272727	True
2504	3363	0.18181818181818182	True
2504	1434	0.09090909090909091	True
1990	3590	0.9090909090909091	False
1990	287	0.8181818181818182	True
1990	2331	0.7272727272727273	True
1990	971	0.6363636363636364	False
1990	2055	0.5454545454545454	True
1990	2283	0.45454545454545453	False
1990	114	0.36363636363636365	True
1990	3938	0.2727272727272727	True
1990	1434	0.18181818181818182	True
1990	3056	0.09090909090909091	True
3347	3590	0.9090909090909091	False
3347	2066	0.8181818181818182	False
3347	287	0.7272727272727273	True
3347	3107	0.6363636363636364	True
3347	971	0.5454545454545454	False
3347	2331	0.45454545454545453	True
3347	3938	0.36363636363636365	True
3347	2304	0.2727272727272727	True
3347	2820	0.18181818181818182	True
3347	3113	0.09090909090909091	False
