5949	105	0.9090909090909091	False
5949	3670	0.8181818181818182	False
5949	3173	0.7272727272727273	True
5949	3008	0.6363636363636364	False
5949	1822	0.5454545454545454	False
5949	640	0.45454545454545453	False
5949	588	0.36363636363636365	True
5949	725	0.2727272727272727	True
5949	3134	0.18181818181818182	True
5949	581	0.09090909090909091	True
2948	105	0.9090909090909091	False
2948	1822	0.8181818181818182	False
2948	3670	0.7272727272727273	False
2948	3008	0.6363636363636364	False
2948	725	0.5454545454545454	True
2948	588	0.45454545454545453	True
2948	3173	0.36363636363636365	True
2948	640	0.2727272727272727	False
2948	3134	0.18181818181818182	True
2948	581	0.09090909090909091	True
4237	105	0.9090909090909091	False
4237	3670	0.8181818181818182	False
4237	1822	0.7272727272727273	False
4237	3008	0.6363636363636364	False
4237	3173	0.5454545454545454	True
4237	640	0.45454545454545453	False
4237	725	0.36363636363636365	True
4237	588	0.2727272727272727	True
4237	3134	0.18181818181818182	True
4237	581	0.09090909090909091	True
1516	105	0.9090909090909091	False
1516	3173	0.8181818181818182	True
1516	3670	0.7272727272727273	False
1516	3008	0.6363636363636364	False
1516	640	0.5454545454545454	False
1516	725	0.45454545454545453	True
1516	1822	0.36363636363636365	False
1516	588	0.2727272727272727	True
1516	3134	0.18181818181818182	True
1516	581	0.09090909090909091	True
4466	105	0.9090909090909091	False
4466	1822	0.8181818181818182	False
4466	3173	0.7272727272727273	True
4466	640	0.6363636363636364	False
4466	3670	0.5454545454545454	False
4466	588	0.45454545454545453	True
4466	3008	0.36363636363636365	False
4466	725	0.2727272727272727	True
4466	3134	0.18181818181818182	True
4466	581	0.09090909090909091	True
4079	105	0.9090909090909091	False
4079	3173	0.8181818181818182	True
4079	1822	0.7272727272727273	False
4079	725	0.6363636363636364	True
4079	588	0.5454545454545454	True
4079	3670	0.45454545454545453	False
4079	640	0.36363636363636365	False
4079	3008	0.2727272727272727	False
4079	3134	0.18181818181818182	True
4079	581	0.09090909090909091	True
1429	105	0.9090909090909091	False
1429	3008	0.8181818181818182	False
1429	588	0.7272727272727273	True
1429	3670	0.6363636363636364	False
1429	640	0.5454545454545454	False
1429	1822	0.45454545454545453	False
1429	3173	0.36363636363636365	True
1429	3134	0.2727272727272727	True
1429	725	0.18181818181818182	True
1429	3865	0.09090909090909091	True
4845	105	0.9090909090909091	False
4845	3670	0.8181818181818182	False
4845	3008	0.7272727272727273	False
4845	725	0.6363636363636364	True
4845	640	0.5454545454545454	False
4845	3173	0.45454545454545453	True
4845	1822	0.36363636363636365	False
4845	3134	0.2727272727272727	True
4845	588	0.18181818181818182	True
4845	581	0.09090909090909091	True
1304	105	0.9090909090909091	False
1304	3173	0.8181818181818182	True
1304	3670	0.7272727272727273	False
1304	3008	0.6363636363636364	False
1304	1822	0.5454545454545454	False
1304	725	0.45454545454545453	True
1304	640	0.36363636363636365	False
1304	3134	0.2727272727272727	True
1304	588	0.18181818181818182	True
1304	581	0.09090909090909091	True
127	105	0.9090909090909091	False
127	3173	0.8181818181818182	True
127	588	0.7272727272727273	True
127	725	0.6363636363636364	True
127	1822	0.5454545454545454	False
127	3670	0.45454545454545453	False
127	3008	0.36363636363636365	False
127	3134	0.2727272727272727	True
127	640	0.18181818181818182	False
127	581	0.09090909090909091	True
4875	105	0.9090909090909091	False
4875	3008	0.8181818181818182	False
4875	3173	0.7272727272727273	True
4875	3670	0.6363636363636364	False
4875	640	0.5454545454545454	False
4875	725	0.45454545454545453	True
4875	3134	0.36363636363636365	True
4875	1822	0.2727272727272727	False
4875	588	0.18181818181818182	True
4875	3865	0.09090909090909091	True
4477	105	0.9090909090909091	False
4477	3173	0.8181818181818182	True
4477	1822	0.7272727272727273	False
4477	3670	0.6363636363636364	False
4477	3008	0.5454545454545454	False
4477	640	0.45454545454545453	False
4477	3134	0.36363636363636365	True
4477	725	0.2727272727272727	True
4477	588	0.18181818181818182	True
4477	581	0.09090909090909091	True
2740	105	0.9090909090909091	False
2740	3670	0.8181818181818182	False
2740	3008	0.7272727272727273	False
2740	3173	0.6363636363636364	True
2740	640	0.5454545454545454	False
2740	1822	0.45454545454545453	False
2740	3134	0.36363636363636365	True
2740	725	0.2727272727272727	True
2740	588	0.18181818181818182	True
2740	581	0.09090909090909091	True
3013	105	0.9090909090909091	False
3013	3173	0.8181818181818182	True
3013	1822	0.7272727272727273	False
3013	640	0.6363636363636364	False
3013	725	0.5454545454545454	True
3013	3670	0.45454545454545453	False
3013	3008	0.36363636363636365	False
3013	3134	0.2727272727272727	True
3013	588	0.18181818181818182	True
3013	581	0.09090909090909091	True
4255	3173	0.9090909090909091	True
4255	105	0.8181818181818182	False
4255	640	0.7272727272727273	False
4255	1822	0.6363636363636364	False
4255	588	0.5454545454545454	True
4255	3670	0.45454545454545453	False
4255	725	0.36363636363636365	True
4255	3008	0.2727272727272727	False
4255	3134	0.18181818181818182	True
4255	581	0.09090909090909091	True
922	105	0.9090909090909091	False
922	3173	0.8181818181818182	True
922	1822	0.7272727272727273	False
922	3670	0.6363636363636364	False
922	640	0.5454545454545454	False
922	3008	0.45454545454545453	False
922	588	0.36363636363636365	True
922	725	0.2727272727272727	True
922	3134	0.18181818181818182	True
922	581	0.09090909090909091	True
3859	105	0.9090909090909091	False
3859	1822	0.8181818181818182	False
3859	3670	0.7272727272727273	False
3859	588	0.6363636363636364	True
3859	3173	0.5454545454545454	True
3859	640	0.45454545454545453	False
3859	3008	0.36363636363636365	False
3859	725	0.2727272727272727	True
3859	3134	0.18181818181818182	True
3859	581	0.09090909090909091	True
1094	105	0.9090909090909091	False
1094	3008	0.8181818181818182	False
1094	3173	0.7272727272727273	True
1094	1822	0.6363636363636364	False
1094	725	0.5454545454545454	True
1094	3670	0.45454545454545453	False
1094	640	0.36363636363636365	False
1094	588	0.2727272727272727	True
1094	3134	0.18181818181818182	True
1094	581	0.09090909090909091	True
497	105	0.9090909090909091	False
497	3670	0.8181818181818182	False
497	3008	0.7272727272727273	False
497	1822	0.6363636363636364	False
497	3173	0.5454545454545454	True
497	640	0.45454545454545453	False
497	3134	0.36363636363636365	True
497	725	0.2727272727272727	True
497	588	0.18181818181818182	True
497	581	0.09090909090909091	True
5701	105	0.9090909090909091	False
5701	3173	0.8181818181818182	True
5701	3670	0.7272727272727273	False
5701	1822	0.6363636363636364	False
5701	725	0.5454545454545454	True
5701	3008	0.45454545454545453	False
5701	640	0.36363636363636365	False
5701	588	0.2727272727272727	True
5701	3134	0.18181818181818182	True
5701	581	0.09090909090909091	True
2937	105	0.9090909090909091	False
2937	3173	0.8181818181818182	True
2937	640	0.7272727272727273	False
2937	3008	0.6363636363636364	False
2937	1822	0.5454545454545454	False
2937	3670	0.45454545454545453	False
2937	725	0.36363636363636365	True
2937	3134	0.2727272727272727	True
2937	588	0.18181818181818182	True
2937	581	0.09090909090909091	True
5537	3008	0.9090909090909091	False
5537	105	0.8181818181818182	False
5537	640	0.7272727272727273	False
5537	1822	0.6363636363636364	False
5537	3670	0.5454545454545454	False
5537	3173	0.45454545454545453	True
5537	588	0.36363636363636365	True
5537	3134	0.2727272727272727	True
5537	725	0.18181818181818182	True
5537	3865	0.09090909090909091	True
3134	105	0.9090909090909091	False
3134	3173	0.8181818181818182	True
3134	3670	0.7272727272727273	False
3134	640	0.6363636363636364	False
3134	3008	0.5454545454545454	False
3134	1822	0.45454545454545453	False
3134	588	0.36363636363636365	True
3134	725	0.2727272727272727	True
3134	3134	0.18181818181818182	True
3134	581	0.09090909090909091	True
1445	105	0.9090909090909091	False
1445	1822	0.8181818181818182	False
1445	588	0.7272727272727273	True
1445	725	0.6363636363636364	True
1445	3670	0.5454545454545454	False
1445	3008	0.45454545454545453	False
1445	3173	0.36363636363636365	True
1445	640	0.2727272727272727	False
1445	3134	0.18181818181818182	True
1445	581	0.09090909090909091	True
5626	105	0.9090909090909091	False
5626	3008	0.8181818181818182	False
5626	1822	0.7272727272727273	False
5626	3670	0.6363636363636364	False
5626	588	0.5454545454545454	True
5626	640	0.45454545454545453	False
5626	3173	0.36363636363636365	True
5626	725	0.2727272727272727	True
5626	3134	0.18181818181818182	True
5626	581	0.09090909090909091	True
5818	105	0.9090909090909091	False
5818	3173	0.8181818181818182	True
5818	3134	0.7272727272727273	True
5818	3670	0.6363636363636364	False
5818	1822	0.5454545454545454	False
5818	3008	0.45454545454545453	False
5818	725	0.36363636363636365	True
5818	588	0.2727272727272727	True
5818	640	0.18181818181818182	False
5818	581	0.09090909090909091	True
360	105	0.9090909090909091	False
360	3173	0.8181818181818182	True
360	1822	0.7272727272727273	False
360	725	0.6363636363636364	True
360	588	0.5454545454545454	True
360	3008	0.45454545454545453	False
360	3670	0.36363636363636365	False
360	640	0.2727272727272727	False
360	3134	0.18181818181818182	True
360	581	0.09090909090909091	True
1369	105	0.9090909090909091	False
1369	3173	0.8181818181818182	True
1369	725	0.7272727272727273	True
1369	3670	0.6363636363636364	False
1369	3008	0.5454545454545454	False
1369	588	0.45454545454545453	True
1369	3134	0.36363636363636365	True
1369	1822	0.2727272727272727	False
1369	640	0.18181818181818182	False
1369	581	0.09090909090909091	True
4342	105	0.9090909090909091	False
4342	1822	0.8181818181818182	False
4342	725	0.7272727272727273	True
4342	588	0.6363636363636364	True
4342	3173	0.5454545454545454	True
4342	640	0.45454545454545453	False
4342	3670	0.36363636363636365	False
4342	3008	0.2727272727272727	False
4342	3134	0.18181818181818182	True
4342	581	0.09090909090909091	True
2503	105	0.9090909090909091	False
2503	3670	0.8181818181818182	False
2503	640	0.7272727272727273	False
2503	725	0.6363636363636364	True
2503	3173	0.5454545454545454	True
2503	3008	0.45454545454545453	False
2503	1822	0.36363636363636365	False
2503	3134	0.2727272727272727	True
2503	588	0.18181818181818182	True
2503	581	0.09090909090909091	True
1573	105	0.9090909090909091	False
1573	3173	0.8181818181818182	True
1573	640	0.7272727272727273	False
1573	3008	0.6363636363636364	False
1573	3670	0.5454545454545454	False
1573	725	0.45454545454545453	True
1573	1822	0.36363636363636365	False
1573	3134	0.2727272727272727	True
1573	588	0.18181818181818182	True
1573	3865	0.09090909090909091	True
2834	3173	0.9090909090909091	True
2834	105	0.8181818181818182	False
2834	3670	0.7272727272727273	False
2834	725	0.6363636363636364	True
2834	3008	0.5454545454545454	False
2834	1822	0.45454545454545453	False
2834	640	0.36363636363636365	False
2834	3134	0.2727272727272727	True
2834	588	0.18181818181818182	True
2834	581	0.09090909090909091	True
4345	105	0.9090909090909091	False
4345	3670	0.8181818181818182	False
4345	3008	0.7272727272727273	False
4345	588	0.6363636363636364	True
4345	1822	0.5454545454545454	False
4345	725	0.45454545454545453	True
4345	640	0.36363636363636365	False
4345	3173	0.2727272727272727	True
4345	3134	0.18181818181818182	True
4345	581	0.09090909090909091	True
953	105	0.9090909090909091	False
953	3173	0.8181818181818182	True
953	3670	0.7272727272727273	False
953	725	0.6363636363636364	True
953	640	0.5454545454545454	False
953	3008	0.45454545454545453	False
953	1822	0.36363636363636365	False
953	3134	0.2727272727272727	True
953	588	0.18181818181818182	True
953	581	0.09090909090909091	True
5211	105	0.9090909090909091	False
5211	3173	0.8181818181818182	True
5211	725	0.7272727272727273	True
5211	588	0.6363636363636364	True
5211	3008	0.5454545454545454	False
5211	640	0.45454545454545453	False
5211	1822	0.36363636363636365	False
5211	3670	0.2727272727272727	False
5211	581	0.18181818181818182	True
5211	3134	0.09090909090909091	True
2136	105	0.9090909090909091	False
2136	3008	0.8181818181818182	False
2136	725	0.7272727272727273	True
2136	3173	0.6363636363636364	True
2136	1822	0.5454545454545454	False
2136	588	0.45454545454545453	True
2136	640	0.36363636363636365	False
2136	3670	0.2727272727272727	False
2136	3134	0.18181818181818182	True
2136	581	0.09090909090909091	True
3257	105	0.9090909090909091	False
3257	1822	0.8181818181818182	False
3257	3173	0.7272727272727273	True
3257	588	0.6363636363636364	True
3257	725	0.5454545454545454	True
3257	3670	0.45454545454545453	False
3257	3008	0.36363636363636365	False
3257	640	0.2727272727272727	False
3257	3134	0.18181818181818182	True
3257	581	0.09090909090909091	True
3089	105	0.9090909090909091	False
3089	3173	0.8181818181818182	True
3089	640	0.7272727272727273	False
3089	588	0.6363636363636364	True
3089	1822	0.5454545454545454	False
3089	725	0.45454545454545453	True
3089	3008	0.36363636363636365	False
3089	3670	0.2727272727272727	False
3089	3134	0.18181818181818182	True
3089	581	0.09090909090909091	True
1246	105	0.9090909090909091	False
1246	3173	0.8181818181818182	True
1246	3670	0.7272727272727273	False
1246	1822	0.6363636363636364	False
1246	3008	0.5454545454545454	False
1246	725	0.45454545454545453	True
1246	3134	0.36363636363636365	True
1246	588	0.2727272727272727	True
1246	640	0.18181818181818182	False
1246	581	0.09090909090909091	True
4026	105	0.9090909090909091	False
4026	3173	0.8181818181818182	True
4026	725	0.7272727272727273	True
4026	640	0.6363636363636364	False
4026	3670	0.5454545454545454	False
4026	1822	0.45454545454545453	False
4026	3008	0.36363636363636365	False
4026	588	0.2727272727272727	True
4026	3134	0.18181818181818182	True
4026	581	0.09090909090909091	True
1184	105	0.9090909090909091	False
1184	3008	0.8181818181818182	False
1184	3670	0.7272727272727273	False
1184	3134	0.6363636363636364	True
1184	3173	0.5454545454545454	True
1184	1822	0.45454545454545453	False
1184	640	0.36363636363636365	False
1184	725	0.2727272727272727	True
1184	588	0.18181818181818182	True
1184	581	0.09090909090909091	True
3471	105	0.9090909090909091	False
3471	1822	0.8181818181818182	False
3471	3173	0.7272727272727273	True
3471	725	0.6363636363636364	True
3471	3670	0.5454545454545454	False
3471	3008	0.45454545454545453	False
3471	588	0.36363636363636365	True
3471	640	0.2727272727272727	False
3471	3134	0.18181818181818182	True
3471	581	0.09090909090909091	True
723	105	0.9090909090909091	False
723	3008	0.8181818181818182	False
723	3173	0.7272727272727273	True
723	3670	0.6363636363636364	False
723	1822	0.5454545454545454	False
723	588	0.45454545454545453	True
723	640	0.36363636363636365	False
723	725	0.2727272727272727	True
723	3134	0.18181818181818182	True
723	581	0.09090909090909091	True
5113	105	0.9090909090909091	False
5113	3173	0.8181818181818182	True
5113	3670	0.7272727272727273	False
5113	3008	0.6363636363636364	False
5113	640	0.5454545454545454	False
5113	725	0.45454545454545453	True
5113	1822	0.36363636363636365	False
5113	588	0.2727272727272727	True
5113	3134	0.18181818181818182	True
5113	581	0.09090909090909091	True
3409	105	0.9090909090909091	False
3409	3173	0.8181818181818182	True
3409	725	0.7272727272727273	True
3409	640	0.6363636363636364	False
3409	3008	0.5454545454545454	False
3409	588	0.45454545454545453	True
3409	1822	0.36363636363636365	False
3409	3670	0.2727272727272727	False
3409	3134	0.18181818181818182	True
3409	581	0.09090909090909091	True
3456	105	0.9090909090909091	False
3456	3173	0.8181818181818182	True
3456	588	0.7272727272727273	True
3456	1822	0.6363636363636364	False
3456	3670	0.5454545454545454	False
3456	3008	0.45454545454545453	False
3456	640	0.36363636363636365	False
3456	725	0.2727272727272727	True
3456	3134	0.18181818181818182	True
3456	581	0.09090909090909091	True
4551	105	0.9090909090909091	False
4551	3173	0.8181818181818182	True
4551	3670	0.7272727272727273	False
4551	1822	0.6363636363636364	False
4551	3008	0.5454545454545454	False
4551	640	0.45454545454545453	False
4551	725	0.36363636363636365	True
4551	588	0.2727272727272727	True
4551	3134	0.18181818181818182	True
4551	581	0.09090909090909091	True
2256	105	0.9090909090909091	False
2256	1822	0.8181818181818182	False
2256	3173	0.7272727272727273	True
2256	588	0.6363636363636364	True
2256	3670	0.5454545454545454	False
2256	725	0.45454545454545453	True
2256	3008	0.36363636363636365	False
2256	640	0.2727272727272727	False
2256	3134	0.18181818181818182	True
2256	581	0.09090909090909091	True
3288	3173	0.9090909090909091	True
3288	105	0.8181818181818182	False
3288	640	0.7272727272727273	False
3288	3670	0.6363636363636364	False
3288	3008	0.5454545454545454	False
3288	1822	0.45454545454545453	False
3288	725	0.36363636363636365	True
3288	3134	0.2727272727272727	True
3288	588	0.18181818181818182	True
3288	581	0.09090909090909091	True
5982	105	0.9090909090909091	False
5982	1822	0.8181818181818182	False
5982	3008	0.7272727272727273	False
5982	3670	0.6363636363636364	False
5982	3173	0.5454545454545454	True
5982	640	0.45454545454545453	False
5982	588	0.36363636363636365	True
5982	725	0.2727272727272727	True
5982	3134	0.18181818181818182	True
5982	3865	0.09090909090909091	True
607	105	0.9090909090909091	False
607	3173	0.8181818181818182	True
607	3670	0.7272727272727273	False
607	1822	0.6363636363636364	False
607	3008	0.5454545454545454	False
607	588	0.45454545454545453	True
607	725	0.36363636363636365	True
607	640	0.2727272727272727	False
607	3134	0.18181818181818182	True
607	581	0.09090909090909091	True
4828	105	0.9090909090909091	False
4828	1822	0.8181818181818182	False
4828	3670	0.7272727272727273	False
4828	3173	0.6363636363636364	True
4828	640	0.5454545454545454	False
4828	725	0.45454545454545453	True
4828	3008	0.36363636363636365	False
4828	588	0.2727272727272727	True
4828	3134	0.18181818181818182	True
4828	581	0.09090909090909091	True
2773	105	0.9090909090909091	False
2773	3173	0.8181818181818182	True
2773	3670	0.7272727272727273	False
2773	3008	0.6363636363636364	False
2773	640	0.5454545454545454	False
2773	1822	0.45454545454545453	False
2773	3134	0.36363636363636365	True
2773	588	0.2727272727272727	True
2773	725	0.18181818181818182	True
2773	581	0.09090909090909091	True
1951	105	0.9090909090909091	False
1951	640	0.8181818181818182	False
1951	3173	0.7272727272727273	True
1951	3670	0.6363636363636364	False
1951	725	0.5454545454545454	True
1951	3008	0.45454545454545453	False
1951	1822	0.36363636363636365	False
1951	588	0.2727272727272727	True
1951	3134	0.18181818181818182	True
1951	581	0.09090909090909091	True
1229	105	0.9090909090909091	False
1229	3670	0.8181818181818182	False
1229	3173	0.7272727272727273	True
1229	1822	0.6363636363636364	False
1229	640	0.5454545454545454	False
1229	3008	0.45454545454545453	False
1229	725	0.36363636363636365	True
1229	3134	0.2727272727272727	True
1229	588	0.18181818181818182	True
1229	581	0.09090909090909091	True
2676	105	0.9090909090909091	False
2676	3008	0.8181818181818182	False
2676	3173	0.7272727272727273	True
2676	725	0.6363636363636364	True
2676	3134	0.5454545454545454	True
2676	3670	0.45454545454545453	False
2676	1822	0.36363636363636365	False
2676	640	0.2727272727272727	False
2676	588	0.18181818181818182	True
2676	581	0.09090909090909091	True
5530	3670	0.9090909090909091	False
5530	105	0.8181818181818182	False
5530	1822	0.7272727272727273	False
5530	640	0.6363636363636364	False
5530	725	0.5454545454545454	True
5530	3008	0.45454545454545453	False
5530	3173	0.36363636363636365	True
5530	588	0.2727272727272727	True
5530	3134	0.18181818181818182	True
5530	581	0.09090909090909091	True
2038	105	0.9090909090909091	False
2038	3173	0.8181818181818182	True
2038	1822	0.7272727272727273	False
2038	640	0.6363636363636364	False
2038	3670	0.5454545454545454	False
2038	725	0.45454545454545453	True
2038	588	0.36363636363636365	True
2038	3008	0.2727272727272727	False
2038	581	0.18181818181818182	True
2038	3134	0.09090909090909091	True
4573	105	0.9090909090909091	False
4573	3173	0.8181818181818182	True
4573	3670	0.7272727272727273	False
4573	1822	0.6363636363636364	False
4573	3134	0.5454545454545454	True
4573	3008	0.45454545454545453	False
4573	725	0.36363636363636365	True
4573	588	0.2727272727272727	True
4573	640	0.18181818181818182	False
4573	581	0.09090909090909091	True
987	105	0.9090909090909091	False
987	3173	0.8181818181818182	True
987	1822	0.7272727272727273	False
987	3008	0.6363636363636364	False
987	3670	0.5454545454545454	False
987	725	0.45454545454545453	True
987	640	0.36363636363636365	False
987	588	0.2727272727272727	True
987	3134	0.18181818181818182	True
987	581	0.09090909090909091	True
2182	105	0.9090909090909091	False
2182	3173	0.8181818181818182	True
2182	588	0.7272727272727273	True
2182	3670	0.6363636363636364	False
2182	1822	0.5454545454545454	False
2182	725	0.45454545454545453	True
2182	3008	0.36363636363636365	False
2182	640	0.2727272727272727	False
2182	3134	0.18181818181818182	True
2182	581	0.09090909090909091	True
5131	105	0.9090909090909091	False
5131	3670	0.8181818181818182	False
5131	3008	0.7272727272727273	False
5131	3173	0.6363636363636364	True
5131	1822	0.5454545454545454	False
5131	640	0.45454545454545453	False
5131	725	0.36363636363636365	True
5131	588	0.2727272727272727	True
5131	3134	0.18181818181818182	True
5131	581	0.09090909090909091	True
4564	105	0.9090909090909091	False
4564	3173	0.8181818181818182	True
4564	3670	0.7272727272727273	False
4564	725	0.6363636363636364	True
4564	640	0.5454545454545454	False
4564	1822	0.45454545454545453	False
4564	3008	0.36363636363636365	False
4564	588	0.2727272727272727	True
4564	3134	0.18181818181818182	True
4564	581	0.09090909090909091	True
1683	105	0.9090909090909091	False
1683	3173	0.8181818181818182	True
1683	3670	0.7272727272727273	False
1683	3008	0.6363636363636364	False
1683	1822	0.5454545454545454	False
1683	725	0.45454545454545453	True
1683	588	0.36363636363636365	True
1683	3134	0.2727272727272727	True
1683	640	0.18181818181818182	False
1683	581	0.09090909090909091	True
5965	105	0.9090909090909091	False
5965	3670	0.8181818181818182	False
5965	3173	0.7272727272727273	True
5965	1822	0.6363636363636364	False
5965	640	0.5454545454545454	False
5965	725	0.45454545454545453	True
5965	3008	0.36363636363636365	False
5965	588	0.2727272727272727	True
5965	3134	0.18181818181818182	True
5965	3865	0.09090909090909091	True
5219	105	0.9090909090909091	False
5219	3173	0.8181818181818182	True
5219	1822	0.7272727272727273	False
5219	3670	0.6363636363636364	False
5219	3008	0.5454545454545454	False
5219	725	0.45454545454545453	True
5219	640	0.36363636363636365	False
5219	588	0.2727272727272727	True
5219	3134	0.18181818181818182	True
5219	581	0.09090909090909091	True
5440	105	0.9090909090909091	False
5440	3173	0.8181818181818182	True
5440	640	0.7272727272727273	False
5440	1822	0.6363636363636364	False
5440	725	0.5454545454545454	True
5440	3670	0.45454545454545453	False
5440	3008	0.36363636363636365	False
5440	3134	0.2727272727272727	True
5440	588	0.18181818181818182	True
5440	581	0.09090909090909091	True
2001	1822	0.9090909090909091	False
2001	3670	0.8181818181818182	False
2001	105	0.7272727272727273	False
2001	3173	0.6363636363636364	True
2001	640	0.5454545454545454	False
2001	588	0.45454545454545453	True
2001	725	0.36363636363636365	True
2001	3008	0.2727272727272727	False
2001	3134	0.18181818181818182	True
2001	581	0.09090909090909091	True
4982	105	0.9090909090909091	False
4982	3173	0.8181818181818182	True
4982	1822	0.7272727272727273	False
4982	640	0.6363636363636364	False
4982	725	0.5454545454545454	True
4982	588	0.45454545454545453	True
4982	3670	0.36363636363636365	False
4982	3008	0.2727272727272727	False
4982	3134	0.18181818181818182	True
4982	581	0.09090909090909091	True
4508	3173	0.9090909090909091	True
4508	105	0.8181818181818182	False
4508	1822	0.7272727272727273	False
4508	725	0.6363636363636364	True
4508	588	0.5454545454545454	True
4508	3670	0.45454545454545453	False
4508	3008	0.36363636363636365	False
4508	640	0.2727272727272727	False
4508	581	0.18181818181818182	True
4508	3134	0.09090909090909091	True
5983	105	0.9090909090909091	False
5983	3173	0.8181818181818182	True
5983	725	0.7272727272727273	True
5983	3670	0.6363636363636364	False
5983	3008	0.5454545454545454	False
5983	1822	0.45454545454545453	False
5983	588	0.36363636363636365	True
5983	640	0.2727272727272727	False
5983	3134	0.18181818181818182	True
5983	581	0.09090909090909091	True
2101	105	0.9090909090909091	False
2101	1822	0.8181818181818182	False
2101	640	0.7272727272727273	False
2101	3173	0.6363636363636364	True
2101	725	0.5454545454545454	True
2101	3670	0.45454545454545453	False
2101	3008	0.36363636363636365	False
2101	588	0.2727272727272727	True
2101	3134	0.18181818181818182	True
2101	581	0.09090909090909091	True
3478	105	0.9090909090909091	False
3478	1822	0.8181818181818182	False
3478	3173	0.7272727272727273	True
3478	3008	0.6363636363636364	False
3478	725	0.5454545454545454	True
3478	640	0.45454545454545453	False
3478	3670	0.36363636363636365	False
3478	588	0.2727272727272727	True
3478	3134	0.18181818181818182	True
3478	581	0.09090909090909091	True
1785	105	0.9090909090909091	False
1785	3008	0.8181818181818182	False
1785	3670	0.7272727272727273	False
1785	3173	0.6363636363636364	True
1785	1822	0.5454545454545454	False
1785	588	0.45454545454545453	True
1785	725	0.36363636363636365	True
1785	640	0.2727272727272727	False
1785	3134	0.18181818181818182	True
1785	581	0.09090909090909091	True
4459	105	0.9090909090909091	False
4459	3173	0.8181818181818182	True
4459	640	0.7272727272727273	False
4459	3670	0.6363636363636364	False
4459	725	0.5454545454545454	True
4459	1822	0.45454545454545453	False
4459	3008	0.36363636363636365	False
4459	588	0.2727272727272727	True
4459	3134	0.18181818181818182	True
4459	581	0.09090909090909091	True
215	105	0.9090909090909091	False
215	3173	0.8181818181818182	True
215	725	0.7272727272727273	True
215	3670	0.6363636363636364	False
215	1822	0.5454545454545454	False
215	640	0.45454545454545453	False
215	3008	0.36363636363636365	False
215	3134	0.2727272727272727	True
215	588	0.18181818181818182	True
215	581	0.09090909090909091	True
3843	105	0.9090909090909091	False
3843	3173	0.8181818181818182	True
3843	3008	0.7272727272727273	False
3843	640	0.6363636363636364	False
3843	3670	0.5454545454545454	False
3843	1822	0.45454545454545453	False
3843	725	0.36363636363636365	True
3843	588	0.2727272727272727	True
3843	3134	0.18181818181818182	True
3843	581	0.09090909090909091	True
4935	105	0.9090909090909091	False
4935	3670	0.8181818181818182	False
4935	3008	0.7272727272727273	False
4935	1822	0.6363636363636364	False
4935	725	0.5454545454545454	True
4935	3173	0.45454545454545453	True
4935	640	0.36363636363636365	False
4935	588	0.2727272727272727	True
4935	3134	0.18181818181818182	True
4935	581	0.09090909090909091	True
5507	105	0.9090909090909091	False
5507	3173	0.8181818181818182	True
5507	3008	0.7272727272727273	False
5507	3670	0.6363636363636364	False
5507	725	0.5454545454545454	True
5507	1822	0.45454545454545453	False
5507	640	0.36363636363636365	False
5507	588	0.2727272727272727	True
5507	3134	0.18181818181818182	True
5507	581	0.09090909090909091	True
5330	105	0.9090909090909091	False
5330	3173	0.8181818181818182	True
5330	3670	0.7272727272727273	False
5330	3008	0.6363636363636364	False
5330	1822	0.5454545454545454	False
5330	640	0.45454545454545453	False
5330	588	0.36363636363636365	True
5330	725	0.2727272727272727	True
5330	3134	0.18181818181818182	True
5330	581	0.09090909090909091	True
3944	105	0.9090909090909091	False
3944	3173	0.8181818181818182	True
3944	725	0.7272727272727273	True
3944	3670	0.6363636363636364	False
3944	1822	0.5454545454545454	False
3944	3008	0.45454545454545453	False
3944	3134	0.36363636363636365	True
3944	588	0.2727272727272727	True
3944	640	0.18181818181818182	False
3944	581	0.09090909090909091	True
4222	105	0.9090909090909091	False
4222	3173	0.8181818181818182	True
4222	3008	0.7272727272727273	False
4222	3670	0.6363636363636364	False
4222	640	0.5454545454545454	False
4222	725	0.45454545454545453	True
4222	1822	0.36363636363636365	False
4222	588	0.2727272727272727	True
4222	3134	0.18181818181818182	True
4222	581	0.09090909090909091	True
2814	105	0.9090909090909091	False
2814	3173	0.8181818181818182	True
2814	725	0.7272727272727273	True
2814	3008	0.6363636363636364	False
2814	3670	0.5454545454545454	False
2814	1822	0.45454545454545453	False
2814	640	0.36363636363636365	False
2814	588	0.2727272727272727	True
2814	3134	0.18181818181818182	True
2814	581	0.09090909090909091	True
4906	105	0.9090909090909091	False
4906	3173	0.8181818181818182	True
4906	3670	0.7272727272727273	False
4906	640	0.6363636363636364	False
4906	3008	0.5454545454545454	False
4906	725	0.45454545454545453	True
4906	1822	0.36363636363636365	False
4906	588	0.2727272727272727	True
4906	3134	0.18181818181818182	True
4906	581	0.09090909090909091	True
1779	105	0.9090909090909091	False
1779	3008	0.8181818181818182	False
1779	1822	0.7272727272727273	False
1779	3670	0.6363636363636364	False
1779	588	0.5454545454545454	True
1779	3173	0.45454545454545453	True
1779	725	0.36363636363636365	True
1779	3134	0.2727272727272727	True
1779	640	0.18181818181818182	False
1779	581	0.09090909090909091	True
1047	105	0.9090909090909091	False
1047	3670	0.8181818181818182	False
1047	1822	0.7272727272727273	False
1047	3173	0.6363636363636364	True
1047	3134	0.5454545454545454	True
1047	3008	0.45454545454545453	False
1047	640	0.36363636363636365	False
1047	725	0.2727272727272727	True
1047	588	0.18181818181818182	True
1047	581	0.09090909090909091	True
2039	105	0.9090909090909091	False
2039	3008	0.8181818181818182	False
2039	3670	0.7272727272727273	False
2039	725	0.6363636363636364	True
2039	3173	0.5454545454545454	True
2039	640	0.45454545454545453	False
2039	1822	0.36363636363636365	False
2039	588	0.2727272727272727	True
2039	3134	0.18181818181818182	True
2039	581	0.09090909090909091	True
138	105	0.9090909090909091	False
138	3173	0.8181818181818182	True
138	725	0.7272727272727273	True
138	1822	0.6363636363636364	False
138	640	0.5454545454545454	False
138	588	0.45454545454545453	True
138	3670	0.36363636363636365	False
138	3008	0.2727272727272727	False
138	3134	0.18181818181818182	True
138	581	0.09090909090909091	True
5283	105	0.9090909090909091	False
5283	3173	0.8181818181818182	True
5283	3670	0.7272727272727273	False
5283	1822	0.6363636363636364	False
5283	725	0.5454545454545454	True
5283	3008	0.45454545454545453	False
5283	640	0.36363636363636365	False
5283	588	0.2727272727272727	True
5283	3134	0.18181818181818182	True
5283	581	0.09090909090909091	True
971	105	0.9090909090909091	False
971	725	0.8181818181818182	True
971	3173	0.7272727272727273	True
971	1822	0.6363636363636364	False
971	3670	0.5454545454545454	False
971	588	0.45454545454545453	True
971	640	0.36363636363636365	False
971	3008	0.2727272727272727	False
971	3134	0.18181818181818182	True
971	581	0.09090909090909091	True
3032	3173	0.9090909090909091	True
3032	105	0.8181818181818182	False
3032	3670	0.7272727272727273	False
3032	3008	0.6363636363636364	False
3032	3134	0.5454545454545454	True
3032	725	0.45454545454545453	True
3032	640	0.36363636363636365	False
3032	1822	0.2727272727272727	False
3032	588	0.18181818181818182	True
3032	581	0.09090909090909091	True
1104	105	0.9090909090909091	False
1104	3173	0.8181818181818182	True
1104	3670	0.7272727272727273	False
1104	3008	0.6363636363636364	False
1104	725	0.5454545454545454	True
1104	640	0.45454545454545453	False
1104	1822	0.36363636363636365	False
1104	3134	0.2727272727272727	True
1104	588	0.18181818181818182	True
1104	581	0.09090909090909091	True
1515	105	0.9090909090909091	False
1515	3008	0.8181818181818182	False
1515	3670	0.7272727272727273	False
1515	3173	0.6363636363636364	True
1515	1822	0.5454545454545454	False
1515	640	0.45454545454545453	False
1515	725	0.36363636363636365	True
1515	588	0.2727272727272727	True
1515	3134	0.18181818181818182	True
1515	581	0.09090909090909091	True
2824	105	0.9090909090909091	False
2824	3173	0.8181818181818182	True
2824	3670	0.7272727272727273	False
2824	3008	0.6363636363636364	False
2824	640	0.5454545454545454	False
2824	1822	0.45454545454545453	False
2824	725	0.36363636363636365	True
2824	3134	0.2727272727272727	True
2824	588	0.18181818181818182	True
2824	581	0.09090909090909091	True
3484	105	0.9090909090909091	False
3484	3008	0.8181818181818182	False
3484	3173	0.7272727272727273	True
3484	3670	0.6363636363636364	False
3484	3134	0.5454545454545454	True
3484	640	0.45454545454545453	False
3484	725	0.36363636363636365	True
3484	1822	0.2727272727272727	False
3484	588	0.18181818181818182	True
3484	581	0.09090909090909091	True
2332	105	0.9090909090909091	False
2332	3173	0.8181818181818182	True
2332	3134	0.7272727272727273	True
2332	3008	0.6363636363636364	False
2332	1822	0.5454545454545454	False
2332	3670	0.45454545454545453	False
2332	725	0.36363636363636365	True
2332	588	0.2727272727272727	True
2332	640	0.18181818181818182	False
2332	581	0.09090909090909091	True
5032	105	0.9090909090909091	False
5032	3173	0.8181818181818182	True
5032	725	0.7272727272727273	True
5032	640	0.6363636363636364	False
5032	3670	0.5454545454545454	False
5032	3008	0.45454545454545453	False
5032	1822	0.36363636363636365	False
5032	588	0.2727272727272727	True
5032	3134	0.18181818181818182	True
5032	581	0.09090909090909091	True
1016	105	0.9090909090909091	False
1016	3173	0.8181818181818182	True
1016	3670	0.7272727272727273	False
1016	725	0.6363636363636364	True
1016	3008	0.5454545454545454	False
1016	640	0.45454545454545453	False
1016	588	0.36363636363636365	True
1016	3134	0.2727272727272727	True
1016	1822	0.18181818181818182	False
1016	581	0.09090909090909091	True
2360	105	0.9090909090909091	False
2360	3173	0.8181818181818182	True
2360	3670	0.7272727272727273	False
2360	3008	0.6363636363636364	False
2360	725	0.5454545454545454	True
2360	588	0.45454545454545453	True
2360	640	0.36363636363636365	False
2360	1822	0.2727272727272727	False
2360	3134	0.18181818181818182	True
2360	581	0.09090909090909091	True
