67	1248	0.9090909090909091	False
67	3341	0.8181818181818182	False
67	2080	0.7272727272727273	True
67	1267	0.6363636363636364	True
67	1261	0.5454545454545454	False
67	70	0.45454545454545453	False
67	2692	0.36363636363636365	True
67	991	0.2727272727272727	True
67	426	0.18181818181818182	True
67	3690	0.09090909090909091	True
58	1248	0.9090909090909091	False
58	2692	0.8181818181818182	True
58	1261	0.7272727272727273	False
58	2242	0.6363636363636364	True
58	70	0.5454545454545454	False
58	2080	0.45454545454545453	True
58	1267	0.36363636363636365	True
58	813	0.2727272727272727	True
58	2736	0.18181818181818182	True
58	3690	0.09090909090909091	True
325	1248	0.9090909090909091	False
325	3341	0.8181818181818182	False
325	1261	0.7272727272727273	False
325	2692	0.6363636363636364	True
325	70	0.5454545454545454	False
325	991	0.45454545454545453	True
325	1267	0.36363636363636365	True
325	2080	0.2727272727272727	True
325	813	0.18181818181818182	True
325	426	0.09090909090909091	True
808	1267	0.9090909090909091	True
808	1261	0.8181818181818182	False
808	3341	0.7272727272727273	False
808	1269	0.6363636363636364	False
808	1248	0.5454545454545454	False
808	70	0.45454545454545453	False
808	2692	0.36363636363636365	True
808	991	0.2727272727272727	True
808	813	0.18181818181818182	True
808	3434	0.09090909090909091	True
2565	1248	0.9090909090909091	False
2565	70	0.8181818181818182	False
2565	3341	0.7272727272727273	False
2565	2692	0.6363636363636364	True
2565	2242	0.5454545454545454	True
2565	991	0.45454545454545453	True
2565	426	0.36363636363636365	True
2565	1269	0.2727272727272727	False
2565	1261	0.18181818181818182	False
2565	1267	0.09090909090909091	True
1051	70	0.9090909090909091	False
1051	1248	0.8181818181818182	False
1051	991	0.7272727272727273	True
1051	1269	0.6363636363636364	False
1051	3341	0.5454545454545454	False
1051	2692	0.45454545454545453	True
1051	813	0.36363636363636365	True
1051	1267	0.2727272727272727	True
1051	3685	0.18181818181818182	True
1051	426	0.09090909090909091	True
5907	1269	0.9090909090909091	False
5907	1248	0.8181818181818182	False
5907	70	0.7272727272727273	False
5907	3434	0.6363636363636364	True
5907	813	0.5454545454545454	True
5907	3685	0.45454545454545453	True
5907	1261	0.36363636363636365	False
5907	1267	0.2727272727272727	True
5907	991	0.18181818181818182	True
5907	2692	0.09090909090909091	True
757	3341	0.9090909090909091	False
757	1248	0.8181818181818182	False
757	70	0.7272727272727273	False
757	991	0.6363636363636364	True
757	1267	0.5454545454545454	True
757	426	0.45454545454545453	True
757	2692	0.36363636363636365	True
757	2080	0.2727272727272727	True
757	1261	0.18181818181818182	False
757	3434	0.09090909090909091	True
4046	1269	0.9090909090909091	False
4046	1261	0.8181818181818182	False
4046	70	0.7272727272727273	False
4046	3434	0.6363636363636364	True
4046	1248	0.5454545454545454	False
4046	813	0.45454545454545453	True
4046	2692	0.36363636363636365	True
4046	1267	0.2727272727272727	True
4046	2648	0.18181818181818182	True
4046	3341	0.09090909090909091	False
1355	1248	0.9090909090909091	False
1355	70	0.8181818181818182	False
1355	813	0.7272727272727273	True
1355	1269	0.6363636363636364	False
1355	1261	0.5454545454545454	False
1355	2692	0.45454545454545453	True
1355	3341	0.36363636363636365	False
1355	426	0.2727272727272727	True
1355	1267	0.18181818181818182	True
1355	3434	0.09090909090909091	True
1581	1248	0.9090909090909091	False
1581	70	0.8181818181818182	False
1581	1267	0.7272727272727273	True
1581	3341	0.6363636363636364	False
1581	991	0.5454545454545454	True
1581	1261	0.45454545454545453	False
1581	3685	0.36363636363636365	True
1581	813	0.2727272727272727	True
1581	2692	0.18181818181818182	True
1581	2289	0.09090909090909091	True
1230	1261	0.9090909090909091	False
1230	1269	0.8181818181818182	False
1230	1248	0.7272727272727273	False
1230	3341	0.6363636363636364	False
1230	70	0.5454545454545454	False
1230	3690	0.45454545454545453	True
1230	2692	0.36363636363636365	True
1230	813	0.2727272727272727	True
1230	3434	0.18181818181818182	True
1230	1267	0.09090909090909091	True
548	1248	0.9090909090909091	False
548	1269	0.8181818181818182	False
548	2242	0.7272727272727273	True
548	991	0.6363636363636364	True
548	2692	0.5454545454545454	True
548	70	0.45454545454545453	False
548	3341	0.36363636363636365	False
548	1261	0.2727272727272727	False
548	3434	0.18181818181818182	True
548	1267	0.09090909090909091	True
3184	3341	0.9090909090909091	False
3184	991	0.8181818181818182	True
3184	1248	0.7272727272727273	False
3184	1267	0.6363636363636364	True
3184	2692	0.5454545454545454	True
3184	1261	0.45454545454545453	False
3184	2242	0.36363636363636365	True
3184	70	0.2727272727272727	False
3184	3434	0.18181818181818182	True
3184	3685	0.09090909090909091	True
5825	3341	0.9090909090909091	False
5825	1248	0.8181818181818182	False
5825	991	0.7272727272727273	True
5825	426	0.6363636363636364	True
5825	70	0.5454545454545454	False
5825	2692	0.45454545454545453	True
5825	2242	0.36363636363636365	True
5825	3434	0.2727272727272727	True
5825	1261	0.18181818181818182	False
5825	3685	0.09090909090909091	True
960	3341	0.9090909090909091	False
960	1248	0.8181818181818182	False
960	1269	0.7272727272727273	False
960	70	0.6363636363636364	False
960	1261	0.5454545454545454	False
960	813	0.45454545454545453	True
960	1267	0.36363636363636365	True
960	3685	0.2727272727272727	True
960	3434	0.18181818181818182	True
960	2242	0.09090909090909091	True
514	1248	0.9090909090909091	False
514	3434	0.8181818181818182	True
514	1261	0.7272727272727273	False
514	2080	0.6363636363636364	True
514	1267	0.5454545454545454	True
514	3341	0.45454545454545453	False
514	2242	0.36363636363636365	True
514	1269	0.2727272727272727	False
514	2648	0.18181818181818182	True
514	991	0.09090909090909091	True
1797	1248	0.9090909090909091	False
1797	1269	0.8181818181818182	False
1797	70	0.7272727272727273	False
1797	3341	0.6363636363636364	False
1797	1261	0.5454545454545454	False
1797	1267	0.45454545454545453	True
1797	813	0.36363636363636365	True
1797	2736	0.2727272727272727	True
1797	2692	0.18181818181818182	True
1797	3685	0.09090909090909091	True
2926	70	0.9090909090909091	False
2926	1269	0.8181818181818182	False
2926	1267	0.7272727272727273	True
2926	1261	0.6363636363636364	False
2926	1248	0.5454545454545454	False
2926	3690	0.45454545454545453	True
2926	3434	0.36363636363636365	True
2926	2692	0.2727272727272727	True
2926	991	0.18181818181818182	True
2926	3341	0.09090909090909091	False
687	1248	0.9090909090909091	False
687	70	0.8181818181818182	False
687	3341	0.7272727272727273	False
687	426	0.6363636363636364	True
687	1261	0.5454545454545454	False
687	991	0.45454545454545453	True
687	1267	0.36363636363636365	True
687	2692	0.2727272727272727	True
687	2080	0.18181818181818182	True
687	813	0.09090909090909091	True
2074	991	0.9090909090909091	True
2074	1248	0.8181818181818182	False
2074	70	0.7272727272727273	False
2074	3341	0.6363636363636364	False
2074	2242	0.5454545454545454	True
2074	1261	0.45454545454545453	False
2074	2692	0.36363636363636365	True
2074	2080	0.2727272727272727	True
2074	813	0.18181818181818182	True
2074	1269	0.09090909090909091	False
62	70	0.9090909090909091	False
62	3341	0.8181818181818182	False
62	991	0.7272727272727273	True
62	1261	0.6363636363636364	False
62	1248	0.5454545454545454	False
62	1267	0.45454545454545453	True
62	813	0.36363636363636365	True
62	3690	0.2727272727272727	True
62	2080	0.18181818181818182	True
62	2692	0.09090909090909091	True
2983	70	0.9090909090909091	False
2983	1248	0.8181818181818182	False
2983	1267	0.7272727272727273	True
2983	3341	0.6363636363636364	False
2983	991	0.5454545454545454	True
2983	2692	0.45454545454545453	True
2983	1269	0.36363636363636365	False
2983	2242	0.2727272727272727	True
2983	1261	0.18181818181818182	False
2983	2080	0.09090909090909091	True
1197	1261	0.9090909090909091	False
1197	3341	0.8181818181818182	False
1197	1248	0.7272727272727273	False
1197	70	0.6363636363636364	False
1197	813	0.5454545454545454	True
1197	1269	0.45454545454545453	False
1197	3434	0.36363636363636365	True
1197	2692	0.2727272727272727	True
1197	1267	0.18181818181818182	True
1197	426	0.09090909090909091	True
3840	1248	0.9090909090909091	False
3840	3341	0.8181818181818182	False
3840	70	0.7272727272727273	False
3840	991	0.6363636363636364	True
3840	2692	0.5454545454545454	True
3840	1269	0.45454545454545453	False
3840	3685	0.36363636363636365	True
3840	1261	0.2727272727272727	False
3840	2242	0.18181818181818182	True
3840	426	0.09090909090909091	True
351	3341	0.9090909090909091	False
351	70	0.8181818181818182	False
351	1248	0.7272727272727273	False
351	1267	0.6363636363636364	True
351	991	0.5454545454545454	True
351	1261	0.45454545454545453	False
351	2692	0.36363636363636365	True
351	813	0.2727272727272727	True
351	1269	0.18181818181818182	False
351	2080	0.09090909090909091	True
5429	1269	0.9090909090909091	False
5429	1261	0.8181818181818182	False
5429	3434	0.7272727272727273	True
5429	2692	0.6363636363636364	True
5429	1248	0.5454545454545454	False
5429	3341	0.45454545454545453	False
5429	991	0.36363636363636365	True
5429	1267	0.2727272727272727	True
5429	813	0.18181818181818182	True
5429	2648	0.09090909090909091	True
2049	1269	0.9090909090909091	False
2049	70	0.8181818181818182	False
2049	1248	0.7272727272727273	False
2049	3341	0.6363636363636364	False
2049	2692	0.5454545454545454	True
2049	1267	0.45454545454545453	True
2049	813	0.36363636363636365	True
2049	2648	0.2727272727272727	True
2049	1261	0.18181818181818182	False
2049	1844	0.09090909090909091	True
4826	70	0.9090909090909091	False
4826	3341	0.8181818181818182	False
4826	1261	0.7272727272727273	False
4826	1267	0.6363636363636364	True
4826	1248	0.5454545454545454	False
4826	2692	0.45454545454545453	True
4826	1269	0.36363636363636365	False
4826	2242	0.2727272727272727	True
4826	991	0.18181818181818182	True
4826	813	0.09090909090909091	True
5527	1269	0.9090909090909091	False
5527	3434	0.8181818181818182	True
5527	991	0.7272727272727273	True
5527	1248	0.6363636363636364	False
5527	2648	0.5454545454545454	True
5527	813	0.45454545454545453	True
5527	3341	0.36363636363636365	False
5527	426	0.2727272727272727	True
5527	3685	0.18181818181818182	True
5527	70	0.09090909090909091	False
4266	3341	0.9090909090909091	False
4266	1269	0.8181818181818182	False
4266	1248	0.7272727272727273	False
4266	2692	0.6363636363636364	True
4266	70	0.5454545454545454	False
4266	1261	0.45454545454545453	False
4266	813	0.36363636363636365	True
4266	1267	0.2727272727272727	True
4266	991	0.18181818181818182	True
4266	3434	0.09090909090909091	True
2671	1269	0.9090909090909091	False
2671	3341	0.8181818181818182	False
2671	1248	0.7272727272727273	False
2671	991	0.6363636363636364	True
2671	70	0.5454545454545454	False
2671	2692	0.45454545454545453	True
2671	2242	0.36363636363636365	True
2671	1267	0.2727272727272727	True
2671	3434	0.18181818181818182	True
2671	426	0.09090909090909091	True
998	70	0.9090909090909091	False
998	3690	0.8181818181818182	True
998	426	0.7272727272727273	True
998	2080	0.6363636363636364	True
998	1269	0.5454545454545454	False
998	991	0.45454545454545453	True
998	3685	0.36363636363636365	True
998	1248	0.2727272727272727	False
998	1261	0.18181818181818182	False
998	3434	0.09090909090909091	True
1216	70	0.9090909090909091	False
1216	3341	0.8181818181818182	False
1216	991	0.7272727272727273	True
1216	1267	0.6363636363636364	True
1216	1269	0.5454545454545454	False
1216	2692	0.45454545454545453	True
1216	1248	0.36363636363636365	False
1216	1261	0.2727272727272727	False
1216	2648	0.18181818181818182	True
1216	3685	0.09090909090909091	True
2310	70	0.9090909090909091	False
2310	3341	0.8181818181818182	False
2310	1248	0.7272727272727273	False
2310	1267	0.6363636363636364	True
2310	991	0.5454545454545454	True
2310	813	0.45454545454545453	True
2310	2692	0.36363636363636365	True
2310	1269	0.2727272727272727	False
2310	1261	0.18181818181818182	False
2310	2648	0.09090909090909091	True
4496	1248	0.9090909090909091	False
4496	426	0.8181818181818182	True
4496	1269	0.7272727272727273	False
4496	3434	0.6363636363636364	True
4496	1267	0.5454545454545454	True
4496	1261	0.45454545454545453	False
4496	3341	0.36363636363636365	False
4496	3685	0.2727272727272727	True
4496	2692	0.18181818181818182	True
4496	2080	0.09090909090909091	True
5083	70	0.9090909090909091	False
5083	1269	0.8181818181818182	False
5083	1261	0.7272727272727273	False
5083	1267	0.6363636363636364	True
5083	1248	0.5454545454545454	False
5083	2692	0.45454545454545453	True
5083	3341	0.36363636363636365	False
5083	813	0.2727272727272727	True
5083	3685	0.18181818181818182	True
5083	3434	0.09090909090909091	True
5175	70	0.9090909090909091	False
5175	1248	0.8181818181818182	False
5175	3341	0.7272727272727273	False
5175	1269	0.6363636363636364	False
5175	2692	0.5454545454545454	True
5175	3685	0.45454545454545453	True
5175	1261	0.36363636363636365	False
5175	3690	0.2727272727272727	True
5175	991	0.18181818181818182	True
5175	3434	0.09090909090909091	True
1555	1261	0.9090909090909091	False
1555	1269	0.8181818181818182	False
1555	1267	0.7272727272727273	True
1555	70	0.6363636363636364	False
1555	813	0.5454545454545454	True
1555	991	0.45454545454545453	True
1555	3341	0.36363636363636365	False
1555	2692	0.2727272727272727	True
1555	1248	0.18181818181818182	False
1555	3434	0.09090909090909091	True
870	1248	0.9090909090909091	False
870	1269	0.8181818181818182	False
870	3341	0.7272727272727273	False
870	2692	0.6363636363636364	True
870	1267	0.5454545454545454	True
870	1261	0.45454545454545453	False
870	3690	0.36363636363636365	True
870	426	0.2727272727272727	True
870	2289	0.18181818181818182	True
870	70	0.09090909090909091	False
5301	3341	0.9090909090909091	False
5301	1248	0.8181818181818182	False
5301	70	0.7272727272727273	False
5301	991	0.6363636363636364	True
5301	1261	0.5454545454545454	False
5301	1269	0.45454545454545453	False
5301	2692	0.36363636363636365	True
5301	3434	0.2727272727272727	True
5301	3690	0.18181818181818182	True
5301	1267	0.09090909090909091	True
3267	70	0.9090909090909091	False
3267	1248	0.8181818181818182	False
3267	3341	0.7272727272727273	False
3267	1269	0.6363636363636364	False
3267	813	0.5454545454545454	True
3267	991	0.45454545454545453	True
3267	1261	0.36363636363636365	False
3267	426	0.2727272727272727	True
3267	1267	0.18181818181818182	True
3267	2692	0.09090909090909091	True
3114	1248	0.9090909090909091	False
3114	3341	0.8181818181818182	False
3114	991	0.7272727272727273	True
3114	70	0.6363636363636364	False
3114	1269	0.5454545454545454	False
3114	1261	0.45454545454545453	False
3114	2242	0.36363636363636365	True
3114	426	0.2727272727272727	True
3114	2692	0.18181818181818182	True
3114	813	0.09090909090909091	True
3400	3341	0.9090909090909091	False
3400	1248	0.8181818181818182	False
3400	70	0.7272727272727273	False
3400	2692	0.6363636363636364	True
3400	1267	0.5454545454545454	True
3400	991	0.45454545454545453	True
3400	1261	0.36363636363636365	False
3400	1269	0.2727272727272727	False
3400	3685	0.18181818181818182	True
3400	2080	0.09090909090909091	True
4966	3341	0.9090909090909091	False
4966	1248	0.8181818181818182	False
4966	991	0.7272727272727273	True
4966	1269	0.6363636363636364	False
4966	70	0.5454545454545454	False
4966	2692	0.45454545454545453	True
4966	1267	0.36363636363636365	True
4966	2242	0.2727272727272727	True
4966	813	0.18181818181818182	True
4966	1261	0.09090909090909091	False
5107	1269	0.9090909090909091	False
5107	1248	0.8181818181818182	False
5107	991	0.7272727272727273	True
5107	1261	0.6363636363636364	False
5107	70	0.5454545454545454	False
5107	3434	0.45454545454545453	True
5107	2242	0.36363636363636365	True
5107	426	0.2727272727272727	True
5107	3341	0.18181818181818182	False
5107	1267	0.09090909090909091	True
1631	1248	0.9090909090909091	False
1631	1269	0.8181818181818182	False
1631	2692	0.7272727272727273	True
1631	1267	0.6363636363636364	True
1631	1261	0.5454545454545454	False
1631	2242	0.45454545454545453	True
1631	2648	0.36363636363636365	True
1631	2736	0.2727272727272727	True
1631	70	0.18181818181818182	False
1631	813	0.09090909090909091	True
2590	70	0.9090909090909091	False
2590	1248	0.8181818181818182	False
2590	3341	0.7272727272727273	False
2590	1269	0.6363636363636364	False
2590	1261	0.5454545454545454	False
2590	1267	0.45454545454545453	True
2590	991	0.36363636363636365	True
2590	3434	0.2727272727272727	True
2590	813	0.18181818181818182	True
2590	2692	0.09090909090909091	True
3262	1269	0.9090909090909091	False
3262	70	0.8181818181818182	False
3262	991	0.7272727272727273	True
3262	1261	0.6363636363636364	False
3262	1248	0.5454545454545454	False
3262	3341	0.45454545454545453	False
3262	3434	0.36363636363636365	True
3262	1267	0.2727272727272727	True
3262	2242	0.18181818181818182	True
3262	2692	0.09090909090909091	True
263	1248	0.9090909090909091	False
263	3341	0.8181818181818182	False
263	70	0.7272727272727273	False
263	1269	0.6363636363636364	False
263	426	0.5454545454545454	True
263	991	0.45454545454545453	True
263	2242	0.36363636363636365	True
263	1261	0.2727272727272727	False
263	2692	0.18181818181818182	True
263	813	0.09090909090909091	True
21	1248	0.9090909090909091	False
21	70	0.8181818181818182	False
21	3341	0.7272727272727273	False
21	1269	0.6363636363636364	False
21	1261	0.5454545454545454	False
21	813	0.45454545454545453	True
21	991	0.36363636363636365	True
21	2080	0.2727272727272727	True
21	426	0.18181818181818182	True
21	2692	0.09090909090909091	True
5222	3341	0.9090909090909091	False
5222	1269	0.8181818181818182	False
5222	1261	0.7272727272727273	False
5222	1248	0.6363636363636364	False
5222	1267	0.5454545454545454	True
5222	70	0.45454545454545453	False
5222	991	0.36363636363636365	True
5222	2692	0.2727272727272727	True
5222	2242	0.18181818181818182	True
5222	813	0.09090909090909091	True
4651	70	0.9090909090909091	False
4651	2692	0.8181818181818182	True
4651	1248	0.7272727272727273	False
4651	2242	0.6363636363636364	True
4651	1267	0.5454545454545454	True
4651	1269	0.45454545454545453	False
4651	3341	0.36363636363636365	False
4651	1261	0.2727272727272727	False
4651	991	0.18181818181818182	True
4651	1844	0.09090909090909091	True
5113	70	0.9090909090909091	False
5113	1248	0.8181818181818182	False
5113	1261	0.7272727272727273	False
5113	2692	0.6363636363636364	True
5113	1269	0.5454545454545454	False
5113	813	0.45454545454545453	True
5113	991	0.36363636363636365	True
5113	1267	0.2727272727272727	True
5113	3341	0.18181818181818182	False
5113	426	0.09090909090909091	True
3615	1248	0.9090909090909091	False
3615	70	0.8181818181818182	False
3615	3341	0.7272727272727273	False
3615	991	0.6363636363636364	True
3615	1261	0.5454545454545454	False
3615	2692	0.45454545454545453	True
3615	1269	0.36363636363636365	False
3615	1267	0.2727272727272727	True
3615	2080	0.18181818181818182	True
3615	3685	0.09090909090909091	True
4501	1261	0.9090909090909091	False
4501	1267	0.8181818181818182	True
4501	70	0.7272727272727273	False
4501	1269	0.6363636363636364	False
4501	2692	0.5454545454545454	True
4501	813	0.45454545454545453	True
4501	1248	0.36363636363636365	False
4501	991	0.2727272727272727	True
4501	3434	0.18181818181818182	True
4501	2080	0.09090909090909091	True
5460	1269	0.9090909090909091	False
5460	1248	0.8181818181818182	False
5460	70	0.7272727272727273	False
5460	813	0.6363636363636364	True
5460	1267	0.5454545454545454	True
5460	2242	0.45454545454545453	True
5460	1261	0.36363636363636365	False
5460	2692	0.2727272727272727	True
5460	3685	0.18181818181818182	True
5460	2289	0.09090909090909091	True
1834	3341	0.9090909090909091	False
1834	70	0.8181818181818182	False
1834	1248	0.7272727272727273	False
1834	2692	0.6363636363636364	True
1834	991	0.5454545454545454	True
1834	1261	0.45454545454545453	False
1834	1269	0.36363636363636365	False
1834	1267	0.2727272727272727	True
1834	2289	0.18181818181818182	True
1834	2242	0.09090909090909091	True
5927	1267	0.9090909090909091	True
5927	3341	0.8181818181818182	False
5927	1248	0.7272727272727273	False
5927	2080	0.6363636363636364	True
5927	1261	0.5454545454545454	False
5927	70	0.45454545454545453	False
5927	1269	0.36363636363636365	False
5927	2648	0.2727272727272727	True
5927	813	0.18181818181818182	True
5927	991	0.09090909090909091	True
359	1267	0.9090909090909091	True
359	70	0.8181818181818182	False
359	1248	0.7272727272727273	False
359	2080	0.6363636363636364	True
359	3341	0.5454545454545454	False
359	991	0.45454545454545453	True
359	1261	0.36363636363636365	False
359	813	0.2727272727272727	True
359	3685	0.18181818181818182	True
359	2692	0.09090909090909091	True
5341	1267	0.9090909090909091	True
5341	3341	0.8181818181818182	False
5341	991	0.7272727272727273	True
5341	1248	0.6363636363636364	False
5341	1269	0.5454545454545454	False
5341	70	0.45454545454545453	False
5341	2648	0.36363636363636365	True
5341	2692	0.2727272727272727	True
5341	1261	0.18181818181818182	False
5341	3685	0.09090909090909091	True
3636	70	0.9090909090909091	False
3636	1269	0.8181818181818182	False
3636	991	0.7272727272727273	True
3636	1248	0.6363636363636364	False
3636	2692	0.5454545454545454	True
3636	1267	0.45454545454545453	True
3636	2648	0.36363636363636365	True
3636	3341	0.2727272727272727	False
3636	2080	0.18181818181818182	True
3636	813	0.09090909090909091	True
4061	70	0.9090909090909091	False
4061	1267	0.8181818181818182	True
4061	1269	0.7272727272727273	False
4061	1248	0.6363636363636364	False
4061	2692	0.5454545454545454	True
4061	3685	0.45454545454545453	True
4061	2242	0.36363636363636365	True
4061	2080	0.2727272727272727	True
4061	1261	0.18181818181818182	False
4061	3434	0.09090909090909091	True
363	3341	0.9090909090909091	False
363	1248	0.8181818181818182	False
363	2692	0.7272727272727273	True
363	1261	0.6363636363636364	False
363	1267	0.5454545454545454	True
363	70	0.45454545454545453	False
363	426	0.36363636363636365	True
363	1269	0.2727272727272727	False
363	813	0.18181818181818182	True
363	2242	0.09090909090909091	True
2250	3341	0.9090909090909091	False
2250	1248	0.8181818181818182	False
2250	70	0.7272727272727273	False
2250	2242	0.6363636363636364	True
2250	2692	0.5454545454545454	True
2250	991	0.45454545454545453	True
2250	1261	0.36363636363636365	False
2250	1269	0.2727272727272727	False
2250	1267	0.18181818181818182	True
2250	813	0.09090909090909091	True
2566	70	0.9090909090909091	False
2566	813	0.8181818181818182	True
2566	1269	0.7272727272727273	False
2566	1267	0.6363636363636364	True
2566	1261	0.5454545454545454	False
2566	1248	0.45454545454545453	False
2566	2692	0.36363636363636365	True
2566	426	0.2727272727272727	True
2566	3685	0.18181818181818182	True
2566	2648	0.09090909090909091	True
4252	1248	0.9090909090909091	False
4252	3341	0.8181818181818182	False
4252	70	0.7272727272727273	False
4252	1269	0.6363636363636364	False
4252	1267	0.5454545454545454	True
4252	3685	0.45454545454545453	True
4252	426	0.36363636363636365	True
4252	991	0.2727272727272727	True
4252	2080	0.18181818181818182	True
4252	2692	0.09090909090909091	True
76	991	0.9090909090909091	True
76	3341	0.8181818181818182	False
76	1261	0.7272727272727273	False
76	1248	0.6363636363636364	False
76	2692	0.5454545454545454	True
76	3434	0.45454545454545453	True
76	2242	0.36363636363636365	True
76	70	0.2727272727272727	False
76	1269	0.18181818181818182	False
76	3685	0.09090909090909091	True
5616	3341	0.9090909090909091	False
5616	1261	0.8181818181818182	False
5616	991	0.7272727272727273	True
5616	1248	0.6363636363636364	False
5616	2692	0.5454545454545454	True
5616	2080	0.45454545454545453	True
5616	1267	0.36363636363636365	True
5616	70	0.2727272727272727	False
5616	3434	0.18181818181818182	True
5616	3685	0.09090909090909091	True
2821	70	0.9090909090909091	False
2821	1261	0.8181818181818182	False
2821	3341	0.7272727272727273	False
2821	1269	0.6363636363636364	False
2821	813	0.5454545454545454	True
2821	1267	0.45454545454545453	True
2821	1248	0.36363636363636365	False
2821	991	0.2727272727272727	True
2821	3434	0.18181818181818182	True
2821	2692	0.09090909090909091	True
3006	70	0.9090909090909091	False
3006	3341	0.8181818181818182	False
3006	991	0.7272727272727273	True
3006	1261	0.6363636363636364	False
3006	1267	0.5454545454545454	True
3006	1248	0.45454545454545453	False
3006	2692	0.36363636363636365	True
3006	950	0.2727272727272727	True
3006	1269	0.18181818181818182	False
3006	3434	0.09090909090909091	True
2711	2080	0.9090909090909091	True
2711	70	0.8181818181818182	False
2711	1248	0.7272727272727273	False
2711	3685	0.6363636363636364	True
2711	1269	0.5454545454545454	False
2711	2692	0.45454545454545453	True
2711	3341	0.36363636363636365	False
2711	3434	0.2727272727272727	True
2711	426	0.18181818181818182	True
2711	2242	0.09090909090909091	True
1642	70	0.9090909090909091	False
1642	991	0.8181818181818182	True
1642	3341	0.7272727272727273	False
1642	1248	0.6363636363636364	False
1642	1269	0.5454545454545454	False
1642	2080	0.45454545454545453	True
1642	1261	0.36363636363636365	False
1642	3434	0.2727272727272727	True
1642	1267	0.18181818181818182	True
1642	426	0.09090909090909091	True
2629	1267	0.9090909090909091	True
2629	3341	0.8181818181818182	False
2629	991	0.7272727272727273	True
2629	1248	0.6363636363636364	False
2629	2692	0.5454545454545454	True
2629	70	0.45454545454545453	False
2629	2242	0.36363636363636365	True
2629	1261	0.2727272727272727	False
2629	2080	0.18181818181818182	True
2629	1269	0.09090909090909091	False
2407	1248	0.9090909090909091	False
2407	3341	0.8181818181818182	False
2407	70	0.7272727272727273	False
2407	1267	0.6363636363636364	True
2407	1261	0.5454545454545454	False
2407	1269	0.45454545454545453	False
2407	991	0.36363636363636365	True
2407	2692	0.2727272727272727	True
2407	3434	0.18181818181818182	True
2407	426	0.09090909090909091	True
2318	70	0.9090909090909091	False
2318	1248	0.8181818181818182	False
2318	991	0.7272727272727273	True
2318	1261	0.6363636363636364	False
2318	3341	0.5454545454545454	False
2318	1267	0.45454545454545453	True
2318	813	0.36363636363636365	True
2318	426	0.2727272727272727	True
2318	2692	0.18181818181818182	True
2318	3690	0.09090909090909091	True
4973	3341	0.9090909090909091	False
4973	1267	0.8181818181818182	True
4973	70	0.7272727272727273	False
4973	1269	0.6363636363636364	False
4973	1248	0.5454545454545454	False
4973	2692	0.45454545454545453	True
4973	1261	0.36363636363636365	False
4973	3434	0.2727272727272727	True
4973	3685	0.18181818181818182	True
4973	991	0.09090909090909091	True
3540	991	0.9090909090909091	True
3540	1261	0.8181818181818182	False
3540	1269	0.7272727272727273	False
3540	1267	0.6363636363636364	True
3540	1248	0.5454545454545454	False
3540	70	0.45454545454545453	False
3540	3434	0.36363636363636365	True
3540	3341	0.2727272727272727	False
3540	2692	0.18181818181818182	True
3540	2080	0.09090909090909091	True
1280	70	0.9090909090909091	False
1280	3341	0.8181818181818182	False
1280	1267	0.7272727272727273	True
1280	1248	0.6363636363636364	False
1280	2692	0.5454545454545454	True
1280	991	0.45454545454545453	True
1280	2242	0.36363636363636365	True
1280	1261	0.2727272727272727	False
1280	2080	0.18181818181818182	True
1280	1269	0.09090909090909091	False
5800	70	0.9090909090909091	False
5800	1261	0.8181818181818182	False
5800	1269	0.7272727272727273	False
5800	813	0.6363636363636364	True
5800	1267	0.5454545454545454	True
5800	1248	0.45454545454545453	False
5800	2692	0.36363636363636365	True
5800	3685	0.2727272727272727	True
5800	2242	0.18181818181818182	True
5800	2289	0.09090909090909091	True
493	1248	0.9090909090909091	False
493	3341	0.8181818181818182	False
493	1261	0.7272727272727273	False
493	1269	0.6363636363636364	False
493	991	0.5454545454545454	True
493	2692	0.45454545454545453	True
493	70	0.36363636363636365	False
493	3434	0.2727272727272727	True
493	1267	0.18181818181818182	True
493	813	0.09090909090909091	True
5675	3341	0.9090909090909091	False
5675	70	0.8181818181818182	False
5675	991	0.7272727272727273	True
5675	1267	0.6363636363636364	True
5675	1248	0.5454545454545454	False
5675	1261	0.45454545454545453	False
5675	2692	0.36363636363636365	True
5675	2080	0.2727272727272727	True
5675	813	0.18181818181818182	True
5675	1269	0.09090909090909091	False
44	1248	0.9090909090909091	False
44	70	0.8181818181818182	False
44	1261	0.7272727272727273	False
44	1269	0.6363636363636364	False
44	3341	0.5454545454545454	False
44	1267	0.45454545454545453	True
44	2242	0.36363636363636365	True
44	2080	0.2727272727272727	True
44	2692	0.18181818181818182	True
44	3685	0.09090909090909091	True
2270	70	0.9090909090909091	False
2270	991	0.8181818181818182	True
2270	813	0.7272727272727273	True
2270	1261	0.6363636363636364	False
2270	1269	0.5454545454545454	False
2270	2692	0.45454545454545453	True
2270	1248	0.36363636363636365	False
2270	1267	0.2727272727272727	True
2270	3341	0.18181818181818182	False
2270	2736	0.09090909090909091	True
2430	70	0.9090909090909091	False
2430	3341	0.8181818181818182	False
2430	1269	0.7272727272727273	False
2430	1248	0.6363636363636364	False
2430	991	0.5454545454545454	True
2430	1267	0.45454545454545453	True
2430	2692	0.36363636363636365	True
2430	1261	0.2727272727272727	False
2430	3690	0.18181818181818182	True
2430	3685	0.09090909090909091	True
3785	1269	0.9090909090909091	False
3785	1261	0.8181818181818182	False
3785	70	0.7272727272727273	False
3785	3434	0.6363636363636364	True
3785	2648	0.5454545454545454	True
3785	813	0.45454545454545453	True
3785	1248	0.36363636363636365	False
3785	1267	0.2727272727272727	True
3785	426	0.18181818181818182	True
3785	2692	0.09090909090909091	True
4428	3341	0.9090909090909091	False
4428	1248	0.8181818181818182	False
4428	70	0.7272727272727273	False
4428	1269	0.6363636363636364	False
4428	2692	0.5454545454545454	True
4428	1267	0.45454545454545453	True
4428	813	0.36363636363636365	True
4428	2289	0.2727272727272727	True
4428	1261	0.18181818181818182	False
4428	2242	0.09090909090909091	True
5521	1248	0.9090909090909091	False
5521	3341	0.8181818181818182	False
5521	1261	0.7272727272727273	False
5521	1267	0.6363636363636364	True
5521	991	0.5454545454545454	True
5521	2692	0.45454545454545453	True
5521	3434	0.36363636363636365	True
5521	70	0.2727272727272727	False
5521	3685	0.18181818181818182	True
5521	2080	0.09090909090909091	True
756	1248	0.9090909090909091	False
756	70	0.8181818181818182	False
756	3341	0.7272727272727273	False
756	1261	0.6363636363636364	False
756	426	0.5454545454545454	True
756	1267	0.45454545454545453	True
756	2692	0.36363636363636365	True
756	813	0.2727272727272727	True
756	1269	0.18181818181818182	False
756	3685	0.09090909090909091	True
5513	70	0.9090909090909091	False
5513	1269	0.8181818181818182	False
5513	813	0.7272727272727273	True
5513	1248	0.6363636363636364	False
5513	426	0.5454545454545454	True
5513	2692	0.45454545454545453	True
5513	1267	0.36363636363636365	True
5513	1261	0.2727272727272727	False
5513	2080	0.18181818181818182	True
5513	3690	0.09090909090909091	True
4520	1248	0.9090909090909091	False
4520	3341	0.8181818181818182	False
4520	1261	0.7272727272727273	False
4520	1267	0.6363636363636364	True
4520	2692	0.5454545454545454	True
4520	3685	0.45454545454545453	True
4520	70	0.36363636363636365	False
4520	813	0.2727272727272727	True
4520	426	0.18181818181818182	True
4520	1269	0.09090909090909091	False
4223	70	0.9090909090909091	False
4223	1261	0.8181818181818182	False
4223	1248	0.7272727272727273	False
4223	1269	0.6363636363636364	False
4223	3341	0.5454545454545454	False
4223	991	0.45454545454545453	True
4223	3685	0.36363636363636365	True
4223	3434	0.2727272727272727	True
4223	813	0.18181818181818182	True
4223	1267	0.09090909090909091	True
4541	1269	0.9090909090909091	False
4541	1248	0.8181818181818182	False
4541	3341	0.7272727272727273	False
4541	2692	0.6363636363636364	True
4541	813	0.5454545454545454	True
4541	70	0.45454545454545453	False
4541	3690	0.36363636363636365	True
4541	1267	0.2727272727272727	True
4541	2736	0.18181818181818182	True
4541	1261	0.09090909090909091	False
2251	1248	0.9090909090909091	False
2251	70	0.8181818181818182	False
2251	3341	0.7272727272727273	False
2251	991	0.6363636363636364	True
2251	1269	0.5454545454545454	False
2251	3685	0.45454545454545453	True
2251	1267	0.36363636363636365	True
2251	3434	0.2727272727272727	True
2251	426	0.18181818181818182	True
2251	1261	0.09090909090909091	False
1518	3341	0.9090909090909091	False
1518	1248	0.8181818181818182	False
1518	991	0.7272727272727273	True
1518	1261	0.6363636363636364	False
1518	70	0.5454545454545454	False
1518	3434	0.45454545454545453	True
1518	1267	0.36363636363636365	True
1518	426	0.2727272727272727	True
1518	2692	0.18181818181818182	True
1518	2080	0.09090909090909091	True
4778	3341	0.9090909090909091	False
4778	70	0.8181818181818182	False
4778	991	0.7272727272727273	True
4778	1248	0.6363636363636364	False
4778	1267	0.5454545454545454	True
4778	2080	0.45454545454545453	True
4778	1261	0.36363636363636365	False
4778	1269	0.2727272727272727	False
4778	3434	0.18181818181818182	True
4778	2648	0.09090909090909091	True
4671	1248	0.9090909090909091	False
4671	70	0.8181818181818182	False
4671	1269	0.7272727272727273	False
4671	813	0.6363636363636364	True
4671	426	0.5454545454545454	True
4671	991	0.45454545454545453	True
4671	1261	0.36363636363636365	False
4671	1267	0.2727272727272727	True
4671	3685	0.18181818181818182	True
4671	3341	0.09090909090909091	False
3067	70	0.9090909090909091	False
3067	1269	0.8181818181818182	False
3067	1248	0.7272727272727273	False
3067	3341	0.6363636363636364	False
3067	991	0.5454545454545454	True
3067	2692	0.45454545454545453	True
3067	813	0.36363636363636365	True
3067	1261	0.2727272727272727	False
3067	1267	0.18181818181818182	True
3067	2242	0.09090909090909091	True
2126	1248	0.9090909090909091	False
2126	3341	0.8181818181818182	False
2126	991	0.7272727272727273	True
2126	70	0.6363636363636364	False
2126	1269	0.5454545454545454	False
2126	1267	0.45454545454545453	True
2126	2692	0.36363636363636365	True
2126	1261	0.2727272727272727	False
2126	813	0.18181818181818182	True
2126	3685	0.09090909090909091	True
4280	70	0.9090909090909091	False
4280	1248	0.8181818181818182	False
4280	991	0.7272727272727273	True
4280	426	0.6363636363636364	True
4280	1267	0.5454545454545454	True
4280	3341	0.45454545454545453	False
4280	3685	0.36363636363636365	True
4280	2692	0.2727272727272727	True
4280	2080	0.18181818181818182	True
4280	1269	0.09090909090909091	False
