1048	64	0.9090909090909091	False
1048	978	0.8181818181818182	True
1048	2426	0.7272727272727273	False
1048	2972	0.6363636363636364	False
1048	137	0.5454545454545454	False
1048	478	0.45454545454545453	True
1048	2248	0.36363636363636365	True
1048	2234	0.2727272727272727	False
1048	997	0.18181818181818182	True
1048	755	0.09090909090909091	True
2608	2972	0.9090909090909091	False
2608	64	0.8181818181818182	False
2608	2426	0.7272727272727273	False
2608	478	0.6363636363636364	True
2608	997	0.5454545454545454	True
2608	2234	0.45454545454545453	False
2608	2248	0.36363636363636365	True
2608	978	0.2727272727272727	True
2608	137	0.18181818181818182	False
2608	3689	0.09090909090909091	True
1413	478	0.9090909090909091	True
1413	2972	0.8181818181818182	False
1413	755	0.7272727272727273	True
1413	978	0.6363636363636364	True
1413	2426	0.5454545454545454	False
1413	997	0.45454545454545453	True
1413	137	0.36363636363636365	False
1413	3689	0.2727272727272727	True
1413	2234	0.18181818181818182	False
1413	64	0.09090909090909091	False
3947	2972	0.9090909090909091	False
3947	478	0.8181818181818182	True
3947	2426	0.7272727272727273	False
3947	64	0.6363636363636364	False
3947	137	0.5454545454545454	False
3947	3689	0.45454545454545453	True
3947	755	0.36363636363636365	True
3947	978	0.2727272727272727	True
3947	997	0.18181818181818182	True
3947	2234	0.09090909090909091	False
3880	137	0.9090909090909091	False
3880	2234	0.8181818181818182	False
3880	2972	0.7272727272727273	False
3880	755	0.6363636363636364	True
3880	64	0.5454545454545454	False
3880	2426	0.45454545454545453	False
3880	978	0.36363636363636365	True
3880	478	0.2727272727272727	True
3880	3689	0.18181818181818182	True
3880	2248	0.09090909090909091	True
957	2426	0.9090909090909091	False
957	755	0.8181818181818182	True
957	478	0.7272727272727273	True
957	978	0.6363636363636364	True
957	2972	0.5454545454545454	False
957	3689	0.45454545454545453	True
957	2234	0.36363636363636365	False
957	1064	0.2727272727272727	True
957	64	0.18181818181818182	False
957	997	0.09090909090909091	True
3975	2234	0.9090909090909091	False
3975	978	0.8181818181818182	True
3975	997	0.7272727272727273	True
3975	3689	0.6363636363636364	True
3975	755	0.5454545454545454	True
3975	137	0.45454545454545453	False
3975	2248	0.36363636363636365	True
3975	64	0.2727272727272727	False
3975	2426	0.18181818181818182	False
3975	478	0.09090909090909091	True
5453	2972	0.9090909090909091	False
5453	64	0.8181818181818182	False
5453	978	0.7272727272727273	True
5453	137	0.6363636363636364	False
5453	2234	0.5454545454545454	False
5453	2426	0.45454545454545453	False
5453	3689	0.36363636363636365	True
5453	478	0.2727272727272727	True
5453	755	0.18181818181818182	True
5453	997	0.09090909090909091	True
94	2972	0.9090909090909091	False
94	2426	0.8181818181818182	False
94	478	0.7272727272727273	True
94	64	0.6363636363636364	False
94	2248	0.5454545454545454	True
94	2234	0.45454545454545453	False
94	978	0.36363636363636365	True
94	137	0.2727272727272727	False
94	755	0.18181818181818182	True
94	3149	0.09090909090909091	True
2886	137	0.9090909090909091	False
2886	64	0.8181818181818182	False
2886	2234	0.7272727272727273	False
2886	2972	0.6363636363636364	False
2886	2426	0.5454545454545454	False
2886	3689	0.45454545454545453	True
2886	755	0.36363636363636365	True
2886	478	0.2727272727272727	True
2886	978	0.18181818181818182	True
2886	3149	0.09090909090909091	True
337	2426	0.9090909090909091	False
337	978	0.8181818181818182	True
337	137	0.7272727272727273	False
337	64	0.6363636363636364	False
337	2972	0.5454545454545454	False
337	478	0.45454545454545453	True
337	2248	0.36363636363636365	True
337	755	0.2727272727272727	True
337	2234	0.18181818181818182	False
337	997	0.09090909090909091	True
499	64	0.9090909090909091	False
499	2972	0.8181818181818182	False
499	2426	0.7272727272727273	False
499	978	0.6363636363636364	True
499	2234	0.5454545454545454	False
499	478	0.45454545454545453	True
499	137	0.36363636363636365	False
499	755	0.2727272727272727	True
499	3689	0.18181818181818182	True
499	3149	0.09090909090909091	True
2439	755	0.9090909090909091	True
2439	137	0.8181818181818182	False
2439	2972	0.7272727272727273	False
2439	2234	0.6363636363636364	False
2439	3689	0.5454545454545454	True
2439	2426	0.45454545454545453	False
2439	64	0.36363636363636365	False
2439	978	0.2727272727272727	True
2439	478	0.18181818181818182	True
2439	997	0.09090909090909091	True
4854	2972	0.9090909090909091	False
4854	64	0.8181818181818182	False
4854	137	0.7272727272727273	False
4854	2248	0.6363636363636364	True
4854	478	0.5454545454545454	True
4854	978	0.45454545454545453	True
4854	2234	0.36363636363636365	False
4854	2426	0.2727272727272727	False
4854	997	0.18181818181818182	True
4854	3149	0.09090909090909091	True
5993	2234	0.9090909090909091	False
5993	755	0.8181818181818182	True
5993	2248	0.7272727272727273	True
5993	3689	0.6363636363636364	True
5993	2972	0.5454545454545454	False
5993	478	0.45454545454545453	True
5993	137	0.36363636363636365	False
5993	978	0.2727272727272727	True
5993	64	0.18181818181818182	False
5993	997	0.09090909090909091	True
3400	2972	0.9090909090909091	False
3400	137	0.8181818181818182	False
3400	2234	0.7272727272727273	False
3400	64	0.6363636363636364	False
3400	978	0.5454545454545454	True
3400	2248	0.45454545454545453	True
3400	478	0.36363636363636365	True
3400	2426	0.2727272727272727	False
3400	3689	0.18181818181818182	True
3400	755	0.09090909090909091	True
4394	2234	0.9090909090909091	False
4394	137	0.8181818181818182	False
4394	2972	0.7272727272727273	False
4394	64	0.6363636363636364	False
4394	2426	0.5454545454545454	False
4394	755	0.45454545454545453	True
4394	978	0.36363636363636365	True
4394	2248	0.2727272727272727	True
4394	478	0.18181818181818182	True
4394	3689	0.09090909090909091	True
3992	2972	0.9090909090909091	False
3992	137	0.8181818181818182	False
3992	64	0.7272727272727273	False
3992	2248	0.6363636363636364	True
3992	2426	0.5454545454545454	False
3992	978	0.45454545454545453	True
3992	755	0.36363636363636365	True
3992	478	0.2727272727272727	True
3992	2234	0.18181818181818182	False
3992	3149	0.09090909090909091	True
3380	64	0.9090909090909091	False
3380	997	0.8181818181818182	True
3380	978	0.7272727272727273	True
3380	2234	0.6363636363636364	False
3380	3689	0.5454545454545454	True
3380	2972	0.45454545454545453	False
3380	478	0.36363636363636365	True
3380	2426	0.2727272727272727	False
3380	137	0.18181818181818182	False
3380	3149	0.09090909090909091	True
4673	2426	0.9090909090909091	False
4673	2972	0.8181818181818182	False
4673	755	0.7272727272727273	True
4673	478	0.6363636363636364	True
4673	2234	0.5454545454545454	False
4673	978	0.45454545454545453	True
4673	137	0.36363636363636365	False
4673	2248	0.2727272727272727	True
4673	64	0.18181818181818182	False
4673	1064	0.09090909090909091	True
5722	2972	0.9090909090909091	False
5722	2426	0.8181818181818182	False
5722	478	0.7272727272727273	True
5722	2234	0.6363636363636364	False
5722	64	0.5454545454545454	False
5722	755	0.45454545454545453	True
5722	3689	0.36363636363636365	True
5722	137	0.2727272727272727	False
5722	978	0.18181818181818182	True
5722	997	0.09090909090909091	True
41	2426	0.9090909090909091	False
41	978	0.8181818181818182	True
41	755	0.7272727272727273	True
41	2972	0.6363636363636364	False
41	997	0.5454545454545454	True
41	478	0.45454545454545453	True
41	2234	0.36363636363636365	False
41	64	0.2727272727272727	False
41	3689	0.18181818181818182	True
41	137	0.09090909090909091	False
3881	2426	0.9090909090909091	False
3881	2972	0.8181818181818182	False
3881	2234	0.7272727272727273	False
3881	755	0.6363636363636364	True
3881	64	0.5454545454545454	False
3881	478	0.45454545454545453	True
3881	2248	0.36363636363636365	True
3881	997	0.2727272727272727	True
3881	137	0.18181818181818182	False
3881	3149	0.09090909090909091	True
98	2972	0.9090909090909091	False
98	64	0.8181818181818182	False
98	978	0.7272727272727273	True
98	2234	0.6363636363636364	False
98	478	0.5454545454545454	True
98	2426	0.45454545454545453	False
98	137	0.36363636363636365	False
98	3689	0.2727272727272727	True
98	3149	0.18181818181818182	True
98	997	0.09090909090909091	True
5795	2972	0.9090909090909091	False
5795	2426	0.8181818181818182	False
5795	478	0.7272727272727273	True
5795	978	0.6363636363636364	True
5795	2234	0.5454545454545454	False
5795	137	0.45454545454545453	False
5795	64	0.36363636363636365	False
5795	2248	0.2727272727272727	True
5795	755	0.18181818181818182	True
5795	3689	0.09090909090909091	True
632	2972	0.9090909090909091	False
632	64	0.8181818181818182	False
632	137	0.7272727272727273	False
632	755	0.6363636363636364	True
632	2234	0.5454545454545454	False
632	997	0.45454545454545453	True
632	2248	0.36363636363636365	True
632	3689	0.2727272727272727	True
632	978	0.18181818181818182	True
632	2426	0.09090909090909091	False
4340	2234	0.9090909090909091	False
4340	2972	0.8181818181818182	False
4340	64	0.7272727272727273	False
4340	2426	0.6363636363636364	False
4340	978	0.5454545454545454	True
4340	2248	0.45454545454545453	True
4340	137	0.36363636363636365	False
4340	755	0.2727272727272727	True
4340	3149	0.18181818181818182	True
4340	478	0.09090909090909091	True
5220	137	0.9090909090909091	False
5220	64	0.8181818181818182	False
5220	2426	0.7272727272727273	False
5220	2972	0.6363636363636364	False
5220	978	0.5454545454545454	True
5220	755	0.45454545454545453	True
5220	478	0.36363636363636365	True
5220	3689	0.2727272727272727	True
5220	2234	0.18181818181818182	False
5220	997	0.09090909090909091	True
1256	978	0.9090909090909091	True
1256	2234	0.8181818181818182	False
1256	137	0.7272727272727273	False
1256	2248	0.6363636363636364	True
1256	64	0.5454545454545454	False
1256	997	0.45454545454545453	True
1256	3689	0.36363636363636365	True
1256	755	0.2727272727272727	True
1256	478	0.18181818181818182	True
1256	2972	0.09090909090909091	False
5742	137	0.9090909090909091	False
5742	978	0.8181818181818182	True
5742	64	0.7272727272727273	False
5742	2234	0.6363636363636364	False
5742	2248	0.5454545454545454	True
5742	2972	0.45454545454545453	False
5742	755	0.36363636363636365	True
5742	2426	0.2727272727272727	False
5742	3689	0.18181818181818182	True
5742	3149	0.09090909090909091	True
1855	2972	0.9090909090909091	False
1855	64	0.8181818181818182	False
1855	137	0.7272727272727273	False
1855	2234	0.6363636363636364	False
1855	2426	0.5454545454545454	False
1855	2248	0.45454545454545453	True
1855	478	0.36363636363636365	True
1855	755	0.2727272727272727	True
1855	978	0.18181818181818182	True
1855	997	0.09090909090909091	True
698	137	0.9090909090909091	False
698	2972	0.8181818181818182	False
698	64	0.7272727272727273	False
698	2234	0.6363636363636364	False
698	2426	0.5454545454545454	False
698	3149	0.45454545454545453	True
698	978	0.36363636363636365	True
698	755	0.2727272727272727	True
698	3689	0.18181818181818182	True
698	478	0.09090909090909091	True
2821	2972	0.9090909090909091	False
2821	2426	0.8181818181818182	False
2821	64	0.7272727272727273	False
2821	478	0.6363636363636364	True
2821	978	0.5454545454545454	True
2821	3149	0.45454545454545453	True
2821	2234	0.36363636363636365	False
2821	2248	0.2727272727272727	True
2821	137	0.18181818181818182	False
2821	755	0.09090909090909091	True
1118	64	0.9090909090909091	False
1118	2234	0.8181818181818182	False
1118	2972	0.7272727272727273	False
1118	137	0.6363636363636364	False
1118	2426	0.5454545454545454	False
1118	978	0.45454545454545453	True
1118	3689	0.36363636363636365	True
1118	478	0.2727272727272727	True
1118	997	0.18181818181818182	True
1118	755	0.09090909090909091	True
4956	64	0.9090909090909091	False
4956	2234	0.8181818181818182	False
4956	2972	0.7272727272727273	False
4956	3689	0.6363636363636364	True
4956	2426	0.5454545454545454	False
4956	755	0.45454545454545453	True
4956	997	0.36363636363636365	True
4956	978	0.2727272727272727	True
4956	137	0.18181818181818182	False
4956	478	0.09090909090909091	True
5655	978	0.9090909090909091	True
5655	2426	0.8181818181818182	False
5655	64	0.7272727272727273	False
5655	2234	0.6363636363636364	False
5655	2972	0.5454545454545454	False
5655	2248	0.45454545454545453	True
5655	478	0.36363636363636365	True
5655	137	0.2727272727272727	False
5655	997	0.18181818181818182	True
5655	1064	0.09090909090909091	True
1438	2426	0.9090909090909091	False
1438	2972	0.8181818181818182	False
1438	978	0.7272727272727273	True
1438	755	0.6363636363636364	True
1438	478	0.5454545454545454	True
1438	2234	0.45454545454545453	False
1438	997	0.36363636363636365	True
1438	397	0.2727272727272727	True
1438	2248	0.18181818181818182	True
1438	64	0.09090909090909091	False
3799	2426	0.9090909090909091	False
3799	2972	0.8181818181818182	False
3799	64	0.7272727272727273	False
3799	978	0.6363636363636364	True
3799	137	0.5454545454545454	False
3799	478	0.45454545454545453	True
3799	2234	0.36363636363636365	False
3799	2248	0.2727272727272727	True
3799	755	0.18181818181818182	True
3799	1064	0.09090909090909091	True
2117	2972	0.9090909090909091	False
2117	478	0.8181818181818182	True
2117	2234	0.7272727272727273	False
2117	2426	0.6363636363636364	False
2117	2248	0.5454545454545454	True
2117	137	0.45454545454545453	False
2117	64	0.36363636363636365	False
2117	3689	0.2727272727272727	True
2117	755	0.18181818181818182	True
2117	978	0.09090909090909091	True
112	2972	0.9090909090909091	False
112	755	0.8181818181818182	True
112	137	0.7272727272727273	False
112	64	0.6363636363636364	False
112	978	0.5454545454545454	True
112	2234	0.45454545454545453	False
112	2426	0.36363636363636365	False
112	3689	0.2727272727272727	True
112	997	0.18181818181818182	True
112	2248	0.09090909090909091	True
4004	2234	0.9090909090909091	False
4004	137	0.8181818181818182	False
4004	978	0.7272727272727273	True
4004	2972	0.6363636363636364	False
4004	2248	0.5454545454545454	True
4004	3689	0.45454545454545453	True
4004	64	0.36363636363636365	False
4004	755	0.2727272727272727	True
4004	997	0.18181818181818182	True
4004	2426	0.09090909090909091	False
4418	137	0.9090909090909091	False
4418	2972	0.8181818181818182	False
4418	978	0.7272727272727273	True
4418	64	0.6363636363636364	False
4418	755	0.5454545454545454	True
4418	2234	0.45454545454545453	False
4418	3689	0.36363636363636365	True
4418	2248	0.2727272727272727	True
4418	2426	0.18181818181818182	False
4418	478	0.09090909090909091	True
1651	2972	0.9090909090909091	False
1651	137	0.8181818181818182	False
1651	2426	0.7272727272727273	False
1651	64	0.6363636363636364	False
1651	478	0.5454545454545454	True
1651	978	0.45454545454545453	True
1651	2248	0.36363636363636365	True
1651	2234	0.2727272727272727	False
1651	3689	0.18181818181818182	True
1651	3014	0.09090909090909091	True
3866	137	0.9090909090909091	False
3866	978	0.8181818181818182	True
3866	2972	0.7272727272727273	False
3866	478	0.6363636363636364	True
3866	2426	0.5454545454545454	False
3866	2234	0.45454545454545453	False
3866	3689	0.36363636363636365	True
3866	64	0.2727272727272727	False
3866	2248	0.18181818181818182	True
3866	755	0.09090909090909091	True
3671	2972	0.9090909090909091	False
3671	2234	0.8181818181818182	False
3671	64	0.7272727272727273	False
3671	478	0.6363636363636364	True
3671	997	0.5454545454545454	True
3671	3689	0.45454545454545453	True
3671	2248	0.36363636363636365	True
3671	978	0.2727272727272727	True
3671	137	0.18181818181818182	False
3671	755	0.09090909090909091	True
5648	2234	0.9090909090909091	False
5648	3689	0.8181818181818182	True
5648	2972	0.7272727272727273	False
5648	755	0.6363636363636364	True
5648	137	0.5454545454545454	False
5648	997	0.45454545454545453	True
5648	978	0.36363636363636365	True
5648	2426	0.2727272727272727	False
5648	64	0.18181818181818182	False
5648	478	0.09090909090909091	True
1326	2972	0.9090909090909091	False
1326	2426	0.8181818181818182	False
1326	64	0.7272727272727273	False
1326	755	0.6363636363636364	True
1326	478	0.5454545454545454	True
1326	397	0.45454545454545453	True
1326	978	0.36363636363636365	True
1326	137	0.2727272727272727	False
1326	2234	0.18181818181818182	False
1326	2248	0.09090909090909091	True
4694	2972	0.9090909090909091	False
4694	2426	0.8181818181818182	False
4694	978	0.7272727272727273	True
4694	64	0.6363636363636364	False
4694	2248	0.5454545454545454	True
4694	478	0.45454545454545453	True
4694	137	0.36363636363636365	False
4694	2234	0.2727272727272727	False
4694	997	0.18181818181818182	True
4694	755	0.09090909090909091	True
5040	137	0.9090909090909091	False
5040	2972	0.8181818181818182	False
5040	2248	0.7272727272727273	True
5040	64	0.6363636363636364	False
5040	755	0.5454545454545454	True
5040	2426	0.45454545454545453	False
5040	2234	0.36363636363636365	False
5040	978	0.2727272727272727	True
5040	3689	0.18181818181818182	True
5040	997	0.09090909090909091	True
3046	3689	0.9090909090909091	True
3046	2972	0.8181818181818182	False
3046	478	0.7272727272727273	True
3046	137	0.6363636363636364	False
3046	2234	0.5454545454545454	False
3046	978	0.45454545454545453	True
3046	755	0.36363636363636365	True
3046	997	0.2727272727272727	True
3046	2248	0.18181818181818182	True
3046	2426	0.09090909090909091	False
3699	2234	0.9090909090909091	False
3699	64	0.8181818181818182	False
3699	2972	0.7272727272727273	False
3699	2426	0.6363636363636364	False
3699	978	0.5454545454545454	True
3699	2248	0.45454545454545453	True
3699	137	0.36363636363636365	False
3699	478	0.2727272727272727	True
3699	3149	0.18181818181818182	True
3699	755	0.09090909090909091	True
5641	978	0.9090909090909091	True
5641	2972	0.8181818181818182	False
5641	137	0.7272727272727273	False
5641	64	0.6363636363636364	False
5641	2248	0.5454545454545454	True
5641	2426	0.45454545454545453	False
5641	2234	0.36363636363636365	False
5641	755	0.2727272727272727	True
5641	3689	0.18181818181818182	True
5641	478	0.09090909090909091	True
3833	2234	0.9090909090909091	False
3833	137	0.8181818181818182	False
3833	3689	0.7272727272727273	True
3833	2972	0.6363636363636364	False
3833	755	0.5454545454545454	True
3833	64	0.45454545454545453	False
3833	978	0.36363636363636365	True
3833	478	0.2727272727272727	True
3833	2426	0.18181818181818182	False
3833	997	0.09090909090909091	True
198	2972	0.9090909090909091	False
198	2426	0.8181818181818182	False
198	2248	0.7272727272727273	True
198	478	0.6363636363636364	True
198	978	0.5454545454545454	True
198	64	0.45454545454545453	False
198	997	0.36363636363636365	True
198	2234	0.2727272727272727	False
198	755	0.18181818181818182	True
198	137	0.09090909090909091	False
4570	2972	0.9090909090909091	False
4570	137	0.8181818181818182	False
4570	978	0.7272727272727273	True
4570	2248	0.6363636363636364	True
4570	64	0.5454545454545454	False
4570	2234	0.45454545454545453	False
4570	2426	0.36363636363636365	False
4570	3689	0.2727272727272727	True
4570	755	0.18181818181818182	True
4570	478	0.09090909090909091	True
5955	2972	0.9090909090909091	False
5955	2248	0.8181818181818182	True
5955	137	0.7272727272727273	False
5955	64	0.6363636363636364	False
5955	2234	0.5454545454545454	False
5955	478	0.45454545454545453	True
5955	3689	0.36363636363636365	True
5955	397	0.2727272727272727	True
5955	2426	0.18181818181818182	False
5955	978	0.09090909090909091	True
1116	2972	0.9090909090909091	False
1116	978	0.8181818181818182	True
1116	137	0.7272727272727273	False
1116	3689	0.6363636363636364	True
1116	478	0.5454545454545454	True
1116	64	0.45454545454545453	False
1116	2426	0.36363636363636365	False
1116	2234	0.2727272727272727	False
1116	755	0.18181818181818182	True
1116	997	0.09090909090909091	True
1397	2972	0.9090909090909091	False
1397	978	0.8181818181818182	True
1397	64	0.7272727272727273	False
1397	2248	0.6363636363636364	True
1397	2426	0.5454545454545454	False
1397	755	0.45454545454545453	True
1397	2234	0.36363636363636365	False
1397	478	0.2727272727272727	True
1397	137	0.18181818181818182	False
1397	3689	0.09090909090909091	True
1415	2972	0.9090909090909091	False
1415	2234	0.8181818181818182	False
1415	64	0.7272727272727273	False
1415	755	0.6363636363636364	True
1415	137	0.5454545454545454	False
1415	3689	0.45454545454545453	True
1415	978	0.36363636363636365	True
1415	478	0.2727272727272727	True
1415	397	0.18181818181818182	True
1415	2426	0.09090909090909091	False
3251	2972	0.9090909090909091	False
3251	978	0.8181818181818182	True
3251	64	0.7272727272727273	False
3251	137	0.6363636363636364	False
3251	2248	0.5454545454545454	True
3251	2234	0.45454545454545453	False
3251	2426	0.36363636363636365	False
3251	755	0.2727272727272727	True
3251	997	0.18181818181818182	True
3251	3149	0.09090909090909091	True
2823	978	0.9090909090909091	True
2823	2234	0.8181818181818182	False
2823	64	0.7272727272727273	False
2823	2972	0.6363636363636364	False
2823	2426	0.5454545454545454	False
2823	755	0.45454545454545453	True
2823	137	0.36363636363636365	False
2823	1064	0.2727272727272727	True
2823	997	0.18181818181818182	True
2823	478	0.09090909090909091	True
4411	978	0.9090909090909091	True
4411	137	0.8181818181818182	False
4411	2972	0.7272727272727273	False
4411	2426	0.6363636363636364	False
4411	2248	0.5454545454545454	True
4411	64	0.45454545454545453	False
4411	478	0.36363636363636365	True
4411	755	0.2727272727272727	True
4411	2234	0.18181818181818182	False
4411	997	0.09090909090909091	True
1059	2234	0.9090909090909091	False
1059	137	0.8181818181818182	False
1059	3689	0.7272727272727273	True
1059	64	0.6363636363636364	False
1059	978	0.5454545454545454	True
1059	755	0.45454545454545453	True
1059	997	0.36363636363636365	True
1059	2248	0.2727272727272727	True
1059	2426	0.18181818181818182	False
1059	3149	0.09090909090909091	True
2195	2972	0.9090909090909091	False
2195	478	0.8181818181818182	True
2195	3689	0.7272727272727273	True
2195	2426	0.6363636363636364	False
2195	64	0.5454545454545454	False
2195	2234	0.45454545454545453	False
2195	755	0.36363636363636365	True
2195	978	0.2727272727272727	True
2195	2248	0.18181818181818182	True
2195	997	0.09090909090909091	True
2094	978	0.9090909090909091	True
2094	2972	0.8181818181818182	False
2094	137	0.7272727272727273	False
2094	2426	0.6363636363636364	False
2094	64	0.5454545454545454	False
2094	478	0.45454545454545453	True
2094	2248	0.36363636363636365	True
2094	2234	0.2727272727272727	False
2094	3689	0.18181818181818182	True
2094	997	0.09090909090909091	True
5613	2972	0.9090909090909091	False
5613	137	0.8181818181818182	False
5613	3689	0.7272727272727273	True
5613	64	0.6363636363636364	False
5613	2234	0.5454545454545454	False
5613	478	0.45454545454545453	True
5613	2248	0.36363636363636365	True
5613	978	0.2727272727272727	True
5613	997	0.18181818181818182	True
5613	3149	0.09090909090909091	True
1058	2972	0.9090909090909091	False
1058	478	0.8181818181818182	True
1058	2426	0.7272727272727273	False
1058	2234	0.6363636363636364	False
1058	978	0.5454545454545454	True
1058	137	0.45454545454545453	False
1058	64	0.36363636363636365	False
1058	3689	0.2727272727272727	True
1058	755	0.18181818181818182	True
1058	2248	0.09090909090909091	True
4944	2426	0.9090909090909091	False
4944	2972	0.8181818181818182	False
4944	978	0.7272727272727273	True
4944	478	0.6363636363636364	True
4944	755	0.5454545454545454	True
4944	64	0.45454545454545453	False
4944	137	0.36363636363636365	False
4944	2234	0.2727272727272727	False
4944	2248	0.18181818181818182	True
4944	1064	0.09090909090909091	True
736	2972	0.9090909090909091	False
736	137	0.8181818181818182	False
736	2248	0.7272727272727273	True
736	478	0.6363636363636364	True
736	2426	0.5454545454545454	False
736	978	0.45454545454545453	True
736	2234	0.36363636363636365	False
736	64	0.2727272727272727	False
736	3689	0.18181818181818182	True
736	997	0.09090909090909091	True
4891	2234	0.9090909090909091	False
4891	2972	0.8181818181818182	False
4891	978	0.7272727272727273	True
4891	3689	0.6363636363636364	True
4891	137	0.5454545454545454	False
4891	64	0.45454545454545453	False
4891	2426	0.36363636363636365	False
4891	2248	0.2727272727272727	True
4891	478	0.18181818181818182	True
4891	3149	0.09090909090909091	True
3326	2972	0.9090909090909091	False
3326	2426	0.8181818181818182	False
3326	64	0.7272727272727273	False
3326	478	0.6363636363636364	True
3326	755	0.5454545454545454	True
3326	2234	0.45454545454545453	False
3326	137	0.36363636363636365	False
3326	3149	0.2727272727272727	True
3326	978	0.18181818181818182	True
3326	397	0.09090909090909091	True
5316	2972	0.9090909090909091	False
5316	2426	0.8181818181818182	False
5316	978	0.7272727272727273	True
5316	64	0.6363636363636364	False
5316	2234	0.5454545454545454	False
5316	137	0.45454545454545453	False
5316	2248	0.36363636363636365	True
5316	3689	0.2727272727272727	True
5316	478	0.18181818181818182	True
5316	997	0.09090909090909091	True
2333	2972	0.9090909090909091	False
2333	2234	0.8181818181818182	False
2333	2426	0.7272727272727273	False
2333	64	0.6363636363636364	False
2333	478	0.5454545454545454	True
2333	3689	0.45454545454545453	True
2333	755	0.36363636363636365	True
2333	3149	0.2727272727272727	True
2333	978	0.18181818181818182	True
2333	997	0.09090909090909091	True
1883	137	0.9090909090909091	False
1883	64	0.8181818181818182	False
1883	2234	0.7272727272727273	False
1883	2972	0.6363636363636364	False
1883	2248	0.5454545454545454	True
1883	478	0.45454545454545453	True
1883	3149	0.36363636363636365	True
1883	978	0.2727272727272727	True
1883	2426	0.18181818181818182	False
1883	755	0.09090909090909091	True
5477	2972	0.9090909090909091	False
5477	137	0.8181818181818182	False
5477	64	0.7272727272727273	False
5477	2234	0.6363636363636364	False
5477	2248	0.5454545454545454	True
5477	478	0.45454545454545453	True
5477	978	0.36363636363636365	True
5477	3689	0.2727272727272727	True
5477	2426	0.18181818181818182	False
5477	3014	0.09090909090909091	True
6017	978	0.9090909090909091	True
6017	137	0.8181818181818182	False
6017	2234	0.7272727272727273	False
6017	2972	0.6363636363636364	False
6017	64	0.5454545454545454	False
6017	2248	0.45454545454545453	True
6017	755	0.36363636363636365	True
6017	2426	0.2727272727272727	False
6017	478	0.18181818181818182	True
6017	3689	0.09090909090909091	True
2308	978	0.9090909090909091	True
2308	2972	0.8181818181818182	False
2308	137	0.7272727272727273	False
2308	64	0.6363636363636364	False
2308	755	0.5454545454545454	True
2308	478	0.45454545454545453	True
2308	2426	0.36363636363636365	False
2308	2234	0.2727272727272727	False
2308	2248	0.18181818181818182	True
2308	997	0.09090909090909091	True
4767	2234	0.9090909090909091	False
4767	3689	0.8181818181818182	True
4767	978	0.7272727272727273	True
4767	997	0.6363636363636364	True
4767	478	0.5454545454545454	True
4767	2426	0.45454545454545453	False
4767	2248	0.36363636363636365	True
4767	755	0.2727272727272727	True
4767	2972	0.18181818181818182	False
4767	64	0.09090909090909091	False
558	2234	0.9090909090909091	False
558	137	0.8181818181818182	False
558	978	0.7272727272727273	True
558	2248	0.6363636363636364	True
558	2972	0.5454545454545454	False
558	755	0.45454545454545453	True
558	2426	0.36363636363636365	False
558	478	0.2727272727272727	True
558	64	0.18181818181818182	False
558	1064	0.09090909090909091	True
5177	2234	0.9090909090909091	False
5177	137	0.8181818181818182	False
5177	978	0.7272727272727273	True
5177	3689	0.6363636363636364	True
5177	64	0.5454545454545454	False
5177	2972	0.45454545454545453	False
5177	3149	0.36363636363636365	True
5177	997	0.2727272727272727	True
5177	755	0.18181818181818182	True
5177	2248	0.09090909090909091	True
5400	2972	0.9090909090909091	False
5400	64	0.8181818181818182	False
5400	2234	0.7272727272727273	False
5400	755	0.6363636363636364	True
5400	137	0.5454545454545454	False
5400	2426	0.45454545454545453	False
5400	2248	0.36363636363636365	True
5400	997	0.2727272727272727	True
5400	978	0.18181818181818182	True
5400	3689	0.09090909090909091	True
4635	2234	0.9090909090909091	False
4635	755	0.8181818181818182	True
4635	137	0.7272727272727273	False
4635	2426	0.6363636363636364	False
4635	3689	0.5454545454545454	True
4635	997	0.45454545454545453	True
4635	2972	0.36363636363636365	False
4635	978	0.2727272727272727	True
4635	2248	0.18181818181818182	True
4635	478	0.09090909090909091	True
5159	755	0.9090909090909091	True
5159	137	0.8181818181818182	False
5159	997	0.7272727272727273	True
5159	2426	0.6363636363636364	False
5159	478	0.5454545454545454	True
5159	64	0.45454545454545453	False
5159	2234	0.36363636363636365	False
5159	3689	0.2727272727272727	True
5159	1064	0.18181818181818182	True
5159	2248	0.09090909090909091	True
2479	2234	0.9090909090909091	False
2479	2972	0.8181818181818182	False
2479	978	0.7272727272727273	True
2479	137	0.6363636363636364	False
2479	64	0.5454545454545454	False
2479	2426	0.45454545454545453	False
2479	478	0.36363636363636365	True
2479	3689	0.2727272727272727	True
2479	2248	0.18181818181818182	True
2479	755	0.09090909090909091	True
4985	2234	0.9090909090909091	False
4985	978	0.8181818181818182	True
4985	64	0.7272727272727273	False
4985	2426	0.6363636363636364	False
4985	137	0.5454545454545454	False
4985	2972	0.45454545454545453	False
4985	478	0.36363636363636365	True
4985	2248	0.2727272727272727	True
4985	997	0.18181818181818182	True
4985	3689	0.09090909090909091	True
503	978	0.9090909090909091	True
503	137	0.8181818181818182	False
503	478	0.7272727272727273	True
503	2248	0.6363636363636364	True
503	2972	0.5454545454545454	False
503	2234	0.45454545454545453	False
503	3689	0.36363636363636365	True
503	2426	0.2727272727272727	False
503	64	0.18181818181818182	False
503	997	0.09090909090909091	True
2749	2234	0.9090909090909091	False
2749	2972	0.8181818181818182	False
2749	64	0.7272727272727273	False
2749	137	0.6363636363636364	False
2749	2426	0.5454545454545454	False
2749	978	0.45454545454545453	True
2749	3689	0.36363636363636365	True
2749	478	0.2727272727272727	True
2749	3149	0.18181818181818182	True
2749	2248	0.09090909090909091	True
3935	2972	0.9090909090909091	False
3935	478	0.8181818181818182	True
3935	2234	0.7272727272727273	False
3935	137	0.6363636363636364	False
3935	3689	0.5454545454545454	True
3935	2248	0.45454545454545453	True
3935	64	0.36363636363636365	False
3935	2426	0.2727272727272727	False
3935	755	0.18181818181818182	True
3935	978	0.09090909090909091	True
426	2972	0.9090909090909091	False
426	2234	0.8181818181818182	False
426	64	0.7272727272727273	False
426	2248	0.6363636363636364	True
426	2426	0.5454545454545454	False
426	137	0.45454545454545453	False
426	755	0.36363636363636365	True
426	478	0.2727272727272727	True
426	3689	0.18181818181818182	True
426	978	0.09090909090909091	True
1472	755	0.9090909090909091	True
1472	64	0.8181818181818182	False
1472	2972	0.7272727272727273	False
1472	2248	0.6363636363636364	True
1472	137	0.5454545454545454	False
1472	2426	0.45454545454545453	False
1472	2234	0.36363636363636365	False
1472	978	0.2727272727272727	True
1472	3689	0.18181818181818182	True
1472	478	0.09090909090909091	True
3115	2972	0.9090909090909091	False
3115	2426	0.8181818181818182	False
3115	137	0.7272727272727273	False
3115	978	0.6363636363636364	True
3115	478	0.5454545454545454	True
3115	755	0.45454545454545453	True
3115	2234	0.36363636363636365	False
3115	64	0.2727272727272727	False
3115	3014	0.18181818181818182	True
3115	997	0.09090909090909091	True
2300	755	0.9090909090909091	True
2300	2234	0.8181818181818182	False
2300	137	0.7272727272727273	False
2300	2972	0.6363636363636364	False
2300	2248	0.5454545454545454	True
2300	997	0.45454545454545453	True
2300	2426	0.36363636363636365	False
2300	3689	0.2727272727272727	True
2300	478	0.18181818181818182	True
2300	978	0.09090909090909091	True
3840	64	0.9090909090909091	False
3840	2972	0.8181818181818182	False
3840	978	0.7272727272727273	True
3840	997	0.6363636363636364	True
3840	137	0.5454545454545454	False
3840	2234	0.45454545454545453	False
3840	755	0.36363636363636365	True
3840	3689	0.2727272727272727	True
3840	2248	0.18181818181818182	True
3840	2426	0.09090909090909091	False
1918	2972	0.9090909090909091	False
1918	2426	0.8181818181818182	False
1918	478	0.7272727272727273	True
1918	755	0.6363636363636364	True
1918	978	0.5454545454545454	True
1918	137	0.45454545454545453	False
1918	3689	0.36363636363636365	True
1918	64	0.2727272727272727	False
1918	2234	0.18181818181818182	False
1918	2248	0.09090909090909091	True
1446	2972	0.9090909090909091	False
1446	2426	0.8181818181818182	False
1446	2234	0.7272727272727273	False
1446	755	0.6363636363636364	True
1446	978	0.5454545454545454	True
1446	478	0.45454545454545453	True
1446	1064	0.36363636363636365	True
1446	2248	0.2727272727272727	True
1446	997	0.18181818181818182	True
1446	64	0.09090909090909091	False
2613	2426	0.9090909090909091	False
2613	2972	0.8181818181818182	False
2613	478	0.7272727272727273	True
2613	64	0.6363636363636364	False
2613	978	0.5454545454545454	True
2613	997	0.45454545454545453	True
2613	755	0.36363636363636365	True
2613	2248	0.2727272727272727	True
2613	2234	0.18181818181818182	False
2613	3689	0.09090909090909091	True
4180	2972	0.9090909090909091	False
4180	2426	0.8181818181818182	False
4180	64	0.7272727272727273	False
4180	478	0.6363636363636364	True
4180	755	0.5454545454545454	True
4180	2234	0.45454545454545453	False
4180	3689	0.36363636363636365	True
4180	997	0.2727272727272727	True
4180	978	0.18181818181818182	True
4180	3149	0.09090909090909091	True
2570	137	0.9090909090909091	False
2570	2972	0.8181818181818182	False
2570	64	0.7272727272727273	False
2570	2234	0.6363636363636364	False
2570	2248	0.5454545454545454	True
2570	3689	0.45454545454545453	True
2570	978	0.36363636363636365	True
2570	755	0.2727272727272727	True
2570	478	0.18181818181818182	True
2570	3149	0.09090909090909091	True
5312	2972	0.9090909090909091	False
5312	64	0.8181818181818182	False
5312	137	0.7272727272727273	False
5312	2248	0.6363636363636364	True
5312	978	0.5454545454545454	True
5312	478	0.45454545454545453	True
5312	2426	0.36363636363636365	False
5312	3149	0.2727272727272727	True
5312	3689	0.18181818181818182	True
5312	2234	0.09090909090909091	False
5315	2972	0.9090909090909091	False
5315	137	0.8181818181818182	False
5315	755	0.7272727272727273	True
5315	64	0.6363636363636364	False
5315	2426	0.5454545454545454	False
5315	478	0.45454545454545453	True
5315	2248	0.36363636363636365	True
5315	2234	0.2727272727272727	False
5315	3689	0.18181818181818182	True
5315	3149	0.09090909090909091	True
