3840	3882	0.9090909090909091	False
3840	407	0.8181818181818182	True
3840	1992	0.7272727272727273	False
3840	206	0.6363636363636364	True
3840	2116	0.5454545454545454	True
3840	1679	0.45454545454545453	False
3840	2773	0.36363636363636365	False
3840	3215	0.2727272727272727	True
3840	2819	0.18181818181818182	True
3840	381	0.09090909090909091	True
3015	3882	0.9090909090909091	False
3015	3296	0.8181818181818182	True
3015	3548	0.7272727272727273	True
3015	2810	0.6363636363636364	True
3015	206	0.5454545454545454	True
3015	2773	0.45454545454545453	False
3015	2562	0.36363636363636365	True
3015	3597	0.2727272727272727	True
3015	725	0.18181818181818182	True
3015	1992	0.09090909090909091	False
1581	3882	0.9090909090909091	False
1581	888	0.8181818181818182	False
1581	2436	0.7272727272727273	True
1581	986	0.6363636363636364	True
1581	725	0.5454545454545454	True
1581	3594	0.45454545454545453	True
1581	1679	0.36363636363636365	False
1581	3914	0.2727272727272727	True
1581	3296	0.18181818181818182	True
1581	2562	0.09090909090909091	True
3227	3882	0.9090909090909091	False
3227	3594	0.8181818181818182	True
3227	888	0.7272727272727273	False
3227	2773	0.6363636363636364	False
3227	407	0.5454545454545454	True
3227	3175	0.45454545454545453	True
3227	2819	0.36363636363636365	True
3227	1679	0.2727272727272727	False
3227	1992	0.18181818181818182	False
3227	206	0.09090909090909091	True
4444	3882	0.9090909090909091	False
4444	3296	0.8181818181818182	True
4444	2773	0.7272727272727273	False
4444	1679	0.6363636363636364	False
4444	2562	0.5454545454545454	True
4444	1992	0.45454545454545453	False
4444	2810	0.36363636363636365	True
4444	3175	0.2727272727272727	True
4444	3594	0.18181818181818182	True
4444	206	0.09090909090909091	True
1508	3882	0.9090909090909091	False
1508	1945	0.8181818181818182	True
1508	3548	0.7272727272727273	True
1508	3296	0.6363636363636364	True
1508	3594	0.5454545454545454	True
1508	888	0.45454545454545453	False
1508	2819	0.36363636363636365	True
1508	2773	0.2727272727272727	False
1508	1679	0.18181818181818182	False
1508	3161	0.09090909090909091	True
179	3882	0.9090909090909091	False
179	1992	0.8181818181818182	False
179	407	0.7272727272727273	True
179	1631	0.6363636363636364	True
179	2962	0.5454545454545454	True
179	888	0.45454545454545453	False
179	3161	0.36363636363636365	True
179	3594	0.2727272727272727	True
179	3548	0.18181818181818182	True
179	2810	0.09090909090909091	True
3344	3882	0.9090909090909091	False
3344	725	0.8181818181818182	True
3344	1679	0.7272727272727273	False
3344	2562	0.6363636363636364	True
3344	2436	0.5454545454545454	True
3344	888	0.45454545454545453	False
3344	2773	0.36363636363636365	False
3344	3594	0.2727272727272727	True
3344	197	0.18181818181818182	True
3344	381	0.09090909090909091	True
955	3882	0.9090909090909091	False
955	206	0.8181818181818182	True
955	3215	0.7272727272727273	True
955	1679	0.6363636363636364	False
955	1992	0.5454545454545454	False
955	2819	0.45454545454545453	True
955	2773	0.36363636363636365	False
955	3296	0.2727272727272727	True
955	49	0.18181818181818182	True
955	3914	0.09090909090909091	True
3730	3882	0.9090909090909091	False
3730	2773	0.8181818181818182	False
3730	1679	0.7272727272727273	False
3730	2562	0.6363636363636364	True
3730	888	0.5454545454545454	False
3730	206	0.45454545454545453	True
3730	3594	0.36363636363636365	True
3730	2436	0.2727272727272727	True
3730	2683	0.18181818181818182	True
3730	3296	0.09090909090909091	True
3887	3882	0.9090909090909091	False
3887	206	0.8181818181818182	True
3887	2819	0.7272727272727273	True
3887	1679	0.6363636363636364	False
3887	407	0.5454545454545454	True
3887	2773	0.45454545454545453	False
3887	3215	0.36363636363636365	True
3887	3914	0.2727272727272727	True
3887	3161	0.18181818181818182	True
3887	1812	0.09090909090909091	True
4335	3882	0.9090909090909091	False
4335	407	0.8181818181818182	True
4335	2962	0.7272727272727273	True
4335	1992	0.6363636363636364	False
4335	3215	0.5454545454545454	True
4335	2116	0.45454545454545453	True
4335	2819	0.36363636363636365	True
4335	206	0.2727272727272727	True
4335	3594	0.18181818181818182	True
4335	888	0.09090909090909091	False
290	3882	0.9090909090909091	False
290	2773	0.8181818181818182	False
290	888	0.7272727272727273	False
290	1679	0.6363636363636364	False
290	407	0.5454545454545454	True
290	3548	0.45454545454545453	True
290	725	0.36363636363636365	True
290	3594	0.2727272727272727	True
290	2562	0.18181818181818182	True
290	2436	0.09090909090909091	True
1096	3882	0.9090909090909091	False
1096	3594	0.8181818181818182	True
1096	2773	0.7272727272727273	False
1096	2562	0.6363636363636364	True
1096	206	0.5454545454545454	True
1096	2962	0.45454545454545453	True
1096	1992	0.36363636363636365	False
1096	888	0.2727272727272727	False
1096	3296	0.18181818181818182	True
1096	2436	0.09090909090909091	True
3191	3882	0.9090909090909091	False
3191	888	0.8181818181818182	False
3191	2773	0.7272727272727273	False
3191	3296	0.6363636363636364	True
3191	3594	0.5454545454545454	True
3191	2562	0.45454545454545453	True
3191	2082	0.36363636363636365	True
3191	3914	0.2727272727272727	True
3191	1679	0.18181818181818182	False
3191	206	0.09090909090909091	True
633	3882	0.9090909090909091	False
633	3215	0.8181818181818182	True
633	888	0.7272727272727273	False
633	3594	0.6363636363636364	True
633	3914	0.5454545454545454	True
633	1992	0.45454545454545453	False
633	3538	0.36363636363636365	True
633	2773	0.2727272727272727	False
633	2819	0.18181818181818182	True
633	407	0.09090909090909091	True
1013	3882	0.9090909090909091	False
1013	1992	0.8181818181818182	False
1013	2562	0.7272727272727273	True
1013	2082	0.6363636363636364	True
1013	2773	0.5454545454545454	False
1013	3175	0.45454545454545453	True
1013	3296	0.36363636363636365	True
1013	206	0.2727272727272727	True
1013	381	0.18181818181818182	True
1013	1679	0.09090909090909091	False
163	3882	0.9090909090909091	False
163	2773	0.8181818181818182	False
163	2562	0.7272727272727273	True
163	3548	0.6363636363636364	True
163	3594	0.5454545454545454	True
163	888	0.45454545454545453	False
163	3296	0.36363636363636365	True
163	206	0.2727272727272727	True
163	1679	0.18181818181818182	False
163	725	0.09090909090909091	True
908	3882	0.9090909090909091	False
908	49	0.8181818181818182	True
908	3296	0.7272727272727273	True
908	3548	0.6363636363636364	True
908	888	0.5454545454545454	False
908	1992	0.45454545454545453	False
908	2773	0.36363636363636365	False
908	3594	0.2727272727272727	True
908	2436	0.18181818181818182	True
908	1679	0.09090909090909091	False
923	3882	0.9090909090909091	False
923	2773	0.8181818181818182	False
923	888	0.7272727272727273	False
923	407	0.6363636363636364	True
923	2962	0.5454545454545454	True
923	2436	0.45454545454545453	True
923	1945	0.36363636363636365	True
923	725	0.2727272727272727	True
923	1992	0.18181818181818182	False
923	206	0.09090909090909091	True
4744	3882	0.9090909090909091	False
4744	888	0.8181818181818182	False
4744	1992	0.7272727272727273	False
4744	2232	0.6363636363636364	True
4744	3594	0.5454545454545454	True
4744	1679	0.45454545454545453	False
4744	407	0.36363636363636365	True
4744	1631	0.2727272727272727	True
4744	2773	0.18181818181818182	False
4744	2436	0.09090909090909091	True
247	3882	0.9090909090909091	False
247	1992	0.8181818181818182	False
247	1679	0.7272727272727273	False
247	3296	0.6363636363636364	True
247	1945	0.5454545454545454	True
247	2773	0.45454545454545453	False
247	49	0.36363636363636365	True
247	407	0.2727272727272727	True
247	3548	0.18181818181818182	True
247	206	0.09090909090909091	True
1311	3882	0.9090909090909091	False
1311	206	0.8181818181818182	True
1311	2773	0.7272727272727273	False
1311	1992	0.6363636363636364	False
1311	2819	0.5454545454545454	True
1311	1679	0.45454545454545453	False
1311	2562	0.36363636363636365	True
1311	3175	0.2727272727272727	True
1311	2232	0.18181818181818182	True
1311	888	0.09090909090909091	False
1631	3882	0.9090909090909091	False
1631	1992	0.8181818181818182	False
1631	3215	0.7272727272727273	True
1631	2773	0.6363636363636364	False
1631	3548	0.5454545454545454	True
1631	1945	0.45454545454545453	True
1631	3175	0.36363636363636365	True
1631	2082	0.2727272727272727	True
1631	407	0.18181818181818182	True
1631	3296	0.09090909090909091	True
389	3882	0.9090909090909091	False
389	3296	0.8181818181818182	True
389	888	0.7272727272727273	False
389	2562	0.6363636363636364	True
389	3594	0.5454545454545454	True
389	2773	0.45454545454545453	False
389	1992	0.36363636363636365	False
389	2436	0.2727272727272727	True
389	3914	0.18181818181818182	True
389	3597	0.09090909090909091	True
3417	3882	0.9090909090909091	False
3417	888	0.8181818181818182	False
3417	2773	0.7272727272727273	False
3417	3296	0.6363636363636364	True
3417	3594	0.5454545454545454	True
3417	1992	0.45454545454545453	False
3417	3215	0.36363636363636365	True
3417	2436	0.2727272727272727	True
3417	1679	0.18181818181818182	False
3417	2116	0.09090909090909091	True
4480	3882	0.9090909090909091	False
4480	1992	0.8181818181818182	False
4480	2819	0.7272727272727273	True
4480	2962	0.6363636363636364	True
4480	407	0.5454545454545454	True
4480	3215	0.45454545454545453	True
4480	2773	0.36363636363636365	False
4480	3548	0.2727272727272727	True
4480	2562	0.18181818181818182	True
4480	3296	0.09090909090909091	True
5076	3882	0.9090909090909091	False
5076	2773	0.8181818181818182	False
5076	1679	0.7272727272727273	False
5076	3215	0.6363636363636364	True
5076	206	0.5454545454545454	True
5076	2819	0.45454545454545453	True
5076	3914	0.36363636363636365	True
5076	888	0.2727272727272727	False
5076	3161	0.18181818181818182	True
5076	3538	0.09090909090909091	True
3296	3882	0.9090909090909091	False
3296	206	0.8181818181818182	True
3296	2773	0.7272727272727273	False
3296	2810	0.6363636363636364	True
3296	1679	0.5454545454545454	False
3296	3215	0.45454545454545453	True
3296	1992	0.36363636363636365	False
3296	888	0.2727272727272727	False
3296	381	0.18181818181818182	True
3296	407	0.09090909090909091	True
5139	3882	0.9090909090909091	False
5139	1679	0.8181818181818182	False
5139	3215	0.7272727272727273	True
5139	2683	0.6363636363636364	True
5139	2773	0.5454545454545454	False
5139	206	0.45454545454545453	True
5139	3914	0.36363636363636365	True
5139	2562	0.2727272727272727	True
5139	1992	0.18181818181818182	False
5139	381	0.09090909090909091	True
4121	3882	0.9090909090909091	False
4121	407	0.8181818181818182	True
4121	1679	0.7272727272727273	False
4121	1992	0.6363636363636364	False
4121	3594	0.5454545454545454	True
4121	2819	0.45454545454545453	True
4121	3161	0.36363636363636365	True
4121	2773	0.2727272727272727	False
4121	888	0.18181818181818182	False
4121	1945	0.09090909090909091	True
1163	3882	0.9090909090909091	False
1163	888	0.8181818181818182	False
1163	2773	0.7272727272727273	False
1163	1679	0.6363636363636364	False
1163	206	0.5454545454545454	True
1163	3296	0.45454545454545453	True
1163	3594	0.36363636363636365	True
1163	2562	0.2727272727272727	True
1163	1992	0.18181818181818182	False
1163	407	0.09090909090909091	True
3723	3882	0.9090909090909091	False
3723	888	0.8181818181818182	False
3723	2773	0.7272727272727273	False
3723	206	0.6363636363636364	True
3723	3914	0.5454545454545454	True
3723	3594	0.45454545454545453	True
3723	1679	0.36363636363636365	False
3723	2562	0.2727272727272727	True
3723	3296	0.18181818181818182	True
3723	2819	0.09090909090909091	True
392	3882	0.9090909090909091	False
392	1992	0.8181818181818182	False
392	2773	0.7272727272727273	False
392	3594	0.6363636363636364	True
392	1945	0.5454545454545454	True
392	888	0.45454545454545453	False
392	3175	0.36363636363636365	True
392	3296	0.2727272727272727	True
392	407	0.18181818181818182	True
392	1679	0.09090909090909091	False
5663	3882	0.9090909090909091	False
5663	1992	0.8181818181818182	False
5663	2773	0.7272727272727273	False
5663	3296	0.6363636363636364	True
5663	2562	0.5454545454545454	True
5663	2116	0.45454545454545453	True
5663	3215	0.36363636363636365	True
5663	2819	0.2727272727272727	True
5663	206	0.18181818181818182	True
5663	888	0.09090909090909091	False
2057	3882	0.9090909090909091	False
2057	1679	0.8181818181818182	False
2057	2773	0.7272727272727273	False
2057	407	0.6363636363636364	True
2057	381	0.5454545454545454	True
2057	1992	0.45454545454545453	False
2057	2562	0.36363636363636365	True
2057	206	0.2727272727272727	True
2057	3215	0.18181818181818182	True
2057	2683	0.09090909090909091	True
1498	3882	0.9090909090909091	False
1498	888	0.8181818181818182	False
1498	1992	0.7272727272727273	False
1498	2436	0.6363636363636364	True
1498	3914	0.5454545454545454	True
1498	3594	0.45454545454545453	True
1498	3215	0.36363636363636365	True
1498	2819	0.2727272727272727	True
1498	3296	0.18181818181818182	True
1498	407	0.09090909090909091	True
5186	3882	0.9090909090909091	False
5186	1992	0.8181818181818182	False
5186	2819	0.7272727272727273	True
5186	2810	0.6363636363636364	True
5186	888	0.5454545454545454	False
5186	2436	0.45454545454545453	True
5186	3548	0.36363636363636365	True
5186	407	0.2727272727272727	True
5186	3215	0.18181818181818182	True
5186	3594	0.09090909090909091	True
2837	3882	0.9090909090909091	False
2837	1992	0.8181818181818182	False
2837	381	0.7272727272727273	True
2837	1679	0.6363636363636364	False
2837	2562	0.5454545454545454	True
2837	2773	0.45454545454545453	False
2837	2810	0.36363636363636365	True
2837	3215	0.2727272727272727	True
2837	407	0.18181818181818182	True
2837	3175	0.09090909090909091	True
4423	3882	0.9090909090909091	False
4423	3175	0.8181818181818182	True
4423	3215	0.7272727272727273	True
4423	2819	0.6363636363636364	True
4423	1679	0.5454545454545454	False
4423	206	0.45454545454545453	True
4423	2436	0.36363636363636365	True
4423	3914	0.2727272727272727	True
4423	1992	0.18181818181818182	False
4423	2111	0.09090909090909091	True
1894	3882	0.9090909090909091	False
1894	2116	0.8181818181818182	True
1894	206	0.7272727272727273	True
1894	3215	0.6363636363636364	True
1894	3296	0.5454545454545454	True
1894	1992	0.45454545454545453	False
1894	888	0.36363636363636365	False
1894	2819	0.2727272727272727	True
1894	2773	0.18181818181818182	False
1894	1679	0.09090909090909091	False
3324	3882	0.9090909090909091	False
3324	2773	0.8181818181818182	False
3324	1992	0.7272727272727273	False
3324	3296	0.6363636363636364	True
3324	3594	0.5454545454545454	True
3324	1679	0.45454545454545453	False
3324	2562	0.36363636363636365	True
3324	407	0.2727272727272727	True
3324	1945	0.18181818181818182	True
3324	3548	0.09090909090909091	True
5563	3882	0.9090909090909091	False
5563	3594	0.8181818181818182	True
5563	197	0.7272727272727273	True
5563	3175	0.6363636363636364	True
5563	1992	0.5454545454545454	False
5563	2773	0.45454545454545453	False
5563	3215	0.36363636363636365	True
5563	407	0.2727272727272727	True
5563	2962	0.18181818181818182	True
5563	3548	0.09090909090909091	True
4863	3882	0.9090909090909091	False
4863	206	0.8181818181818182	True
4863	3594	0.7272727272727273	True
4863	2773	0.6363636363636364	False
4863	888	0.5454545454545454	False
4863	2819	0.45454545454545453	True
4863	1679	0.36363636363636365	False
4863	1992	0.2727272727272727	False
4863	3215	0.18181818181818182	True
4863	407	0.09090909090909091	True
2734	3882	0.9090909090909091	False
2734	1992	0.8181818181818182	False
2734	1679	0.7272727272727273	False
2734	407	0.6363636363636364	True
2734	2773	0.5454545454545454	False
2734	3594	0.45454545454545453	True
2734	3215	0.36363636363636365	True
2734	888	0.2727272727272727	False
2734	206	0.18181818181818182	True
2734	2819	0.09090909090909091	True
4192	3882	0.9090909090909091	False
4192	888	0.8181818181818182	False
4192	2773	0.7272727272727273	False
4192	1679	0.6363636363636364	False
4192	3296	0.5454545454545454	True
4192	3215	0.45454545454545453	True
4192	3914	0.36363636363636365	True
4192	2562	0.2727272727272727	True
4192	2819	0.18181818181818182	True
4192	3548	0.09090909090909091	True
3867	3882	0.9090909090909091	False
3867	2962	0.8181818181818182	True
3867	3594	0.7272727272727273	True
3867	2810	0.6363636363636364	True
3867	1992	0.5454545454545454	False
3867	888	0.45454545454545453	False
3867	2773	0.36363636363636365	False
3867	407	0.2727272727272727	True
3867	1150	0.18181818181818182	True
3867	3215	0.09090909090909091	True
5903	3882	0.9090909090909091	False
5903	888	0.8181818181818182	False
5903	3594	0.7272727272727273	True
5903	2773	0.6363636363636364	False
5903	2436	0.5454545454545454	True
5903	2810	0.45454545454545453	True
5903	1679	0.36363636363636365	False
5903	3548	0.2727272727272727	True
5903	49	0.18181818181818182	True
5903	2562	0.09090909090909091	True
2420	3882	0.9090909090909091	False
2420	407	0.8181818181818182	True
2420	2773	0.7272727272727273	False
2420	1679	0.6363636363636364	False
2420	3161	0.5454545454545454	True
2420	3594	0.45454545454545453	True
2420	888	0.36363636363636365	False
2420	3215	0.2727272727272727	True
2420	3548	0.18181818181818182	True
2420	1945	0.09090909090909091	True
1502	3882	0.9090909090909091	False
1502	407	0.8181818181818182	True
1502	2773	0.7272727272727273	False
1502	888	0.6363636363636364	False
1502	3594	0.5454545454545454	True
1502	1679	0.45454545454545453	False
1502	1992	0.36363636363636365	False
1502	2962	0.2727272727272727	True
1502	3215	0.18181818181818182	True
1502	381	0.09090909090909091	True
1225	3882	0.9090909090909091	False
1225	3594	0.8181818181818182	True
1225	3548	0.7272727272727273	True
1225	407	0.6363636363636364	True
1225	888	0.5454545454545454	False
1225	3161	0.45454545454545453	True
1225	1992	0.36363636363636365	False
1225	1679	0.2727272727272727	False
1225	3296	0.18181818181818182	True
1225	2773	0.09090909090909091	False
382	3882	0.9090909090909091	False
382	3296	0.8181818181818182	True
382	3548	0.7272727272727273	True
382	1679	0.6363636363636364	False
382	1945	0.5454545454545454	True
382	3597	0.45454545454545453	True
382	197	0.36363636363636365	True
382	407	0.2727272727272727	True
382	1992	0.18181818181818182	False
382	725	0.09090909090909091	True
3565	3882	0.9090909090909091	False
3565	3296	0.8181818181818182	True
3565	2773	0.7272727272727273	False
3565	1679	0.6363636363636364	False
3565	2562	0.5454545454545454	True
3565	888	0.45454545454545453	False
3565	49	0.36363636363636365	True
3565	1945	0.2727272727272727	True
3565	2116	0.18181818181818182	True
3565	3548	0.09090909090909091	True
2300	3882	0.9090909090909091	False
2300	1631	0.8181818181818182	True
2300	3548	0.7272727272727273	True
2300	206	0.6363636363636364	True
2300	888	0.5454545454545454	False
2300	2111	0.45454545454545453	True
2300	3914	0.36363636363636365	True
2300	2962	0.2727272727272727	True
2300	3215	0.18181818181818182	True
2300	2773	0.09090909090909091	False
1808	3882	0.9090909090909091	False
1808	888	0.8181818181818182	False
1808	3594	0.7272727272727273	True
1808	2436	0.6363636363636364	True
1808	1992	0.5454545454545454	False
1808	2773	0.45454545454545453	False
1808	407	0.36363636363636365	True
1808	2562	0.2727272727272727	True
1808	3914	0.18181818181818182	True
1808	2819	0.09090909090909091	True
178	3882	0.9090909090909091	False
178	1992	0.8181818181818182	False
178	888	0.7272727272727273	False
178	1679	0.6363636363636364	False
178	2321	0.5454545454545454	True
178	3215	0.45454545454545453	True
178	2562	0.36363636363636365	True
178	2773	0.2727272727272727	False
178	3296	0.18181818181818182	True
178	206	0.09090909090909091	True
1642	3882	0.9090909090909091	False
1642	407	0.8181818181818182	True
1642	2819	0.7272727272727273	True
1642	1992	0.6363636363636364	False
1642	888	0.5454545454545454	False
1642	3215	0.45454545454545453	True
1642	2116	0.36363636363636365	True
1642	2111	0.2727272727272727	True
1642	2436	0.18181818181818182	True
1642	1679	0.09090909090909091	False
4421	3882	0.9090909090909091	False
4421	2116	0.8181818181818182	True
4421	1992	0.7272727272727273	False
4421	2819	0.6363636363636364	True
4421	3914	0.5454545454545454	True
4421	3548	0.45454545454545453	True
4421	3296	0.36363636363636365	True
4421	2082	0.2727272727272727	True
4421	888	0.18181818181818182	False
4421	3594	0.09090909090909091	True
594	3882	0.9090909090909091	False
594	888	0.8181818181818182	False
594	1992	0.7272727272727273	False
594	2436	0.6363636363636364	True
594	407	0.5454545454545454	True
594	1679	0.45454545454545453	False
594	3594	0.36363636363636365	True
594	2773	0.2727272727272727	False
594	3215	0.18181818181818182	True
594	2810	0.09090909090909091	True
3986	3882	0.9090909090909091	False
3986	888	0.8181818181818182	False
3986	2773	0.7272727272727273	False
3986	1992	0.6363636363636364	False
3986	3296	0.5454545454545454	True
3986	49	0.45454545454545453	True
3986	3594	0.36363636363636365	True
3986	407	0.2727272727272727	True
3986	3548	0.18181818181818182	True
3986	2116	0.09090909090909091	True
3348	3882	0.9090909090909091	False
3348	1679	0.8181818181818182	False
3348	3215	0.7272727272727273	True
3348	407	0.6363636363636364	True
3348	2773	0.5454545454545454	False
3348	1992	0.45454545454545453	False
3348	888	0.36363636363636365	False
3348	3548	0.2727272727272727	True
3348	381	0.18181818181818182	True
3348	2436	0.09090909090909091	True
3695	3882	0.9090909090909091	False
3695	888	0.8181818181818182	False
3695	3594	0.7272727272727273	True
3695	2773	0.6363636363636364	False
3695	2562	0.5454545454545454	True
3695	1679	0.45454545454545453	False
3695	3296	0.36363636363636365	True
3695	49	0.2727272727272727	True
3695	2082	0.18181818181818182	True
3695	2819	0.09090909090909091	True
2160	3882	0.9090909090909091	False
2160	1992	0.8181818181818182	False
2160	3594	0.7272727272727273	True
2160	2810	0.6363636363636364	True
2160	407	0.5454545454545454	True
2160	888	0.45454545454545453	False
2160	3548	0.36363636363636365	True
2160	3161	0.2727272727272727	True
2160	74	0.18181818181818182	True
2160	2962	0.09090909090909091	True
4037	3882	0.9090909090909091	False
4037	3215	0.8181818181818182	True
4037	3914	0.7272727272727273	True
4037	2819	0.6363636363636364	True
4037	381	0.5454545454545454	True
4037	1992	0.45454545454545453	False
4037	407	0.36363636363636365	True
4037	3594	0.2727272727272727	True
4037	2773	0.18181818181818182	False
4037	1679	0.09090909090909091	False
5910	3882	0.9090909090909091	False
5910	3296	0.8181818181818182	True
5910	888	0.7272727272727273	False
5910	2773	0.6363636363636364	False
5910	3594	0.5454545454545454	True
5910	3548	0.45454545454545453	True
5910	49	0.36363636363636365	True
5910	1992	0.2727272727272727	False
5910	3161	0.18181818181818182	True
5910	2810	0.09090909090909091	True
2984	3882	0.9090909090909091	False
2984	407	0.8181818181818182	True
2984	3548	0.7272727272727273	True
2984	888	0.6363636363636364	False
2984	1992	0.5454545454545454	False
2984	1679	0.45454545454545453	False
2984	3594	0.36363636363636365	True
2984	3296	0.2727272727272727	True
2984	49	0.18181818181818182	True
2984	2773	0.09090909090909091	False
4620	3882	0.9090909090909091	False
4620	1992	0.8181818181818182	False
4620	3215	0.7272727272727273	True
4620	381	0.6363636363636364	True
4620	2082	0.5454545454545454	True
4620	3175	0.45454545454545453	True
4620	3524	0.36363636363636365	True
4620	2819	0.2727272727272727	True
4620	2773	0.18181818181818182	False
4620	2562	0.09090909090909091	True
2455	3882	0.9090909090909091	False
2455	888	0.8181818181818182	False
2455	3296	0.7272727272727273	True
2455	1679	0.6363636363636364	False
2455	49	0.5454545454545454	True
2455	2436	0.45454545454545453	True
2455	3548	0.36363636363636365	True
2455	2562	0.2727272727272727	True
2455	2773	0.18181818181818182	False
2455	3538	0.09090909090909091	True
1583	3882	0.9090909090909091	False
1583	3296	0.8181818181818182	True
1583	3548	0.7272727272727273	True
1583	888	0.6363636363636364	False
1583	2562	0.5454545454545454	True
1583	3914	0.45454545454545453	True
1583	2819	0.36363636363636365	True
1583	1679	0.2727272727272727	False
1583	2773	0.18181818181818182	False
1583	49	0.09090909090909091	True
2956	3882	0.9090909090909091	False
2956	888	0.8181818181818182	False
2956	3594	0.7272727272727273	True
2956	2773	0.6363636363636364	False
2956	1679	0.5454545454545454	False
2956	381	0.45454545454545453	True
2956	2436	0.36363636363636365	True
2956	1992	0.2727272727272727	False
2956	3914	0.18181818181818182	True
2956	407	0.09090909090909091	True
963	3882	0.9090909090909091	False
963	888	0.8181818181818182	False
963	1631	0.7272727272727273	True
963	2232	0.6363636363636364	True
963	1992	0.5454545454545454	False
963	381	0.45454545454545453	True
963	2562	0.36363636363636365	True
963	3597	0.2727272727272727	True
963	3296	0.18181818181818182	True
963	3548	0.09090909090909091	True
228	3882	0.9090909090909091	False
228	888	0.8181818181818182	False
228	2773	0.7272727272727273	False
228	1992	0.6363636363636364	False
228	2116	0.5454545454545454	True
228	3594	0.45454545454545453	True
228	2810	0.36363636363636365	True
228	3538	0.2727272727272727	True
228	2962	0.18181818181818182	True
228	3296	0.09090909090909091	True
5211	3882	0.9090909090909091	False
5211	3296	0.8181818181818182	True
5211	1992	0.7272727272727273	False
5211	2116	0.6363636363636364	True
5211	888	0.5454545454545454	False
5211	381	0.45454545454545453	True
5211	2773	0.36363636363636365	False
5211	2810	0.2727272727272727	True
5211	769	0.18181818181818182	True
5211	3538	0.09090909090909091	True
5014	3882	0.9090909090909091	False
5014	888	0.8181818181818182	False
5014	3296	0.7272727272727273	True
5014	3175	0.6363636363636364	True
5014	3538	0.5454545454545454	True
5014	3914	0.45454545454545453	True
5014	49	0.36363636363636365	True
5014	3215	0.2727272727272727	True
5014	3548	0.18181818181818182	True
5014	2436	0.09090909090909091	True
2616	3882	0.9090909090909091	False
2616	3296	0.8181818181818182	True
2616	2562	0.7272727272727273	True
2616	2773	0.6363636363636364	False
2616	1679	0.5454545454545454	False
2616	49	0.45454545454545453	True
2616	888	0.36363636363636365	False
2616	2819	0.2727272727272727	True
2616	3175	0.18181818181818182	True
2616	3914	0.09090909090909091	True
4429	3882	0.9090909090909091	False
4429	888	0.8181818181818182	False
4429	3594	0.7272727272727273	True
4429	3296	0.6363636363636364	True
4429	3548	0.5454545454545454	True
4429	3914	0.45454545454545453	True
4429	1679	0.36363636363636365	False
4429	1992	0.2727272727272727	False
4429	2436	0.18181818181818182	True
4429	2116	0.09090909090909091	True
439	3882	0.9090909090909091	False
439	1992	0.8181818181818182	False
439	206	0.7272727272727273	True
439	2773	0.6363636363636364	False
439	3215	0.5454545454545454	True
439	407	0.45454545454545453	True
439	2819	0.36363636363636365	True
439	1679	0.2727272727272727	False
439	3594	0.18181818181818182	True
439	381	0.09090909090909091	True
1201	3882	0.9090909090909091	False
1201	3296	0.8181818181818182	True
1201	2562	0.7272727272727273	True
1201	888	0.6363636363636364	False
1201	3594	0.5454545454545454	True
1201	2773	0.45454545454545453	False
1201	2810	0.36363636363636365	True
1201	1679	0.2727272727272727	False
1201	725	0.18181818181818182	True
1201	1992	0.09090909090909091	False
1694	3882	0.9090909090909091	False
1694	2773	0.8181818181818182	False
1694	3594	0.7272727272727273	True
1694	2810	0.6363636363636364	True
1694	206	0.5454545454545454	True
1694	2562	0.45454545454545453	True
1694	1679	0.36363636363636365	False
1694	407	0.2727272727272727	True
1694	3215	0.18181818181818182	True
1694	2683	0.09090909090909091	True
620	3882	0.9090909090909091	False
620	888	0.8181818181818182	False
620	1679	0.7272727272727273	False
620	3215	0.6363636363636364	True
620	1992	0.5454545454545454	False
620	2773	0.45454545454545453	False
620	206	0.36363636363636365	True
620	3296	0.2727272727272727	True
620	407	0.18181818181818182	True
620	3594	0.09090909090909091	True
2128	3882	0.9090909090909091	False
2128	1992	0.8181818181818182	False
2128	1679	0.7272727272727273	False
2128	206	0.6363636363636364	True
2128	2773	0.5454545454545454	False
2128	407	0.45454545454545453	True
2128	2232	0.36363636363636365	True
2128	2562	0.2727272727272727	True
2128	3296	0.18181818181818182	True
2128	3175	0.09090909090909091	True
2553	3882	0.9090909090909091	False
2553	3594	0.8181818181818182	True
2553	2773	0.7272727272727273	False
2553	888	0.6363636363636364	False
2553	2962	0.5454545454545454	True
2553	3548	0.45454545454545453	True
2553	2819	0.36363636363636365	True
2553	407	0.2727272727272727	True
2553	1150	0.18181818181818182	True
2553	206	0.09090909090909091	True
3101	3882	0.9090909090909091	False
3101	3296	0.8181818181818182	True
3101	1992	0.7272727272727273	False
3101	888	0.6363636363636364	False
3101	1679	0.5454545454545454	False
3101	3597	0.45454545454545453	True
3101	197	0.36363636363636365	True
3101	3594	0.2727272727272727	True
3101	3548	0.18181818181818182	True
3101	381	0.09090909090909091	True
3478	3882	0.9090909090909091	False
3478	206	0.8181818181818182	True
3478	1992	0.7272727272727273	False
3478	49	0.6363636363636364	True
3478	2773	0.5454545454545454	False
3478	2810	0.45454545454545453	True
3478	3594	0.36363636363636365	True
3478	2562	0.2727272727272727	True
3478	888	0.18181818181818182	False
3478	74	0.09090909090909091	True
4656	3882	0.9090909090909091	False
4656	1992	0.8181818181818182	False
4656	2562	0.7272727272727273	True
4656	2810	0.6363636363636364	True
4656	2773	0.5454545454545454	False
4656	2962	0.45454545454545453	True
4656	3215	0.36363636363636365	True
4656	1679	0.2727272727272727	False
4656	725	0.18181818181818182	True
4656	2819	0.09090909090909091	True
4974	3882	0.9090909090909091	False
4974	888	0.8181818181818182	False
4974	1992	0.7272727272727273	False
4974	407	0.6363636363636364	True
4974	3594	0.5454545454545454	True
4974	2819	0.45454545454545453	True
4974	3175	0.36363636363636365	True
4974	3597	0.2727272727272727	True
4974	2116	0.18181818181818182	True
4974	2082	0.09090909090909091	True
81	3882	0.9090909090909091	False
81	1992	0.8181818181818182	False
81	3296	0.7272727272727273	True
81	888	0.6363636363636364	False
81	3594	0.5454545454545454	True
81	2773	0.45454545454545453	False
81	3215	0.36363636363636365	True
81	206	0.2727272727272727	True
81	2962	0.18181818181818182	True
81	2819	0.09090909090909091	True
521	3882	0.9090909090909091	False
521	888	0.8181818181818182	False
521	3594	0.7272727272727273	True
521	3914	0.6363636363636364	True
521	1679	0.5454545454545454	False
521	3296	0.45454545454545453	True
521	1992	0.36363636363636365	False
521	2773	0.2727272727272727	False
521	2819	0.18181818181818182	True
521	2562	0.09090909090909091	True
1208	3882	0.9090909090909091	False
1208	1992	0.8181818181818182	False
1208	2232	0.7272727272727273	True
1208	1679	0.6363636363636364	False
1208	3296	0.5454545454545454	True
1208	3597	0.45454545454545453	True
1208	49	0.36363636363636365	True
1208	197	0.2727272727272727	True
1208	2562	0.18181818181818182	True
1208	3548	0.09090909090909091	True
5046	3882	0.9090909090909091	False
5046	2819	0.8181818181818182	True
5046	3215	0.7272727272727273	True
5046	888	0.6363636363636364	False
5046	2773	0.5454545454545454	False
5046	2436	0.45454545454545453	True
5046	3594	0.36363636363636365	True
5046	3914	0.2727272727272727	True
5046	1992	0.18181818181818182	False
5046	407	0.09090909090909091	True
2094	3882	0.9090909090909091	False
2094	1679	0.8181818181818182	False
2094	206	0.7272727272727273	True
2094	49	0.6363636363636364	True
2094	381	0.5454545454545454	True
2094	3296	0.45454545454545453	True
2094	2773	0.36363636363636365	False
2094	3914	0.2727272727272727	True
2094	2562	0.18181818181818182	True
2094	1992	0.09090909090909091	False
2164	3882	0.9090909090909091	False
2164	888	0.8181818181818182	False
2164	3594	0.7272727272727273	True
2164	2773	0.6363636363636364	False
2164	1992	0.5454545454545454	False
2164	2116	0.45454545454545453	True
2164	407	0.36363636363636365	True
2164	1679	0.2727272727272727	False
2164	3296	0.18181818181818182	True
2164	206	0.09090909090909091	True
5905	3882	0.9090909090909091	False
5905	888	0.8181818181818182	False
5905	3296	0.7272727272727273	True
5905	3548	0.6363636363636364	True
5905	2773	0.5454545454545454	False
5905	2562	0.45454545454545453	True
5905	1679	0.36363636363636365	False
5905	3597	0.2727272727272727	True
5905	3538	0.18181818181818182	True
5905	2436	0.09090909090909091	True
1281	3882	0.9090909090909091	False
1281	3594	0.8181818181818182	True
1281	2810	0.7272727272727273	True
1281	3548	0.6363636363636364	True
1281	2773	0.5454545454545454	False
1281	1992	0.45454545454545453	False
1281	3296	0.36363636363636365	True
1281	3161	0.2727272727272727	True
1281	888	0.18181818181818182	False
1281	3096	0.09090909090909091	True
1890	3882	0.9090909090909091	False
1890	888	0.8181818181818182	False
1890	407	0.7272727272727273	True
1890	1679	0.6363636363636364	False
1890	2773	0.5454545454545454	False
1890	2116	0.45454545454545453	True
1890	381	0.36363636363636365	True
1890	1631	0.2727272727272727	True
1890	3296	0.18181818181818182	True
1890	1992	0.09090909090909091	False
4034	3882	0.9090909090909091	False
4034	2810	0.8181818181818182	True
4034	888	0.7272727272727273	False
4034	2773	0.6363636363636364	False
4034	1992	0.5454545454545454	False
4034	2436	0.45454545454545453	True
4034	1679	0.36363636363636365	False
4034	3594	0.2727272727272727	True
4034	407	0.18181818181818182	True
4034	206	0.09090909090909091	True
3258	3882	0.9090909090909091	False
3258	1679	0.8181818181818182	False
3258	2773	0.7272727272727273	False
3258	3296	0.6363636363636364	True
3258	888	0.5454545454545454	False
3258	2562	0.45454545454545453	True
3258	206	0.36363636363636365	True
3258	1992	0.2727272727272727	False
3258	407	0.18181818181818182	True
3258	3594	0.09090909090909091	True
1322	3882	0.9090909090909091	False
1322	2773	0.8181818181818182	False
1322	1679	0.7272727272727273	False
1322	407	0.6363636363636364	True
1322	381	0.5454545454545454	True
1322	2562	0.45454545454545453	True
1322	1992	0.36363636363636365	False
1322	2683	0.2727272727272727	True
1322	3215	0.18181818181818182	True
1322	888	0.09090909090909091	False
1063	3882	0.9090909090909091	False
1063	3296	0.8181818181818182	True
1063	888	0.7272727272727273	False
1063	49	0.6363636363636364	True
1063	3548	0.5454545454545454	True
1063	2773	0.45454545454545453	False
1063	1679	0.36363636363636365	False
1063	381	0.2727272727272727	True
1063	2562	0.18181818181818182	True
1063	986	0.09090909090909091	True
1082	3882	0.9090909090909091	False
1082	1679	0.8181818181818182	False
1082	407	0.7272727272727273	True
1082	3161	0.6363636363636364	True
1082	206	0.5454545454545454	True
1082	2773	0.45454545454545453	False
1082	2819	0.36363636363636365	True
1082	3548	0.2727272727272727	True
1082	1992	0.18181818181818182	False
1082	3914	0.09090909090909091	True
