909	1276	0.9090909090909091	False
909	2382	0.8181818181818182	True
909	2348	0.7272727272727273	False
909	2464	0.6363636363636364	False
909	1453	0.5454545454545454	True
909	2285	0.45454545454545453	True
909	3695	0.36363636363636365	True
909	3453	0.2727272727272727	False
909	937	0.18181818181818182	True
909	3251	0.09090909090909091	True
2529	1276	0.9090909090909091	False
2529	2348	0.8181818181818182	False
2529	303	0.7272727272727273	True
2529	1436	0.6363636363636364	True
2529	3726	0.5454545454545454	True
2529	3251	0.45454545454545453	True
2529	2911	0.36363636363636365	True
2529	3453	0.2727272727272727	False
2529	3818	0.18181818181818182	True
2529	1929	0.09090909090909091	True
4804	1276	0.9090909090909091	False
4804	2348	0.8181818181818182	False
4804	2253	0.7272727272727273	False
4804	3453	0.6363636363636364	False
4804	3726	0.5454545454545454	True
4804	1245	0.45454545454545453	True
4804	3134	0.36363636363636365	True
4804	303	0.2727272727272727	True
4804	2580	0.18181818181818182	True
4804	3643	0.09090909090909091	True
5683	1276	0.9090909090909091	False
5683	2348	0.8181818181818182	False
5683	2253	0.7272727272727273	False
5683	2464	0.6363636363636364	False
5683	3643	0.5454545454545454	True
5683	3453	0.45454545454545453	False
5683	3695	0.36363636363636365	True
5683	309	0.2727272727272727	True
5683	41	0.18181818181818182	True
5683	3113	0.09090909090909091	True
2090	1276	0.9090909090909091	False
2090	2348	0.8181818181818182	False
2090	3251	0.7272727272727273	True
2090	303	0.6363636363636364	True
2090	3643	0.5454545454545454	True
2090	2464	0.45454545454545453	False
2090	2253	0.36363636363636365	False
2090	3453	0.2727272727272727	False
2090	2911	0.18181818181818182	True
2090	1453	0.09090909090909091	True
518	1276	0.9090909090909091	False
518	2348	0.8181818181818182	False
518	3251	0.7272727272727273	True
518	303	0.6363636363636364	True
518	3453	0.5454545454545454	False
518	3643	0.45454545454545453	True
518	866	0.36363636363636365	True
518	2464	0.2727272727272727	False
518	3695	0.18181818181818182	True
518	3476	0.09090909090909091	True
3048	1276	0.9090909090909091	False
3048	2348	0.8181818181818182	False
3048	2253	0.7272727272727273	False
3048	3726	0.6363636363636364	True
3048	937	0.5454545454545454	True
3048	1453	0.45454545454545453	True
3048	3453	0.36363636363636365	False
3048	3251	0.2727272727272727	True
3048	303	0.18181818181818182	True
3048	2464	0.09090909090909091	False
2382	1276	0.9090909090909091	False
2382	2348	0.8181818181818182	False
2382	866	0.7272727272727273	True
2382	2382	0.6363636363636364	True
2382	309	0.5454545454545454	True
2382	3643	0.45454545454545453	True
2382	1937	0.36363636363636365	True
2382	2585	0.2727272727272727	True
2382	1050	0.18181818181818182	True
2382	3453	0.09090909090909091	False
4706	1276	0.9090909090909091	False
4706	2253	0.8181818181818182	False
4706	3453	0.7272727272727273	False
4706	2348	0.6363636363636364	False
4706	2307	0.5454545454545454	True
4706	2911	0.45454545454545453	True
4706	3695	0.36363636363636365	True
4706	2464	0.2727272727272727	False
4706	1937	0.18181818181818182	True
4706	2695	0.09090909090909091	True
5040	1276	0.9090909090909091	False
5040	2348	0.8181818181818182	False
5040	866	0.7272727272727273	True
5040	2253	0.6363636363636364	False
5040	3726	0.5454545454545454	True
5040	937	0.45454545454545453	True
5040	303	0.36363636363636365	True
5040	1050	0.2727272727272727	True
5040	2382	0.18181818181818182	True
5040	2695	0.09090909090909091	True
2106	1276	0.9090909090909091	False
2106	2253	0.8181818181818182	False
2106	2348	0.7272727272727273	False
2106	2464	0.6363636363636364	False
2106	866	0.5454545454545454	True
2106	2695	0.45454545454545453	True
2106	309	0.36363636363636365	True
2106	3453	0.2727272727272727	False
2106	3643	0.18181818181818182	True
2106	937	0.09090909090909091	True
4939	1276	0.9090909090909091	False
4939	2348	0.8181818181818182	False
4939	1388	0.7272727272727273	True
4939	3453	0.6363636363636364	False
4939	2253	0.5454545454545454	False
4939	3251	0.45454545454545453	True
4939	3695	0.36363636363636365	True
4939	2464	0.2727272727272727	False
4939	303	0.18181818181818182	True
4939	937	0.09090909090909091	True
5856	1276	0.9090909090909091	False
5856	3661	0.8181818181818182	True
5856	3453	0.7272727272727273	False
5856	1453	0.6363636363636364	True
5856	2348	0.5454545454545454	False
5856	309	0.45454545454545453	True
5856	3726	0.36363636363636365	True
5856	866	0.2727272727272727	True
5856	3695	0.18181818181818182	True
5856	2464	0.09090909090909091	False
2925	1276	0.9090909090909091	False
2925	2348	0.8181818181818182	False
2925	3251	0.7272727272727273	True
2925	3643	0.6363636363636364	True
2925	3695	0.5454545454545454	True
2925	3264	0.45454545454545453	True
2925	3453	0.36363636363636365	False
2925	3476	0.2727272727272727	True
2925	1937	0.18181818181818182	True
2925	303	0.09090909090909091	True
1360	1276	0.9090909090909091	False
1360	2348	0.8181818181818182	False
1360	2464	0.7272727272727273	False
1360	303	0.6363636363636364	True
1360	3726	0.5454545454545454	True
1360	866	0.45454545454545453	True
1360	3476	0.36363636363636365	True
1360	3643	0.2727272727272727	True
1360	2253	0.18181818181818182	False
1360	3453	0.09090909090909091	False
3285	1276	0.9090909090909091	False
3285	2348	0.8181818181818182	False
3285	2464	0.7272727272727273	False
3285	2911	0.6363636363636364	True
3285	3075	0.5454545454545454	True
3285	309	0.45454545454545453	True
3285	3251	0.36363636363636365	True
3285	2253	0.2727272727272727	False
3285	866	0.18181818181818182	True
3285	1245	0.09090909090909091	True
5629	1276	0.9090909090909091	False
5629	2348	0.8181818181818182	False
5629	3453	0.7272727272727273	False
5629	3726	0.6363636363636364	True
5629	2382	0.5454545454545454	True
5629	177	0.45454545454545453	True
5629	3251	0.36363636363636365	True
5629	937	0.2727272727272727	True
5629	2285	0.18181818181818182	True
5629	303	0.09090909090909091	True
4401	1276	0.9090909090909091	False
4401	2348	0.8181818181818182	False
4401	3453	0.7272727272727273	False
4401	1453	0.6363636363636364	True
4401	2382	0.5454545454545454	True
4401	3726	0.45454545454545453	True
4401	3695	0.36363636363636365	True
4401	303	0.2727272727272727	True
4401	937	0.18181818181818182	True
4401	2911	0.09090909090909091	True
2891	1276	0.9090909090909091	False
2891	2348	0.8181818181818182	False
2891	3251	0.7272727272727273	True
2891	303	0.6363636363636364	True
2891	177	0.5454545454545454	True
2891	866	0.45454545454545453	True
2891	3453	0.36363636363636365	False
2891	3476	0.2727272727272727	True
2891	309	0.18181818181818182	True
2891	3629	0.09090909090909091	True
5781	1276	0.9090909090909091	False
5781	2348	0.8181818181818182	False
5781	2253	0.7272727272727273	False
5781	2911	0.6363636363636364	True
5781	2695	0.5454545454545454	True
5781	303	0.45454545454545453	True
5781	3453	0.36363636363636365	False
5781	1050	0.2727272727272727	True
5781	2464	0.18181818181818182	False
5781	1937	0.09090909090909091	True
3868	1276	0.9090909090909091	False
3868	2348	0.8181818181818182	False
3868	2253	0.7272727272727273	False
3868	3643	0.6363636363636364	True
3868	3453	0.5454545454545454	False
3868	2382	0.45454545454545453	True
3868	3075	0.36363636363636365	True
3868	2285	0.2727272727272727	True
3868	1937	0.18181818181818182	True
3868	41	0.09090909090909091	True
1493	1276	0.9090909090909091	False
1493	2253	0.8181818181818182	False
1493	2382	0.7272727272727273	True
1493	1929	0.6363636363636364	True
1493	2348	0.5454545454545454	False
1493	3453	0.45454545454545453	False
1493	3134	0.36363636363636365	True
1493	1050	0.2727272727272727	True
1493	3695	0.18181818181818182	True
1493	2590	0.09090909090909091	True
3614	1276	0.9090909090909091	False
3614	2348	0.8181818181818182	False
3614	2585	0.7272727272727273	True
3614	3643	0.6363636363636364	True
3614	3113	0.5454545454545454	True
3614	3476	0.45454545454545453	True
3614	1937	0.36363636363636365	True
3614	866	0.2727272727272727	True
3614	2464	0.18181818181818182	False
3614	3251	0.09090909090909091	True
5229	1276	0.9090909090909091	False
5229	2348	0.8181818181818182	False
5229	2911	0.7272727272727273	True
5229	1245	0.6363636363636364	True
5229	2464	0.5454545454545454	False
5229	303	0.45454545454545453	True
5229	3453	0.36363636363636365	False
5229	994	0.2727272727272727	True
5229	3726	0.18181818181818182	True
5229	2285	0.09090909090909091	True
5158	1276	0.9090909090909091	False
5158	2348	0.8181818181818182	False
5158	3453	0.7272727272727273	False
5158	3695	0.6363636363636364	True
5158	303	0.5454545454545454	True
5158	3251	0.45454545454545453	True
5158	3661	0.36363636363636365	True
5158	2253	0.2727272727272727	False
5158	2695	0.18181818181818182	True
5158	937	0.09090909090909091	True
266	1276	0.9090909090909091	False
266	2348	0.8181818181818182	False
266	2253	0.7272727272727273	False
266	303	0.6363636363636364	True
266	3476	0.5454545454545454	True
266	3264	0.45454545454545453	True
266	3726	0.36363636363636365	True
266	937	0.2727272727272727	True
266	866	0.18181818181818182	True
266	2285	0.09090909090909091	True
2355	1276	0.9090909090909091	False
2355	2348	0.8181818181818182	False
2355	2253	0.7272727272727273	False
2355	3818	0.6363636363636364	True
2355	2464	0.5454545454545454	False
2355	3075	0.45454545454545453	True
2355	3726	0.36363636363636365	True
2355	303	0.2727272727272727	True
2355	3476	0.18181818181818182	True
2355	3643	0.09090909090909091	True
2401	1276	0.9090909090909091	False
2401	2348	0.8181818181818182	False
2401	1937	0.7272727272727273	True
2401	3251	0.6363636363636364	True
2401	1388	0.5454545454545454	True
2401	3453	0.45454545454545453	False
2401	3476	0.36363636363636365	True
2401	937	0.2727272727272727	True
2401	2464	0.18181818181818182	False
2401	2382	0.09090909090909091	True
3015	1276	0.9090909090909091	False
3015	2348	0.8181818181818182	False
3015	2253	0.7272727272727273	False
3015	2285	0.6363636363636364	True
3015	3453	0.5454545454545454	False
3015	3643	0.45454545454545453	True
3015	937	0.36363636363636365	True
3015	1453	0.2727272727272727	True
3015	2695	0.18181818181818182	True
3015	2464	0.09090909090909091	False
1119	1276	0.9090909090909091	False
1119	2348	0.8181818181818182	False
1119	2382	0.7272727272727273	True
1119	2464	0.6363636363636364	False
1119	2307	0.5454545454545454	True
1119	3695	0.45454545454545453	True
1119	3726	0.36363636363636365	True
1119	3453	0.2727272727272727	False
1119	994	0.18181818181818182	True
1119	2253	0.09090909090909091	False
4766	1276	0.9090909090909091	False
4766	2348	0.8181818181818182	False
4766	866	0.7272727272727273	True
4766	303	0.6363636363636364	True
4766	1245	0.5454545454545454	True
4766	3726	0.45454545454545453	True
4766	3453	0.36363636363636365	False
4766	2382	0.2727272727272727	True
4766	3695	0.18181818181818182	True
4766	3134	0.09090909090909091	True
4	1276	0.9090909090909091	False
4	2348	0.8181818181818182	False
4	2253	0.7272727272727273	False
4	1388	0.6363636363636364	True
4	3643	0.5454545454545454	True
4	2464	0.45454545454545453	False
4	1937	0.36363636363636365	True
4	3251	0.2727272727272727	True
4	3695	0.18181818181818182	True
4	3264	0.09090909090909091	True
1630	1276	0.9090909090909091	False
1630	2348	0.8181818181818182	False
1630	2585	0.7272727272727273	True
1630	3818	0.6363636363636364	True
1630	1937	0.5454545454545454	True
1630	3251	0.45454545454545453	True
1630	3476	0.36363636363636365	True
1630	303	0.2727272727272727	True
1630	3643	0.18181818181818182	True
1630	3113	0.09090909090909091	True
806	1276	0.9090909090909091	False
806	2348	0.8181818181818182	False
806	2253	0.7272727272727273	False
806	3251	0.6363636363636364	True
806	3726	0.5454545454545454	True
806	303	0.45454545454545453	True
806	3695	0.36363636363636365	True
806	3453	0.2727272727272727	False
806	3476	0.18181818181818182	True
806	2695	0.09090909090909091	True
913	1276	0.9090909090909091	False
913	2348	0.8181818181818182	False
913	3453	0.7272727272727273	False
913	303	0.6363636363636364	True
913	2253	0.5454545454545454	False
913	3695	0.45454545454545453	True
913	3643	0.36363636363636365	True
913	994	0.2727272727272727	True
913	41	0.18181818181818182	True
913	2911	0.09090909090909091	True
2107	1276	0.9090909090909091	False
2107	1937	0.8181818181818182	True
2107	2348	0.7272727272727273	False
2107	2585	0.6363636363636364	True
2107	3818	0.5454545454545454	True
2107	2464	0.45454545454545453	False
2107	1100	0.36363636363636365	True
2107	3695	0.2727272727272727	True
2107	3476	0.18181818181818182	True
2107	3251	0.09090909090909091	True
5542	1276	0.9090909090909091	False
5542	2348	0.8181818181818182	False
5542	2695	0.7272727272727273	True
5542	2911	0.6363636363636364	True
5542	2464	0.5454545454545454	False
5542	3251	0.45454545454545453	True
5542	303	0.36363636363636365	True
5542	3476	0.2727272727272727	True
5542	2253	0.18181818181818182	False
5542	1436	0.09090909090909091	True
2775	1276	0.9090909090909091	False
2775	2348	0.8181818181818182	False
2775	2253	0.7272727272727273	False
2775	2464	0.6363636363636364	False
2775	3453	0.5454545454545454	False
2775	3643	0.45454545454545453	True
2775	866	0.36363636363636365	True
2775	3075	0.2727272727272727	True
2775	3476	0.18181818181818182	True
2775	309	0.09090909090909091	True
3569	1276	0.9090909090909091	False
3569	2348	0.8181818181818182	False
3569	2253	0.7272727272727273	False
3569	3643	0.6363636363636364	True
3569	1937	0.5454545454545454	True
3569	2695	0.45454545454545453	True
3569	2585	0.36363636363636365	True
3569	3251	0.2727272727272727	True
3569	1050	0.18181818181818182	True
3569	563	0.09090909090909091	True
1458	1276	0.9090909090909091	False
1458	2348	0.8181818181818182	False
1458	3695	0.7272727272727273	True
1458	3818	0.6363636363636364	True
1458	3453	0.5454545454545454	False
1458	303	0.45454545454545453	True
1458	937	0.36363636363636365	True
1458	3251	0.2727272727272727	True
1458	1050	0.18181818181818182	True
1458	2253	0.09090909090909091	False
755	1276	0.9090909090909091	False
755	2348	0.8181818181818182	False
755	2285	0.7272727272727273	True
755	3726	0.6363636363636364	True
755	2464	0.5454545454545454	False
755	2253	0.45454545454545453	False
755	866	0.36363636363636365	True
755	2382	0.2727272727272727	True
755	1245	0.18181818181818182	True
755	3476	0.09090909090909091	True
2833	1276	0.9090909090909091	False
2833	2348	0.8181818181818182	False
2833	2253	0.7272727272727273	False
2833	937	0.6363636363636364	True
2833	3726	0.5454545454545454	True
2833	866	0.45454545454545453	True
2833	3695	0.36363636363636365	True
2833	3251	0.2727272727272727	True
2833	3453	0.18181818181818182	False
2833	303	0.09090909090909091	True
2312	1276	0.9090909090909091	False
2312	2348	0.8181818181818182	False
2312	3251	0.7272727272727273	True
2312	3453	0.6363636363636364	False
2312	2464	0.5454545454545454	False
2312	3695	0.45454545454545453	True
2312	3476	0.36363636363636365	True
2312	303	0.2727272727272727	True
2312	2382	0.18181818181818182	True
2312	866	0.09090909090909091	True
2195	1276	0.9090909090909091	False
2195	2348	0.8181818181818182	False
2195	3453	0.7272727272727273	False
2195	3661	0.6363636363636364	True
2195	3251	0.5454545454545454	True
2195	303	0.45454545454545453	True
2195	3695	0.36363636363636365	True
2195	2464	0.2727272727272727	False
2195	2253	0.18181818181818182	False
2195	2695	0.09090909090909091	True
442	1276	0.9090909090909091	False
442	2348	0.8181818181818182	False
442	2253	0.7272727272727273	False
442	3695	0.6363636363636364	True
442	3453	0.5454545454545454	False
442	3726	0.45454545454545453	True
442	3476	0.36363636363636365	True
442	3251	0.2727272727272727	True
442	2285	0.18181818181818182	True
442	937	0.09090909090909091	True
745	1276	0.9090909090909091	False
745	2253	0.8181818181818182	False
745	2348	0.7272727272727273	False
745	1245	0.6363636363636364	True
745	3818	0.5454545454545454	True
745	3726	0.45454545454545453	True
745	303	0.36363636363636365	True
745	2307	0.2727272727272727	True
745	1388	0.18181818181818182	True
745	3251	0.09090909090909091	True
2185	1276	0.9090909090909091	False
2185	2348	0.8181818181818182	False
2185	3251	0.7272727272727273	True
2185	3264	0.6363636363636364	True
2185	2464	0.5454545454545454	False
2185	303	0.45454545454545453	True
2185	866	0.36363636363636365	True
2185	3476	0.2727272727272727	True
2185	2911	0.18181818181818182	True
2185	3453	0.09090909090909091	False
731	1276	0.9090909090909091	False
731	2348	0.8181818181818182	False
731	303	0.7272727272727273	True
731	3453	0.6363636363636364	False
731	3251	0.5454545454545454	True
731	1453	0.45454545454545453	True
731	3726	0.36363636363636365	True
731	3695	0.2727272727272727	True
731	994	0.18181818181818182	True
731	2911	0.09090909090909091	True
5981	1276	0.9090909090909091	False
5981	2348	0.8181818181818182	False
5981	177	0.7272727272727273	True
5981	3453	0.6363636363636364	False
5981	309	0.5454545454545454	True
5981	866	0.45454545454545453	True
5981	2928	0.36363636363636365	True
5981	2464	0.2727272727272727	False
5981	3251	0.18181818181818182	True
5981	41	0.09090909090909091	True
2435	1276	0.9090909090909091	False
2435	2348	0.8181818181818182	False
2435	3251	0.7272727272727273	True
2435	2464	0.6363636363636364	False
2435	3643	0.5454545454545454	True
2435	3476	0.45454545454545453	True
2435	361	0.36363636363636365	True
2435	2285	0.2727272727272727	True
2435	303	0.18181818181818182	True
2435	3453	0.09090909090909091	False
3290	1276	0.9090909090909091	False
3290	2348	0.8181818181818182	False
3290	3726	0.7272727272727273	True
3290	3453	0.6363636363636364	False
3290	303	0.5454545454545454	True
3290	3695	0.45454545454545453	True
3290	994	0.36363636363636365	True
3290	3251	0.2727272727272727	True
3290	2307	0.18181818181818182	True
3290	2253	0.09090909090909091	False
164	1276	0.9090909090909091	False
164	2348	0.8181818181818182	False
164	2382	0.7272727272727273	True
164	2253	0.6363636363636364	False
164	3453	0.5454545454545454	False
164	3695	0.45454545454545453	True
164	1050	0.36363636363636365	True
164	1937	0.2727272727272727	True
164	1929	0.18181818181818182	True
164	866	0.09090909090909091	True
2175	1276	0.9090909090909091	False
2175	2348	0.8181818181818182	False
2175	2382	0.7272727272727273	True
2175	3453	0.6363636363636364	False
2175	1388	0.5454545454545454	True
2175	2464	0.45454545454545453	False
2175	3661	0.36363636363636365	True
2175	3251	0.2727272727272727	True
2175	3695	0.18181818181818182	True
2175	2253	0.09090909090909091	False
5872	1276	0.9090909090909091	False
5872	2348	0.8181818181818182	False
5872	2253	0.7272727272727273	False
5872	303	0.6363636363636364	True
5872	2695	0.5454545454545454	True
5872	3726	0.45454545454545453	True
5872	2464	0.36363636363636365	False
5872	1453	0.2727272727272727	True
5872	3453	0.18181818181818182	False
5872	2911	0.09090909090909091	True
2886	1276	0.9090909090909091	False
2886	3695	0.8181818181818182	True
2886	3453	0.7272727272727273	False
2886	3134	0.6363636363636364	True
2886	2307	0.5454545454545454	True
2886	2253	0.45454545454545453	False
2886	2382	0.36363636363636365	True
2886	303	0.2727272727272727	True
2886	3251	0.18181818181818182	True
2886	2348	0.09090909090909091	False
229	1276	0.9090909090909091	False
229	2348	0.8181818181818182	False
229	866	0.7272727272727273	True
229	2695	0.6363636363636364	True
229	2928	0.5454545454545454	True
229	309	0.45454545454545453	True
229	2464	0.36363636363636365	False
229	526	0.2727272727272727	True
229	937	0.18181818181818182	True
229	3453	0.09090909090909091	False
320	1276	0.9090909090909091	False
320	2348	0.8181818181818182	False
320	3726	0.7272727272727273	True
320	303	0.6363636363636364	True
320	1929	0.5454545454545454	True
320	994	0.45454545454545453	True
320	3453	0.36363636363636365	False
320	3251	0.2727272727272727	True
320	1245	0.18181818181818182	True
320	3695	0.09090909090909091	True
4880	1276	0.9090909090909091	False
4880	3661	0.8181818181818182	True
4880	937	0.7272727272727273	True
4880	2348	0.6363636363636364	False
4880	3695	0.5454545454545454	True
4880	2285	0.45454545454545453	True
4880	3453	0.36363636363636365	False
4880	2253	0.2727272727272727	False
4880	866	0.18181818181818182	True
4880	1937	0.09090909090909091	True
1887	1276	0.9090909090909091	False
1887	2348	0.8181818181818182	False
1887	937	0.7272727272727273	True
1887	2285	0.6363636363636364	True
1887	2382	0.5454545454545454	True
1887	3453	0.45454545454545453	False
1887	3251	0.36363636363636365	True
1887	1929	0.2727272727272727	True
1887	866	0.18181818181818182	True
1887	1937	0.09090909090909091	True
3906	1276	0.9090909090909091	False
3906	2348	0.8181818181818182	False
3906	2464	0.7272727272727273	False
3906	563	0.6363636363636364	True
3906	303	0.5454545454545454	True
3906	1937	0.45454545454545453	True
3906	3818	0.36363636363636365	True
3906	3113	0.2727272727272727	True
3906	2585	0.18181818181818182	True
3906	1050	0.09090909090909091	True
956	1276	0.9090909090909091	False
956	2348	0.8181818181818182	False
956	866	0.7272727272727273	True
956	2695	0.6363636363636364	True
956	2464	0.5454545454545454	False
956	3251	0.45454545454545453	True
956	937	0.36363636363636365	True
956	303	0.2727272727272727	True
956	3476	0.18181818181818182	True
956	309	0.09090909090909091	True
1878	1276	0.9090909090909091	False
1878	2348	0.8181818181818182	False
1878	2382	0.7272727272727273	True
1878	3251	0.6363636363636364	True
1878	2695	0.5454545454545454	True
1878	937	0.45454545454545453	True
1878	866	0.36363636363636365	True
1878	3453	0.2727272727272727	False
1878	2464	0.18181818181818182	False
1878	3726	0.09090909090909091	True
3919	1276	0.9090909090909091	False
3919	2348	0.8181818181818182	False
3919	2253	0.7272727272727273	False
3919	3726	0.6363636363636364	True
3919	303	0.5454545454545454	True
3919	3818	0.45454545454545453	True
3919	1436	0.36363636363636365	True
3919	3453	0.2727272727272727	False
3919	1453	0.18181818181818182	True
3919	2464	0.09090909090909091	False
4428	1276	0.9090909090909091	False
4428	2348	0.8181818181818182	False
4428	866	0.7272727272727273	True
4428	3453	0.6363636363636364	False
4428	303	0.5454545454545454	True
4428	2928	0.45454545454545453	True
4428	2464	0.36363636363636365	False
4428	1436	0.2727272727272727	True
4428	937	0.18181818181818182	True
4428	2911	0.09090909090909091	True
5086	1276	0.9090909090909091	False
5086	2348	0.8181818181818182	False
5086	2382	0.7272727272727273	True
5086	3453	0.6363636363636364	False
5086	2464	0.5454545454545454	False
5086	2253	0.45454545454545453	False
5086	3695	0.36363636363636365	True
5086	1388	0.2727272727272727	True
5086	1453	0.18181818181818182	True
5086	303	0.09090909090909091	True
1484	1276	0.9090909090909091	False
1484	2348	0.8181818181818182	False
1484	2464	0.7272727272727273	False
1484	3476	0.6363636363636364	True
1484	2382	0.5454545454545454	True
1484	526	0.45454545454545453	True
1484	303	0.36363636363636365	True
1484	1245	0.2727272727272727	True
1484	1388	0.18181818181818182	True
1484	1261	0.09090909090909091	True
50	1276	0.9090909090909091	False
50	2348	0.8181818181818182	False
50	3251	0.7272727272727273	True
50	3695	0.6363636363636364	True
50	2285	0.5454545454545454	True
50	1388	0.45454545454545453	True
50	303	0.36363636363636365	True
50	937	0.2727272727272727	True
50	3308	0.18181818181818182	True
50	3262	0.09090909090909091	True
1844	1276	0.9090909090909091	False
1844	2253	0.8181818181818182	False
1844	2348	0.7272727272727273	False
1844	3453	0.6363636363636364	False
1844	3134	0.5454545454545454	True
1844	3695	0.45454545454545453	True
1844	1929	0.36363636363636365	True
1844	3726	0.2727272727272727	True
1844	937	0.18181818181818182	True
1844	2307	0.09090909090909091	True
4457	1276	0.9090909090909091	False
4457	2348	0.8181818181818182	False
4457	2253	0.7272727272727273	False
4457	3453	0.6363636363636364	False
4457	3695	0.5454545454545454	True
4457	3476	0.45454545454545453	True
4457	2285	0.36363636363636365	True
4457	3134	0.2727272727272727	True
4457	2464	0.18181818181818182	False
4457	3818	0.09090909090909091	True
5508	1276	0.9090909090909091	False
5508	2348	0.8181818181818182	False
5508	3726	0.7272727272727273	True
5508	3453	0.6363636363636364	False
5508	3695	0.5454545454545454	True
5508	2253	0.45454545454545453	False
5508	303	0.36363636363636365	True
5508	937	0.2727272727272727	True
5508	3134	0.18181818181818182	True
5508	2928	0.09090909090909091	True
2992	1276	0.9090909090909091	False
2992	2348	0.8181818181818182	False
2992	866	0.7272727272727273	True
2992	3476	0.6363636363636364	True
2992	2307	0.5454545454545454	True
2992	3726	0.45454545454545453	True
2992	3251	0.36363636363636365	True
2992	303	0.2727272727272727	True
2992	3453	0.18181818181818182	False
2992	937	0.09090909090909091	True
1499	1276	0.9090909090909091	False
1499	2348	0.8181818181818182	False
1499	2382	0.7272727272727273	True
1499	3453	0.6363636363636364	False
1499	2464	0.5454545454545454	False
1499	1245	0.45454545454545453	True
1499	866	0.36363636363636365	True
1499	2285	0.2727272727272727	True
1499	3695	0.18181818181818182	True
1499	2253	0.09090909090909091	False
3008	1276	0.9090909090909091	False
3008	2348	0.8181818181818182	False
3008	2253	0.7272727272727273	False
3008	3453	0.6363636363636364	False
3008	1929	0.5454545454545454	True
3008	3726	0.45454545454545453	True
3008	2285	0.36363636363636365	True
3008	2382	0.2727272727272727	True
3008	3695	0.18181818181818182	True
3008	3075	0.09090909090909091	True
3463	1276	0.9090909090909091	False
3463	2348	0.8181818181818182	False
3463	3453	0.7272727272727273	False
3463	2382	0.6363636363636364	True
3463	3251	0.5454545454545454	True
3463	3695	0.45454545454545453	True
3463	2695	0.36363636363636365	True
3463	866	0.2727272727272727	True
3463	303	0.18181818181818182	True
3463	937	0.09090909090909091	True
2989	1276	0.9090909090909091	False
2989	1388	0.8181818181818182	True
2989	2348	0.7272727272727273	False
2989	1937	0.6363636363636364	True
2989	2253	0.5454545454545454	False
2989	3695	0.45454545454545453	True
2989	2695	0.36363636363636365	True
2989	303	0.2727272727272727	True
2989	2464	0.18181818181818182	False
2989	526	0.09090909090909091	True
3782	1276	0.9090909090909091	False
3782	2348	0.8181818181818182	False
3782	2464	0.7272727272727273	False
3782	2382	0.6363636363636364	True
3782	303	0.5454545454545454	True
3782	2253	0.45454545454545453	False
3782	3643	0.36363636363636365	True
3782	3476	0.2727272727272727	True
3782	866	0.18181818181818182	True
3782	3726	0.09090909090909091	True
4172	1276	0.9090909090909091	False
4172	2348	0.8181818181818182	False
4172	3695	0.7272727272727273	True
4172	3453	0.6363636363636364	False
4172	2382	0.5454545454545454	True
4172	3726	0.45454545454545453	True
4172	2253	0.36363636363636365	False
4172	303	0.2727272727272727	True
4172	937	0.18181818181818182	True
4172	866	0.09090909090909091	True
90	1276	0.9090909090909091	False
90	2348	0.8181818181818182	False
90	3251	0.7272727272727273	True
90	3695	0.6363636363636364	True
90	303	0.5454545454545454	True
90	1937	0.45454545454545453	True
90	1388	0.36363636363636365	True
90	3643	0.2727272727272727	True
90	2253	0.18181818181818182	False
90	2285	0.09090909090909091	True
3260	1276	0.9090909090909091	False
3260	2348	0.8181818181818182	False
3260	866	0.7272727272727273	True
3260	2464	0.6363636363636364	False
3260	2285	0.5454545454545454	True
3260	3726	0.45454545454545453	True
3260	937	0.36363636363636365	True
3260	3476	0.2727272727272727	True
3260	3251	0.18181818181818182	True
3260	3453	0.09090909090909091	False
1292	1276	0.9090909090909091	False
1292	2348	0.8181818181818182	False
1292	3726	0.7272727272727273	True
1292	866	0.6363636363636364	True
1292	2464	0.5454545454545454	False
1292	3476	0.45454545454545453	True
1292	2253	0.36363636363636365	False
1292	2382	0.2727272727272727	True
1292	2285	0.18181818181818182	True
1292	937	0.09090909090909091	True
5025	1276	0.9090909090909091	False
5025	2348	0.8181818181818182	False
5025	866	0.7272727272727273	True
5025	3726	0.6363636363636364	True
5025	3251	0.5454545454545454	True
5025	2695	0.45454545454545453	True
5025	937	0.36363636363636365	True
5025	1436	0.2727272727272727	True
5025	3476	0.18181818181818182	True
5025	303	0.09090909090909091	True
1236	1276	0.9090909090909091	False
1236	2348	0.8181818181818182	False
1236	2464	0.7272727272727273	False
1236	2253	0.6363636363636364	False
1236	3643	0.5454545454545454	True
1236	3818	0.45454545454545453	True
1236	3075	0.36363636363636365	True
1236	1050	0.2727272727272727	True
1236	3476	0.18181818181818182	True
1236	1929	0.09090909090909091	True
887	1276	0.9090909090909091	False
887	2348	0.8181818181818182	False
887	3251	0.7272727272727273	True
887	303	0.6363636363636364	True
887	3661	0.5454545454545454	True
887	3629	0.45454545454545453	True
887	3264	0.36363636363636365	True
887	3453	0.2727272727272727	False
887	3695	0.18181818181818182	True
887	866	0.09090909090909091	True
5549	1276	0.9090909090909091	False
5549	2348	0.8181818181818182	False
5549	937	0.7272727272727273	True
5549	303	0.6363636363636364	True
5549	3726	0.5454545454545454	True
5549	3453	0.45454545454545453	False
5549	3251	0.36363636363636365	True
5549	1453	0.2727272727272727	True
5549	2253	0.18181818181818182	False
5549	41	0.09090909090909091	True
5456	1276	0.9090909090909091	False
5456	3453	0.8181818181818182	False
5456	177	0.7272727272727273	True
5456	3695	0.6363636363636364	True
5456	2348	0.5454545454545454	False
5456	2285	0.45454545454545453	True
5456	2382	0.36363636363636365	True
5456	866	0.2727272727272727	True
5456	2464	0.18181818181818182	False
5456	309	0.09090909090909091	True
3695	1276	0.9090909090909091	False
3695	2348	0.8181818181818182	False
3695	3726	0.7272727272727273	True
3695	866	0.6363636363636364	True
3695	3453	0.5454545454545454	False
3695	2285	0.45454545454545453	True
3695	937	0.36363636363636365	True
3695	2253	0.2727272727272727	False
3695	3134	0.18181818181818182	True
3695	3476	0.09090909090909091	True
2569	1276	0.9090909090909091	False
2569	2348	0.8181818181818182	False
2569	2253	0.7272727272727273	False
2569	303	0.6363636363636364	True
2569	3453	0.5454545454545454	False
2569	3251	0.45454545454545453	True
2569	563	0.36363636363636365	True
2569	1388	0.2727272727272727	True
2569	3695	0.18181818181818182	True
2569	937	0.09090909090909091	True
2761	1276	0.9090909090909091	False
2761	2348	0.8181818181818182	False
2761	3251	0.7272727272727273	True
2761	3476	0.6363636363636364	True
2761	3726	0.5454545454545454	True
2761	303	0.45454545454545453	True
2761	3818	0.36363636363636365	True
2761	361	0.2727272727272727	True
2761	2464	0.18181818181818182	False
2761	563	0.09090909090909091	True
4312	1276	0.9090909090909091	False
4312	2348	0.8181818181818182	False
4312	3453	0.7272727272727273	False
4312	2382	0.6363636363636364	True
4312	1937	0.5454545454545454	True
4312	2464	0.45454545454545453	False
4312	866	0.36363636363636365	True
4312	3695	0.2727272727272727	True
4312	2285	0.18181818181818182	True
4312	526	0.09090909090909091	True
445	1276	0.9090909090909091	False
445	2348	0.8181818181818182	False
445	303	0.7272727272727273	True
445	3251	0.6363636363636364	True
445	3453	0.5454545454545454	False
445	2253	0.45454545454545453	False
445	2911	0.36363636363636365	True
445	3726	0.2727272727272727	True
445	2464	0.18181818181818182	False
445	1050	0.09090909090909091	True
4608	1276	0.9090909090909091	False
4608	2348	0.8181818181818182	False
4608	2253	0.7272727272727273	False
4608	3453	0.6363636363636364	False
4608	303	0.5454545454545454	True
4608	3264	0.45454545454545453	True
4608	3695	0.36363636363636365	True
4608	3251	0.2727272727272727	True
4608	3476	0.18181818181818182	True
4608	2911	0.09090909090909091	True
730	1276	0.9090909090909091	False
730	2348	0.8181818181818182	False
730	2253	0.7272727272727273	False
730	1245	0.6363636363636364	True
730	3453	0.5454545454545454	False
730	3726	0.45454545454545453	True
730	2911	0.36363636363636365	True
730	3264	0.2727272727272727	True
730	303	0.18181818181818182	True
730	3629	0.09090909090909091	True
2945	1276	0.9090909090909091	False
2945	2348	0.8181818181818182	False
2945	3251	0.7272727272727273	True
2945	3695	0.6363636363636364	True
2945	2585	0.5454545454545454	True
2945	2285	0.45454545454545453	True
2945	866	0.36363636363636365	True
2945	1937	0.2727272727272727	True
2945	937	0.18181818181818182	True
2945	303	0.09090909090909091	True
508	1276	0.9090909090909091	False
508	2348	0.8181818181818182	False
508	2253	0.7272727272727273	False
508	3251	0.6363636363636364	True
508	3818	0.5454545454545454	True
508	2911	0.45454545454545453	True
508	3453	0.36363636363636365	False
508	2464	0.2727272727272727	False
508	303	0.18181818181818182	True
508	2695	0.09090909090909091	True
3951	1276	0.9090909090909091	False
3951	2348	0.8181818181818182	False
3951	3643	0.7272727272727273	True
3951	866	0.6363636363636364	True
3951	2464	0.5454545454545454	False
3951	1937	0.45454545454545453	True
3951	2382	0.36363636363636365	True
3951	3453	0.2727272727272727	False
3951	1050	0.18181818181818182	True
3951	2911	0.09090909090909091	True
1901	1276	0.9090909090909091	False
1901	2348	0.8181818181818182	False
1901	3726	0.7272727272727273	True
1901	866	0.6363636363636364	True
1901	2464	0.5454545454545454	False
1901	3453	0.45454545454545453	False
1901	303	0.36363636363636365	True
1901	2382	0.2727272727272727	True
1901	3075	0.18181818181818182	True
1901	2253	0.09090909090909091	False
5411	1276	0.9090909090909091	False
5411	2348	0.8181818181818182	False
5411	303	0.7272727272727273	True
5411	3453	0.6363636363636364	False
5411	2464	0.5454545454545454	False
5411	2382	0.45454545454545453	True
5411	2911	0.36363636363636365	True
5411	3695	0.2727272727272727	True
5411	1245	0.18181818181818182	True
5411	3251	0.09090909090909091	True
