5304	3832	0.9090909090909091	True
5304	238	0.8181818181818182	False
5304	599	0.7272727272727273	True
5304	1257	0.6363636363636364	True
5304	2948	0.5454545454545454	True
5304	2392	0.45454545454545453	True
5304	1422	0.36363636363636365	False
5304	2036	0.2727272727272727	False
5304	3479	0.18181818181818182	True
5304	1298	0.09090909090909091	True
1398	3375	0.9090909090909091	False
1398	1592	0.8181818181818182	False
1398	3504	0.7272727272727273	True
1398	1615	0.6363636363636364	False
1398	2036	0.5454545454545454	False
1398	1796	0.45454545454545453	False
1398	1487	0.36363636363636365	True
1398	238	0.2727272727272727	False
1398	2948	0.18181818181818182	True
1398	3479	0.09090909090909091	True
1569	3375	0.9090909090909091	False
1569	1615	0.8181818181818182	False
1569	1257	0.7272727272727273	True
1569	1487	0.6363636363636364	True
1569	1592	0.5454545454545454	False
1569	162	0.45454545454545453	True
1569	2392	0.36363636363636365	True
1569	1126	0.2727272727272727	True
1569	338	0.18181818181818182	True
1569	1422	0.09090909090909091	False
4642	3832	0.9090909090909091	True
4642	1615	0.8181818181818182	False
4642	1257	0.7272727272727273	True
4642	2948	0.6363636363636364	True
4642	1298	0.5454545454545454	True
4642	3375	0.45454545454545453	False
4642	2036	0.36363636363636365	False
4642	1487	0.2727272727272727	True
4642	1592	0.18181818181818182	False
4642	162	0.09090909090909091	True
630	599	0.9090909090909091	True
630	1615	0.8181818181818182	False
630	3375	0.7272727272727273	False
630	238	0.6363636363636364	False
630	1298	0.5454545454545454	True
630	162	0.45454545454545453	True
630	1592	0.36363636363636365	False
630	1257	0.2727272727272727	True
630	1487	0.18181818181818182	True
630	3479	0.09090909090909091	True
371	3375	0.9090909090909091	False
371	1615	0.8181818181818182	False
371	3364	0.7272727272727273	True
371	1592	0.6363636363636364	False
371	162	0.5454545454545454	True
371	1422	0.45454545454545453	False
371	1796	0.36363636363636365	False
371	480	0.2727272727272727	True
371	1126	0.18181818181818182	True
371	1257	0.09090909090909091	True
5112	3375	0.9090909090909091	False
5112	3107	0.8181818181818182	True
5112	1487	0.7272727272727273	True
5112	1422	0.6363636363636364	False
5112	2036	0.5454545454545454	False
5112	480	0.45454545454545453	True
5112	637	0.36363636363636365	True
5112	1257	0.2727272727272727	True
5112	3364	0.18181818181818182	True
5112	2110	0.09090909090909091	True
4946	238	0.9090909090909091	False
4946	1592	0.8181818181818182	False
4946	3040	0.7272727272727273	True
4946	3375	0.6363636363636364	False
4946	3364	0.5454545454545454	True
4946	2110	0.45454545454545453	True
4946	3504	0.36363636363636365	True
4946	1422	0.2727272727272727	False
4946	3479	0.18181818181818182	True
4946	2036	0.09090909090909091	False
465	2036	0.9090909090909091	False
465	1487	0.8181818181818182	True
465	2392	0.7272727272727273	True
465	3832	0.6363636363636364	True
465	2948	0.5454545454545454	True
465	3375	0.45454545454545453	False
465	3107	0.36363636363636365	True
465	1422	0.2727272727272727	False
465	1592	0.18181818181818182	False
465	3040	0.09090909090909091	True
2163	1257	0.9090909090909091	True
2163	3832	0.8181818181818182	True
2163	338	0.7272727272727273	True
2163	2036	0.6363636363636364	False
2163	3504	0.5454545454545454	True
2163	1615	0.45454545454545453	False
2163	2948	0.36363636363636365	True
2163	238	0.2727272727272727	False
2163	1592	0.18181818181818182	False
2163	3107	0.09090909090909091	True
5634	1615	0.9090909090909091	False
5634	3375	0.8181818181818182	False
5634	1592	0.7272727272727273	False
5634	1487	0.6363636363636364	True
5634	162	0.5454545454545454	True
5634	1422	0.45454545454545453	False
5634	1126	0.36363636363636365	True
5634	2392	0.2727272727272727	True
5634	3479	0.18181818181818182	True
5634	1257	0.09090909090909091	True
4816	3504	0.9090909090909091	True
4816	3375	0.8181818181818182	False
4816	1298	0.7272727272727273	True
4816	3107	0.6363636363636364	True
4816	2036	0.5454545454545454	False
4816	3215	0.45454545454545453	True
4816	238	0.36363636363636365	False
4816	3174	0.2727272727272727	True
4816	162	0.18181818181818182	True
4816	3040	0.09090909090909091	True
4519	1298	0.9090909090909091	True
4519	1422	0.8181818181818182	False
4519	599	0.7272727272727273	True
4519	3107	0.6363636363636364	True
4519	3375	0.5454545454545454	False
4519	3040	0.45454545454545453	True
4519	2392	0.36363636363636365	True
4519	1796	0.2727272727272727	False
4519	2110	0.18181818181818182	True
4519	1126	0.09090909090909091	True
1490	1592	0.9090909090909091	False
1490	3375	0.8181818181818182	False
1490	2036	0.7272727272727273	False
1490	1615	0.6363636363636364	False
1490	1796	0.5454545454545454	False
1490	3504	0.45454545454545453	True
1490	3040	0.36363636363636365	True
1490	3768	0.2727272727272727	True
1490	238	0.18181818181818182	False
1490	3364	0.09090909090909091	True
4825	3832	0.9090909090909091	True
4825	1257	0.8181818181818182	True
4825	2948	0.7272727272727273	True
4825	3107	0.6363636363636364	True
4825	1298	0.5454545454545454	True
4825	338	0.45454545454545453	True
4825	3040	0.36363636363636365	True
4825	238	0.2727272727272727	False
4825	3375	0.18181818181818182	False
4825	1615	0.09090909090909091	False
3403	3375	0.9090909090909091	False
3403	238	0.8181818181818182	False
3403	1422	0.7272727272727273	False
3403	3364	0.6363636363636364	True
3403	3174	0.5454545454545454	True
3403	3504	0.45454545454545453	True
3403	3107	0.36363636363636365	True
3403	3040	0.2727272727272727	True
3403	480	0.18181818181818182	True
3403	2036	0.09090909090909091	False
5803	3375	0.9090909090909091	False
5803	1615	0.8181818181818182	False
5803	1796	0.7272727272727273	False
5803	3504	0.6363636363636364	True
5803	1298	0.5454545454545454	True
5803	1592	0.45454545454545453	False
5803	1422	0.36363636363636365	False
5803	238	0.2727272727272727	False
5803	3040	0.18181818181818182	True
5803	162	0.09090909090909091	True
1353	3375	0.9090909090909091	False
1353	1257	0.8181818181818182	True
1353	1592	0.7272727272727273	False
1353	162	0.6363636363636364	True
1353	1298	0.5454545454545454	True
1353	1422	0.45454545454545453	False
1353	2948	0.36363636363636365	True
1353	2110	0.2727272727272727	True
1353	599	0.18181818181818182	True
1353	3287	0.09090909090909091	True
626	3375	0.9090909090909091	False
626	238	0.8181818181818182	False
626	1422	0.7272727272727273	False
626	3504	0.6363636363636364	True
626	1796	0.5454545454545454	False
626	480	0.45454545454545453	True
626	3479	0.36363636363636365	True
626	1298	0.2727272727272727	True
626	3040	0.18181818181818182	True
626	3364	0.09090909090909091	True
3422	2948	0.9090909090909091	True
3422	3375	0.8181818181818182	False
3422	3832	0.7272727272727273	True
3422	1615	0.6363636363636364	False
3422	1257	0.5454545454545454	True
3422	3364	0.45454545454545453	True
3422	1796	0.36363636363636365	False
3422	1298	0.2727272727272727	True
3422	3040	0.18181818181818182	True
3422	3107	0.09090909090909091	True
110	3375	0.9090909090909091	False
110	480	0.8181818181818182	True
110	1796	0.7272727272727273	False
110	3364	0.6363636363636364	True
110	3504	0.5454545454545454	True
110	2948	0.45454545454545453	True
110	238	0.36363636363636365	False
110	1126	0.2727272727272727	True
110	3040	0.18181818181818182	True
110	978	0.09090909090909091	True
754	3375	0.9090909090909091	False
754	1796	0.8181818181818182	False
754	2948	0.7272727272727273	True
754	1615	0.6363636363636364	False
754	3040	0.5454545454545454	True
754	1592	0.45454545454545453	False
754	1422	0.36363636363636365	False
754	1298	0.2727272727272727	True
754	162	0.18181818181818182	True
754	1126	0.09090909090909091	True
1422	3375	0.9090909090909091	False
1422	2036	0.8181818181818182	False
1422	1796	0.7272727272727273	False
1422	1487	0.6363636363636364	True
1422	2392	0.5454545454545454	True
1422	1592	0.45454545454545453	False
1422	3504	0.36363636363636365	True
1422	1422	0.2727272727272727	False
1422	338	0.18181818181818182	True
1422	938	0.09090909090909091	True
3861	3375	0.9090909090909091	False
3861	2036	0.8181818181818182	False
3861	3504	0.7272727272727273	True
3861	238	0.6363636363636364	False
3861	1592	0.5454545454545454	False
3861	1126	0.45454545454545453	True
3861	3364	0.36363636363636365	True
3861	1298	0.2727272727272727	True
3861	1257	0.18181818181818182	True
3861	2948	0.09090909090909091	True
4194	3375	0.9090909090909091	False
4194	3504	0.8181818181818182	True
4194	3364	0.7272727272727273	True
4194	3040	0.6363636363636364	True
4194	238	0.5454545454545454	False
4194	1422	0.45454545454545453	False
4194	3215	0.36363636363636365	True
4194	1298	0.2727272727272727	True
4194	162	0.18181818181818182	True
4194	1796	0.09090909090909091	False
887	3375	0.9090909090909091	False
887	1615	0.8181818181818182	False
887	1487	0.7272727272727273	True
887	1422	0.6363636363636364	False
887	3504	0.5454545454545454	True
887	938	0.45454545454545453	True
887	1796	0.36363636363636365	False
887	162	0.2727272727272727	True
887	1257	0.18181818181818182	True
887	2110	0.09090909090909091	True
5507	3832	0.9090909090909091	True
5507	1615	0.8181818181818182	False
5507	2036	0.7272727272727273	False
5507	1592	0.6363636363636364	False
5507	599	0.5454545454545454	True
5507	1298	0.45454545454545453	True
5507	3107	0.36363636363636365	True
5507	3375	0.2727272727272727	False
5507	3504	0.18181818181818182	True
5507	2392	0.09090909090909091	True
4155	3375	0.9090909090909091	False
4155	1257	0.8181818181818182	True
4155	1796	0.7272727272727273	False
4155	1615	0.6363636363636364	False
4155	3364	0.5454545454545454	True
4155	2948	0.45454545454545453	True
4155	1422	0.36363636363636365	False
4155	1298	0.2727272727272727	True
4155	338	0.18181818181818182	True
4155	3768	0.09090909090909091	True
2277	3375	0.9090909090909091	False
2277	1257	0.8181818181818182	True
2277	1298	0.7272727272727273	True
2277	1422	0.6363636363636364	False
2277	3107	0.5454545454545454	True
2277	2110	0.45454545454545453	True
2277	3174	0.36363636363636365	True
2277	599	0.2727272727272727	True
2277	2948	0.18181818181818182	True
2277	162	0.09090909090909091	True
5454	3832	0.9090909090909091	True
5454	3375	0.8181818181818182	False
5454	2392	0.7272727272727273	True
5454	238	0.6363636363636364	False
5454	599	0.5454545454545454	True
5454	2036	0.45454545454545453	False
5454	1615	0.36363636363636365	False
5454	1422	0.2727272727272727	False
5454	1592	0.18181818181818182	False
5454	1257	0.09090909090909091	True
1967	1257	0.9090909090909091	True
1967	1298	0.8181818181818182	True
1967	599	0.7272727272727273	True
1967	3375	0.6363636363636364	False
1967	3174	0.5454545454545454	True
1967	238	0.45454545454545453	False
1967	1126	0.36363636363636365	True
1967	162	0.2727272727272727	True
1967	3832	0.18181818181818182	True
1967	2948	0.09090909090909091	True
1249	3375	0.9090909090909091	False
1249	1615	0.8181818181818182	False
1249	1592	0.7272727272727273	False
1249	3040	0.6363636363636364	True
1249	1126	0.5454545454545454	True
1249	162	0.45454545454545453	True
1249	2392	0.36363636363636365	True
1249	238	0.2727272727272727	False
1249	2036	0.18181818181818182	False
1249	3832	0.09090909090909091	True
2592	3375	0.9090909090909091	False
2592	1615	0.8181818181818182	False
2592	1592	0.7272727272727273	False
2592	162	0.6363636363636364	True
2592	3504	0.5454545454545454	True
2592	1796	0.45454545454545453	False
2592	1298	0.36363636363636365	True
2592	3287	0.2727272727272727	True
2592	2036	0.18181818181818182	False
2592	2948	0.09090909090909091	True
5843	3375	0.9090909090909091	False
5843	238	0.8181818181818182	False
5843	1615	0.7272727272727273	False
5843	3040	0.6363636363636364	True
5843	1592	0.5454545454545454	False
5843	3504	0.45454545454545453	True
5843	162	0.36363636363636365	True
5843	3479	0.2727272727272727	True
5843	1126	0.18181818181818182	True
5843	1422	0.09090909090909091	False
5069	3375	0.9090909090909091	False
5069	1796	0.8181818181818182	False
5069	3364	0.7272727272727273	True
5069	1422	0.6363636363636364	False
5069	480	0.5454545454545454	True
5069	2036	0.45454545454545453	False
5069	1257	0.36363636363636365	True
5069	238	0.2727272727272727	False
5069	3504	0.18181818181818182	True
5069	3479	0.09090909090909091	True
1612	3107	0.9090909090909091	True
1612	1298	0.8181818181818182	True
1612	599	0.7272727272727273	True
1612	1422	0.6363636363636364	False
1612	3174	0.5454545454545454	True
1612	2948	0.45454545454545453	True
1612	3832	0.36363636363636365	True
1612	1487	0.2727272727272727	True
1612	3479	0.18181818181818182	True
1612	2036	0.09090909090909091	False
5522	3375	0.9090909090909091	False
5522	1126	0.8181818181818182	True
5522	1257	0.7272727272727273	True
5522	3040	0.6363636363636364	True
5522	1422	0.5454545454545454	False
5522	3832	0.45454545454545453	True
5522	3107	0.36363636363636365	True
5522	3215	0.2727272727272727	True
5522	3479	0.18181818181818182	True
5522	238	0.09090909090909091	False
1575	3375	0.9090909090909091	False
1575	238	0.8181818181818182	False
1575	599	0.7272727272727273	True
1575	3040	0.6363636363636364	True
1575	1592	0.5454545454545454	False
1575	1487	0.45454545454545453	True
1575	3479	0.36363636363636365	True
1575	1615	0.2727272727272727	False
1575	1422	0.18181818181818182	False
1575	2392	0.09090909090909091	True
2930	3504	0.9090909090909091	True
2930	3375	0.8181818181818182	False
2930	238	0.7272727272727273	False
2930	938	0.6363636363636364	True
2930	162	0.5454545454545454	True
2930	1615	0.45454545454545453	False
2930	1796	0.36363636363636365	False
2930	2948	0.2727272727272727	True
2930	2036	0.18181818181818182	False
2930	3479	0.09090909090909091	True
2707	3375	0.9090909090909091	False
2707	1422	0.8181818181818182	False
2707	2948	0.7272727272727273	True
2707	2110	0.6363636363636364	True
2707	1796	0.5454545454545454	False
2707	1487	0.45454545454545453	True
2707	1298	0.36363636363636365	True
2707	30	0.2727272727272727	True
2707	162	0.18181818181818182	True
2707	1257	0.09090909090909091	True
733	3375	0.9090909090909091	False
733	2948	0.8181818181818182	True
733	1422	0.7272727272727273	False
733	2392	0.6363636363636364	True
733	3040	0.5454545454545454	True
733	3107	0.45454545454545453	True
733	1298	0.36363636363636365	True
733	2494	0.2727272727272727	True
733	1487	0.18181818181818182	True
733	1796	0.09090909090909091	False
852	1615	0.9090909090909091	False
852	3375	0.8181818181818182	False
852	2948	0.7272727272727273	True
852	1487	0.6363636363636364	True
852	1257	0.5454545454545454	True
852	338	0.45454545454545453	True
852	599	0.36363636363636365	True
852	1422	0.2727272727272727	False
852	1298	0.18181818181818182	True
852	1796	0.09090909090909091	False
2783	238	0.9090909090909091	False
2783	3832	0.8181818181818182	True
2783	599	0.7272727272727273	True
2783	1615	0.6363636363636364	False
2783	3375	0.5454545454545454	False
2783	2948	0.45454545454545453	True
2783	1422	0.36363636363636365	False
2783	1298	0.2727272727272727	True
2783	1257	0.18181818181818182	True
2783	162	0.09090909090909091	True
1857	599	0.9090909090909091	True
1857	3479	0.8181818181818182	True
1857	238	0.7272727272727273	False
1857	3040	0.6363636363636364	True
1857	2948	0.5454545454545454	True
1857	1615	0.45454545454545453	False
1857	1592	0.36363636363636365	False
1857	3504	0.2727272727272727	True
1857	1796	0.18181818181818182	False
1857	2036	0.09090909090909091	False
5746	1796	0.9090909090909091	False
5746	2948	0.8181818181818182	True
5746	3375	0.7272727272727273	False
5746	1615	0.6363636363636364	False
5746	480	0.5454545454545454	True
5746	2036	0.45454545454545453	False
5746	1422	0.36363636363636365	False
5746	1257	0.2727272727272727	True
5746	3832	0.18181818181818182	True
5746	1298	0.09090909090909091	True
4542	1257	0.9090909090909091	True
4542	599	0.8181818181818182	True
4542	2948	0.7272727272727273	True
4542	1422	0.6363636363636364	False
4542	3832	0.5454545454545454	True
4542	2392	0.45454545454545453	True
4542	338	0.36363636363636365	True
4542	2036	0.2727272727272727	False
4542	1298	0.18181818181818182	True
4542	3040	0.09090909090909091	True
5557	3040	0.9090909090909091	True
5557	3375	0.8181818181818182	False
5557	1422	0.7272727272727273	False
5557	2948	0.6363636363636364	True
5557	3832	0.5454545454545454	True
5557	3107	0.45454545454545453	True
5557	2392	0.36363636363636365	True
5557	1126	0.2727272727272727	True
5557	1298	0.18181818181818182	True
5557	599	0.09090909090909091	True
2319	1796	0.9090909090909091	False
2319	238	0.8181818181818182	False
2319	599	0.7272727272727273	True
2319	3832	0.6363636363636364	True
2319	1422	0.5454545454545454	False
2319	2948	0.45454545454545453	True
2319	3479	0.36363636363636365	True
2319	3375	0.2727272727272727	False
2319	1257	0.18181818181818182	True
2319	2036	0.09090909090909091	False
477	3375	0.9090909090909091	False
477	3364	0.8181818181818182	True
477	1257	0.7272727272727273	True
477	1796	0.6363636363636364	False
477	1298	0.5454545454545454	True
477	1615	0.45454545454545453	False
477	1592	0.36363636363636365	False
477	2948	0.2727272727272727	True
477	2036	0.18181818181818182	False
477	1422	0.09090909090909091	False
14	599	0.9090909090909091	True
14	3504	0.8181818181818182	True
14	238	0.7272727272727273	False
14	3375	0.6363636363636364	False
14	3479	0.5454545454545454	True
14	1298	0.45454545454545453	True
14	1422	0.36363636363636365	False
14	3040	0.2727272727272727	True
14	3215	0.18181818181818182	True
14	1592	0.09090909090909091	False
4068	1257	0.9090909090909091	True
4068	1592	0.8181818181818182	False
4068	3364	0.7272727272727273	True
4068	3375	0.6363636363636364	False
4068	238	0.5454545454545454	False
4068	3040	0.45454545454545453	True
4068	3479	0.36363636363636365	True
4068	2036	0.2727272727272727	False
4068	338	0.18181818181818182	True
4068	1615	0.09090909090909091	False
3426	3375	0.9090909090909091	False
3426	3364	0.8181818181818182	True
3426	1592	0.7272727272727273	False
3426	1422	0.6363636363636364	False
3426	1796	0.5454545454545454	False
3426	2036	0.45454545454545453	False
3426	238	0.36363636363636365	False
3426	3768	0.2727272727272727	True
3426	3504	0.18181818181818182	True
3426	599	0.09090909090909091	True
763	3375	0.9090909090909091	False
763	162	0.8181818181818182	True
763	1298	0.7272727272727273	True
763	238	0.6363636363636364	False
763	1422	0.5454545454545454	False
763	3504	0.45454545454545453	True
763	1615	0.36363636363636365	False
763	1126	0.2727272727272727	True
763	3040	0.18181818181818182	True
763	1796	0.09090909090909091	False
773	3375	0.9090909090909091	False
773	599	0.8181818181818182	True
773	1422	0.7272727272727273	False
773	238	0.6363636363636364	False
773	1592	0.5454545454545454	False
773	2036	0.45454545454545453	False
773	2392	0.36363636363636365	True
773	162	0.2727272727272727	True
773	3364	0.18181818181818182	True
773	1298	0.09090909090909091	True
3321	3504	0.9090909090909091	True
3321	2036	0.8181818181818182	False
3321	238	0.7272727272727273	False
3321	3215	0.6363636363636364	True
3321	1592	0.5454545454545454	False
3321	3832	0.45454545454545453	True
3321	599	0.36363636363636365	True
3321	3040	0.2727272727272727	True
3321	2392	0.18181818181818182	True
3321	1126	0.09090909090909091	True
5560	3375	0.9090909090909091	False
5560	1257	0.8181818181818182	True
5560	1592	0.7272727272727273	False
5560	3364	0.6363636363636364	True
5560	2948	0.5454545454545454	True
5560	1126	0.45454545454545453	True
5560	1298	0.36363636363636365	True
5560	162	0.2727272727272727	True
5560	238	0.18181818181818182	False
5560	1796	0.09090909090909091	False
5484	3375	0.9090909090909091	False
5484	1592	0.8181818181818182	False
5484	2036	0.7272727272727273	False
5484	3479	0.6363636363636364	True
5484	1487	0.5454545454545454	True
5484	1615	0.45454545454545453	False
5484	238	0.36363636363636365	False
5484	1796	0.2727272727272727	False
5484	1126	0.18181818181818182	True
5484	3364	0.09090909090909091	True
5458	2948	0.9090909090909091	True
5458	1257	0.8181818181818182	True
5458	3375	0.7272727272727273	False
5458	1422	0.6363636363636364	False
5458	1796	0.5454545454545454	False
5458	1298	0.45454545454545453	True
5458	2110	0.36363636363636365	True
5458	3364	0.2727272727272727	True
5458	3040	0.18181818181818182	True
5458	1487	0.09090909090909091	True
4522	2948	0.9090909090909091	True
4522	3375	0.8181818181818182	False
4522	1796	0.7272727272727273	False
4522	238	0.6363636363636364	False
4522	1592	0.5454545454545454	False
4522	1257	0.45454545454545453	True
4522	3040	0.36363636363636365	True
4522	1126	0.2727272727272727	True
4522	1422	0.18181818181818182	False
4522	1615	0.09090909090909091	False
4349	3375	0.9090909090909091	False
4349	2036	0.8181818181818182	False
4349	480	0.7272727272727273	True
4349	1126	0.6363636363636364	True
4349	1796	0.5454545454545454	False
4349	1592	0.45454545454545453	False
4349	1487	0.36363636363636365	True
4349	3504	0.2727272727272727	True
4349	1422	0.18181818181818182	False
4349	1615	0.09090909090909091	False
2550	3375	0.9090909090909091	False
2550	1796	0.8181818181818182	False
2550	1422	0.7272727272727273	False
2550	3040	0.6363636363636364	True
2550	3364	0.5454545454545454	True
2550	2948	0.45454545454545453	True
2550	2494	0.36363636363636365	True
2550	238	0.2727272727272727	False
2550	1298	0.18181818181818182	True
2550	3504	0.09090909090909091	True
27	3375	0.9090909090909091	False
27	3040	0.8181818181818182	True
27	1422	0.7272727272727273	False
27	1796	0.6363636363636364	False
27	2948	0.5454545454545454	True
27	599	0.45454545454545453	True
27	1257	0.36363636363636365	True
27	238	0.2727272727272727	False
27	1298	0.18181818181818182	True
27	3174	0.09090909090909091	True
2554	3832	0.9090909090909091	True
2554	3504	0.8181818181818182	True
2554	2036	0.7272727272727273	False
2554	3040	0.6363636363636364	True
2554	3375	0.5454545454545454	False
2554	1615	0.45454545454545453	False
2554	238	0.36363636363636365	False
2554	1796	0.2727272727272727	False
2554	1487	0.18181818181818182	True
2554	1592	0.09090909090909091	False
4749	3375	0.9090909090909091	False
4749	3504	0.8181818181818182	True
4749	162	0.7272727272727273	True
4749	3364	0.6363636363636364	True
4749	3518	0.5454545454545454	True
4749	3479	0.45454545454545453	True
4749	599	0.36363636363636365	True
4749	1615	0.2727272727272727	False
4749	238	0.18181818181818182	False
4749	1298	0.09090909090909091	True
1108	1422	0.9090909090909091	False
1108	3375	0.8181818181818182	False
1108	2392	0.7272727272727273	True
1108	2948	0.6363636363636364	True
1108	1126	0.5454545454545454	True
1108	1298	0.45454545454545453	True
1108	1592	0.36363636363636365	False
1108	2036	0.2727272727272727	False
1108	1487	0.18181818181818182	True
1108	238	0.09090909090909091	False
1619	3375	0.9090909090909091	False
1619	3504	0.8181818181818182	True
1619	2036	0.7272727272727273	False
1619	3364	0.6363636363636364	True
1619	238	0.5454545454545454	False
1619	1257	0.45454545454545453	True
1619	1592	0.36363636363636365	False
1619	3479	0.2727272727272727	True
1619	1796	0.18181818181818182	False
1619	2948	0.09090909090909091	True
3524	2948	0.9090909090909091	True
3524	599	0.8181818181818182	True
3524	238	0.7272727272727273	False
3524	3040	0.6363636363636364	True
3524	3375	0.5454545454545454	False
3524	1422	0.45454545454545453	False
3524	1796	0.36363636363636365	False
3524	1298	0.2727272727272727	True
3524	3479	0.18181818181818182	True
3524	3832	0.09090909090909091	True
4514	2392	0.9090909090909091	True
4514	1487	0.8181818181818182	True
4514	1592	0.7272727272727273	False
4514	3375	0.6363636363636364	False
4514	3832	0.5454545454545454	True
4514	1422	0.45454545454545453	False
4514	2948	0.36363636363636365	True
4514	1257	0.2727272727272727	True
4514	1796	0.18181818181818182	False
4514	1615	0.09090909090909091	False
1920	599	0.9090909090909091	True
1920	2392	0.8181818181818182	True
1920	1257	0.7272727272727273	True
1920	1422	0.6363636363636364	False
1920	338	0.5454545454545454	True
1920	2948	0.45454545454545453	True
1920	2110	0.36363636363636365	True
1920	1592	0.2727272727272727	False
1920	3375	0.18181818181818182	False
1920	1298	0.09090909090909091	True
1646	2036	0.9090909090909091	False
1646	3504	0.8181818181818182	True
1646	238	0.7272727272727273	False
1646	3375	0.6363636363636364	False
1646	3832	0.5454545454545454	True
1646	3107	0.45454545454545453	True
1646	599	0.36363636363636365	True
1646	1487	0.2727272727272727	True
1646	1796	0.18181818181818182	False
1646	2948	0.09090909090909091	True
4164	3375	0.9090909090909091	False
4164	1422	0.8181818181818182	False
4164	3364	0.7272727272727273	True
4164	238	0.6363636363636364	False
4164	162	0.5454545454545454	True
4164	1298	0.45454545454545453	True
4164	1257	0.36363636363636365	True
4164	3504	0.2727272727272727	True
4164	3174	0.18181818181818182	True
4164	1796	0.09090909090909091	False
4867	3375	0.9090909090909091	False
4867	1615	0.8181818181818182	False
4867	1298	0.7272727272727273	True
4867	162	0.6363636363636364	True
4867	1257	0.5454545454545454	True
4867	3364	0.45454545454545453	True
4867	3504	0.36363636363636365	True
4867	238	0.2727272727272727	False
4867	1422	0.18181818181818182	False
4867	2948	0.09090909090909091	True
5396	3375	0.9090909090909091	False
5396	599	0.8181818181818182	True
5396	238	0.7272727272727273	False
5396	162	0.6363636363636364	True
5396	1615	0.5454545454545454	False
5396	1422	0.45454545454545453	False
5396	3040	0.36363636363636365	True
5396	1126	0.2727272727272727	True
5396	3479	0.18181818181818182	True
5396	1298	0.09090909090909091	True
3390	3375	0.9090909090909091	False
3390	1422	0.8181818181818182	False
3390	2948	0.7272727272727273	True
3390	1298	0.6363636363636364	True
3390	1615	0.5454545454545454	False
3390	1796	0.45454545454545453	False
3390	1487	0.36363636363636365	True
3390	2494	0.2727272727272727	True
3390	162	0.18181818181818182	True
3390	238	0.09090909090909091	False
4015	2392	0.9090909090909091	True
4015	1592	0.8181818181818182	False
4015	599	0.7272727272727273	True
4015	3375	0.6363636363636364	False
4015	1126	0.5454545454545454	True
4015	1422	0.45454545454545453	False
4015	162	0.36363636363636365	True
4015	2036	0.2727272727272727	False
4015	1796	0.18181818181818182	False
4015	1298	0.09090909090909091	True
3637	3832	0.9090909090909091	True
3637	1257	0.8181818181818182	True
3637	1422	0.7272727272727273	False
3637	599	0.6363636363636364	True
3637	238	0.5454545454545454	False
3637	2392	0.45454545454545453	True
3637	1796	0.36363636363636365	False
3637	1487	0.2727272727272727	True
3637	3479	0.18181818181818182	True
3637	3375	0.09090909090909091	False
4038	1257	0.9090909090909091	True
4038	1615	0.8181818181818182	False
4038	3375	0.7272727272727273	False
4038	1592	0.6363636363636364	False
4038	1796	0.5454545454545454	False
4038	599	0.45454545454545453	True
4038	3479	0.36363636363636365	True
4038	3364	0.2727272727272727	True
4038	2948	0.18181818181818182	True
4038	238	0.09090909090909091	False
804	3375	0.9090909090909091	False
804	1298	0.8181818181818182	True
804	1592	0.7272727272727273	False
804	1796	0.6363636363636364	False
804	1615	0.5454545454545454	False
804	162	0.45454545454545453	True
804	3768	0.36363636363636365	True
804	2036	0.2727272727272727	False
804	3504	0.18181818181818182	True
804	1257	0.09090909090909091	True
5651	1257	0.9090909090909091	True
5651	338	0.8181818181818182	True
5651	599	0.7272727272727273	True
5651	2036	0.6363636363636364	False
5651	3364	0.5454545454545454	True
5651	3107	0.45454545454545453	True
5651	1298	0.36363636363636365	True
5651	3479	0.2727272727272727	True
5651	1592	0.18181818181818182	False
5651	3375	0.09090909090909091	False
1551	3375	0.9090909090909091	False
1551	1257	0.8181818181818182	True
1551	1796	0.7272727272727273	False
1551	1592	0.6363636363636364	False
1551	3364	0.5454545454545454	True
1551	3040	0.45454545454545453	True
1551	1422	0.36363636363636365	False
1551	1487	0.2727272727272727	True
1551	238	0.18181818181818182	False
1551	1615	0.09090909090909091	False
829	2948	0.9090909090909091	True
829	599	0.8181818181818182	True
829	1796	0.7272727272727273	False
829	3504	0.6363636363636364	True
829	238	0.5454545454545454	False
829	1298	0.45454545454545453	True
829	1257	0.36363636363636365	True
829	1422	0.2727272727272727	False
829	3364	0.18181818181818182	True
829	3375	0.09090909090909091	False
2951	3375	0.9090909090909091	False
2951	1487	0.8181818181818182	True
2951	2392	0.7272727272727273	True
2951	2036	0.6363636363636364	False
2951	1615	0.5454545454545454	False
2951	3832	0.45454545454545453	True
2951	238	0.36363636363636365	False
2951	1592	0.2727272727272727	False
2951	3040	0.18181818181818182	True
2951	1796	0.09090909090909091	False
4022	2036	0.9090909090909091	False
4022	1592	0.8181818181818182	False
4022	3375	0.7272727272727273	False
4022	1126	0.6363636363636364	True
4022	3040	0.5454545454545454	True
4022	2948	0.45454545454545453	True
4022	1796	0.36363636363636365	False
4022	1422	0.2727272727272727	False
4022	238	0.18181818181818182	False
4022	1487	0.09090909090909091	True
2520	3375	0.9090909090909091	False
2520	1298	0.8181818181818182	True
2520	162	0.7272727272727273	True
2520	3364	0.6363636363636364	True
2520	1615	0.5454545454545454	False
2520	978	0.45454545454545453	True
2520	238	0.36363636363636365	False
2520	599	0.2727272727272727	True
2520	1796	0.18181818181818182	False
2520	1422	0.09090909090909091	False
2700	2392	0.9090909090909091	True
2700	1126	0.8181818181818182	True
2700	2036	0.7272727272727273	False
2700	1592	0.6363636363636364	False
2700	3375	0.5454545454545454	False
2700	1487	0.45454545454545453	True
2700	1422	0.36363636363636365	False
2700	3832	0.2727272727272727	True
2700	3107	0.18181818181818182	True
2700	2948	0.09090909090909091	True
2895	2036	0.9090909090909091	False
2895	1592	0.8181818181818182	False
2895	1796	0.7272727272727273	False
2895	3832	0.6363636363636364	True
2895	3479	0.5454545454545454	True
2895	3504	0.45454545454545453	True
2895	238	0.36363636363636365	False
2895	1126	0.2727272727272727	True
2895	3375	0.18181818181818182	False
2895	599	0.09090909090909091	True
199	3375	0.9090909090909091	False
199	1615	0.8181818181818182	False
199	1257	0.7272727272727273	True
199	1487	0.6363636363636364	True
199	2948	0.5454545454545454	True
199	480	0.45454545454545453	True
199	1298	0.36363636363636365	True
199	1796	0.2727272727272727	False
199	3364	0.18181818181818182	True
199	1824	0.09090909090909091	True
3111	3375	0.9090909090909091	False
3111	3364	0.8181818181818182	True
3111	3479	0.7272727272727273	True
3111	1796	0.6363636363636364	False
3111	3040	0.5454545454545454	True
3111	162	0.45454545454545453	True
3111	3174	0.36363636363636365	True
3111	1257	0.2727272727272727	True
3111	338	0.18181818181818182	True
3111	3107	0.09090909090909091	True
2792	3375	0.9090909090909091	False
2792	3504	0.8181818181818182	True
2792	1298	0.7272727272727273	True
2792	3364	0.6363636363636364	True
2792	480	0.5454545454545454	True
2792	1796	0.45454545454545453	False
2792	3107	0.36363636363636365	True
2792	2948	0.2727272727272727	True
2792	1257	0.18181818181818182	True
2792	1615	0.09090909090909091	False
4494	3375	0.9090909090909091	False
4494	1422	0.8181818181818182	False
4494	1615	0.7272727272727273	False
4494	1298	0.6363636363636364	True
4494	2948	0.5454545454545454	True
4494	1796	0.45454545454545453	False
4494	1257	0.36363636363636365	True
4494	1487	0.2727272727272727	True
4494	2392	0.18181818181818182	True
4494	162	0.09090909090909091	True
382	2036	0.9090909090909091	False
382	3504	0.8181818181818182	True
382	2948	0.7272727272727273	True
382	1796	0.6363636363636364	False
382	1592	0.5454545454545454	False
382	1126	0.45454545454545453	True
382	238	0.36363636363636365	False
382	1422	0.2727272727272727	False
382	3832	0.18181818181818182	True
382	599	0.09090909090909091	True
5093	1257	0.9090909090909091	True
5093	3375	0.8181818181818182	False
5093	2948	0.7272727272727273	True
5093	1615	0.6363636363636364	False
5093	1592	0.5454545454545454	False
5093	162	0.45454545454545453	True
5093	1126	0.36363636363636365	True
5093	1796	0.2727272727272727	False
5093	1298	0.18181818181818182	True
5093	3364	0.09090909090909091	True
5943	3375	0.9090909090909091	False
5943	1615	0.8181818181818182	False
5943	1257	0.7272727272727273	True
5943	3364	0.6363636363636364	True
5943	1592	0.5454545454545454	False
5943	162	0.45454545454545453	True
5943	338	0.36363636363636365	True
5943	3504	0.2727272727272727	True
5943	1796	0.18181818181818182	False
5943	3287	0.09090909090909091	True
7	2948	0.9090909090909091	True
7	2036	0.8181818181818182	False
7	2392	0.7272727272727273	True
7	1592	0.6363636363636364	False
7	1298	0.5454545454545454	True
7	1126	0.45454545454545453	True
7	599	0.36363636363636365	True
7	3375	0.2727272727272727	False
7	1422	0.18181818181818182	False
7	3832	0.09090909090909091	True
1441	3504	0.9090909090909091	True
1441	2948	0.8181818181818182	True
1441	3375	0.7272727272727273	False
1441	1487	0.6363636363636364	True
1441	2110	0.5454545454545454	True
1441	1796	0.45454545454545453	False
1441	1615	0.36363636363636365	False
1441	1592	0.2727272727272727	False
1441	3287	0.18181818181818182	True
1441	938	0.09090909090909091	True
4476	1592	0.9090909090909091	False
4476	1615	0.8181818181818182	False
4476	3375	0.7272727272727273	False
4476	1796	0.6363636363636364	False
4476	2036	0.5454545454545454	False
4476	1422	0.45454545454545453	False
4476	1257	0.36363636363636365	True
4476	2948	0.2727272727272727	True
4476	1126	0.18181818181818182	True
4476	480	0.09090909090909091	True
4024	1592	0.9090909090909091	False
4024	1257	0.8181818181818182	True
4024	1615	0.7272727272727273	False
4024	3375	0.6363636363636364	False
4024	2392	0.5454545454545454	True
4024	238	0.45454545454545453	False
4024	599	0.36363636363636365	True
4024	2036	0.2727272727272727	False
4024	3832	0.18181818181818182	True
4024	1126	0.09090909090909091	True
4758	3375	0.9090909090909091	False
4758	238	0.8181818181818182	False
4758	3504	0.7272727272727273	True
4758	3364	0.6363636363636364	True
4758	2036	0.5454545454545454	False
4758	1126	0.45454545454545453	True
4758	1592	0.36363636363636365	False
4758	3479	0.2727272727272727	True
4758	1796	0.18181818181818182	False
4758	1257	0.09090909090909091	True
1255	1592	0.9090909090909091	False
1255	1257	0.8181818181818182	True
1255	3364	0.7272727272727273	True
1255	2036	0.6363636363636364	False
1255	3375	0.5454545454545454	False
1255	599	0.45454545454545453	True
1255	3107	0.36363636363636365	True
1255	1298	0.2727272727272727	True
1255	1796	0.18181818181818182	False
1255	3479	0.09090909090909091	True
