1262	3727	0.9090909090909091	False
1262	70	0.8181818181818182	False
1262	1411	0.7272727272727273	True
1262	2618	0.6363636363636364	False
1262	2431	0.5454545454545454	True
1262	2589	0.45454545454545453	False
1262	3556	0.36363636363636365	False
1262	1148	0.2727272727272727	False
1262	2894	0.18181818181818182	True
1262	1096	0.09090909090909091	True
5538	3727	0.9090909090909091	False
5538	70	0.8181818181818182	False
5538	3149	0.7272727272727273	True
5538	2589	0.6363636363636364	False
5538	2431	0.5454545454545454	True
5538	1096	0.45454545454545453	True
5538	3152	0.36363636363636365	True
5538	379	0.2727272727272727	True
5538	1411	0.18181818181818182	True
5538	3556	0.09090909090909091	False
3930	3040	0.9090909090909091	True
3930	3727	0.8181818181818182	False
3930	1148	0.7272727272727273	False
3930	2052	0.6363636363636364	True
3930	3556	0.5454545454545454	False
3930	70	0.45454545454545453	False
3930	1875	0.36363636363636365	True
3930	2589	0.2727272727272727	False
3930	1457	0.18181818181818182	True
3930	160	0.09090909090909091	True
1706	3727	0.9090909090909091	False
1706	70	0.8181818181818182	False
1706	2589	0.7272727272727273	False
1706	3245	0.6363636363636364	True
1706	3556	0.5454545454545454	False
1706	2894	0.45454545454545453	True
1706	1457	0.36363636363636365	True
1706	3149	0.2727272727272727	True
1706	1096	0.18181818181818182	True
1706	379	0.09090909090909091	True
470	1457	0.9090909090909091	True
470	2550	0.8181818181818182	True
470	2618	0.7272727272727273	False
470	3473	0.6363636363636364	True
470	1148	0.5454545454545454	False
470	1096	0.45454545454545453	True
470	2116	0.36363636363636365	True
470	2281	0.2727272727272727	True
470	3727	0.18181818181818182	False
470	1875	0.09090909090909091	True
4406	2281	0.9090909090909091	True
4406	3556	0.8181818181818182	False
4406	76	0.7272727272727273	True
4406	2589	0.6363636363636364	False
4406	2358	0.5454545454545454	True
4406	2618	0.45454545454545453	False
4406	3473	0.36363636363636365	True
4406	1411	0.2727272727272727	True
4406	1096	0.18181818181818182	True
4406	2341	0.09090909090909091	True
5487	3727	0.9090909090909091	False
5487	1096	0.8181818181818182	True
5487	3556	0.7272727272727273	False
5487	2431	0.6363636363636364	True
5487	379	0.5454545454545454	True
5487	3152	0.45454545454545453	True
5487	2894	0.36363636363636365	True
5487	926	0.2727272727272727	True
5487	2116	0.18181818181818182	True
5487	798	0.09090909090909091	True
1189	1148	0.9090909090909091	False
1189	1457	0.8181818181818182	True
1189	70	0.7272727272727273	False
1189	2550	0.6363636363636364	True
1189	2914	0.5454545454545454	True
1189	3473	0.45454545454545453	True
1189	1875	0.36363636363636365	True
1189	3625	0.2727272727272727	True
1189	3902	0.18181818181818182	True
1189	3040	0.09090909090909091	True
4167	3727	0.9090909090909091	False
4167	70	0.8181818181818182	False
4167	1096	0.7272727272727273	True
4167	1457	0.6363636363636364	True
4167	2894	0.5454545454545454	True
4167	3473	0.45454545454545453	True
4167	3040	0.36363636363636365	True
4167	1148	0.2727272727272727	False
4167	2618	0.18181818181818182	False
4167	2431	0.09090909090909091	True
1443	2618	0.9090909090909091	False
1443	3625	0.8181818181818182	True
1443	3727	0.7272727272727273	False
1443	1411	0.6363636363636364	True
1443	2281	0.5454545454545454	True
1443	1875	0.45454545454545453	True
1443	2914	0.36363636363636365	True
1443	1148	0.2727272727272727	False
1443	3040	0.18181818181818182	True
1443	2052	0.09090909090909091	True
887	3727	0.9090909090909091	False
887	70	0.8181818181818182	False
887	2589	0.7272727272727273	False
887	3473	0.6363636363636364	True
887	2618	0.5454545454545454	False
887	1411	0.45454545454545453	True
887	2894	0.36363636363636365	True
887	1148	0.2727272727272727	False
887	3556	0.18181818181818182	False
887	3245	0.09090909090909091	True
924	3727	0.9090909090909091	False
924	70	0.8181818181818182	False
924	1411	0.7272727272727273	True
924	2589	0.6363636363636364	False
924	3473	0.5454545454545454	True
924	2431	0.45454545454545453	True
924	3556	0.36363636363636365	False
924	2618	0.2727272727272727	False
924	2894	0.18181818181818182	True
924	1875	0.09090909090909091	True
3253	3727	0.9090909090909091	False
3253	379	0.8181818181818182	True
3253	1457	0.7272727272727273	True
3253	70	0.6363636363636364	False
3253	1875	0.5454545454545454	True
3253	3040	0.45454545454545453	True
3253	2589	0.36363636363636365	False
3253	2116	0.2727272727272727	True
3253	2281	0.18181818181818182	True
3253	3149	0.09090909090909091	True
1314	3727	0.9090909090909091	False
1314	2589	0.8181818181818182	False
1314	70	0.7272727272727273	False
1314	415	0.6363636363636364	True
1314	3473	0.5454545454545454	True
1314	1148	0.45454545454545453	False
1314	178	0.36363636363636365	True
1314	1411	0.2727272727272727	True
1314	3556	0.18181818181818182	False
1314	1875	0.09090909090909091	True
2417	3727	0.9090909090909091	False
2417	1148	0.8181818181818182	False
2417	3556	0.7272727272727273	False
2417	2618	0.6363636363636364	False
2417	2894	0.5454545454545454	True
2417	3341	0.45454545454545453	True
2417	2052	0.36363636363636365	True
2417	554	0.2727272727272727	True
2417	2589	0.18181818181818182	False
2417	3152	0.09090909090909091	True
1409	2281	0.9090909090909091	True
1409	3727	0.8181818181818182	False
1409	379	0.7272727272727273	True
1409	1457	0.6363636363636364	True
1409	2894	0.5454545454545454	True
1409	3473	0.45454545454545453	True
1409	70	0.36363636363636365	False
1409	3149	0.2727272727272727	True
1409	3625	0.18181818181818182	True
1409	2589	0.09090909090909091	False
2493	3727	0.9090909090909091	False
2493	3149	0.8181818181818182	True
2493	379	0.7272727272727273	True
2493	3040	0.6363636363636364	True
2493	1457	0.5454545454545454	True
2493	1875	0.45454545454545453	True
2493	926	0.36363636363636365	True
2493	2052	0.2727272727272727	True
2493	2894	0.18181818181818182	True
2493	2281	0.09090909090909091	True
5694	3727	0.9090909090909091	False
5694	70	0.8181818181818182	False
5694	3040	0.7272727272727273	True
5694	1875	0.6363636363636364	True
5694	379	0.5454545454545454	True
5694	1199	0.45454545454545453	True
5694	2894	0.36363636363636365	True
5694	1457	0.2727272727272727	True
5694	2618	0.18181818181818182	False
5694	3473	0.09090909090909091	True
5370	2618	0.9090909090909091	False
5370	1148	0.8181818181818182	False
5370	2281	0.7272727272727273	True
5370	3625	0.6363636363636364	True
5370	2052	0.5454545454545454	True
5370	3556	0.45454545454545453	False
5370	1875	0.36363636363636365	True
5370	2879	0.2727272727272727	True
5370	3727	0.18181818181818182	False
5370	3152	0.09090909090909091	True
640	2618	0.9090909090909091	False
640	1411	0.8181818181818182	True
640	3727	0.7272727272727273	False
640	3473	0.6363636363636364	True
640	2281	0.5454545454545454	True
640	2589	0.45454545454545453	False
640	3556	0.36363636363636365	False
640	2052	0.2727272727272727	True
640	1148	0.18181818181818182	False
640	926	0.09090909090909091	True
4896	3727	0.9090909090909091	False
4896	3556	0.8181818181818182	False
4896	70	0.7272727272727273	False
4896	1411	0.6363636363636364	True
4896	3152	0.5454545454545454	True
4896	2589	0.45454545454545453	False
4896	798	0.36363636363636365	True
4896	2894	0.2727272727272727	True
4896	1148	0.18181818181818182	False
4896	415	0.09090909090909091	True
5038	3727	0.9090909090909091	False
5038	2618	0.8181818181818182	False
5038	1148	0.7272727272727273	False
5038	2281	0.6363636363636364	True
5038	1875	0.5454545454545454	True
5038	1654	0.45454545454545453	True
5038	2431	0.36363636363636365	True
5038	3625	0.2727272727272727	True
5038	1411	0.18181818181818182	True
5038	3473	0.09090909090909091	True
4047	3727	0.9090909090909091	False
4047	2589	0.8181818181818182	False
4047	2894	0.7272727272727273	True
4047	379	0.6363636363636364	True
4047	3026	0.5454545454545454	True
4047	3040	0.45454545454545453	True
4047	2281	0.36363636363636365	True
4047	1457	0.2727272727272727	True
4047	70	0.18181818181818182	False
4047	2618	0.09090909090909091	False
1221	2618	0.9090909090909091	False
1221	3727	0.8181818181818182	False
1221	1148	0.7272727272727273	False
1221	1096	0.6363636363636364	True
1221	415	0.5454545454545454	True
1221	514	0.45454545454545453	True
1221	1411	0.36363636363636365	True
1221	926	0.2727272727272727	True
1221	1654	0.18181818181818182	True
1221	3556	0.09090909090909091	False
238	3040	0.9090909090909091	True
238	2894	0.8181818181818182	True
238	379	0.7272727272727273	True
238	2589	0.6363636363636364	False
238	1411	0.5454545454545454	True
238	1096	0.45454545454545453	True
238	3556	0.36363636363636365	False
238	1437	0.2727272727272727	True
238	2052	0.18181818181818182	True
238	415	0.09090909090909091	True
4403	2618	0.9090909090909091	False
4403	1096	0.8181818181818182	True
4403	1148	0.7272727272727273	False
4403	3152	0.6363636363636364	True
4403	3727	0.5454545454545454	False
4403	76	0.45454545454545453	True
4403	2431	0.36363636363636365	True
4403	3026	0.2727272727272727	True
4403	70	0.18181818181818182	False
4403	3742	0.09090909090909091	True
2575	2618	0.9090909090909091	False
2575	1096	0.8181818181818182	True
2575	1411	0.7272727272727273	True
2575	1148	0.6363636363636364	False
2575	3556	0.5454545454545454	False
2575	2281	0.45454545454545453	True
2575	1199	0.36363636363636365	True
2575	3625	0.2727272727272727	True
2575	3727	0.18181818181818182	False
2575	3152	0.09090909090909091	True
2003	3727	0.9090909090909091	False
2003	3149	0.8181818181818182	True
2003	3040	0.7272727272727273	True
2003	1457	0.6363636363636364	True
2003	70	0.5454545454545454	False
2003	2894	0.45454545454545453	True
2003	3625	0.36363636363636365	True
2003	1148	0.2727272727272727	False
2003	926	0.18181818181818182	True
2003	2914	0.09090909090909091	True
1760	1148	0.9090909090909091	False
1760	3727	0.8181818181818182	False
1760	2281	0.7272727272727273	True
1760	2618	0.6363636363636364	False
1760	379	0.5454545454545454	True
1760	926	0.45454545454545453	True
1760	1875	0.36363636363636365	True
1760	3556	0.2727272727272727	False
1760	2894	0.18181818181818182	True
1760	1457	0.09090909090909091	True
3266	3727	0.9090909090909091	False
3266	2281	0.8181818181818182	True
3266	1096	0.7272727272727273	True
3266	379	0.6363636363636364	True
3266	70	0.5454545454545454	False
3266	2589	0.45454545454545453	False
3266	798	0.36363636363636365	True
3266	2618	0.2727272727272727	False
3266	2431	0.18181818181818182	True
3266	3152	0.09090909090909091	True
3525	1457	0.9090909090909091	True
3525	3727	0.8181818181818182	False
3525	926	0.7272727272727273	True
3525	2589	0.6363636363636364	False
3525	2894	0.5454545454545454	True
3525	2281	0.45454545454545453	True
3525	415	0.36363636363636365	True
3525	2618	0.2727272727272727	False
3525	2431	0.18181818181818182	True
3525	2116	0.09090909090909091	True
405	3727	0.9090909090909091	False
405	379	0.8181818181818182	True
405	3040	0.7272727272727273	True
405	1096	0.6363636363636364	True
405	1457	0.5454545454545454	True
405	2281	0.45454545454545453	True
405	1654	0.36363636363636365	True
405	2618	0.2727272727272727	False
405	2589	0.18181818181818182	False
405	415	0.09090909090909091	True
710	3040	0.9090909090909091	True
710	2281	0.8181818181818182	True
710	3727	0.7272727272727273	False
710	3152	0.6363636363636364	True
710	379	0.5454545454545454	True
710	1457	0.45454545454545453	True
710	1875	0.36363636363636365	True
710	3556	0.2727272727272727	False
710	70	0.18181818181818182	False
710	2589	0.09090909090909091	False
409	3727	0.9090909090909091	False
409	3556	0.8181818181818182	False
409	70	0.7272727272727273	False
409	2894	0.6363636363636364	True
409	2589	0.5454545454545454	False
409	3040	0.45454545454545453	True
409	1096	0.36363636363636365	True
409	2052	0.2727272727272727	True
409	1411	0.18181818181818182	True
409	3152	0.09090909090909091	True
1890	3727	0.9090909090909091	False
1890	2589	0.8181818181818182	False
1890	1457	0.7272727272727273	True
1890	3152	0.6363636363636364	True
1890	70	0.5454545454545454	False
1890	3556	0.45454545454545453	False
1890	1096	0.36363636363636365	True
1890	379	0.2727272727272727	True
1890	2431	0.18181818181818182	True
1890	415	0.09090909090909091	True
5242	3727	0.9090909090909091	False
5242	2894	0.8181818181818182	True
5242	2618	0.7272727272727273	False
5242	3040	0.6363636363636364	True
5242	70	0.5454545454545454	False
5242	554	0.45454545454545453	True
5242	926	0.36363636363636365	True
5242	2052	0.2727272727272727	True
5242	2281	0.18181818181818182	True
5242	1411	0.09090909090909091	True
3774	3727	0.9090909090909091	False
3774	2618	0.8181818181818182	False
3774	3556	0.7272727272727273	False
3774	1148	0.6363636363636364	False
3774	926	0.5454545454545454	True
3774	1875	0.45454545454545453	True
3774	2281	0.36363636363636365	True
3774	3473	0.2727272727272727	True
3774	1457	0.18181818181818182	True
3774	3068	0.09090909090909091	True
5667	3727	0.9090909090909091	False
5667	3473	0.8181818181818182	True
5667	2618	0.7272727272727273	False
5667	1148	0.6363636363636364	False
5667	379	0.5454545454545454	True
5667	70	0.45454545454545453	False
5667	926	0.36363636363636365	True
5667	415	0.2727272727272727	True
5667	3026	0.18181818181818182	True
5667	2589	0.09090909090909091	False
3903	1411	0.9090909090909091	True
3903	3727	0.8181818181818182	False
3903	70	0.7272727272727273	False
3903	2589	0.6363636363636364	False
3903	3473	0.5454545454545454	True
3903	2618	0.45454545454545453	False
3903	2341	0.36363636363636365	True
3903	2281	0.2727272727272727	True
3903	1654	0.18181818181818182	True
3903	3556	0.09090909090909091	False
5333	3727	0.9090909090909091	False
5333	3152	0.8181818181818182	True
5333	1096	0.7272727272727273	True
5333	2281	0.6363636363636364	True
5333	2618	0.5454545454545454	False
5333	2431	0.45454545454545453	True
5333	3040	0.36363636363636365	True
5333	1875	0.2727272727272727	True
5333	70	0.18181818181818182	False
5333	1148	0.09090909090909091	False
856	3727	0.9090909090909091	False
856	3040	0.8181818181818182	True
856	2894	0.7272727272727273	True
856	70	0.6363636363636364	False
856	2618	0.5454545454545454	False
856	1148	0.45454545454545453	False
856	1875	0.36363636363636365	True
856	178	0.2727272727272727	True
856	3556	0.18181818181818182	False
856	1096	0.09090909090909091	True
994	3727	0.9090909090909091	False
994	1148	0.8181818181818182	False
994	2618	0.7272727272727273	False
994	3040	0.6363636363636364	True
994	1096	0.5454545454545454	True
994	2894	0.45454545454545453	True
994	3556	0.36363636363636365	False
994	3625	0.2727272727272727	True
994	1875	0.18181818181818182	True
994	70	0.09090909090909091	False
5475	2618	0.9090909090909091	False
5475	3556	0.8181818181818182	False
5475	3727	0.7272727272727273	False
5475	3473	0.6363636363636364	True
5475	2052	0.5454545454545454	True
5475	1148	0.45454545454545453	False
5475	1096	0.36363636363636365	True
5475	2914	0.2727272727272727	True
5475	3245	0.18181818181818182	True
5475	2894	0.09090909090909091	True
5104	3727	0.9090909090909091	False
5104	2618	0.8181818181818182	False
5104	2589	0.7272727272727273	False
5104	70	0.6363636363636364	False
5104	1411	0.5454545454545454	True
5104	1875	0.45454545454545453	True
5104	1148	0.36363636363636365	False
5104	415	0.2727272727272727	True
5104	1096	0.18181818181818182	True
5104	3556	0.09090909090909091	False
4989	1148	0.9090909090909091	False
4989	2618	0.8181818181818182	False
4989	1457	0.7272727272727273	True
4989	2281	0.6363636363636364	True
4989	2589	0.5454545454545454	False
4989	3625	0.45454545454545453	True
4989	2116	0.36363636363636365	True
4989	2914	0.2727272727272727	True
4989	926	0.18181818181818182	True
4989	3026	0.09090909090909091	True
2596	3727	0.9090909090909091	False
2596	2618	0.8181818181818182	False
2596	2894	0.7272727272727273	True
2596	3341	0.6363636363636364	True
2596	3556	0.5454545454545454	False
2596	1411	0.45454545454545453	True
2596	3473	0.36363636363636365	True
2596	1148	0.2727272727272727	False
2596	415	0.18181818181818182	True
2596	70	0.09090909090909091	False
4798	2618	0.9090909090909091	False
4798	2281	0.8181818181818182	True
4798	3727	0.7272727272727273	False
4798	1411	0.6363636363636364	True
4798	1148	0.5454545454545454	False
4798	1875	0.45454545454545453	True
4798	2589	0.36363636363636365	False
4798	3473	0.2727272727272727	True
4798	2914	0.18181818181818182	True
4798	3556	0.09090909090909091	False
131	3727	0.9090909090909091	False
131	2618	0.8181818181818182	False
131	1096	0.7272727272727273	True
131	70	0.6363636363636364	False
131	1411	0.5454545454545454	True
131	1148	0.45454545454545453	False
131	3556	0.36363636363636365	False
131	2914	0.2727272727272727	True
131	2052	0.18181818181818182	True
131	2281	0.09090909090909091	True
1609	3727	0.9090909090909091	False
1609	70	0.8181818181818182	False
1609	1096	0.7272727272727273	True
1609	2589	0.6363636363636364	False
1609	3152	0.5454545454545454	True
1609	2618	0.45454545454545453	False
1609	1411	0.36363636363636365	True
1609	2431	0.2727272727272727	True
1609	379	0.18181818181818182	True
1609	3473	0.09090909090909091	True
3963	3727	0.9090909090909091	False
3963	3556	0.8181818181818182	False
3963	415	0.7272727272727273	True
3963	2894	0.6363636363636364	True
3963	2589	0.5454545454545454	False
3963	2618	0.45454545454545453	False
3963	2431	0.36363636363636365	True
3963	3026	0.2727272727272727	True
3963	1457	0.18181818181818182	True
3963	926	0.09090909090909091	True
4358	3727	0.9090909090909091	False
4358	3473	0.8181818181818182	True
4358	2431	0.7272727272727273	True
4358	2618	0.6363636363636364	False
4358	70	0.5454545454545454	False
4358	2894	0.45454545454545453	True
4358	2589	0.36363636363636365	False
4358	379	0.2727272727272727	True
4358	3026	0.18181818181818182	True
4358	2550	0.09090909090909091	True
1921	3727	0.9090909090909091	False
1921	70	0.8181818181818182	False
1921	2894	0.7272727272727273	True
1921	3040	0.6363636363636364	True
1921	379	0.5454545454545454	True
1921	2618	0.45454545454545453	False
1921	3556	0.36363636363636365	False
1921	1411	0.2727272727272727	True
1921	1875	0.18181818181818182	True
1921	2281	0.09090909090909091	True
175	1457	0.9090909090909091	True
175	3473	0.8181818181818182	True
175	379	0.7272727272727273	True
175	3727	0.6363636363636364	False
175	2550	0.5454545454545454	True
175	1875	0.45454545454545453	True
175	2281	0.36363636363636365	True
175	2618	0.2727272727272727	False
175	2894	0.18181818181818182	True
175	2914	0.09090909090909091	True
4613	2618	0.9090909090909091	False
4613	1148	0.8181818181818182	False
4613	2281	0.7272727272727273	True
4613	2589	0.6363636363636364	False
4613	1411	0.5454545454545454	True
4613	270	0.45454545454545453	True
4613	160	0.36363636363636365	True
4613	1096	0.2727272727272727	True
4613	1457	0.18181818181818182	True
4613	3152	0.09090909090909091	True
187	2618	0.9090909090909091	False
187	3727	0.8181818181818182	False
187	3625	0.7272727272727273	True
187	2894	0.6363636363636364	True
187	2281	0.5454545454545454	True
187	1148	0.45454545454545453	False
187	3556	0.36363636363636365	False
187	1411	0.2727272727272727	True
187	1875	0.18181818181818182	True
187	3473	0.09090909090909091	True
1432	3727	0.9090909090909091	False
1432	2618	0.8181818181818182	False
1432	1411	0.7272727272727273	True
1432	3556	0.6363636363636364	False
1432	2052	0.5454545454545454	True
1432	2589	0.45454545454545453	False
1432	3245	0.36363636363636365	True
1432	70	0.2727272727272727	False
1432	3473	0.18181818181818182	True
1432	2281	0.09090909090909091	True
3502	3727	0.9090909090909091	False
3502	2894	0.8181818181818182	True
3502	379	0.7272727272727273	True
3502	1148	0.6363636363636364	False
3502	70	0.5454545454545454	False
3502	415	0.45454545454545453	True
3502	178	0.36363636363636365	True
3502	3556	0.2727272727272727	False
3502	3341	0.18181818181818182	True
3502	2618	0.09090909090909091	False
2261	3727	0.9090909090909091	False
2261	1148	0.8181818181818182	False
2261	2618	0.7272727272727273	False
2261	1411	0.6363636363636364	True
2261	70	0.5454545454545454	False
2261	3040	0.45454545454545453	True
2261	2589	0.36363636363636365	False
2261	270	0.2727272727272727	True
2261	3556	0.18181818181818182	False
2261	1875	0.09090909090909091	True
4907	1457	0.9090909090909091	True
4907	2618	0.8181818181818182	False
4907	3727	0.7272727272727273	False
4907	926	0.6363636363636364	True
4907	2914	0.5454545454545454	True
4907	379	0.45454545454545453	True
4907	3625	0.36363636363636365	True
4907	1875	0.2727272727272727	True
4907	2281	0.18181818181818182	True
4907	3556	0.09090909090909091	False
855	3727	0.9090909090909091	False
855	70	0.8181818181818182	False
855	1411	0.7272727272727273	True
855	2589	0.6363636363636364	False
855	3473	0.5454545454545454	True
855	1875	0.45454545454545453	True
855	2431	0.36363636363636365	True
855	379	0.2727272727272727	True
855	2341	0.18181818181818182	True
855	76	0.09090909090909091	True
3503	3727	0.9090909090909091	False
3503	70	0.8181818181818182	False
3503	2618	0.7272727272727273	False
3503	2589	0.6363636363636364	False
3503	3473	0.5454545454545454	True
3503	1411	0.45454545454545453	True
3503	1148	0.36363636363636365	False
3503	3556	0.2727272727272727	False
3503	1096	0.18181818181818182	True
3503	3040	0.09090909090909091	True
3223	1457	0.9090909090909091	True
3223	2589	0.8181818181818182	False
3223	3473	0.7272727272727273	True
3223	2894	0.6363636363636364	True
3223	379	0.5454545454545454	True
3223	3040	0.45454545454545453	True
3223	2281	0.36363636363636365	True
3223	3149	0.2727272727272727	True
3223	3727	0.18181818181818182	False
3223	2358	0.09090909090909091	True
1551	3727	0.9090909090909091	False
1551	3040	0.8181818181818182	True
1551	379	0.7272727272727273	True
1551	70	0.6363636363636364	False
1551	2589	0.5454545454545454	False
1551	2894	0.45454545454545453	True
1551	1096	0.36363636363636365	True
1551	1411	0.2727272727272727	True
1551	3556	0.18181818181818182	False
1551	2431	0.09090909090909091	True
3207	3727	0.9090909090909091	False
3207	70	0.8181818181818182	False
3207	379	0.7272727272727273	True
3207	2894	0.6363636363636364	True
3207	1411	0.5454545454545454	True
3207	2618	0.45454545454545453	False
3207	3473	0.36363636363636365	True
3207	3026	0.2727272727272727	True
3207	1096	0.18181818181818182	True
3207	3556	0.09090909090909091	False
717	3727	0.9090909090909091	False
717	2618	0.8181818181818182	False
717	2914	0.7272727272727273	True
717	2894	0.6363636363636364	True
717	3040	0.5454545454545454	True
717	1457	0.45454545454545453	True
717	3556	0.36363636363636365	False
717	1411	0.2727272727272727	True
717	1148	0.18181818181818182	False
717	379	0.09090909090909091	True
2234	2618	0.9090909090909091	False
2234	1148	0.8181818181818182	False
2234	3727	0.7272727272727273	False
2234	3473	0.6363636363636364	True
2234	3625	0.5454545454545454	True
2234	3556	0.45454545454545453	False
2234	1096	0.36363636363636365	True
2234	379	0.2727272727272727	True
2234	1875	0.18181818181818182	True
2234	1199	0.09090909090909091	True
3742	1096	0.9090909090909091	True
3742	1457	0.8181818181818182	True
3742	2618	0.7272727272727273	False
3742	2550	0.6363636363636364	True
3742	1875	0.5454545454545454	True
3742	2914	0.45454545454545453	True
3742	1148	0.36363636363636365	False
3742	3727	0.2727272727272727	False
3742	70	0.18181818181818182	False
3742	76	0.09090909090909091	True
4763	3727	0.9090909090909091	False
4763	2894	0.8181818181818182	True
4763	2281	0.7272727272727273	True
4763	3040	0.6363636363636364	True
4763	379	0.5454545454545454	True
4763	3473	0.45454545454545453	True
4763	3556	0.36363636363636365	False
4763	2358	0.2727272727272727	True
4763	2052	0.18181818181818182	True
4763	798	0.09090909090909091	True
5542	3727	0.9090909090909091	False
5542	2618	0.8181818181818182	False
5542	1148	0.7272727272727273	False
5542	1411	0.6363636363636364	True
5542	70	0.5454545454545454	False
5542	1654	0.45454545454545453	True
5542	3152	0.36363636363636365	True
5542	1875	0.2727272727272727	True
5542	3556	0.18181818181818182	False
5542	2281	0.09090909090909091	True
342	3727	0.9090909090909091	False
342	2894	0.8181818181818182	True
342	2618	0.7272727272727273	False
342	926	0.6363636363636364	True
342	3040	0.5454545454545454	True
342	1148	0.45454545454545453	False
342	3556	0.36363636363636365	False
342	3068	0.2727272727272727	True
342	70	0.18181818181818182	False
342	3152	0.09090909090909091	True
354	1457	0.9090909090909091	True
354	3473	0.8181818181818182	True
354	70	0.7272727272727273	False
354	1096	0.6363636363636364	True
354	2589	0.5454545454545454	False
354	3556	0.45454545454545453	False
354	2550	0.36363636363636365	True
354	3152	0.2727272727272727	True
354	2431	0.18181818181818182	True
354	1148	0.09090909090909091	False
1334	3727	0.9090909090909091	False
1334	2618	0.8181818181818182	False
1334	3625	0.7272727272727273	True
1334	2116	0.6363636363636364	True
1334	1148	0.5454545454545454	False
1334	3742	0.45454545454545453	True
1334	2894	0.36363636363636365	True
1334	3556	0.2727272727272727	False
1334	1411	0.18181818181818182	True
1334	926	0.09090909090909091	True
2159	3152	0.9090909090909091	True
2159	1148	0.8181818181818182	False
2159	1096	0.7272727272727273	True
2159	3556	0.6363636363636364	False
2159	3727	0.5454545454545454	False
2159	3040	0.45454545454545453	True
2159	70	0.36363636363636365	False
2159	2618	0.2727272727272727	False
2159	1457	0.18181818181818182	True
2159	2116	0.09090909090909091	True
4381	3473	0.9090909090909091	True
4381	2589	0.8181818181818182	False
4381	3556	0.7272727272727273	False
4381	3727	0.6363636363636364	False
4381	2894	0.5454545454545454	True
4381	70	0.45454545454545453	False
4381	2281	0.36363636363636365	True
4381	1411	0.2727272727272727	True
4381	2778	0.18181818181818182	True
4381	3245	0.09090909090909091	True
2518	3727	0.9090909090909091	False
2518	70	0.8181818181818182	False
2518	2589	0.7272727272727273	False
2518	1411	0.6363636363636364	True
2518	3040	0.5454545454545454	True
2518	2618	0.45454545454545453	False
2518	1148	0.36363636363636365	False
2518	1096	0.2727272727272727	True
2518	2431	0.18181818181818182	True
2518	3556	0.09090909090909091	False
5007	3727	0.9090909090909091	False
5007	3040	0.8181818181818182	True
5007	70	0.7272727272727273	False
5007	379	0.6363636363636364	True
5007	2431	0.5454545454545454	True
5007	3152	0.45454545454545453	True
5007	1096	0.36363636363636365	True
5007	2894	0.2727272727272727	True
5007	2281	0.18181818181818182	True
5007	3556	0.09090909090909091	False
5201	3727	0.9090909090909091	False
5201	1148	0.8181818181818182	False
5201	1457	0.7272727272727273	True
5201	70	0.6363636363636364	False
5201	3473	0.5454545454545454	True
5201	1875	0.45454545454545453	True
5201	3026	0.36363636363636365	True
5201	2618	0.2727272727272727	False
5201	379	0.18181818181818182	True
5201	2894	0.09090909090909091	True
908	3727	0.9090909090909091	False
908	2618	0.8181818181818182	False
908	3473	0.7272727272727273	True
908	70	0.6363636363636364	False
908	1875	0.5454545454545454	True
908	2914	0.45454545454545453	True
908	1148	0.36363636363636365	False
908	1411	0.2727272727272727	True
908	3149	0.18181818181818182	True
908	926	0.09090909090909091	True
1822	3727	0.9090909090909091	False
1822	2589	0.8181818181818182	False
1822	70	0.7272727272727273	False
1822	2431	0.6363636363636364	True
1822	1875	0.5454545454545454	True
1822	1411	0.45454545454545453	True
1822	3473	0.36363636363636365	True
1822	3152	0.2727272727272727	True
1822	415	0.18181818181818182	True
1822	1437	0.09090909090909091	True
5918	1457	0.9090909090909091	True
5918	2281	0.8181818181818182	True
5918	2914	0.7272727272727273	True
5918	3625	0.6363636363636364	True
5918	1148	0.5454545454545454	False
5918	2618	0.45454545454545453	False
5918	70	0.36363636363636365	False
5918	2589	0.2727272727272727	False
5918	1875	0.18181818181818182	True
5918	2550	0.09090909090909091	True
2299	3727	0.9090909090909091	False
2299	1457	0.8181818181818182	True
2299	3040	0.7272727272727273	True
2299	2281	0.6363636363636364	True
2299	2894	0.5454545454545454	True
2299	1148	0.45454545454545453	False
2299	2618	0.36363636363636365	False
2299	379	0.2727272727272727	True
2299	1875	0.18181818181818182	True
2299	554	0.09090909090909091	True
5079	3727	0.9090909090909091	False
5079	2894	0.8181818181818182	True
5079	3040	0.7272727272727273	True
5079	70	0.6363636363636364	False
5079	2618	0.5454545454545454	False
5079	379	0.45454545454545453	True
5079	1148	0.36363636363636365	False
5079	3556	0.2727272727272727	False
5079	3341	0.18181818181818182	True
5079	3152	0.09090909090909091	True
5356	3727	0.9090909090909091	False
5356	1411	0.8181818181818182	True
5356	2589	0.7272727272727273	False
5356	2618	0.6363636363636364	False
5356	70	0.5454545454545454	False
5356	798	0.45454545454545453	True
5356	2281	0.36363636363636365	True
5356	379	0.2727272727272727	True
5356	3152	0.18181818181818182	True
5356	3556	0.09090909090909091	False
4073	3727	0.9090909090909091	False
4073	2618	0.8181818181818182	False
4073	70	0.7272727272727273	False
4073	2589	0.6363636363636364	False
4073	1148	0.5454545454545454	False
4073	1411	0.45454545454545453	True
4073	1096	0.36363636363636365	True
4073	415	0.2727272727272727	True
4073	2052	0.18181818181818182	True
4073	3341	0.09090909090909091	True
838	1411	0.9090909090909091	True
838	70	0.8181818181818182	False
838	3727	0.7272727272727273	False
838	1096	0.6363636363636364	True
838	2618	0.5454545454545454	False
838	2589	0.45454545454545453	False
838	1148	0.36363636363636365	False
838	3556	0.2727272727272727	False
838	3152	0.18181818181818182	True
838	3245	0.09090909090909091	True
5469	3473	0.9090909090909091	True
5469	3556	0.8181818181818182	False
5469	2589	0.7272727272727273	False
5469	2778	0.6363636363636364	True
5469	70	0.5454545454545454	False
5469	415	0.45454545454545453	True
5469	3625	0.36363636363636365	True
5469	1411	0.2727272727272727	True
5469	379	0.18181818181818182	True
5469	1148	0.09090909090909091	False
3410	3727	0.9090909090909091	False
3410	1148	0.8181818181818182	False
3410	2589	0.7272727272727273	False
3410	2618	0.6363636363636364	False
3410	2894	0.5454545454545454	True
3410	3556	0.45454545454545453	False
3410	415	0.36363636363636365	True
3410	1457	0.2727272727272727	True
3410	2914	0.18181818181818182	True
3410	70	0.09090909090909091	False
1446	3727	0.9090909090909091	False
1446	2618	0.8181818181818182	False
1446	3473	0.7272727272727273	True
1446	2358	0.6363636363636364	True
1446	3341	0.5454545454545454	True
1446	2550	0.45454545454545453	True
1446	3742	0.36363636363636365	True
1446	3026	0.2727272727272727	True
1446	1148	0.18181818181818182	False
1446	2894	0.09090909090909091	True
4786	2589	0.9090909090909091	False
4786	1457	0.8181818181818182	True
4786	3727	0.7272727272727273	False
4786	3040	0.6363636363636364	True
4786	70	0.5454545454545454	False
4786	1148	0.45454545454545453	False
4786	2281	0.36363636363636365	True
4786	2894	0.2727272727272727	True
4786	379	0.18181818181818182	True
4786	3556	0.09090909090909091	False
3042	3556	0.9090909090909091	False
3042	3727	0.8181818181818182	False
3042	1096	0.7272727272727273	True
3042	3152	0.6363636363636364	True
3042	379	0.5454545454545454	True
3042	3040	0.45454545454545453	True
3042	1875	0.36363636363636365	True
3042	70	0.2727272727272727	False
3042	2052	0.18181818181818182	True
3042	1457	0.09090909090909091	True
4086	3727	0.9090909090909091	False
4086	70	0.8181818181818182	False
4086	1148	0.7272727272727273	False
4086	3556	0.6363636363636364	False
4086	3473	0.5454545454545454	True
4086	2589	0.45454545454545453	False
4086	2894	0.36363636363636365	True
4086	3152	0.2727272727272727	True
4086	2052	0.18181818181818182	True
4086	2618	0.09090909090909091	False
3334	3727	0.9090909090909091	False
3334	3473	0.8181818181818182	True
3334	70	0.7272727272727273	False
3334	2894	0.6363636363636364	True
3334	2589	0.5454545454545454	False
3334	3026	0.45454545454545453	True
3334	379	0.36363636363636365	True
3334	2618	0.2727272727272727	False
3334	2431	0.18181818181818182	True
3334	1457	0.09090909090909091	True
1854	3727	0.9090909090909091	False
1854	1411	0.8181818181818182	True
1854	2618	0.7272727272727273	False
1854	3473	0.6363636363636364	True
1854	1148	0.5454545454545454	False
1854	2589	0.45454545454545453	False
1854	70	0.36363636363636365	False
1854	415	0.2727272727272727	True
1854	926	0.18181818181818182	True
1854	2431	0.09090909090909091	True
2091	1148	0.9090909090909091	False
2091	2550	0.8181818181818182	True
2091	1457	0.7272727272727273	True
2091	3473	0.6363636363636364	True
2091	3556	0.5454545454545454	False
2091	2894	0.45454545454545453	True
2091	3727	0.36363636363636365	False
2091	1875	0.2727272727272727	True
2091	3625	0.18181818181818182	True
2091	2914	0.09090909090909091	True
2084	1148	0.9090909090909091	False
2084	2618	0.8181818181818182	False
2084	3556	0.7272727272727273	False
2084	270	0.6363636363636364	True
2084	2281	0.5454545454545454	True
2084	160	0.45454545454545453	True
2084	3152	0.36363636363636365	True
2084	3473	0.2727272727272727	True
2084	2589	0.18181818181818182	False
2084	798	0.09090909090909091	True
1338	3727	0.9090909090909091	False
1338	70	0.8181818181818182	False
1338	2618	0.7272727272727273	False
1338	1148	0.6363636363636364	False
1338	3341	0.5454545454545454	True
1338	3196	0.45454545454545453	True
1338	3026	0.36363636363636365	True
1338	3020	0.2727272727272727	True
1338	1875	0.18181818181818182	True
1338	3152	0.09090909090909091	True
4887	3727	0.9090909090909091	False
4887	3556	0.8181818181818182	False
4887	2618	0.7272727272727273	False
4887	3473	0.6363636363636364	True
4887	2589	0.5454545454545454	False
4887	2052	0.45454545454545453	True
4887	2281	0.36363636363636365	True
4887	3026	0.2727272727272727	True
4887	3245	0.18181818181818182	True
4887	1411	0.09090909090909091	True
2388	3727	0.9090909090909091	False
2388	926	0.8181818181818182	True
2388	2618	0.7272727272727273	False
2388	3556	0.6363636363636364	False
2388	1148	0.5454545454545454	False
2388	3473	0.45454545454545453	True
2388	2589	0.36363636363636365	False
2388	2894	0.2727272727272727	True
2388	2116	0.18181818181818182	True
2388	1875	0.09090909090909091	True
