3846	3167	0.9090909090909091	True
3846	2692	0.8181818181818182	False
3846	3067	0.7272727272727273	False
3846	3008	0.6363636363636364	True
3846	2527	0.5454545454545454	True
3846	3093	0.45454545454545453	True
3846	2741	0.36363636363636365	True
3846	371	0.2727272727272727	False
3846	2357	0.18181818181818182	True
3846	1066	0.09090909090909091	True
3377	2692	0.9090909090909091	False
3377	2352	0.8181818181818182	True
3377	3167	0.7272727272727273	True
3377	1217	0.6363636363636364	True
3377	1351	0.5454545454545454	True
3377	2057	0.45454545454545453	True
3377	3008	0.36363636363636365	True
3377	484	0.2727272727272727	False
3377	3067	0.18181818181818182	False
3377	3950	0.09090909090909091	True
1422	1351	0.9090909090909091	True
1422	371	0.8181818181818182	False
1422	2692	0.7272727272727273	False
1422	1931	0.6363636363636364	False
1422	2741	0.5454545454545454	True
1422	3093	0.45454545454545453	True
1422	449	0.36363636363636365	True
1422	3067	0.2727272727272727	False
1422	910	0.18181818181818182	True
1422	2527	0.09090909090909091	True
4801	3067	0.9090909090909091	False
4801	1931	0.8181818181818182	False
4801	449	0.7272727272727273	True
4801	3093	0.6363636363636364	True
4801	2527	0.5454545454545454	True
4801	2506	0.45454545454545453	True
4801	2692	0.36363636363636365	False
4801	2741	0.2727272727272727	True
4801	3741	0.18181818181818182	True
4801	3950	0.09090909090909091	True
498	3067	0.9090909090909091	False
498	2692	0.8181818181818182	False
498	2741	0.7272727272727273	True
498	371	0.6363636363636364	False
498	2527	0.5454545454545454	True
498	1931	0.45454545454545453	False
498	484	0.36363636363636365	False
498	3950	0.2727272727272727	True
498	2506	0.18181818181818182	True
498	3167	0.09090909090909091	True
2165	3067	0.9090909090909091	False
2165	1931	0.8181818181818182	False
2165	449	0.7272727272727273	True
2165	371	0.6363636363636364	False
2165	484	0.5454545454545454	False
2165	2692	0.45454545454545453	False
2165	2741	0.36363636363636365	True
2165	3008	0.2727272727272727	True
2165	3592	0.18181818181818182	True
2165	3093	0.09090909090909091	True
1836	3008	0.9090909090909091	True
1836	1931	0.8181818181818182	False
1836	2692	0.7272727272727273	False
1836	2741	0.6363636363636364	True
1836	3950	0.5454545454545454	True
1836	371	0.45454545454545453	False
1836	1066	0.36363636363636365	True
1836	2527	0.2727272727272727	True
1836	2357	0.18181818181818182	True
1836	2352	0.09090909090909091	True
3345	2741	0.9090909090909091	True
3345	3067	0.8181818181818182	False
3345	2692	0.7272727272727273	False
3345	371	0.6363636363636364	False
3345	3008	0.5454545454545454	True
3345	2357	0.45454545454545453	True
3345	1931	0.36363636363636365	False
3345	3093	0.2727272727272727	True
3345	3950	0.18181818181818182	True
3345	484	0.09090909090909091	False
4862	1931	0.9090909090909091	False
4862	2692	0.8181818181818182	False
4862	371	0.7272727272727273	False
4862	3067	0.6363636363636364	False
4862	484	0.5454545454545454	False
4862	449	0.45454545454545453	True
4862	3093	0.36363636363636365	True
4862	1043	0.2727272727272727	True
4862	1066	0.18181818181818182	True
4862	3950	0.09090909090909091	True
5108	2692	0.9090909090909091	False
5108	2506	0.8181818181818182	True
5108	1931	0.7272727272727273	False
5108	371	0.6363636363636364	False
5108	2741	0.5454545454545454	True
5108	3067	0.45454545454545453	False
5108	3167	0.36363636363636365	True
5108	2527	0.2727272727272727	True
5108	3093	0.18181818181818182	True
5108	3008	0.09090909090909091	True
5977	2692	0.9090909090909091	False
5977	3950	0.8181818181818182	True
5977	2741	0.7272727272727273	True
5977	2352	0.6363636363636364	True
5977	484	0.5454545454545454	False
5977	1351	0.45454545454545453	True
5977	1931	0.36363636363636365	False
5977	2527	0.2727272727272727	True
5977	2357	0.18181818181818182	True
5977	371	0.09090909090909091	False
5018	484	0.9090909090909091	False
5018	3371	0.8181818181818182	True
5018	371	0.7272727272727273	False
5018	2692	0.6363636363636364	False
5018	1931	0.5454545454545454	False
5018	2352	0.45454545454545453	True
5018	2741	0.36363636363636365	True
5018	1760	0.2727272727272727	True
5018	3093	0.18181818181818182	True
5018	3067	0.09090909090909091	False
4884	3067	0.9090909090909091	False
4884	2692	0.8181818181818182	False
4884	449	0.7272727272727273	True
4884	1931	0.6363636363636364	False
4884	484	0.5454545454545454	False
4884	3592	0.45454545454545453	True
4884	3741	0.36363636363636365	True
4884	3008	0.2727272727272727	True
4884	368	0.18181818181818182	True
4884	2527	0.09090909090909091	True
1829	3950	0.9090909090909091	True
1829	2692	0.8181818181818182	False
1829	371	0.7272727272727273	False
1829	3093	0.6363636363636364	True
1829	3008	0.5454545454545454	True
1829	1351	0.45454545454545453	True
1829	3067	0.36363636363636365	False
1829	484	0.2727272727272727	False
1829	2741	0.18181818181818182	True
1829	1931	0.09090909090909091	False
3496	2692	0.9090909090909091	False
3496	2741	0.8181818181818182	True
3496	1931	0.7272727272727273	False
3496	484	0.6363636363636364	False
3496	3067	0.5454545454545454	False
3496	3950	0.45454545454545453	True
3496	2527	0.36363636363636365	True
3496	3008	0.2727272727272727	True
3496	449	0.18181818181818182	True
3496	2506	0.09090909090909091	True
1201	2527	0.9090909090909091	True
1201	371	0.8181818181818182	False
1201	2357	0.7272727272727273	True
1201	2692	0.6363636363636364	False
1201	3950	0.5454545454545454	True
1201	3067	0.45454545454545453	False
1201	3008	0.36363636363636365	True
1201	2352	0.2727272727272727	True
1201	2741	0.18181818181818182	True
1201	3741	0.09090909090909091	True
4327	2527	0.9090909090909091	True
4327	3067	0.8181818181818182	False
4327	484	0.7272727272727273	False
4327	1931	0.6363636363636364	False
4327	3008	0.5454545454545454	True
4327	2741	0.45454545454545453	True
4327	1066	0.36363636363636365	True
4327	371	0.2727272727272727	False
4327	2692	0.18181818181818182	False
4327	3741	0.09090909090909091	True
911	3067	0.9090909090909091	False
911	371	0.8181818181818182	False
911	3008	0.7272727272727273	True
911	2741	0.6363636363636364	True
911	1931	0.5454545454545454	False
911	2692	0.45454545454545453	False
911	3950	0.36363636363636365	True
911	3741	0.2727272727272727	True
911	3093	0.18181818181818182	True
911	449	0.09090909090909091	True
6020	371	0.9090909090909091	False
6020	1931	0.8181818181818182	False
6020	484	0.7272727272727273	False
6020	3067	0.6363636363636364	False
6020	2692	0.5454545454545454	False
6020	1351	0.45454545454545453	True
6020	3950	0.36363636363636365	True
6020	2527	0.2727272727272727	True
6020	3093	0.18181818181818182	True
6020	3371	0.09090909090909091	True
221	371	0.9090909090909091	False
221	3067	0.8181818181818182	False
221	484	0.7272727272727273	False
221	1931	0.6363636363636364	False
221	3167	0.5454545454545454	True
221	3008	0.45454545454545453	True
221	2506	0.36363636363636365	True
221	2692	0.2727272727272727	False
221	3741	0.18181818181818182	True
221	2741	0.09090909090909091	True
4785	449	0.9090909090909091	True
4785	3067	0.8181818181818182	False
4785	1931	0.7272727272727273	False
4785	3093	0.6363636363636364	True
4785	2692	0.5454545454545454	False
4785	371	0.45454545454545453	False
4785	3167	0.36363636363636365	True
4785	3950	0.2727272727272727	True
4785	2521	0.18181818181818182	True
4785	2506	0.09090909090909091	True
2561	1931	0.9090909090909091	False
2561	484	0.8181818181818182	False
2561	3067	0.7272727272727273	False
2561	2692	0.6363636363636364	False
2561	2741	0.5454545454545454	True
2561	3008	0.45454545454545453	True
2561	3093	0.36363636363636365	True
2561	2506	0.2727272727272727	True
2561	1043	0.18181818181818182	True
2561	371	0.09090909090909091	False
1399	1931	0.9090909090909091	False
1399	484	0.8181818181818182	False
1399	2692	0.7272727272727273	False
1399	1066	0.6363636363636364	True
1399	449	0.5454545454545454	True
1399	3067	0.45454545454545453	False
1399	3371	0.36363636363636365	True
1399	371	0.2727272727272727	False
1399	3008	0.18181818181818182	True
1399	3167	0.09090909090909091	True
17	1931	0.9090909090909091	False
17	3067	0.8181818181818182	False
17	2692	0.7272727272727273	False
17	3008	0.6363636363636364	True
17	371	0.5454545454545454	False
17	1043	0.45454545454545453	True
17	1066	0.36363636363636365	True
17	3093	0.2727272727272727	True
17	484	0.18181818181818182	False
17	3167	0.09090909090909091	True
874	371	0.9090909090909091	False
874	2692	0.8181818181818182	False
874	3067	0.7272727272727273	False
874	2741	0.6363636363636364	True
874	3008	0.5454545454545454	True
874	2527	0.45454545454545453	True
874	1931	0.36363636363636365	False
874	3950	0.2727272727272727	True
874	1760	0.18181818181818182	True
874	2352	0.09090909090909091	True
2768	2692	0.9090909090909091	False
2768	1931	0.8181818181818182	False
2768	449	0.7272727272727273	True
2768	484	0.6363636363636364	False
2768	2741	0.5454545454545454	True
2768	3067	0.45454545454545453	False
2768	2417	0.36363636363636365	True
2768	3950	0.2727272727272727	True
2768	3741	0.18181818181818182	True
2768	1066	0.09090909090909091	True
5150	2692	0.9090909090909091	False
5150	3008	0.8181818181818182	True
5150	1931	0.7272727272727273	False
5150	1066	0.6363636363636364	True
5150	484	0.5454545454545454	False
5150	2527	0.45454545454545453	True
5150	3067	0.36363636363636365	False
5150	2352	0.2727272727272727	True
5150	2741	0.18181818181818182	True
5150	1217	0.09090909090909091	True
2789	484	0.9090909090909091	False
2789	1931	0.8181818181818182	False
2789	449	0.7272727272727273	True
2789	2692	0.6363636363636364	False
2789	3741	0.5454545454545454	True
2789	2506	0.45454545454545453	True
2789	3067	0.36363636363636365	False
2789	3093	0.2727272727272727	True
2789	3371	0.18181818181818182	True
2789	2741	0.09090909090909091	True
5408	1351	0.9090909090909091	True
5408	3067	0.8181818181818182	False
5408	449	0.7272727272727273	True
5408	2692	0.6363636363636364	False
5408	3592	0.5454545454545454	True
5408	371	0.45454545454545453	False
5408	1931	0.36363636363636365	False
5408	3950	0.2727272727272727	True
5408	2741	0.18181818181818182	True
5408	95	0.09090909090909091	True
106	1931	0.9090909090909091	False
106	2692	0.8181818181818182	False
106	371	0.7272727272727273	False
106	2741	0.6363636363636364	True
106	3950	0.5454545454545454	True
106	2527	0.45454545454545453	True
106	3093	0.36363636363636365	True
106	3741	0.2727272727272727	True
106	3067	0.18181818181818182	False
106	3008	0.09090909090909091	True
718	2741	0.9090909090909091	True
718	2692	0.8181818181818182	False
718	3950	0.7272727272727273	True
718	2527	0.6363636363636364	True
718	3741	0.5454545454545454	True
718	3093	0.45454545454545453	True
718	371	0.36363636363636365	False
718	3008	0.2727272727272727	True
718	3067	0.18181818181818182	False
718	1351	0.09090909090909091	True
1713	1931	0.9090909090909091	False
1713	484	0.8181818181818182	False
1713	371	0.7272727272727273	False
1713	3008	0.6363636363636364	True
1713	2506	0.5454545454545454	True
1713	3067	0.45454545454545453	False
1713	2692	0.36363636363636365	False
1713	3167	0.2727272727272727	True
1713	3093	0.18181818181818182	True
1713	3741	0.09090909090909091	True
1433	3067	0.9090909090909091	False
1433	3167	0.8181818181818182	True
1433	3008	0.7272727272727273	True
1433	371	0.6363636363636364	False
1433	2692	0.5454545454545454	False
1433	1931	0.45454545454545453	False
1433	3950	0.36363636363636365	True
1433	2527	0.2727272727272727	True
1433	484	0.18181818181818182	False
1433	3093	0.09090909090909091	True
2000	484	0.9090909090909091	False
2000	2692	0.8181818181818182	False
2000	1931	0.7272727272727273	False
2000	2506	0.6363636363636364	True
2000	371	0.5454545454545454	False
2000	3167	0.45454545454545453	True
2000	1760	0.36363636363636365	True
2000	3067	0.2727272727272727	False
2000	2741	0.18181818181818182	True
2000	3093	0.09090909090909091	True
1751	2692	0.9090909090909091	False
1751	3950	0.8181818181818182	True
1751	1931	0.7272727272727273	False
1751	3067	0.6363636363636364	False
1751	2352	0.5454545454545454	True
1751	371	0.45454545454545453	False
1751	2357	0.36363636363636365	True
1751	3008	0.2727272727272727	True
1751	2527	0.18181818181818182	True
1751	1066	0.09090909090909091	True
2504	3067	0.9090909090909091	False
2504	2692	0.8181818181818182	False
2504	3167	0.7272727272727273	True
2504	3008	0.6363636363636364	True
2504	2506	0.5454545454545454	True
2504	371	0.45454545454545453	False
2504	1931	0.36363636363636365	False
2504	2741	0.2727272727272727	True
2504	484	0.18181818181818182	False
2504	1760	0.09090909090909091	True
1315	2506	0.9090909090909091	True
1315	371	0.8181818181818182	False
1315	3167	0.7272727272727273	True
1315	3093	0.6363636363636364	True
1315	449	0.5454545454545454	True
1315	3008	0.45454545454545453	True
1315	2692	0.36363636363636365	False
1315	3067	0.2727272727272727	False
1315	1931	0.18181818181818182	False
1315	484	0.09090909090909091	False
3201	484	0.9090909090909091	False
3201	1931	0.8181818181818182	False
3201	2692	0.7272727272727273	False
3201	2741	0.6363636363636364	True
3201	371	0.5454545454545454	False
3201	449	0.45454545454545453	True
3201	3067	0.36363636363636365	False
3201	3371	0.2727272727272727	True
3201	3741	0.18181818181818182	True
3201	1066	0.09090909090909091	True
4519	371	0.9090909090909091	False
4519	3067	0.8181818181818182	False
4519	1931	0.7272727272727273	False
4519	3950	0.6363636363636364	True
4519	3167	0.5454545454545454	True
4519	2692	0.45454545454545453	False
4519	3008	0.36363636363636365	True
4519	484	0.2727272727272727	False
4519	2506	0.18181818181818182	True
4519	1043	0.09090909090909091	True
5090	2741	0.9090909090909091	True
5090	3067	0.8181818181818182	False
5090	3950	0.7272727272727273	True
5090	3802	0.6363636363636364	True
5090	2692	0.5454545454545454	False
5090	449	0.45454545454545453	True
5090	1931	0.36363636363636365	False
5090	2527	0.2727272727272727	True
5090	1217	0.18181818181818182	True
5090	2357	0.09090909090909091	True
5593	3067	0.9090909090909091	False
5593	371	0.8181818181818182	False
5593	3167	0.7272727272727273	True
5593	2692	0.6363636363636364	False
5593	1931	0.5454545454545454	False
5593	484	0.45454545454545453	False
5593	2527	0.36363636363636365	True
5593	3008	0.2727272727272727	True
5593	2352	0.18181818181818182	True
5593	449	0.09090909090909091	True
3236	449	0.9090909090909091	True
3236	371	0.8181818181818182	False
3236	2692	0.7272727272727273	False
3236	3067	0.6363636363636364	False
3236	3093	0.5454545454545454	True
3236	1931	0.45454545454545453	False
3236	484	0.36363636363636365	False
3236	2741	0.2727272727272727	True
3236	3014	0.18181818181818182	True
3236	3371	0.09090909090909091	True
4421	2741	0.9090909090909091	True
4421	2692	0.8181818181818182	False
4421	2506	0.7272727272727273	True
4421	1931	0.6363636363636364	False
4421	1760	0.5454545454545454	True
4421	3950	0.45454545454545453	True
4421	484	0.36363636363636365	False
4421	449	0.2727272727272727	True
4421	3067	0.18181818181818182	False
4421	371	0.09090909090909091	False
753	1931	0.9090909090909091	False
753	484	0.8181818181818182	False
753	3950	0.7272727272727273	True
753	2741	0.6363636363636364	True
753	2506	0.5454545454545454	True
753	2692	0.45454545454545453	False
753	3067	0.36363636363636365	False
753	3093	0.2727272727272727	True
753	3371	0.18181818181818182	True
753	2527	0.09090909090909091	True
3223	449	0.9090909090909091	True
3223	2692	0.8181818181818182	False
3223	1931	0.7272727272727273	False
3223	3950	0.6363636363636364	True
3223	3067	0.5454545454545454	False
3223	3741	0.45454545454545453	True
3223	3008	0.36363636363636365	True
3223	484	0.2727272727272727	False
3223	1550	0.18181818181818182	True
3223	1066	0.09090909090909091	True
3438	2527	0.9090909090909091	True
3438	449	0.8181818181818182	True
3438	3067	0.7272727272727273	False
3438	3167	0.6363636363636364	True
3438	2692	0.5454545454545454	False
3438	3008	0.45454545454545453	True
3438	1931	0.36363636363636365	False
3438	1066	0.2727272727272727	True
3438	3741	0.18181818181818182	True
3438	371	0.09090909090909091	False
3697	3067	0.9090909090909091	False
3697	2692	0.8181818181818182	False
3697	449	0.7272727272727273	True
3697	1931	0.6363636363636364	False
3697	484	0.5454545454545454	False
3697	3741	0.45454545454545453	True
3697	3950	0.36363636363636365	True
3697	3093	0.2727272727272727	True
3697	371	0.18181818181818182	False
3697	1351	0.09090909090909091	True
4898	2741	0.9090909090909091	True
4898	3950	0.8181818181818182	True
4898	484	0.7272727272727273	False
4898	2692	0.6363636363636364	False
4898	3067	0.5454545454545454	False
4898	371	0.45454545454545453	False
4898	1931	0.36363636363636365	False
4898	2357	0.2727272727272727	True
4898	3741	0.18181818181818182	True
4898	2527	0.09090909090909091	True
3767	2527	0.9090909090909091	True
3767	2741	0.8181818181818182	True
3767	371	0.7272727272727273	False
3767	1931	0.6363636363636364	False
3767	2692	0.5454545454545454	False
3767	3067	0.45454545454545453	False
3767	3008	0.36363636363636365	True
3767	3950	0.2727272727272727	True
3767	3741	0.18181818181818182	True
3767	449	0.09090909090909091	True
4514	1931	0.9090909090909091	False
4514	484	0.8181818181818182	False
4514	2692	0.7272727272727273	False
4514	3950	0.6363636363636364	True
4514	449	0.5454545454545454	True
4514	3008	0.45454545454545453	True
4514	2057	0.36363636363636365	True
4514	3067	0.2727272727272727	False
4514	2741	0.18181818181818182	True
4514	3371	0.09090909090909091	True
2782	2692	0.9090909090909091	False
2782	3067	0.8181818181818182	False
2782	371	0.7272727272727273	False
2782	3093	0.6363636363636364	True
2782	3167	0.5454545454545454	True
2782	1066	0.45454545454545453	True
2782	2741	0.36363636363636365	True
2782	2357	0.2727272727272727	True
2782	1931	0.18181818181818182	False
2782	484	0.09090909090909091	False
1571	2692	0.9090909090909091	False
1571	2741	0.8181818181818182	True
1571	3067	0.7272727272727273	False
1571	2527	0.6363636363636364	True
1571	449	0.5454545454545454	True
1571	3950	0.45454545454545453	True
1571	1931	0.36363636363636365	False
1571	1760	0.2727272727272727	True
1571	3008	0.18181818181818182	True
1571	2357	0.09090909090909091	True
4969	371	0.9090909090909091	False
4969	3167	0.8181818181818182	True
4969	3067	0.7272727272727273	False
4969	3008	0.6363636363636364	True
4969	1931	0.5454545454545454	False
4969	2692	0.45454545454545453	False
4969	449	0.36363636363636365	True
4969	1066	0.2727272727272727	True
4969	2527	0.18181818181818182	True
4969	3093	0.09090909090909091	True
4014	3067	0.9090909090909091	False
4014	449	0.8181818181818182	True
4014	2692	0.7272727272727273	False
4014	1931	0.6363636363636364	False
4014	371	0.5454545454545454	False
4014	3093	0.45454545454545453	True
4014	2521	0.36363636363636365	True
4014	484	0.2727272727272727	False
4014	2527	0.18181818181818182	True
4014	3950	0.09090909090909091	True
214	2692	0.9090909090909091	False
214	484	0.8181818181818182	False
214	2506	0.7272727272727273	True
214	3067	0.6363636363636364	False
214	1931	0.5454545454545454	False
214	2741	0.45454545454545453	True
214	3950	0.36363636363636365	True
214	3093	0.2727272727272727	True
214	3167	0.18181818181818182	True
214	3008	0.09090909090909091	True
2247	2692	0.9090909090909091	False
2247	1931	0.8181818181818182	False
2247	3067	0.7272727272727273	False
2247	3950	0.6363636363636364	True
2247	484	0.5454545454545454	False
2247	449	0.45454545454545453	True
2247	3093	0.36363636363636365	True
2247	371	0.2727272727272727	False
2247	2741	0.18181818181818182	True
2247	2527	0.09090909090909091	True
103	2692	0.9090909090909091	False
103	3067	0.8181818181818182	False
103	484	0.7272727272727273	False
103	1066	0.6363636363636364	True
103	2506	0.5454545454545454	True
103	1931	0.45454545454545453	False
103	2741	0.36363636363636365	True
103	449	0.2727272727272727	True
103	3950	0.18181818181818182	True
103	2521	0.09090909090909091	True
5586	371	0.9090909090909091	False
5586	1931	0.8181818181818182	False
5586	2741	0.7272727272727273	True
5586	3093	0.6363636363636364	True
5586	449	0.5454545454545454	True
5586	3067	0.45454545454545453	False
5586	484	0.36363636363636365	False
5586	3008	0.2727272727272727	True
5586	3741	0.18181818181818182	True
5586	2527	0.09090909090909091	True
3270	2692	0.9090909090909091	False
3270	2741	0.8181818181818182	True
3270	484	0.7272727272727273	False
3270	1931	0.6363636363636364	False
3270	3067	0.5454545454545454	False
3270	3950	0.45454545454545453	True
3270	2357	0.36363636363636365	True
3270	2527	0.2727272727272727	True
3270	1066	0.18181818181818182	True
3270	2352	0.09090909090909091	True
5307	2692	0.9090909090909091	False
5307	3067	0.8181818181818182	False
5307	484	0.7272727272727273	False
5307	2506	0.6363636363636364	True
5307	3093	0.5454545454545454	True
5307	449	0.45454545454545453	True
5307	371	0.36363636363636365	False
5307	1760	0.2727272727272727	True
5307	1096	0.18181818181818182	True
5307	3950	0.09090909090909091	True
23	2692	0.9090909090909091	False
23	3067	0.8181818181818182	False
23	484	0.7272727272727273	False
23	449	0.6363636363636364	True
23	1931	0.5454545454545454	False
23	2506	0.45454545454545453	True
23	1066	0.36363636363636365	True
23	2741	0.2727272727272727	True
23	3008	0.18181818181818182	True
23	3093	0.09090909090909091	True
1774	371	0.9090909090909091	False
1774	2527	0.8181818181818182	True
1774	1931	0.7272727272727273	False
1774	3067	0.6363636363636364	False
1774	2741	0.5454545454545454	True
1774	449	0.45454545454545453	True
1774	3093	0.36363636363636365	True
1774	2692	0.2727272727272727	False
1774	1760	0.18181818181818182	True
1774	3741	0.09090909090909091	True
1250	3067	0.9090909090909091	False
1250	2692	0.8181818181818182	False
1250	371	0.7272727272727273	False
1250	3167	0.6363636363636364	True
1250	1931	0.5454545454545454	False
1250	484	0.45454545454545453	False
1250	2527	0.36363636363636365	True
1250	3093	0.2727272727272727	True
1250	2506	0.18181818181818182	True
1250	1760	0.09090909090909091	True
735	2692	0.9090909090909091	False
735	3167	0.8181818181818182	True
735	3008	0.7272727272727273	True
735	3067	0.6363636363636364	False
735	1066	0.5454545454545454	True
735	371	0.45454545454545453	False
735	2506	0.36363636363636365	True
735	2527	0.2727272727272727	True
735	3741	0.18181818181818182	True
735	892	0.09090909090909091	True
535	371	0.9090909090909091	False
535	3067	0.8181818181818182	False
535	1931	0.7272727272727273	False
535	2527	0.6363636363636364	True
535	449	0.5454545454545454	True
535	2692	0.45454545454545453	False
535	3093	0.36363636363636365	True
535	2741	0.2727272727272727	True
535	3008	0.18181818181818182	True
535	2357	0.09090909090909091	True
951	3167	0.9090909090909091	True
951	2692	0.8181818181818182	False
951	484	0.7272727272727273	False
951	3067	0.6363636363636364	False
951	371	0.5454545454545454	False
951	2506	0.45454545454545453	True
951	1931	0.36363636363636365	False
951	1066	0.2727272727272727	True
951	3008	0.18181818181818182	True
951	2527	0.09090909090909091	True
4441	3067	0.9090909090909091	False
4441	2692	0.8181818181818182	False
4441	371	0.7272727272727273	False
4441	2741	0.6363636363636364	True
4441	2357	0.5454545454545454	True
4441	2527	0.45454545454545453	True
4441	3093	0.36363636363636365	True
4441	1879	0.2727272727272727	True
4441	3592	0.18181818181818182	True
4441	1351	0.09090909090909091	True
2246	3067	0.9090909090909091	False
2246	449	0.8181818181818182	True
2246	2527	0.7272727272727273	True
2246	3093	0.6363636363636364	True
2246	2692	0.5454545454545454	False
2246	3741	0.45454545454545453	True
2246	1931	0.36363636363636365	False
2246	371	0.2727272727272727	False
2246	2521	0.18181818181818182	True
2246	484	0.09090909090909091	False
1197	3950	0.9090909090909091	True
1197	1931	0.8181818181818182	False
1197	3067	0.7272727272727273	False
1197	2506	0.6363636363636364	True
1197	3008	0.5454545454545454	True
1197	2692	0.45454545454545453	False
1197	484	0.36363636363636365	False
1197	3093	0.2727272727272727	True
1197	371	0.18181818181818182	False
1197	3741	0.09090909090909091	True
617	484	0.9090909090909091	False
617	1931	0.8181818181818182	False
617	2692	0.7272727272727273	False
617	3371	0.6363636363636364	True
617	3067	0.5454545454545454	False
617	1066	0.45454545454545453	True
617	2741	0.36363636363636365	True
617	3093	0.2727272727272727	True
617	449	0.18181818181818182	True
617	371	0.09090909090909091	False
1853	3067	0.9090909090909091	False
1853	2741	0.8181818181818182	True
1853	371	0.7272727272727273	False
1853	2692	0.6363636363636364	False
1853	2527	0.5454545454545454	True
1853	3008	0.45454545454545453	True
1853	892	0.36363636363636365	True
1853	1931	0.2727272727272727	False
1853	1217	0.18181818181818182	True
1853	449	0.09090909090909091	True
1496	3950	0.9090909090909091	True
1496	371	0.8181818181818182	False
1496	3008	0.7272727272727273	True
1496	3167	0.6363636363636364	True
1496	2692	0.5454545454545454	False
1496	3067	0.45454545454545453	False
1496	2506	0.36363636363636365	True
1496	3093	0.2727272727272727	True
1496	1931	0.18181818181818182	False
1496	2741	0.09090909090909091	True
5353	2692	0.9090909090909091	False
5353	2352	0.8181818181818182	True
5353	3008	0.7272727272727273	True
5353	371	0.6363636363636364	False
5353	2527	0.5454545454545454	True
5353	3067	0.45454545454545453	False
5353	2741	0.36363636363636365	True
5353	484	0.2727272727272727	False
5353	2357	0.18181818181818182	True
5353	3371	0.09090909090909091	True
2290	3067	0.9090909090909091	False
2290	2692	0.8181818181818182	False
2290	371	0.7272727272727273	False
2290	2506	0.6363636363636364	True
2290	1931	0.5454545454545454	False
2290	2527	0.45454545454545453	True
2290	3008	0.36363636363636365	True
2290	3741	0.2727272727272727	True
2290	3167	0.18181818181818182	True
2290	484	0.09090909090909091	False
3183	2527	0.9090909090909091	True
3183	371	0.8181818181818182	False
3183	3067	0.7272727272727273	False
3183	1931	0.6363636363636364	False
3183	3167	0.5454545454545454	True
3183	2692	0.45454545454545453	False
3183	449	0.36363636363636365	True
3183	3008	0.2727272727272727	True
3183	2741	0.18181818181818182	True
3183	2521	0.09090909090909091	True
2390	371	0.9090909090909091	False
2390	1931	0.8181818181818182	False
2390	3067	0.7272727272727273	False
2390	449	0.6363636363636364	True
2390	3093	0.5454545454545454	True
2390	2692	0.45454545454545453	False
2390	2741	0.36363636363636365	True
2390	3592	0.2727272727272727	True
2390	1550	0.18181818181818182	True
2390	3741	0.09090909090909091	True
401	3067	0.9090909090909091	False
401	2692	0.8181818181818182	False
401	2357	0.7272727272727273	True
401	518	0.6363636363636364	True
401	2741	0.5454545454545454	True
401	2527	0.45454545454545453	True
401	2352	0.36363636363636365	True
401	1351	0.2727272727272727	True
401	371	0.18181818181818182	False
401	484	0.09090909090909091	False
4872	484	0.9090909090909091	False
4872	1931	0.8181818181818182	False
4872	3067	0.7272727272727273	False
4872	449	0.6363636363636364	True
4872	371	0.5454545454545454	False
4872	2741	0.45454545454545453	True
4872	2506	0.36363636363636365	True
4872	2692	0.2727272727272727	False
4872	3093	0.18181818181818182	True
4872	1066	0.09090909090909091	True
1248	371	0.9090909090909091	False
1248	3008	0.8181818181818182	True
1248	3067	0.7272727272727273	False
1248	2527	0.6363636363636364	True
1248	2741	0.5454545454545454	True
1248	1931	0.45454545454545453	False
1248	3741	0.36363636363636365	True
1248	2692	0.2727272727272727	False
1248	1217	0.18181818181818182	True
1248	484	0.09090909090909091	False
1549	3067	0.9090909090909091	False
1549	1931	0.8181818181818182	False
1549	2692	0.7272727272727273	False
1549	484	0.6363636363636364	False
1549	3008	0.5454545454545454	True
1549	3167	0.45454545454545453	True
1549	1066	0.36363636363636365	True
1549	2506	0.2727272727272727	True
1549	2741	0.18181818181818182	True
1549	3950	0.09090909090909091	True
4683	371	0.9090909090909091	False
4683	3067	0.8181818181818182	False
4683	2527	0.7272727272727273	True
4683	1931	0.6363636363636364	False
4683	2692	0.5454545454545454	False
4683	3008	0.45454545454545453	True
4683	3592	0.36363636363636365	True
4683	3093	0.2727272727272727	True
4683	3167	0.18181818181818182	True
4683	2741	0.09090909090909091	True
3026	449	0.9090909090909091	True
3026	3067	0.8181818181818182	False
3026	3950	0.7272727272727273	True
3026	2692	0.6363636363636364	False
3026	484	0.5454545454545454	False
3026	3093	0.45454545454545453	True
3026	2741	0.36363636363636365	True
3026	1931	0.2727272727272727	False
3026	3741	0.18181818181818182	True
3026	2357	0.09090909090909091	True
1423	3167	0.9090909090909091	True
1423	1931	0.8181818181818182	False
1423	2692	0.7272727272727273	False
1423	2506	0.6363636363636364	True
1423	484	0.5454545454545454	False
1423	3067	0.45454545454545453	False
1423	371	0.36363636363636365	False
1423	1066	0.2727272727272727	True
1423	1760	0.18181818181818182	True
1423	3093	0.09090909090909091	True
1897	3067	0.9090909090909091	False
1897	2692	0.8181818181818182	False
1897	1931	0.7272727272727273	False
1897	2506	0.6363636363636364	True
1897	449	0.5454545454545454	True
1897	371	0.45454545454545453	False
1897	484	0.36363636363636365	False
1897	3950	0.2727272727272727	True
1897	1760	0.18181818181818182	True
1897	3093	0.09090909090909091	True
5401	3067	0.9090909090909091	False
5401	449	0.8181818181818182	True
5401	1931	0.7272727272727273	False
5401	371	0.6363636363636364	False
5401	2692	0.5454545454545454	False
5401	2527	0.45454545454545453	True
5401	3008	0.36363636363636365	True
5401	484	0.2727272727272727	False
5401	2521	0.18181818181818182	True
5401	3741	0.09090909090909091	True
426	3008	0.9090909090909091	True
426	2741	0.8181818181818182	True
426	3093	0.7272727272727273	True
426	3950	0.6363636363636364	True
426	2692	0.5454545454545454	False
426	3741	0.45454545454545453	True
426	1066	0.36363636363636365	True
426	2357	0.2727272727272727	True
426	3067	0.18181818181818182	False
426	1351	0.09090909090909091	True
4414	1931	0.9090909090909091	False
4414	2741	0.8181818181818182	True
4414	3008	0.7272727272727273	True
4414	2692	0.6363636363636364	False
4414	484	0.5454545454545454	False
4414	1066	0.45454545454545453	True
4414	3067	0.36363636363636365	False
4414	3950	0.2727272727272727	True
4414	3741	0.18181818181818182	True
4414	1096	0.09090909090909091	True
2026	1931	0.9090909090909091	False
2026	3067	0.8181818181818182	False
2026	3008	0.7272727272727273	True
2026	2741	0.6363636363636364	True
2026	3167	0.5454545454545454	True
2026	484	0.45454545454545453	False
2026	1066	0.36363636363636365	True
2026	2527	0.2727272727272727	True
2026	371	0.18181818181818182	False
2026	3950	0.09090909090909091	True
4437	3167	0.9090909090909091	True
4437	371	0.8181818181818182	False
4437	3008	0.7272727272727273	True
4437	1931	0.6363636363636364	False
4437	1066	0.5454545454545454	True
4437	3067	0.45454545454545453	False
4437	2506	0.36363636363636365	True
4437	3093	0.2727272727272727	True
4437	484	0.18181818181818182	False
4437	1043	0.09090909090909091	True
3491	2692	0.9090909090909091	False
3491	3067	0.8181818181818182	False
3491	484	0.7272727272727273	False
3491	2741	0.6363636363636364	True
3491	3950	0.5454545454545454	True
3491	1931	0.45454545454545453	False
3491	889	0.36363636363636365	True
3491	449	0.2727272727272727	True
3491	3592	0.18181818181818182	True
3491	1760	0.09090909090909091	True
413	484	0.9090909090909091	False
413	2692	0.8181818181818182	False
413	1931	0.7272727272727273	False
413	3093	0.6363636363636364	True
413	3067	0.5454545454545454	False
413	3741	0.45454545454545453	True
413	3950	0.36363636363636365	True
413	3371	0.2727272727272727	True
413	371	0.18181818181818182	False
413	3008	0.09090909090909091	True
2653	1351	0.9090909090909091	True
2653	2741	0.8181818181818182	True
2653	484	0.7272727272727273	False
2653	1931	0.6363636363636364	False
2653	3008	0.5454545454545454	True
2653	3093	0.45454545454545453	True
2653	3950	0.36363636363636365	True
2653	3371	0.2727272727272727	True
2653	3741	0.18181818181818182	True
2653	371	0.09090909090909091	False
4288	1931	0.9090909090909091	False
4288	3008	0.8181818181818182	True
4288	371	0.7272727272727273	False
4288	484	0.6363636363636364	False
4288	2692	0.5454545454545454	False
4288	2741	0.45454545454545453	True
4288	3067	0.36363636363636365	False
4288	3371	0.2727272727272727	True
4288	2506	0.18181818181818182	True
4288	3093	0.09090909090909091	True
4262	2741	0.9090909090909091	True
4262	2692	0.8181818181818182	False
4262	484	0.7272727272727273	False
4262	371	0.6363636363636364	False
4262	1931	0.5454545454545454	False
4262	2352	0.45454545454545453	True
4262	3371	0.36363636363636365	True
4262	2527	0.2727272727272727	True
4262	3067	0.18181818181818182	False
4262	449	0.09090909090909091	True
4406	1351	0.9090909090909091	True
4406	2692	0.8181818181818182	False
4406	3067	0.7272727272727273	False
4406	3592	0.6363636363636364	True
4406	371	0.5454545454545454	False
4406	484	0.45454545454545453	False
4406	2352	0.36363636363636365	True
4406	1931	0.2727272727272727	False
4406	3093	0.18181818181818182	True
4406	2741	0.09090909090909091	True
3097	2527	0.9090909090909091	True
3097	1931	0.8181818181818182	False
3097	3008	0.7272727272727273	True
3097	3067	0.6363636363636364	False
3097	1066	0.5454545454545454	True
3097	2741	0.45454545454545453	True
3097	484	0.36363636363636365	False
3097	3371	0.2727272727272727	True
3097	2692	0.18181818181818182	False
3097	3741	0.09090909090909091	True
3294	2692	0.9090909090909091	False
3294	2527	0.8181818181818182	True
3294	3067	0.7272727272727273	False
3294	1879	0.6363636363636364	True
3294	449	0.5454545454545454	True
3294	3592	0.45454545454545453	True
3294	2741	0.36363636363636365	True
3294	1931	0.2727272727272727	False
3294	892	0.18181818181818182	True
3294	371	0.09090909090909091	False
2498	2692	0.9090909090909091	False
2498	484	0.8181818181818182	False
2498	1931	0.7272727272727273	False
2498	3067	0.6363636363636364	False
2498	449	0.5454545454545454	True
2498	1760	0.45454545454545453	True
2498	3093	0.36363636363636365	True
2498	2741	0.2727272727272727	True
2498	2521	0.18181818181818182	True
2498	1096	0.09090909090909091	True
