4534	329	0.9090909090909091	False
4534	3719	0.8181818181818182	False
4534	1516	0.7272727272727273	True
4534	2682	0.6363636363636364	False
4534	3444	0.5454545454545454	True
4534	1730	0.45454545454545453	True
4534	2294	0.36363636363636365	True
4534	3256	0.2727272727272727	False
4534	1920	0.18181818181818182	True
4534	490	0.09090909090909091	True
3600	329	0.9090909090909091	False
3600	3046	0.8181818181818182	True
3600	3379	0.7272727272727273	True
3600	2241	0.6363636363636364	True
3600	2682	0.5454545454545454	False
3600	1167	0.45454545454545453	True
3600	3770	0.36363636363636365	True
3600	3256	0.2727272727272727	False
3600	2294	0.18181818181818182	True
3600	2546	0.09090909090909091	True
1578	329	0.9090909090909091	False
1578	2853	0.8181818181818182	True
1578	2682	0.7272727272727273	False
1578	2608	0.6363636363636364	False
1578	3256	0.5454545454545454	False
1578	2693	0.45454545454545453	True
1578	1262	0.36363636363636365	True
1578	1826	0.2727272727272727	True
1578	1516	0.18181818181818182	True
1578	1677	0.09090909090909091	True
2099	329	0.9090909090909091	False
2099	2294	0.8181818181818182	True
2099	3719	0.7272727272727273	False
2099	1730	0.6363636363636364	True
2099	2682	0.5454545454545454	False
2099	2693	0.45454545454545453	True
2099	3256	0.36363636363636365	False
2099	1516	0.2727272727272727	True
2099	2608	0.18181818181818182	False
2099	3339	0.09090909090909091	True
476	329	0.9090909090909091	False
476	3759	0.8181818181818182	False
476	1516	0.7272727272727273	True
476	1677	0.6363636363636364	True
476	2304	0.5454545454545454	True
476	3719	0.45454545454545453	False
476	2294	0.36363636363636365	True
476	3339	0.2727272727272727	True
476	3770	0.18181818181818182	True
476	2682	0.09090909090909091	False
1580	329	0.9090909090909091	False
1580	3256	0.8181818181818182	False
1580	2682	0.7272727272727273	False
1580	3770	0.6363636363636364	True
1580	3719	0.5454545454545454	False
1580	2608	0.45454545454545453	False
1580	2294	0.36363636363636365	True
1580	1730	0.2727272727272727	True
1580	2693	0.18181818181818182	True
1580	48	0.09090909090909091	True
4482	329	0.9090909090909091	False
4482	3759	0.8181818181818182	False
4482	3256	0.7272727272727273	False
4482	3770	0.6363636363636364	True
4482	2608	0.5454545454545454	False
4482	2304	0.45454545454545453	True
4482	3737	0.36363636363636365	True
4482	2682	0.2727272727272727	False
4482	1879	0.18181818181818182	True
4482	1730	0.09090909090909091	True
4649	329	0.9090909090909091	False
4649	1167	0.8181818181818182	True
4649	2608	0.7272727272727273	False
4649	3256	0.6363636363636364	False
4649	3759	0.5454545454545454	False
4649	2853	0.45454545454545453	True
4649	3770	0.36363636363636365	True
4649	2241	0.2727272727272727	True
4649	1826	0.18181818181818182	True
4649	2985	0.09090909090909091	True
1080	329	0.9090909090909091	False
1080	2608	0.8181818181818182	False
1080	3719	0.7272727272727273	False
1080	1730	0.6363636363636364	True
1080	534	0.5454545454545454	True
1080	3379	0.45454545454545453	True
1080	1826	0.36363636363636365	True
1080	1516	0.2727272727272727	True
1080	2682	0.18181818181818182	False
1080	2304	0.09090909090909091	True
5945	329	0.9090909090909091	False
5945	2682	0.8181818181818182	False
5945	1516	0.7272727272727273	True
5945	3759	0.6363636363636364	False
5945	3256	0.5454545454545454	False
5945	2853	0.45454545454545453	True
5945	1826	0.36363636363636365	True
5945	2294	0.2727272727272727	True
5945	2608	0.18181818181818182	False
5945	2241	0.09090909090909091	True
4795	329	0.9090909090909091	False
4795	2304	0.8181818181818182	True
4795	3759	0.7272727272727273	False
4795	2608	0.6363636363636364	False
4795	2682	0.5454545454545454	False
4795	2693	0.45454545454545453	True
4795	3256	0.36363636363636365	False
4795	2294	0.2727272727272727	True
4795	1516	0.18181818181818182	True
4795	2241	0.09090909090909091	True
3678	329	0.9090909090909091	False
3678	1167	0.8181818181818182	True
3678	310	0.7272727272727273	True
3678	1826	0.6363636363636364	True
3678	2401	0.5454545454545454	True
3678	1879	0.45454545454545453	True
3678	3521	0.36363636363636365	True
3678	2362	0.2727272727272727	True
3678	2379	0.18181818181818182	True
3678	3719	0.09090909090909091	False
409	329	0.9090909090909091	False
409	534	0.8181818181818182	True
409	1730	0.7272727272727273	True
409	3379	0.6363636363636364	True
409	3719	0.5454545454545454	False
409	2693	0.45454545454545453	True
409	2608	0.36363636363636365	False
409	3770	0.2727272727272727	True
409	1920	0.18181818181818182	True
409	48	0.09090909090909091	True
4294	329	0.9090909090909091	False
4294	2294	0.8181818181818182	True
4294	2241	0.7272727272727273	True
4294	3256	0.6363636363636364	False
4294	3339	0.5454545454545454	True
4294	2546	0.45454545454545453	True
4294	2985	0.36363636363636365	True
4294	2608	0.2727272727272727	False
4294	1730	0.18181818181818182	True
4294	1516	0.09090909090909091	True
834	329	0.9090909090909091	False
834	3256	0.8181818181818182	False
834	3770	0.7272727272727273	True
834	2294	0.6363636363636364	True
834	1167	0.5454545454545454	True
834	1826	0.45454545454545453	True
834	2304	0.36363636363636365	True
834	2608	0.2727272727272727	False
834	534	0.18181818181818182	True
834	3719	0.09090909090909091	False
2516	329	0.9090909090909091	False
2516	2682	0.8181818181818182	False
2516	2294	0.7272727272727273	True
2516	3770	0.6363636363636364	True
2516	2853	0.5454545454545454	True
2516	3759	0.45454545454545453	False
2516	1826	0.36363636363636365	True
2516	497	0.2727272727272727	True
2516	1879	0.18181818181818182	True
2516	1956	0.09090909090909091	True
1154	329	0.9090909090909091	False
1154	2682	0.8181818181818182	False
1154	3256	0.7272727272727273	False
1154	3719	0.6363636363636364	False
1154	1730	0.5454545454545454	True
1154	2294	0.45454545454545453	True
1154	3444	0.36363636363636365	True
1154	847	0.2727272727272727	True
1154	1826	0.18181818181818182	True
1154	2693	0.09090909090909091	True
653	329	0.9090909090909091	False
653	3719	0.8181818181818182	False
653	3759	0.7272727272727273	False
653	1516	0.6363636363636364	True
653	2294	0.5454545454545454	True
653	847	0.45454545454545453	True
653	3339	0.36363636363636365	True
653	1730	0.2727272727272727	True
653	3737	0.18181818181818182	True
653	490	0.09090909090909091	True
2138	329	0.9090909090909091	False
2138	1826	0.8181818181818182	True
2138	2608	0.7272727272727273	False
2138	534	0.6363636363636364	True
2138	2682	0.5454545454545454	False
2138	3770	0.45454545454545453	True
2138	1730	0.36363636363636365	True
2138	3719	0.2727272727272727	False
2138	2294	0.18181818181818182	True
2138	3759	0.09090909090909091	False
1456	329	0.9090909090909091	False
1456	2682	0.8181818181818182	False
1456	1826	0.7272727272727273	True
1456	3256	0.6363636363636364	False
1456	2294	0.5454545454545454	True
1456	2608	0.45454545454545453	False
1456	1677	0.36363636363636365	True
1456	2693	0.2727272727272727	True
1456	968	0.18181818181818182	True
1456	2853	0.09090909090909091	True
1615	329	0.9090909090909091	False
1615	1730	0.8181818181818182	True
1615	2682	0.7272727272727273	False
1615	3379	0.6363636363636364	True
1615	2693	0.5454545454545454	True
1615	3719	0.45454545454545453	False
1615	2608	0.36363636363636365	False
1615	2294	0.2727272727272727	True
1615	1956	0.18181818181818182	True
1615	1826	0.09090909090909091	True
4254	329	0.9090909090909091	False
4254	2294	0.8181818181818182	True
4254	3256	0.7272727272727273	False
4254	2682	0.6363636363636364	False
4254	2608	0.5454545454545454	False
4254	1516	0.45454545454545453	True
4254	1826	0.36363636363636365	True
4254	3719	0.2727272727272727	False
4254	497	0.18181818181818182	True
4254	310	0.09090909090909091	True
630	329	0.9090909090909091	False
630	2294	0.8181818181818182	True
630	1826	0.7272727272727273	True
630	2608	0.6363636363636364	False
630	2304	0.5454545454545454	True
630	3770	0.45454545454545453	True
630	3256	0.36363636363636365	False
630	534	0.2727272727272727	True
630	3719	0.18181818181818182	False
630	2693	0.09090909090909091	True
5891	329	0.9090909090909091	False
5891	3759	0.8181818181818182	False
5891	3339	0.7272727272727273	True
5891	2682	0.6363636363636364	False
5891	2853	0.5454545454545454	True
5891	1516	0.45454545454545453	True
5891	3719	0.36363636363636365	False
5891	2693	0.2727272727272727	True
5891	603	0.18181818181818182	True
5891	2608	0.09090909090909091	False
2106	329	0.9090909090909091	False
2106	2682	0.8181818181818182	False
2106	2853	0.7272727272727273	True
2106	2294	0.6363636363636364	True
2106	3759	0.5454545454545454	False
2106	1826	0.45454545454545453	True
2106	2693	0.36363636363636365	True
2106	3256	0.2727272727272727	False
2106	3770	0.18181818181818182	True
2106	968	0.09090909090909091	True
4170	329	0.9090909090909091	False
4170	2294	0.8181818181818182	True
4170	2682	0.7272727272727273	False
4170	1826	0.6363636363636364	True
4170	1516	0.5454545454545454	True
4170	3256	0.45454545454545453	False
4170	3770	0.36363636363636365	True
4170	3719	0.2727272727272727	False
4170	2853	0.18181818181818182	True
4170	1730	0.09090909090909091	True
5736	329	0.9090909090909091	False
5736	1730	0.8181818181818182	True
5736	2693	0.7272727272727273	True
5736	1677	0.6363636363636364	True
5736	3719	0.5454545454545454	False
5736	2985	0.45454545454545453	True
5736	2608	0.36363636363636365	False
5736	1531	0.2727272727272727	True
5736	1516	0.18181818181818182	True
5736	2294	0.09090909090909091	True
222	329	0.9090909090909091	False
222	2294	0.8181818181818182	True
222	2682	0.7272727272727273	False
222	2608	0.6363636363636364	False
222	1826	0.5454545454545454	True
222	3256	0.45454545454545453	False
222	2241	0.36363636363636365	True
222	2853	0.2727272727272727	True
222	534	0.18181818181818182	True
222	3719	0.09090909090909091	False
4562	329	0.9090909090909091	False
4562	1167	0.8181818181818182	True
4562	2853	0.7272727272727273	True
4562	1826	0.6363636363636364	True
4562	2682	0.5454545454545454	False
4562	3770	0.45454545454545453	True
4562	3256	0.36363636363636365	False
4562	3759	0.2727272727272727	False
4562	2241	0.18181818181818182	True
4562	2608	0.09090909090909091	False
3138	329	0.9090909090909091	False
3138	3759	0.8181818181818182	False
3138	1516	0.7272727272727273	True
3138	2682	0.6363636363636364	False
3138	2294	0.5454545454545454	True
3138	3719	0.45454545454545453	False
3138	3339	0.36363636363636365	True
3138	3256	0.2727272727272727	False
3138	3770	0.18181818181818182	True
3138	847	0.09090909090909091	True
5091	329	0.9090909090909091	False
5091	2608	0.8181818181818182	False
5091	2682	0.7272727272727273	False
5091	2294	0.6363636363636364	True
5091	3759	0.5454545454545454	False
5091	3256	0.45454545454545453	False
5091	3770	0.36363636363636365	True
5091	1826	0.2727272727272727	True
5091	534	0.18181818181818182	True
5091	3719	0.09090909090909091	False
2026	329	0.9090909090909091	False
2026	1516	0.8181818181818182	True
2026	1167	0.7272727272727273	True
2026	1826	0.6363636363636364	True
2026	2682	0.5454545454545454	False
2026	2294	0.45454545454545453	True
2026	2853	0.36363636363636365	True
2026	3339	0.2727272727272727	True
2026	3759	0.18181818181818182	False
2026	3719	0.09090909090909091	False
842	329	0.9090909090909091	False
842	2682	0.8181818181818182	False
842	3719	0.7272727272727273	False
842	490	0.6363636363636364	True
842	3256	0.5454545454545454	False
842	2608	0.45454545454545453	False
842	534	0.36363636363636365	True
842	1826	0.2727272727272727	True
842	1730	0.18181818181818182	True
842	2294	0.09090909090909091	True
2525	329	0.9090909090909091	False
2525	2682	0.8181818181818182	False
2525	1826	0.7272727272727273	True
2525	3770	0.6363636363636364	True
2525	1879	0.5454545454545454	True
2525	2294	0.45454545454545453	True
2525	3719	0.36363636363636365	False
2525	2241	0.2727272727272727	True
2525	2693	0.18181818181818182	True
2525	534	0.09090909090909091	True
1927	329	0.9090909090909091	False
1927	3719	0.8181818181818182	False
1927	1920	0.7272727272727273	True
1927	497	0.6363636363636364	True
1927	1730	0.5454545454545454	True
1927	2294	0.45454545454545453	True
1927	1516	0.36363636363636365	True
1927	847	0.2727272727272727	True
1927	2608	0.18181818181818182	False
1927	3256	0.09090909090909091	False
5642	329	0.9090909090909091	False
5642	2241	0.8181818181818182	True
5642	1879	0.7272727272727273	True
5642	1167	0.6363636363636364	True
5642	3256	0.5454545454545454	False
5642	2608	0.45454545454545453	False
5642	1826	0.36363636363636365	True
5642	2413	0.2727272727272727	True
5642	3719	0.18181818181818182	False
5642	3737	0.09090909090909091	True
4025	329	0.9090909090909091	False
4025	2241	0.8181818181818182	True
4025	1167	0.7272727272727273	True
4025	1826	0.6363636363636364	True
4025	3046	0.5454545454545454	True
4025	2853	0.45454545454545453	True
4025	2608	0.36363636363636365	False
4025	2294	0.2727272727272727	True
4025	3256	0.18181818181818182	False
4025	3344	0.09090909090909091	True
2481	329	0.9090909090909091	False
2481	3759	0.8181818181818182	False
2481	2608	0.7272727272727273	False
2481	1677	0.6363636363636364	True
2481	3256	0.5454545454545454	False
2481	2294	0.45454545454545453	True
2481	2693	0.36363636363636365	True
2481	2682	0.2727272727272727	False
2481	490	0.18181818181818182	True
2481	534	0.09090909090909091	True
3637	329	0.9090909090909091	False
3637	3256	0.8181818181818182	False
3637	1826	0.7272727272727273	True
3637	3770	0.6363636363636364	True
3637	1730	0.5454545454545454	True
3637	2608	0.45454545454545453	False
3637	2294	0.36363636363636365	True
3637	2546	0.2727272727272727	True
3637	1956	0.18181818181818182	True
3637	3035	0.09090909090909091	True
1825	1920	0.9090909090909091	True
1825	3339	0.8181818181818182	True
1825	1516	0.7272727272727273	True
1825	1730	0.6363636363636364	True
1825	3719	0.5454545454545454	False
1825	2693	0.45454545454545453	True
1825	444	0.36363636363636365	True
1825	2294	0.2727272727272727	True
1825	2682	0.18181818181818182	False
1825	3344	0.09090909090909091	True
4895	329	0.9090909090909091	False
4895	1516	0.8181818181818182	True
4895	1167	0.7272727272727273	True
4895	3719	0.6363636363636364	False
4895	3759	0.5454545454545454	False
4895	3770	0.45454545454545453	True
4895	1730	0.36363636363636365	True
4895	3339	0.2727272727272727	True
4895	2799	0.18181818181818182	True
4895	2682	0.09090909090909091	False
747	329	0.9090909090909091	False
747	1167	0.8181818181818182	True
747	41	0.7272727272727273	True
747	1826	0.6363636363636364	True
747	3256	0.5454545454545454	False
747	3770	0.45454545454545453	True
747	2608	0.36363636363636365	False
747	2853	0.2727272727272727	True
747	2294	0.18181818181818182	True
747	1516	0.09090909090909091	True
2777	329	0.9090909090909091	False
2777	2682	0.8181818181818182	False
2777	3759	0.7272727272727273	False
2777	2608	0.6363636363636364	False
2777	534	0.5454545454545454	True
2777	3719	0.45454545454545453	False
2777	2693	0.36363636363636365	True
2777	1826	0.2727272727272727	True
2777	2294	0.18181818181818182	True
2777	490	0.09090909090909091	True
5351	329	0.9090909090909091	False
5351	2304	0.8181818181818182	True
5351	2853	0.7272727272727273	True
5351	1516	0.6363636363636364	True
5351	1167	0.5454545454545454	True
5351	3759	0.45454545454545453	False
5351	2294	0.36363636363636365	True
5351	2682	0.2727272727272727	False
5351	3719	0.18181818181818182	False
5351	2241	0.09090909090909091	True
4179	329	0.9090909090909091	False
4179	2682	0.8181818181818182	False
4179	3256	0.7272727272727273	False
4179	2693	0.6363636363636364	True
4179	1826	0.5454545454545454	True
4179	2608	0.45454545454545453	False
4179	968	0.36363636363636365	True
4179	2853	0.2727272727272727	True
4179	2294	0.18181818181818182	True
4179	1879	0.09090909090909091	True
22	329	0.9090909090909091	False
22	3759	0.8181818181818182	False
22	1677	0.7272727272727273	True
22	2682	0.6363636363636364	False
22	1516	0.5454545454545454	True
22	497	0.45454545454545453	True
22	2693	0.36363636363636365	True
22	2294	0.2727272727272727	True
22	2608	0.18181818181818182	False
22	3719	0.09090909090909091	False
4257	329	0.9090909090909091	False
4257	490	0.8181818181818182	True
4257	3759	0.7272727272727273	False
4257	3719	0.6363636363636364	False
4257	534	0.5454545454545454	True
4257	1516	0.45454545454545453	True
4257	3737	0.36363636363636365	True
4257	2294	0.2727272727272727	True
4257	3339	0.18181818181818182	True
4257	2608	0.09090909090909091	False
3909	329	0.9090909090909091	False
3909	2294	0.8181818181818182	True
3909	3759	0.7272727272727273	False
3909	2682	0.6363636363636364	False
3909	1167	0.5454545454545454	True
3909	3719	0.45454545454545453	False
3909	2693	0.36363636363636365	True
3909	1677	0.2727272727272727	True
3909	3770	0.18181818181818182	True
3909	3256	0.09090909090909091	False
4522	329	0.9090909090909091	False
4522	3256	0.8181818181818182	False
4522	2608	0.7272727272727273	False
4522	1730	0.6363636363636364	True
4522	2682	0.5454545454545454	False
4522	534	0.45454545454545453	True
4522	3379	0.36363636363636365	True
4522	3719	0.2727272727272727	False
4522	2693	0.18181818181818182	True
4522	1826	0.09090909090909091	True
1289	329	0.9090909090909091	False
1289	2682	0.8181818181818182	False
1289	3719	0.7272727272727273	False
1289	2853	0.6363636363636364	True
1289	3770	0.5454545454545454	True
1289	3256	0.45454545454545453	False
1289	2693	0.36363636363636365	True
1289	2608	0.2727272727272727	False
1289	2294	0.18181818181818182	True
1289	1262	0.09090909090909091	True
1387	329	0.9090909090909091	False
1387	3770	0.8181818181818182	True
1387	3256	0.7272727272727273	False
1387	2304	0.6363636363636364	True
1387	1879	0.5454545454545454	True
1387	2608	0.45454545454545453	False
1387	2413	0.36363636363636365	True
1387	3737	0.2727272727272727	True
1387	1730	0.18181818181818182	True
1387	1167	0.09090909090909091	True
4314	329	0.9090909090909091	False
4314	3719	0.8181818181818182	False
4314	2682	0.7272727272727273	False
4314	3256	0.6363636363636364	False
4314	2608	0.5454545454545454	False
4314	2294	0.45454545454545453	True
4314	1516	0.36363636363636365	True
4314	1826	0.2727272727272727	True
4314	534	0.18181818181818182	True
4314	2853	0.09090909090909091	True
620	329	0.9090909090909091	False
620	2693	0.8181818181818182	True
620	2294	0.7272727272727273	True
620	3521	0.6363636363636364	True
620	1920	0.5454545454545454	True
620	3759	0.45454545454545453	False
620	444	0.36363636363636365	True
620	3719	0.2727272727272727	False
620	3737	0.18181818181818182	True
620	2682	0.09090909090909091	False
889	329	0.9090909090909091	False
889	3719	0.8181818181818182	False
889	2294	0.7272727272727273	True
889	1826	0.6363636363636364	True
889	2682	0.5454545454545454	False
889	1516	0.45454545454545453	True
889	2693	0.36363636363636365	True
889	847	0.2727272727272727	True
889	497	0.18181818181818182	True
889	2853	0.09090909090909091	True
1572	329	0.9090909090909091	False
1572	1826	0.8181818181818182	True
1572	847	0.7272727272727273	True
1572	2294	0.6363636363636364	True
1572	2682	0.5454545454545454	False
1572	1516	0.45454545454545453	True
1572	3256	0.36363636363636365	False
1572	2853	0.2727272727272727	True
1572	3035	0.18181818181818182	True
1572	3719	0.09090909090909091	False
941	329	0.9090909090909091	False
941	3759	0.8181818181818182	False
941	2682	0.7272727272727273	False
941	1167	0.6363636363636364	True
941	603	0.5454545454545454	True
941	1677	0.45454545454545453	True
941	3339	0.36363636363636365	True
941	1826	0.2727272727272727	True
941	1516	0.18181818181818182	True
941	2294	0.09090909090909091	True
1589	329	0.9090909090909091	False
1589	2682	0.8181818181818182	False
1589	2853	0.7272727272727273	True
1589	2294	0.6363636363636364	True
1589	3719	0.5454545454545454	False
1589	3256	0.45454545454545453	False
1589	1677	0.36363636363636365	True
1589	3379	0.2727272727272727	True
1589	2693	0.18181818181818182	True
1589	1262	0.09090909090909091	True
4950	329	0.9090909090909091	False
4950	1730	0.8181818181818182	True
4950	2294	0.7272727272727273	True
4950	3256	0.6363636363636364	False
4950	1826	0.5454545454545454	True
4950	2693	0.45454545454545453	True
4950	490	0.36363636363636365	True
4950	3719	0.2727272727272727	False
4950	310	0.18181818181818182	True
4950	2379	0.09090909090909091	True
5625	329	0.9090909090909091	False
5625	3759	0.8181818181818182	False
5625	1516	0.7272727272727273	True
5625	2682	0.6363636363636364	False
5625	2853	0.5454545454545454	True
5625	2294	0.45454545454545453	True
5625	3256	0.36363636363636365	False
5625	3719	0.2727272727272727	False
5625	3737	0.18181818181818182	True
5625	3339	0.09090909090909091	True
66	329	0.9090909090909091	False
66	3759	0.8181818181818182	False
66	3339	0.7272727272727273	True
66	490	0.6363636363636364	True
66	3256	0.5454545454545454	False
66	2682	0.45454545454545453	False
66	1516	0.36363636363636365	True
66	847	0.2727272727272727	True
66	3719	0.18181818181818182	False
66	1677	0.09090909090909091	True
1918	329	0.9090909090909091	False
1918	2682	0.8181818181818182	False
1918	2853	0.7272727272727273	True
1918	1167	0.6363636363636364	True
1918	3759	0.5454545454545454	False
1918	3256	0.45454545454545453	False
1918	1516	0.36363636363636365	True
1918	2294	0.2727272727272727	True
1918	1826	0.18181818181818182	True
1918	2304	0.09090909090909091	True
3801	329	0.9090909090909091	False
3801	3256	0.8181818181818182	False
3801	3770	0.7272727272727273	True
3801	490	0.6363636363636364	True
3801	1262	0.5454545454545454	True
3801	1956	0.45454545454545453	True
3801	2608	0.36363636363636365	False
3801	2294	0.2727272727272727	True
3801	1677	0.18181818181818182	True
3801	534	0.09090909090909091	True
2785	329	0.9090909090909091	False
2785	3759	0.8181818181818182	False
2785	2853	0.7272727272727273	True
2785	1167	0.6363636363636364	True
2785	603	0.5454545454545454	True
2785	1516	0.45454545454545453	True
2785	2682	0.36363636363636365	False
2785	41	0.2727272727272727	True
2785	3737	0.18181818181818182	True
2785	1879	0.09090909090909091	True
5871	329	0.9090909090909091	False
5871	490	0.8181818181818182	True
5871	1167	0.7272727272727273	True
5871	3759	0.6363636363636364	False
5871	3719	0.5454545454545454	False
5871	3444	0.45454545454545453	True
5871	1516	0.36363636363636365	True
5871	1826	0.2727272727272727	True
5871	534	0.18181818181818182	True
5871	847	0.09090909090909091	True
1356	329	0.9090909090909091	False
1356	3719	0.8181818181818182	False
1356	2294	0.7272727272727273	True
1356	2682	0.6363636363636364	False
1356	2853	0.5454545454545454	True
1356	48	0.45454545454545453	True
1356	534	0.36363636363636365	True
1356	2608	0.2727272727272727	False
1356	1569	0.18181818181818182	True
1356	2693	0.09090909090909091	True
405	329	0.9090909090909091	False
405	3759	0.8181818181818182	False
405	2294	0.7272727272727273	True
405	1516	0.6363636363636364	True
405	490	0.5454545454545454	True
405	2682	0.45454545454545453	False
405	3339	0.36363636363636365	True
405	3719	0.2727272727272727	False
405	2693	0.18181818181818182	True
405	1677	0.09090909090909091	True
1586	329	0.9090909090909091	False
1586	3719	0.8181818181818182	False
1586	2682	0.7272727272727273	False
1586	3339	0.6363636363636364	True
1586	1516	0.5454545454545454	True
1586	1730	0.45454545454545453	True
1586	2608	0.36363636363636365	False
1586	2693	0.2727272727272727	True
1586	1677	0.18181818181818182	True
1586	1826	0.09090909090909091	True
1040	329	0.9090909090909091	False
1040	1730	0.8181818181818182	True
1040	2693	0.7272727272727273	True
1040	2682	0.6363636363636364	False
1040	3719	0.5454545454545454	False
1040	3737	0.45454545454545453	True
1040	1516	0.36363636363636365	True
1040	847	0.2727272727272727	True
1040	2608	0.18181818181818182	False
1040	2853	0.09090909090909091	True
2841	329	0.9090909090909091	False
2841	2294	0.8181818181818182	True
2841	3719	0.7272727272727273	False
2841	490	0.6363636363636364	True
2841	1826	0.5454545454545454	True
2841	1516	0.45454545454545453	True
2841	2608	0.36363636363636365	False
2841	3256	0.2727272727272727	False
2841	310	0.18181818181818182	True
2841	2682	0.09090909090909091	False
3671	329	0.9090909090909091	False
3671	3759	0.8181818181818182	False
3671	2294	0.7272727272727273	True
3671	3719	0.6363636363636364	False
3671	2682	0.5454545454545454	False
3671	3770	0.45454545454545453	True
3671	534	0.36363636363636365	True
3671	2241	0.2727272727272727	True
3671	1516	0.18181818181818182	True
3671	2608	0.09090909090909091	False
4590	329	0.9090909090909091	False
4590	490	0.8181818181818182	True
4590	3719	0.7272727272727273	False
4590	3444	0.6363636363636364	True
4590	310	0.5454545454545454	True
4590	1167	0.45454545454545453	True
4590	444	0.36363636363636365	True
4590	3759	0.2727272727272727	False
4590	534	0.18181818181818182	True
4590	563	0.09090909090909091	True
3349	329	0.9090909090909091	False
3349	1730	0.8181818181818182	True
3349	2693	0.7272727272727273	True
3349	2682	0.6363636363636364	False
3349	3719	0.5454545454545454	False
3349	2853	0.45454545454545453	True
3349	1531	0.36363636363636365	True
3349	3737	0.2727272727272727	True
3349	353	0.18181818181818182	True
3349	1879	0.09090909090909091	True
1184	329	0.9090909090909091	False
1184	2608	0.8181818181818182	False
1184	2853	0.7272727272727273	True
1184	1826	0.6363636363636364	True
1184	3759	0.5454545454545454	False
1184	2682	0.45454545454545453	False
1184	2985	0.36363636363636365	True
1184	1516	0.2727272727272727	True
1184	41	0.18181818181818182	True
1184	3256	0.09090909090909091	False
17	329	0.9090909090909091	False
17	1516	0.8181818181818182	True
17	3719	0.7272727272727273	False
17	1826	0.6363636363636364	True
17	3256	0.5454545454545454	False
17	3339	0.45454545454545453	True
17	1167	0.36363636363636365	True
17	1730	0.2727272727272727	True
17	2608	0.18181818181818182	False
17	3737	0.09090909090909091	True
2337	329	0.9090909090909091	False
2337	2682	0.8181818181818182	False
2337	3719	0.7272727272727273	False
2337	497	0.6363636363636364	True
2337	1516	0.5454545454545454	True
2337	2853	0.45454545454545453	True
2337	2693	0.36363636363636365	True
2337	2294	0.2727272727272727	True
2337	41	0.18181818181818182	True
2337	563	0.09090909090909091	True
1440	329	0.9090909090909091	False
1440	3759	0.8181818181818182	False
1440	3339	0.7272727272727273	True
1440	3444	0.6363636363636364	True
1440	1879	0.5454545454545454	True
1440	1826	0.45454545454545453	True
1440	847	0.36363636363636365	True
1440	2682	0.2727272727272727	False
1440	1516	0.18181818181818182	True
1440	1167	0.09090909090909091	True
4891	329	0.9090909090909091	False
4891	3719	0.8181818181818182	False
4891	2608	0.7272727272727273	False
4891	2693	0.6363636363636364	True
4891	534	0.5454545454545454	True
4891	3379	0.45454545454545453	True
4891	2682	0.36363636363636365	False
4891	41	0.2727272727272727	True
4891	3444	0.18181818181818182	True
4891	2304	0.09090909090909091	True
1808	329	0.9090909090909091	False
1808	2608	0.8181818181818182	False
1808	3759	0.7272727272727273	False
1808	534	0.6363636363636364	True
1808	3770	0.5454545454545454	True
1808	2682	0.45454545454545453	False
1808	1730	0.36363636363636365	True
1808	3256	0.2727272727272727	False
1808	490	0.18181818181818182	True
1808	603	0.09090909090909091	True
3470	329	0.9090909090909091	False
3470	2693	0.8181818181818182	True
3470	1730	0.7272727272727273	True
3470	2608	0.6363636363636364	False
3470	3719	0.5454545454545454	False
3470	2985	0.45454545454545453	True
3470	534	0.36363636363636365	True
3470	1516	0.2727272727272727	True
3470	1826	0.18181818181818182	True
3470	3759	0.09090909090909091	False
1549	329	0.9090909090909091	False
1549	2682	0.8181818181818182	False
1549	2294	0.7272727272727273	True
1549	3256	0.6363636363636364	False
1549	1826	0.5454545454545454	True
1549	3339	0.45454545454545453	True
1549	2241	0.36363636363636365	True
1549	1516	0.2727272727272727	True
1549	3759	0.18181818181818182	False
1549	2546	0.09090909090909091	True
5253	329	0.9090909090909091	False
5253	3759	0.8181818181818182	False
5253	490	0.7272727272727273	True
5253	3256	0.6363636363636364	False
5253	3521	0.5454545454545454	True
5253	310	0.45454545454545453	True
5253	3339	0.36363636363636365	True
5253	1920	0.2727272727272727	True
5253	2682	0.18181818181818182	False
5253	3444	0.09090909090909091	True
3207	329	0.9090909090909091	False
3207	3759	0.8181818181818182	False
3207	490	0.7272727272727273	True
3207	2693	0.6363636363636364	True
3207	3719	0.5454545454545454	False
3207	2294	0.45454545454545453	True
3207	3737	0.36363636363636365	True
3207	534	0.2727272727272727	True
3207	2608	0.18181818181818182	False
3207	1516	0.09090909090909091	True
2161	329	0.9090909090909091	False
2161	1167	0.8181818181818182	True
2161	3719	0.7272727272727273	False
2161	1826	0.6363636363636364	True
2161	2682	0.5454545454545454	False
2161	3770	0.45454545454545453	True
2161	2294	0.36363636363636365	True
2161	3379	0.2727272727272727	True
2161	1516	0.18181818181818182	True
2161	2693	0.09090909090909091	True
5104	329	0.9090909090909091	False
5104	1516	0.8181818181818182	True
5104	1730	0.7272727272727273	True
5104	3719	0.6363636363636364	False
5104	2608	0.5454545454545454	False
5104	1826	0.45454545454545453	True
5104	2682	0.36363636363636365	False
5104	41	0.2727272727272727	True
5104	497	0.18181818181818182	True
5104	534	0.09090909090909091	True
1085	329	0.9090909090909091	False
1085	1730	0.8181818181818182	True
1085	1516	0.7272727272727273	True
1085	3719	0.6363636363636364	False
1085	3339	0.5454545454545454	True
1085	1920	0.45454545454545453	True
1085	2294	0.36363636363636365	True
1085	534	0.2727272727272727	True
1085	2608	0.18181818181818182	False
1085	1956	0.09090909090909091	True
4817	329	0.9090909090909091	False
4817	1730	0.8181818181818182	True
4817	534	0.7272727272727273	True
4817	2608	0.6363636363636364	False
4817	3719	0.5454545454545454	False
4817	1826	0.45454545454545453	True
4817	2693	0.36363636363636365	True
4817	490	0.2727272727272727	True
4817	1516	0.18181818181818182	True
4817	2682	0.09090909090909091	False
1611	329	0.9090909090909091	False
1611	3719	0.8181818181818182	False
1611	1516	0.7272727272727273	True
1611	2682	0.6363636363636364	False
1611	1826	0.5454545454545454	True
1611	1167	0.45454545454545453	True
1611	1730	0.36363636363636365	True
1611	534	0.2727272727272727	True
1611	2608	0.18181818181818182	False
1611	3444	0.09090909090909091	True
3876	329	0.9090909090909091	False
3876	2693	0.8181818181818182	True
3876	1730	0.7272727272727273	True
3876	1677	0.6363636363636364	True
3876	490	0.5454545454545454	True
3876	3379	0.45454545454545453	True
3876	2682	0.36363636363636365	False
3876	3719	0.2727272727272727	False
3876	3759	0.18181818181818182	False
3876	534	0.09090909090909091	True
2986	329	0.9090909090909091	False
2986	2682	0.8181818181818182	False
2986	3759	0.7272727272727273	False
2986	1516	0.6363636363636364	True
2986	2294	0.5454545454545454	True
2986	3339	0.45454545454545453	True
2986	3719	0.36363636363636365	False
2986	3256	0.2727272727272727	False
2986	1826	0.18181818181818182	True
2986	2693	0.09090909090909091	True
2720	329	0.9090909090909091	False
2720	3770	0.8181818181818182	True
2720	2682	0.7272727272727273	False
2720	2608	0.6363636363636364	False
2720	3256	0.5454545454545454	False
2720	534	0.45454545454545453	True
2720	3759	0.36363636363636365	False
2720	1879	0.2727272727272727	True
2720	1826	0.18181818181818182	True
2720	2304	0.09090909090909091	True
2146	329	0.9090909090909091	False
2146	3737	0.8181818181818182	True
2146	3719	0.7272727272727273	False
2146	2608	0.6363636363636364	False
2146	1167	0.5454545454545454	True
2146	1516	0.45454545454545453	True
2146	3256	0.36363636363636365	False
2146	490	0.2727272727272727	True
2146	3759	0.18181818181818182	False
2146	3444	0.09090909090909091	True
1051	2608	0.9090909090909091	False
1051	3256	0.8181818181818182	False
1051	2682	0.7272727272727273	False
1051	1730	0.6363636363636364	True
1051	1920	0.5454545454545454	True
1051	3719	0.45454545454545453	False
1051	3444	0.36363636363636365	True
1051	1262	0.2727272727272727	True
1051	2304	0.18181818181818182	True
1051	1677	0.09090909090909091	True
5275	329	0.9090909090909091	False
5275	1167	0.8181818181818182	True
5275	2853	0.7272727272727273	True
5275	1826	0.6363636363636364	True
5275	2294	0.5454545454545454	True
5275	1262	0.45454545454545453	True
5275	1516	0.36363636363636365	True
5275	41	0.2727272727272727	True
5275	2682	0.18181818181818182	False
5275	2241	0.09090909090909091	True
972	329	0.9090909090909091	False
972	2682	0.8181818181818182	False
972	1826	0.7272727272727273	True
972	3256	0.6363636363636364	False
972	3719	0.5454545454545454	False
972	2294	0.45454545454545453	True
972	1956	0.36363636363636365	True
972	3770	0.2727272727272727	True
972	1730	0.18181818181818182	True
972	1516	0.09090909090909091	True
4262	329	0.9090909090909091	False
4262	2682	0.8181818181818182	False
4262	2608	0.7272727272727273	False
4262	534	0.6363636363636364	True
4262	1826	0.5454545454545454	True
4262	2693	0.45454545454545453	True
4262	2294	0.36363636363636365	True
4262	3719	0.2727272727272727	False
4262	490	0.18181818181818182	True
4262	1730	0.09090909090909091	True
5798	329	0.9090909090909091	False
5798	1167	0.8181818181818182	True
5798	3719	0.7272727272727273	False
5798	41	0.6363636363636364	True
5798	444	0.5454545454545454	True
5798	3256	0.45454545454545453	False
5798	3737	0.36363636363636365	True
5798	2853	0.2727272727272727	True
5798	1826	0.18181818181818182	True
5798	1516	0.09090909090909091	True
1817	329	0.9090909090909091	False
1817	3759	0.8181818181818182	False
1817	3256	0.7272727272727273	False
1817	2682	0.6363636363636364	False
1817	2294	0.5454545454545454	True
1817	3770	0.45454545454545453	True
1817	1516	0.36363636363636365	True
1817	3339	0.2727272727272727	True
1817	1826	0.18181818181818182	True
1817	3737	0.09090909090909091	True
992	329	0.9090909090909091	False
992	2682	0.8181818181818182	False
992	3256	0.7272727272727273	False
992	2294	0.6363636363636364	True
992	3719	0.5454545454545454	False
992	1516	0.45454545454545453	True
992	1730	0.36363636363636365	True
992	1826	0.2727272727272727	True
992	3759	0.18181818181818182	False
992	847	0.09090909090909091	True
1236	329	0.9090909090909091	False
1236	1730	0.8181818181818182	True
1236	1516	0.7272727272727273	True
1236	3719	0.6363636363636364	False
1236	1826	0.5454545454545454	True
1236	2608	0.45454545454545453	False
1236	3256	0.36363636363636365	False
1236	41	0.2727272727272727	True
1236	847	0.18181818181818182	True
1236	3339	0.09090909090909091	True
257	329	0.9090909090909091	False
257	3256	0.8181818181818182	False
257	3719	0.7272727272727273	False
257	3759	0.6363636363636364	False
257	3737	0.5454545454545454	True
257	1730	0.45454545454545453	True
257	2682	0.36363636363636365	False
257	490	0.2727272727272727	True
257	3379	0.18181818181818182	True
257	3770	0.09090909090909091	True
